% Version 1.00
%
%freq[Hz];db:Trc1_S21;ang:Trc1_S21;
4.000000000000000E+009,-2.231257844351719E+001,-1.389716868712751E+002,
4.003910068426198E+009,-2.222179597445322E+001,-1.543993376585689E+002,
4.007820136852395E+009,-2.202896309220034E+001,-1.703274393048204E+002,
4.011730205278593E+009,-2.177335340037763E+001,1.734050808096478E+002,
4.015640273704790E+009,-2.164672282005427E+001,1.556143784778697E+002,
4.019550342130987E+009,-2.151384562683395E+001,1.380028512898516E+002,
4.023460410557185E+009,-2.140025441862577E+001,1.206471562537319E+002,
4.027370478983382E+009,-2.143103730638477E+001,1.034455488509080E+002,
4.031280547409580E+009,-2.142387098004305E+001,8.659867154661848E+001,
4.035190615835777E+009,-2.124605426619880E+001,6.928703882841880E+001,
4.039100684261975E+009,-2.108758628899229E+001,5.215454555871573E+001,
4.043010752688172E+009,-2.099608751295554E+001,3.481937119561110E+001,
4.046920821114369E+009,-2.073085256682640E+001,1.678868148861108E+001,
4.050830889540567E+009,-2.074510319459828E+001,-2.544701863047016E+000,
4.054740957966765E+009,-2.078076263555829E+001,-1.990569562505820E+001,
4.058651026392962E+009,-2.081197401519402E+001,-3.851316002439278E+001,
4.062561094819160E+009,-2.095583185685916E+001,-5.632803612869885E+001,
4.066471163245357E+009,-2.093943695023402E+001,-7.358900166283704E+001,
4.070381231671554E+009,-2.092797940861898E+001,-9.202555771453031E+001,
4.074291300097752E+009,-2.114745454396266E+001,-1.103792859188427E+002,
4.078201368523949E+009,-2.139860317163939E+001,-1.275469655259957E+002,
4.082111436950147E+009,-2.166389154968364E+001,-1.451806590184370E+002,
4.086021505376344E+009,-2.175377638606853E+001,-1.611739902931782E+002,
4.089931573802542E+009,-2.178552994007281E+001,-1.781731888908905E+002,
4.093841642228739E+009,-2.196744743553219E+001,1.649004843514502E+002,
4.097751710654936E+009,-2.212585549683279E+001,1.491745584128603E+002,
4.101661779081134E+009,-2.206831188716164E+001,1.336973540319852E+002,
4.105571847507331E+009,-2.190523806559720E+001,1.184118346738709E+002,
4.109481915933529E+009,-2.167993245854208E+001,1.020252236791550E+002,
4.113391984359726E+009,-2.137422655842163E+001,8.517590578776454E+001,
4.117302052785924E+009,-2.093439035740433E+001,6.715747169753942E+001,
4.121212121212121E+009,-2.071813406603627E+001,4.607875098431944E+001,
4.125122189638319E+009,-2.098424830363507E+001,2.613042847543408E+001,
4.129032258064516E+009,-2.134061982539328E+001,8.238981714428565E+000,
4.132942326490714E+009,-2.148310308769350E+001,-8.494754444649207E+000,
4.136852394916911E+009,-2.163903857489241E+001,-2.712610234503754E+001,
4.140762463343109E+009,-2.215761040319643E+001,-4.444301367864602E+001,
4.144672531769306E+009,-2.247720516113752E+001,-5.848986350816413E+001,
4.148582600195503E+009,-2.208377041998080E+001,-7.217696695698265E+001,
4.152492668621701E+009,-2.170140763727784E+001,-8.962586655986330E+001,
4.156402737047898E+009,-2.133532661291054E+001,-1.086349744174786E+002,
4.160312805474096E+009,-2.139619159141371E+001,-1.278488933241337E+002,
4.164222873900293E+009,-2.157573687314107E+001,-1.468006652103695E+002,
4.168132942326491E+009,-2.179403817950881E+001,-1.644869261871446E+002,
4.172043010752688E+009,-2.190769511928244E+001,1.784690883942502E+002,
4.175953079178886E+009,-2.209306996242262E+001,1.602129074479142E+002,
4.179863147605083E+009,-2.248812672986981E+001,1.432765053926335E+002,
4.183773216031281E+009,-2.269852100036756E+001,1.278165333147735E+002,
4.187683284457478E+009,-2.282386452500606E+001,1.125241424328725E+002,
4.191593352883676E+009,-2.277080442889592E+001,9.701788480499486E+001,
4.195503421309873E+009,-2.265260599680905E+001,8.148060156794548E+001,
4.199413489736071E+009,-2.238958517164601E+001,6.472853801562744E+001,
4.203323558162268E+009,-2.232234972892015E+001,4.645363537984591E+001,
4.207233626588465E+009,-2.226181346055102E+001,2.799589624253319E+001,
4.211143695014663E+009,-2.243401914462794E+001,1.049146782973861E+001,
4.215053763440860E+009,-2.262323938539747E+001,-7.350393745624202E+000,
4.218963831867058E+009,-2.282751228437906E+001,-2.504181025077337E+001,
4.222873900293255E+009,-2.327566901330241E+001,-4.111393250168394E+001,
4.226783968719452E+009,-2.351396508281233E+001,-5.531141072227131E+001,
4.230694037145650E+009,-2.371343547377281E+001,-6.982093257476303E+001,
4.234604105571847E+009,-2.346613003131342E+001,-8.325150810683105E+001,
4.238514173998045E+009,-2.318308073430877E+001,-9.792743793327536E+001,
4.242424242424243E+009,-2.266857894890411E+001,-1.140279071423639E+002,
4.246334310850440E+009,-2.249670511698166E+001,-1.315021598186668E+002,
4.250244379276638E+009,-2.225698151065240E+001,-1.481264322202516E+002,
4.254154447702835E+009,-2.201311066256400E+001,-1.659561452432345E+002,
4.258064516129032E+009,-2.192738449160624E+001,1.762550211884654E+002,
4.261974584555230E+009,-2.193411917028179E+001,1.575564727453131E+002,
4.265884652981427E+009,-2.222028562587408E+001,1.415727632473271E+002,
4.269794721407625E+009,-2.224275411201795E+001,1.274671601589627E+002,
4.273704789833822E+009,-2.180808172517362E+001,1.124049495590222E+002,
4.277614858260019E+009,-2.144826951120246E+001,9.557493158837261E+001,
4.281524926686217E+009,-2.111095317070343E+001,7.790727319192244E+001,
4.285434995112414E+009,-2.094255927744789E+001,5.957393998884339E+001,
4.289345063538612E+009,-2.095819681196289E+001,4.317776154282926E+001,
4.293255131964809E+009,-2.069214290008043E+001,2.705358184118366E+001,
4.297165200391007E+009,-2.022265105023683E+001,1.017571046729986E+001,
4.301075268817205E+009,-1.963325222449311E+001,-8.659484945681518E+000,
4.304985337243402E+009,-1.949488043503431E+001,-2.869413493722713E+001,
4.308895405669600E+009,-1.948952099730149E+001,-4.839758728179205E+001,
4.312805474095797E+009,-1.959719829805255E+001,-6.561530455006231E+001,
4.316715542521994E+009,-1.957954311959622E+001,-8.365530228684636E+001,
4.320625610948192E+009,-1.951311378585701E+001,-1.008226142876657E+002,
4.324535679374389E+009,-1.935248443550413E+001,-1.185682110554261E+002,
4.328445747800587E+009,-1.925414047683056E+001,-1.365552296037906E+002,
4.332355816226784E+009,-1.913634266272011E+001,-1.539977221966332E+002,
4.336265884652982E+009,-1.891147242021600E+001,-1.722588157562349E+002,
4.340175953079179E+009,-1.880025347729831E+001,1.692367043919413E+002,
4.344086021505377E+009,-1.869864144644669E+001,1.505926198521140E+002,
4.347996089931574E+009,-1.871701349309777E+001,1.318717642703614E+002,
4.351906158357771E+009,-1.877277276002167E+001,1.139257100142964E+002,
4.355816226783969E+009,-1.865371456931827E+001,9.569507210126602E+001,
4.359726295210166E+009,-1.863281875105372E+001,7.695547687583832E+001,
4.363636363636364E+009,-1.866046433573635E+001,5.825625685470918E+001,
4.367546432062561E+009,-1.881451077641951E+001,4.006757943252430E+001,
4.371456500488758E+009,-1.883756029519513E+001,2.208745310827249E+001,
4.375366568914956E+009,-1.894294594866207E+001,4.340322829560487E+000,
4.379276637341153E+009,-1.897897767146790E+001,-1.274512128313026E+001,
4.383186705767351E+009,-1.883633838261853E+001,-3.120808590867045E+001,
4.387096774193548E+009,-1.884065455186914E+001,-5.007277579142339E+001,
4.391006842619746E+009,-1.901990396005309E+001,-6.895495056229485E+001,
4.394916911045943E+009,-1.914163643475390E+001,-8.647211114625144E+001,
4.398826979472141E+009,-1.925889948298527E+001,-1.043135735574622E+002,
4.402737047898338E+009,-1.942716468080668E+001,-1.223232877647813E+002,
4.406647116324535E+009,-1.955922910406414E+001,-1.400422639406768E+002,
4.410557184750733E+009,-1.968273334024204E+001,-1.574845203972012E+002,
4.414467253176930E+009,-1.973883917244672E+001,-1.749370026683472E+002,
4.418377321603128E+009,-1.989445892840694E+001,1.673983146102978E+002,
4.422287390029326E+009,-2.010134469823270E+001,1.507346967731624E+002,
4.426197458455523E+009,-2.012265488866692E+001,1.336997810401178E+002,
4.430107526881721E+009,-2.027719363434606E+001,1.160434429447868E+002,
4.434017595307918E+009,-2.041134398099688E+001,1.001027484086484E+002,
4.437927663734116E+009,-2.029384191416000E+001,8.379351703644193E+001,
4.441837732160313E+009,-2.027425676564980E+001,6.582188255901149E+001,
4.445747800586511E+009,-2.023785231809743E+001,4.764812577356372E+001,
4.449657869012708E+009,-2.038589752810277E+001,2.952407666302060E+001,
4.453567937438905E+009,-2.041207194884009E+001,1.234361960523730E+001,
4.457478005865103E+009,-2.047731764037989E+001,-5.425281552076280E+000,
4.461388074291300E+009,-2.076121652644714E+001,-2.348481441663040E+001,
4.465298142717498E+009,-2.096738852294240E+001,-4.047039978847774E+001,
4.469208211143695E+009,-2.114688149590940E+001,-5.739388480969880E+001,
4.473118279569893E+009,-2.147709161523087E+001,-7.419005322564016E+001,
4.477028347996090E+009,-2.150616710378150E+001,-8.955677603015364E+001,
4.480938416422287E+009,-2.156255948833352E+001,-1.059456227089871E+002,
4.484848484848485E+009,-2.169971389881619E+001,-1.219386696588753E+002,
4.488758553274682E+009,-2.171561100524553E+001,-1.378501273360124E+002,
4.492668621700880E+009,-2.165343993845650E+001,-1.538711661808055E+002,
4.496578690127077E+009,-2.148604234716192E+001,-1.702023721325087E+002,
4.500488758553275E+009,-2.142544147688675E+001,1.726316442927118E+002,
4.504398826979472E+009,-2.142208080648136E+001,1.565171477556416E+002,
4.508308895405669E+009,-2.135460671130513E+001,1.393467904631294E+002,
4.512218963831867E+009,-2.132459728783942E+001,1.227114172889828E+002,
4.516129032258064E+009,-2.120055247686663E+001,1.051597548970757E+002,
4.520039100684262E+009,-2.120867938450929E+001,8.687296366398172E+001,
4.523949169110459E+009,-2.129535121716801E+001,7.006159316948643E+001,
4.527859237536657E+009,-2.131905960467326E+001,5.308432968072633E+001,
4.531769305962854E+009,-2.129024756098674E+001,3.583680794697622E+001,
4.535679374389051E+009,-2.125471973536470E+001,1.801777475670078E+001,
4.539589442815249E+009,-2.136643547386807E+001,7.307465802006666E-002,
4.543499511241447E+009,-2.154161047323265E+001,-1.837227780875563E+001,
4.547409579667645E+009,-2.191633087868293E+001,-3.559171834611800E+001,
4.551319648093842E+009,-2.201083059319348E+001,-5.131488982724988E+001,
4.555229716520039E+009,-2.217445724017405E+001,-6.763117278242596E+001,
4.559139784946237E+009,-2.232035884767923E+001,-8.362430917951157E+001,
4.563049853372434E+009,-2.244983834452502E+001,-9.978307189693234E+001,
4.566959921798632E+009,-2.250644029447529E+001,-1.155556288460659E+002,
4.570869990224829E+009,-2.244859909422468E+001,-1.315266005679034E+002,
4.574780058651027E+009,-2.243222035149104E+001,-1.479000115862447E+002,
4.578690127077224E+009,-2.233048593246636E+001,-1.645841836887516E+002,
4.582600195503422E+009,-2.238286378474985E+001,1.778575546410402E+002,
4.586510263929619E+009,-2.247602453008918E+001,1.611824554498750E+002,
4.590420332355816E+009,-2.246023094777378E+001,1.458068070992913E+002,
4.594330400782014E+009,-2.250950065187752E+001,1.284462402330872E+002,
4.598240469208211E+009,-2.258029872630561E+001,1.123547949538524E+002,
4.602150537634409E+009,-2.270558828869716E+001,9.649978242712415E+001,
4.606060606060606E+009,-2.258972479165694E+001,8.155856139884153E+001,
4.609970674486803E+009,-2.252771232142131E+001,6.456206789045302E+001,
4.613880742913001E+009,-2.241681464377536E+001,4.907164028065664E+001,
4.617790811339198E+009,-2.224852202663190E+001,3.302204573077312E+001,
4.621700879765396E+009,-2.212544250216885E+001,1.564462848706536E+001,
4.625610948191593E+009,-2.210983304925649E+001,-8.669936512346389E-001,
4.629521016617791E+009,-2.192177300962047E+001,-1.711146910256680E+001,
4.633431085043988E+009,-2.162050783088158E+001,-3.496318148660073E+001,
4.637341153470186E+009,-2.157682110829919E+001,-5.263522811270860E+001,
4.641251221896383E+009,-2.152049015026853E+001,-7.041285530828384E+001,
4.645161290322580E+009,-2.159082965615192E+001,-8.802021752036600E+001,
4.649071358748778E+009,-2.162037586014023E+001,-1.056072486104242E+002,
4.652981427174975E+009,-2.170753604015597E+001,-1.225004466910483E+002,
4.656891495601173E+009,-2.180420081320530E+001,-1.388713098257371E+002,
4.660801564027371E+009,-2.182868508153163E+001,-1.554025123536118E+002,
4.664711632453568E+009,-2.165243128556464E+001,-1.712363995841670E+002,
4.668621700879766E+009,-2.151908510732381E+001,1.716363142688317E+002,
4.672531769305963E+009,-2.142739853890459E+001,1.545601522940845E+002,
4.676441837732161E+009,-2.123731585259598E+001,1.367274137872990E+002,
4.680351906158358E+009,-2.127307226943727E+001,1.184695106749608E+002,
4.684261974584556E+009,-2.132828518940219E+001,1.009085261314286E+002,
4.688172043010753E+009,-2.136760501832594E+001,8.363369562526619E+001,
4.692082111436951E+009,-2.151700926910639E+001,6.667789529525685E+001,
4.695992179863148E+009,-2.154704574711338E+001,5.038719162508983E+001,
4.699902248289345E+009,-2.156231501931391E+001,3.399234948487393E+001,
4.703812316715543E+009,-2.151178612183216E+001,1.792128466262283E+001,
4.707722385141740E+009,-2.133782485293428E+001,9.297145939010207E-001,
4.711632453567938E+009,-2.119719427251067E+001,-1.648910150437637E+001,
4.715542521994135E+009,-2.107553636703671E+001,-3.318373549251952E+001,
4.719452590420332E+009,-2.092943391684014E+001,-5.130160051589392E+001,
4.723362658846530E+009,-2.095071861251646E+001,-6.923184591345903E+001,
4.727272727272727E+009,-2.098519124697322E+001,-8.705240222544228E+001,
4.731182795698925E+009,-2.103033881385528E+001,-1.052807309918282E+002,
4.735092864125122E+009,-2.111152347853702E+001,-1.233085532090404E+002,
4.739002932551320E+009,-2.135286618490191E+001,-1.412055026620735E+002,
4.742913000977517E+009,-2.155558199167153E+001,-1.577468969297504E+002,
4.746823069403714E+009,-2.165893243996671E+001,-1.737409438826955E+002,
4.750733137829912E+009,-2.174505109080177E+001,1.698583828137915E+002,
4.754643206256109E+009,-2.181798382942209E+001,1.539036037657251E+002,
4.758553274682307E+009,-2.166822775488797E+001,1.375553750901838E+002,
4.762463343108504E+009,-2.162205786070558E+001,1.206934547738711E+002,
4.766373411534702E+009,-2.149620310859885E+001,1.031790678293337E+002,
4.770283479960899E+009,-2.155186695084433E+001,8.572278709689050E+001,
4.774193548387096E+009,-2.157292839844006E+001,6.855441999690407E+001,
4.778103616813294E+009,-2.165924200385943E+001,5.145538194554704E+001,
4.782013685239492E+009,-2.162520242288282E+001,3.457258837236299E+001,
4.785923753665690E+009,-2.159414483948002E+001,1.670242349920881E+001,
4.789833822091887E+009,-2.179896200202821E+001,-5.803818347245497E-001,
4.793743890518084E+009,-2.188757821750020E+001,-1.705233895759855E+001,
4.797653958944282E+009,-2.203186789866795E+001,-3.438051588414194E+001,
4.801564027370479E+009,-2.213620415959063E+001,-5.076679762416018E+001,
4.805474095796677E+009,-2.219207370172203E+001,-6.740414038361529E+001,
4.809384164222874E+009,-2.235610320299815E+001,-8.424762804325756E+001,
4.813294232649072E+009,-2.248586524173461E+001,-1.003509591014567E+002,
4.817204301075269E+009,-2.263181291827623E+001,-1.167019797035658E+002,
4.821114369501467E+009,-2.278524933415536E+001,-1.327447600988864E+002,
4.825024437927664E+009,-2.288726592068023E+001,-1.481365400988022E+002,
4.828934506353861E+009,-2.286868059465086E+001,-1.638421625659582E+002,
4.832844574780059E+009,-2.283971539598636E+001,-1.794776931912542E+002,
4.836754643206256E+009,-2.267489606359952E+001,1.641705276053258E+002,
4.840664711632454E+009,-2.264626078859692E+001,1.462438588059041E+002,
4.844574780058651E+009,-2.290587179797829E+001,1.295406041960923E+002,
4.848484848484848E+009,-2.313254045582907E+001,1.140280418107199E+002,
4.852394916911046E+009,-2.323960245200983E+001,9.947408624385305E+001,
4.856304985337243E+009,-2.310429830452941E+001,8.474259226383971E+001,
4.860215053763441E+009,-2.286194234017830E+001,6.907057177524958E+001,
4.864125122189638E+009,-2.276970275668249E+001,5.342152367226661E+001,
4.868035190615836E+009,-2.253416969584564E+001,3.754909647584485E+001,
4.871945259042033E+009,-2.243082238263917E+001,2.119765370232348E+001,
4.875855327468231E+009,-2.245353229329894E+001,4.456858817028677E+000,
4.879765395894428E+009,-2.232696568200433E+001,-1.116177981206362E+001,
4.883675464320625E+009,-2.205472039714723E+001,-2.662331335405476E+001,
4.887585532746823E+009,-2.181468414621850E+001,-4.343400567005786E+001,
4.891495601173020E+009,-2.166951199198913E+001,-6.037077862839291E+001,
4.895405669599218E+009,-2.154713352425121E+001,-7.656616837898970E+001,
4.899315738025415E+009,-2.139387779650109E+001,-9.230803071643004E+001,
4.903225806451613E+009,-2.115325693507346E+001,-1.080855207882581E+002,
4.907135874877811E+009,-2.074196315987000E+001,-1.242722607545208E+002,
4.911045943304008E+009,-2.036711118150967E+001,-1.414946831904332E+002,
4.914956011730206E+009,-2.007381974415094E+001,-1.593485093381099E+002,
4.918866080156403E+009,-1.982562620512777E+001,-1.766128761662094E+002,
4.922776148582601E+009,-1.956891712157520E+001,1.660068627071741E+002,
4.926686217008798E+009,-1.920991193089036E+001,1.479078915920885E+002,
4.930596285434996E+009,-1.896379331932929E+001,1.295547277114524E+002,
4.934506353861193E+009,-1.874627923839037E+001,1.108319373657646E+002,
4.938416422287390E+009,-1.864034581365823E+001,9.260377622918269E+001,
4.942326490713588E+009,-1.850614751650785E+001,7.370749688369173E+001,
4.946236559139785E+009,-1.848222371090846E+001,5.529093334154100E+001,
4.950146627565983E+009,-1.842007042967668E+001,3.750009585138190E+001,
4.954056695992180E+009,-1.828859149899506E+001,1.946940030519724E+001,
4.957966764418377E+009,-1.815805466815394E+001,1.124046736692572E+000,
4.961876832844575E+009,-1.806724052404663E+001,-1.758172551790581E+001,
4.965786901270772E+009,-1.802309509219795E+001,-3.590219026476196E+001,
4.969696969696970E+009,-1.789735065888214E+001,-5.453745022752467E+001,
4.973607038123167E+009,-1.792297485832630E+001,-7.379022589748956E+001,
4.977517106549365E+009,-1.802205358817518E+001,-9.219782989117144E+001,
4.981427174975562E+009,-1.799015457284177E+001,-1.108098375968311E+002,
4.985337243401759E+009,-1.810381831888578E+001,-1.299406849441380E+002,
4.989247311827957E+009,-1.833817361252964E+001,-1.484488611332631E+002,
4.993157380254154E+009,-1.852333185938261E+001,-1.660484827998850E+002,
4.997067448680352E+009,-1.869009432209651E+001,1.768144248462852E+002,
5.000977517106549E+009,-1.877467056743650E+001,1.594886105882730E+002,
5.004887585532747E+009,-1.872455280367248E+001,1.415111984204185E+002,
5.008797653958944E+009,-1.882341729824069E+001,1.235145464678175E+002,
5.012707722385141E+009,-1.892857733558455E+001,1.063566410425486E+002,
5.016617790811339E+009,-1.888337956836537E+001,8.802582266588914E+001,
5.020527859237536E+009,-1.905325924230199E+001,6.915630098288456E+001,
5.024437927663734E+009,-1.934022162886735E+001,5.116058473757077E+001,
5.028347996089932E+009,-1.960071949300658E+001,3.427049650528024E+001,
5.032258064516129E+009,-1.978880828153714E+001,1.766060964543419E+001,
5.036168132942327E+009,-1.993645973956256E+001,1.434997816194807E+000,
5.040078201368524E+009,-1.993928009231722E+001,-1.522733990426542E+001,
5.043988269794722E+009,-1.994227320717585E+001,-3.256268783269147E+001,
5.047898338220919E+009,-1.994920271862480E+001,-4.993204927566765E+001,
5.051808406647117E+009,-1.998732570191358E+001,-6.722564328970969E+001,
5.055718475073314E+009,-2.010404179110644E+001,-8.491503043781928E+001,
5.059628543499512E+009,-2.028275399363113E+001,-1.021058525621167E+002,
5.063538611925709E+009,-2.030036069639589E+001,-1.195401271954205E+002,
5.067448680351906E+009,-2.056060159097740E+001,-1.369007425628919E+002,
5.071358748778104E+009,-2.083276056869379E+001,-1.534084353363752E+002,
5.075268817204301E+009,-2.105820643040045E+001,-1.683824657683349E+002,
5.079178885630499E+009,-2.093410527654629E+001,1.765951540009817E+002,
5.083088954056696E+009,-2.062099451642313E+001,1.601053015911765E+002,
5.086999022482893E+009,-2.052232352463626E+001,1.419196105171737E+002,
5.090909090909091E+009,-2.055880816304520E+001,1.239406267930937E+002,
5.094819159335288E+009,-2.063857075799335E+001,1.070821606660560E+002,
5.098729227761486E+009,-2.067456406705333E+001,9.027960284706451E+001,
5.102639296187683E+009,-2.066024346498889E+001,7.368653042965212E+001,
5.106549364613881E+009,-2.057550724279635E+001,5.672866993617514E+001,
5.110459433040078E+009,-2.048556173374146E+001,3.925510902356030E+001,
5.114369501466276E+009,-2.045059138784292E+001,2.144331716113961E+001,
5.118279569892473E+009,-2.050613487503382E+001,3.684701195536956E+000,
5.122189638318670E+009,-2.059687984789424E+001,-1.387781401377969E+001,
5.126099706744868E+009,-2.062723854023353E+001,-3.081901876502119E+001,
5.130009775171065E+009,-2.062266512940261E+001,-4.797869825988366E+001,
5.133919843597263E+009,-2.060793896224825E+001,-6.493672006023679E+001,
5.137829912023460E+009,-2.064227332392187E+001,-8.217193751396336E+001,
5.141739980449657E+009,-2.059111797373703E+001,-9.969387386904586E+001,
5.145650048875855E+009,-2.055433706728076E+001,-1.169156379791143E+002,
5.149560117302053E+009,-2.046038939521557E+001,-1.346714529619508E+002,
5.153470185728251E+009,-2.042764101931886E+001,-1.528078578054206E+002,
5.157380254154448E+009,-2.043693373906126E+001,-1.709191793462095E+002,
5.161290322580645E+009,-2.042377220580690E+001,1.712823982546406E+002,
5.165200391006843E+009,-2.039193678430502E+001,1.527018822526009E+002,
5.169110459433041E+009,-2.040128374897842E+001,1.342521064043782E+002,
5.173020527859238E+009,-2.055819195318854E+001,1.157631030685025E+002,
5.176930596285435E+009,-2.070091214172327E+001,9.774457979601357E+001,
5.180840664711633E+009,-2.077531762543727E+001,7.959724831224899E+001,
5.184750733137830E+009,-2.096075213149810E+001,6.193651192567518E+001,
5.188660801564028E+009,-2.099297487308723E+001,4.431475335033936E+001,
5.192570869990225E+009,-2.104567413020679E+001,2.640860163455377E+001,
5.196480938416422E+009,-2.103023007045715E+001,7.842725537648380E+000,
5.200391006842620E+009,-2.120243919188228E+001,-1.126218857061236E+001,
5.204301075268817E+009,-2.135620360001596E+001,-3.104363497756258E+001,
5.208211143695015E+009,-2.164291240814292E+001,-5.076047259378841E+001,
5.212121212121212E+009,-2.219424277189346E+001,-7.046282944050417E+001,
5.216031280547409E+009,-2.294244807960397E+001,-8.832046430290539E+001,
5.219941348973607E+009,-2.367380684219123E+001,-1.045691331838477E+002,
5.223851417399805E+009,-2.444736153040360E+001,-1.191702451975401E+002,
5.227761485826002E+009,-2.427359665473096E+001,-1.359225088832917E+002,
5.231671554252199E+009,-2.470140239496645E+001,-1.526467824742576E+002,
5.235581622678397E+009,-2.516714546672262E+001,-1.678450333362202E+002,
5.239491691104594E+009,-2.551165355418966E+001,1.774062230917659E+002,
5.243401759530792E+009,-2.552479376960130E+001,1.635211013761432E+002,
5.247311827956989E+009,-2.556733592181832E+001,1.462491920592160E+002,
5.251221896383186E+009,-2.598132657241418E+001,1.280573583225861E+002,
5.255131964809384E+009,-2.650680640636315E+001,1.106642673205538E+002,
5.259042033235581E+009,-2.727319224321663E+001,9.498891909560463E+001,
5.262952101661779E+009,-2.793456220552613E+001,8.148427231793285E+001,
5.266862170087977E+009,-2.863221110702749E+001,6.920003968179417E+001,
5.270772238514174E+009,-2.904832438954927E+001,5.965147567956623E+001,
5.274682306940372E+009,-2.906637310395380E+001,5.271462897595204E+001,
5.278592375366570E+009,-2.825175562754957E+001,4.348570570162199E+001,
5.282502443792767E+009,-2.736394133488843E+001,3.144048274384998E+001,
5.286412512218964E+009,-2.637495977924563E+001,1.406016053105594E+001,
5.290322580645162E+009,-2.554485733429185E+001,-3.283425159709249E+000,
5.294232649071359E+009,-2.514075379278381E+001,-2.192322644805743E+001,
5.298142717497557E+009,-2.494930108072186E+001,-4.208658161044330E+001,
5.302052785923754E+009,-2.494051495978258E+001,-6.069694980394330E+001,
5.305962854349951E+009,-2.521356795863377E+001,-7.633039667958543E+001,
5.309872922776149E+009,-2.535780360715467E+001,-9.062552195495429E+001,
5.313782991202346E+009,-2.491961118956096E+001,-1.041080319857694E+002,
5.317693059628544E+009,-2.435997504348590E+001,-1.191025652092961E+002,
5.321603128054741E+009,-2.355854401808233E+001,-1.354830206559109E+002,
5.325513196480938E+009,-2.287941335498432E+001,-1.555841623152721E+002,
5.329423264907136E+009,-2.263051400655216E+001,-1.757820355066640E+002,
5.333333333333333E+009,-2.252900991469585E+001,1.654674851510160E+002,
5.337243401759531E+009,-2.245857538556493E+001,1.458636367441566E+002,
5.341153470185728E+009,-2.249342439301453E+001,1.264752327279722E+002,
5.345063538611926E+009,-2.273625787025183E+001,1.081495174690625E+002,
5.348973607038123E+009,-2.296885879590837E+001,9.182407299777090E+001,
5.352883675464321E+009,-2.282398506818666E+001,7.682414823556907E+001,
5.356793743890518E+009,-2.259168818661760E+001,5.960776656623675E+001,
5.360703812316715E+009,-2.243320317115630E+001,4.176373646695768E+001,
5.364613880742913E+009,-2.231456839170981E+001,2.391731891846132E+001,
5.368523949169110E+009,-2.203435798761264E+001,6.596265994156763E+000,
5.372434017595308E+009,-2.180548316410199E+001,-1.209279090104573E+001,
5.376344086021505E+009,-2.161531493421281E+001,-3.128545030510114E+001,
5.380254154447702E+009,-2.166886442662275E+001,-5.041613506069599E+001,
5.384164222873900E+009,-2.178889173440855E+001,-6.984610787211393E+001,
5.388074291300098E+009,-2.190758844925659E+001,-8.699440058916940E+001,
5.391984359726296E+009,-2.204306784609191E+001,-1.044588633252527E+002,
5.395894428152493E+009,-2.196726954459171E+001,-1.218315266036087E+002,
5.399804496578690E+009,-2.198764435231178E+001,-1.398486474666214E+002,
5.403714565004888E+009,-2.195419994428622E+001,-1.585156687251710E+002,
5.407624633431086E+009,-2.200196058498985E+001,-1.769666907643891E+002,
5.411534701857283E+009,-2.219662393655831E+001,1.655808833944306E+002,
5.415444770283480E+009,-2.220901484663205E+001,1.479093794085951E+002,
5.419354838709678E+009,-2.240513213927598E+001,1.302997733840379E+002,
5.423264907135875E+009,-2.233719406103479E+001,1.138041956428297E+002,
5.427174975562073E+009,-2.221956323165298E+001,9.633366326440827E+001,
5.431085043988270E+009,-2.216685710544383E+001,7.744584712109416E+001,
5.434995112414467E+009,-2.211427856473316E+001,5.903218252760733E+001,
5.438905180840665E+009,-2.223829858246449E+001,4.000494146796521E+001,
5.442815249266862E+009,-2.249536171121996E+001,2.161784124129660E+001,
5.446725317693060E+009,-2.263969782857912E+001,4.168064526265202E+000,
5.450635386119257E+009,-2.281366113427225E+001,-1.364043062286629E+001,
5.454545454545454E+009,-2.297577514909015E+001,-3.143475586874148E+001,
5.458455522971652E+009,-2.325153302339193E+001,-4.773104938807958E+001,
5.462365591397850E+009,-2.315571856689343E+001,-6.449632632160639E+001,
5.466275659824047E+009,-2.307352432470479E+001,-8.149456308937738E+001,
5.470185728250244E+009,-2.302778682189484E+001,-9.888247015679596E+001,
5.474095796676442E+009,-2.287674429698293E+001,-1.182236135717345E+002,
5.478005865102639E+009,-2.303595547348280E+001,-1.381930453545284E+002,
5.481915933528837E+009,-2.326110526984424E+001,-1.576229021900460E+002,
5.485826001955034E+009,-2.357473406132881E+001,-1.763895029364480E+002,
5.489736070381231E+009,-2.406627102640298E+001,1.653795226906157E+002,
5.493646138807429E+009,-2.448486365145059E+001,1.488906643959088E+002,
5.497556207233626E+009,-2.486513301663512E+001,1.317711687519081E+002,
5.501466275659824E+009,-2.508495744423228E+001,1.152337116761539E+002,
5.505376344086021E+009,-2.532285822974156E+001,1.000974156771913E+002,
5.509286412512219E+009,-2.546688787321143E+001,8.408200165518908E+001,
5.513196480938417E+009,-2.540854930746230E+001,6.846102794830145E+001,
5.517106549364615E+009,-2.531270904895492E+001,5.077682986056266E+001,
5.521016617790812E+009,-2.527194100797322E+001,3.251624723803446E+001,
5.524926686217009E+009,-2.557481606953498E+001,1.319429776329235E+001,
5.528836754643207E+009,-2.612940860979739E+001,-5.855016735474485E+000,
5.532746823069404E+009,-2.650833729591481E+001,-2.224294626211505E+001,
5.536656891495602E+009,-2.695127954142768E+001,-3.871589520279438E+001,
5.540566959921799E+009,-2.745683822951286E+001,-5.334540174860584E+001,
5.544477028347996E+009,-2.790272587838073E+001,-6.730457307731467E+001,
5.548387096774194E+009,-2.787746548618586E+001,-8.037819044966626E+001,
5.552297165200391E+009,-2.759920374138098E+001,-9.440685529442440E+001,
5.556207233626589E+009,-2.747815201711770E+001,-1.111583186050897E+002,
5.560117302052786E+009,-2.749319672769174E+001,-1.276684833425867E+002,
5.564027370478983E+009,-2.740615394678772E+001,-1.428677726920625E+002,
5.567937438905181E+009,-2.712119560055228E+001,-1.588883111952532E+002,
5.571847507331378E+009,-2.666369359958073E+001,-1.766298155610681E+002,
5.575757575757576E+009,-2.666104608670098E+001,1.637312586650811E+002,
5.579667644183773E+009,-2.670721335817514E+001,1.451360769366609E+002,
5.583577712609971E+009,-2.683545479469379E+001,1.245893030517753E+002,
5.587487781036168E+009,-2.729680331866511E+001,1.062447376609319E+002,
5.591397849462366E+009,-2.811407609422699E+001,8.963154235005291E+001,
5.595307917888563E+009,-2.851527712727721E+001,7.740528791723502E+001,
5.599217986314760E+009,-2.849191766490152E+001,6.343995140061434E+001,
5.603128054740958E+009,-2.813415199020302E+001,4.797585443438572E+001,
5.607038123167155E+009,-2.788037123124631E+001,2.857815634874692E+001,
5.610948191593353E+009,-2.805725813368416E+001,9.967720978647957E+000,
5.614858260019550E+009,-2.865195657273637E+001,-6.417633769120323E+000,
5.618768328445747E+009,-2.884304057924808E+001,-2.252571353479300E+001,
5.622678396871945E+009,-2.884668218158914E+001,-3.874298070305199E+001,
5.626588465298142E+009,-2.903469592304223E+001,-5.671578390009350E+001,
5.630498533724340E+009,-2.962090455238490E+001,-7.212650684796300E+001,
5.634408602150538E+009,-2.991236095480659E+001,-8.771717681428068E+001,
5.638318670576735E+009,-3.047368746193722E+001,-1.032941761559633E+002,
5.642228739002933E+009,-3.056508096497199E+001,-1.141902742064100E+002,
5.646138807429131E+009,-3.027836140588152E+001,-1.299822172307310E+002,
5.650048875855328E+009,-3.034607705994081E+001,-1.449524608910568E+002,
5.653958944281525E+009,-3.067027706061996E+001,-1.589786745533713E+002,
5.657869012707723E+009,-3.073044832943790E+001,-1.731107737994743E+002,
5.661779081133920E+009,-3.060687783519765E+001,1.746104123905102E+002,
5.665689149560118E+009,-3.029799151984959E+001,1.585361681360384E+002,
5.669599217986315E+009,-3.027972319290614E+001,1.430814146117520E+002,
5.673509286412512E+009,-3.019717880533995E+001,1.303307792181678E+002,
5.677419354838710E+009,-2.977560014930690E+001,1.197119021370070E+002,
5.681329423264907E+009,-2.914244519434185E+001,1.046982826825094E+002,
5.685239491691105E+009,-2.846367264813667E+001,8.874870530054508E+001,
5.689149560117302E+009,-2.766568206343745E+001,7.061603698347018E+001,
5.693059628543499E+009,-2.741763655419131E+001,5.251093687822313E+001,
5.696969696969697E+009,-2.713301195257026E+001,3.512671531401796E+001,
5.700879765395895E+009,-2.683029014895338E+001,1.793902330037757E+001,
5.704789833822092E+009,-2.656057710823318E+001,-1.006766065461884E+000,
5.708699902248289E+009,-2.621091758097186E+001,-1.970870467784987E+001,
5.712609970674487E+009,-2.607035553141251E+001,-3.885753160128686E+001,
5.716520039100684E+009,-2.616590472971598E+001,-5.690979809321863E+001,
5.720430107526882E+009,-2.623597545080637E+001,-7.404876257342126E+001,
5.724340175953079E+009,-2.630596066012049E+001,-9.175666339525843E+001,
5.728250244379276E+009,-2.623827727945852E+001,-1.084784781279333E+002,
5.732160312805474E+009,-2.625855900004112E+001,-1.252604147114575E+002,
5.736070381231671E+009,-2.604096523439919E+001,-1.422594229997044E+002,
5.739980449657869E+009,-2.616746609260589E+001,-1.590703219645044E+002,
5.743890518084066E+009,-2.615728323936235E+001,-1.752953229558113E+002,
5.747800586510263E+009,-2.601259212824380E+001,1.682097141975675E+002,
5.751710654936461E+009,-2.570505992032160E+001,1.507877768338441E+002,
5.755620723362660E+009,-2.561428420507954E+001,1.329218454278291E+002,
5.759530791788857E+009,-2.557561792397046E+001,1.148415167491587E+002,
5.763440860215054E+009,-2.594773906043965E+001,9.682449612623715E+001,
5.767350928641252E+009,-2.607057815795709E+001,8.167322328879583E+001,
5.771260997067449E+009,-2.608604513268796E+001,6.747736120588014E+001,
5.775171065493647E+009,-2.586410821674548E+001,5.217150349437307E+001,
5.779081133919844E+009,-2.556589143362266E+001,3.685584706331738E+001,
5.782991202346041E+009,-2.519701034748453E+001,1.986827066808091E+001,
5.786901270772239E+009,-2.476901111525882E+001,2.677837705016182E+000,
5.790811339198436E+009,-2.452062758177533E+001,-1.513301258585869E+001,
5.794721407624634E+009,-2.446961693604264E+001,-3.366053229756989E+001,
5.798631476050831E+009,-2.423887879866755E+001,-4.967999803880277E+001,
5.802541544477028E+009,-2.402459035624145E+001,-6.824102484549619E+001,
5.806451612903226E+009,-2.396063218470862E+001,-8.625070560484947E+001,
5.810361681329423E+009,-2.385382117723145E+001,-1.034354442711121E+002,
5.814271749755621E+009,-2.365874275041527E+001,-1.206427161785071E+002,
5.818181818181818E+009,-2.350470199501934E+001,-1.388803714854085E+002,
5.822091886608016E+009,-2.342751642655127E+001,-1.565623834388126E+002,
5.826001955034213E+009,-2.320867425121982E+001,-1.734885096782409E+002,
5.829912023460411E+009,-2.301540127982846E+001,1.677612934411754E+002,
5.833822091886608E+009,-2.302867302266522E+001,1.497940069103691E+002,
5.837732160312805E+009,-2.276727859794928E+001,1.317584405516869E+002,
5.841642228739003E+009,-2.246306504249005E+001,1.127487711952306E+002,
5.845552297165200E+009,-2.239600125317658E+001,9.330648887064051E+001,
5.849462365591398E+009,-2.262613749387135E+001,7.285122343227502E+001,
5.853372434017595E+009,-2.296477392334741E+001,5.533949771087729E+001,
5.857282502443792E+009,-2.298601968795828E+001,3.778510974048695E+001,
5.861192570869990E+009,-2.298941939217588E+001,2.033089822519504E+001,
5.865102639296187E+009,-2.289821616000051E+001,3.486446606542732E+000,
5.869012707722385E+009,-2.281994854670787E+001,-1.581612888867688E+001,
5.872922776148583E+009,-2.300865883051171E+001,-3.465033616495382E+001,
5.876832844574780E+009,-2.312732208406317E+001,-5.295947300230162E+001,
5.880742913000978E+009,-2.346965506811386E+001,-6.958288017479246E+001,
5.884652981427176E+009,-2.335891347043879E+001,-8.544044604980913E+001,
5.888563049853373E+009,-2.308587805515115E+001,-1.036235495215615E+002,
5.892473118279570E+009,-2.314553067859461E+001,-1.241256221504518E+002,
5.896383186705768E+009,-2.346360196361575E+001,-1.442014935125997E+002,
5.900293255131965E+009,-2.407413853322747E+001,-1.614762802493027E+002,
5.904203323558163E+009,-2.439593452535598E+001,-1.781803518125336E+002,
5.908113391984360E+009,-2.469036732031093E+001,1.652934040831788E+002,
5.912023460410557E+009,-2.514061096624399E+001,1.494727450528359E+002,
5.915933528836755E+009,-2.527065606109881E+001,1.346678472715323E+002,
5.919843597262952E+009,-2.540460997424290E+001,1.193138557812567E+002,
5.923753665689150E+009,-2.560296124882957E+001,1.036070154829127E+002,
5.927663734115347E+009,-2.558753996630862E+001,9.029517868623935E+001,
5.931573802541544E+009,-2.518605407311372E+001,7.354268686808985E+001,
5.935483870967742E+009,-2.499274212584479E+001,5.613700191087570E+001,
5.939393939393940E+009,-2.523553311813344E+001,3.898816758442682E+001,
5.943304007820137E+009,-2.546994802209018E+001,2.353203983899951E+001,
5.947214076246334E+009,-2.536762214479584E+001,8.464170908995541E+000,
5.951124144672532E+009,-2.544878500435201E+001,-7.257817896001499E+000,
5.955034213098729E+009,-2.539759980038739E+001,-2.065676617121569E+001,
5.958944281524927E+009,-2.498856728726946E+001,-3.509022849671793E+001,
5.962854349951124E+009,-2.457082329242125E+001,-5.138108768707657E+001,
5.966764418377321E+009,-2.415873773812252E+001,-6.830238996735879E+001,
5.970674486803519E+009,-2.387325474741914E+001,-8.480119276889518E+001,
5.974584555229716E+009,-2.336878639382551E+001,-1.021887063627501E+002,
5.978494623655914E+009,-2.295049105598462E+001,-1.219835478403535E+002,
5.982404692082111E+009,-2.285024241299552E+001,-1.421354407684067E+002,
5.986314760508308E+009,-2.301623067869233E+001,-1.607943967167139E+002,
5.990224828934506E+009,-2.320716840457961E+001,-1.772260694042277E+002,
5.994134897360704E+009,-2.307920464364523E+001,1.666160998586836E+002,
5.998044965786902E+009,-2.300416751706072E+001,1.496662759572415E+002,
6.001955034213099E+009,-2.294953370191622E+001,1.330290935307662E+002,
6.005865102639297E+009,-2.269197520296273E+001,1.163963469476571E+002,
6.009775171065494E+009,-2.245294285306044E+001,9.873449184442195E+001,
6.013685239491692E+009,-2.223644623888575E+001,8.162052271013745E+001,
6.017595307917889E+009,-2.189268296192130E+001,6.485289425188759E+001,
6.021505376344086E+009,-2.154186919341640E+001,4.669202755383908E+001,
6.025415444770284E+009,-2.122151130298219E+001,2.675154103808747E+001,
6.029325513196481E+009,-2.116136819589804E+001,6.877052995440095E+000,
6.033235581622679E+009,-2.111328786086882E+001,-1.267461649674007E+001,
6.037145650048876E+009,-2.123640951986409E+001,-3.236184589985187E+001,
6.041055718475073E+009,-2.146760760170275E+001,-5.081732447535006E+001,
6.044965786901271E+009,-2.169519188049447E+001,-6.817028941246771E+001,
6.048875855327468E+009,-2.178627507267689E+001,-8.532629973748955E+001,
6.052785923753666E+009,-2.179874048945997E+001,-1.028435003758935E+002,
6.056695992179863E+009,-2.180042922524038E+001,-1.191663138340737E+002,
6.060606060606061E+009,-2.152456316340118E+001,-1.362426080962941E+002,
6.064516129032258E+009,-2.137077710149491E+001,-1.552915007983933E+002,
6.068426197458456E+009,-2.131422723293848E+001,-1.740031147413681E+002,
6.072336265884653E+009,-2.130217520258590E+001,1.663645648784623E+002,
6.076246334310850E+009,-2.147418973304147E+001,1.473488281469255E+002,
6.080156402737048E+009,-2.165733343426311E+001,1.284685787317702E+002,
6.084066471163245E+009,-2.188521050604584E+001,1.108998854703021E+002,
6.087976539589443E+009,-2.214198433512449E+001,9.355220830008190E+001,
6.091886608015640E+009,-2.213336134551333E+001,7.644636325678411E+001,
6.095796676441837E+009,-2.216321578360189E+001,5.892812589828668E+001,
6.099706744868035E+009,-2.231316587902816E+001,4.112323816556874E+001,
6.103616813294232E+009,-2.223099208752214E+001,2.510782181033843E+001,
6.107526881720430E+009,-2.210715917440176E+001,6.538427772547824E+000,
6.111436950146627E+009,-2.217310827240631E+001,-1.251990329977644E+001,
6.115347018572825E+009,-2.214832158361725E+001,-3.095508198614493E+001,
6.119257086999023E+009,-2.238199569864735E+001,-5.027285645480102E+001,
6.123167155425221E+009,-2.249800487172312E+001,-6.853425785758502E+001,
6.127077223851418E+009,-2.284936261893542E+001,-8.700455279722368E+001,
6.130987292277615E+009,-2.315657988582273E+001,-1.046200383841846E+002,
6.134897360703813E+009,-2.338379954707385E+001,-1.221759606797176E+002,
6.138807429130010E+009,-2.377365942918873E+001,-1.403187719911691E+002,
6.142717497556208E+009,-2.431063792303815E+001,-1.553775553729793E+002,
6.146627565982405E+009,-2.431039914717442E+001,-1.702785203693606E+002,
6.150537634408602E+009,-2.427314510749988E+001,1.738806084983148E+002,
6.154447702834800E+009,-2.411076965601810E+001,1.573104181281103E+002,
6.158357771260998E+009,-2.389939532708992E+001,1.409590917109665E+002,
6.162267839687195E+009,-2.368133377813395E+001,1.217010177414945E+002,
6.166177908113392E+009,-2.381060749176113E+001,1.017671843888592E+002,
6.170087976539589E+009,-2.410802121831378E+001,8.277740722953951E+001,
6.173998044965787E+009,-2.456943662528131E+001,6.507982857748024E+001,
6.177908113391985E+009,-2.489405982638520E+001,4.865606664054415E+001,
6.181818181818182E+009,-2.514036517150440E+001,3.209922791274839E+001,
6.185728250244379E+009,-2.540680830963186E+001,1.570660342618280E+001,
6.189638318670576E+009,-2.555682021256797E+001,1.241745204260931E+000,
6.193548387096774E+009,-2.547678027380943E+001,-1.383717749413847E+001,
6.197458455522972E+009,-2.520916528219293E+001,-3.039468307105977E+001,
6.201368523949169E+009,-2.514809811207175E+001,-4.703461887375865E+001,
6.205278592375366E+009,-2.493630565899286E+001,-6.478173186409718E+001,
6.209188660801564E+009,-2.481313639127085E+001,-8.286705249738321E+001,
6.213098729227762E+009,-2.488996747827227E+001,-1.016566692506172E+002,
6.217008797653959E+009,-2.501227138532915E+001,-1.209375989827612E+002,
6.220918866080156E+009,-2.516754534187509E+001,-1.376938479266220E+002,
6.224828934506353E+009,-2.522319399128157E+001,-1.558929628590853E+002,
6.228739002932551E+009,-2.550237028296983E+001,-1.737640784823570E+002,
6.232649071358749E+009,-2.591969497618089E+001,1.684879405167520E+002,
6.236559139784946E+009,-2.605627978732701E+001,1.529937403011733E+002,
6.240469208211144E+009,-2.613113694817455E+001,1.369434409208123E+002,
6.244379276637341E+009,-2.618939227774789E+001,1.207994155056540E+002,
6.248289345063539E+009,-2.607327986996172E+001,1.047317171617631E+002,
6.252199413489737E+009,-2.603047958897584E+001,8.686132705649540E+001,
6.256109481915934E+009,-2.604900796696581E+001,7.060726229621047E+001,
6.260019550342131E+009,-2.582913981878255E+001,5.345826881727515E+001,
6.263929618768329E+009,-2.566728100146008E+001,3.446389295736087E+001,
6.267839687194526E+009,-2.555454663477577E+001,1.507088872609115E+001,
6.271749755620724E+009,-2.570434424696881E+001,-5.363331211491630E+000,
6.275659824046921E+009,-2.609875624561709E+001,-2.499288955892651E+001,
6.279569892473118E+009,-2.681234264209278E+001,-4.338963459267296E+001,
6.283479960899316E+009,-2.733588309070093E+001,-5.827365461925238E+001,
6.287390029325514E+009,-2.758496225222273E+001,-7.326956058654082E+001,
6.291300097751711E+009,-2.726500190246562E+001,-8.804589441835874E+001,
6.295210166177908E+009,-2.709557976661987E+001,-1.060431057395771E+002,
6.299120234604105E+009,-2.698360056067416E+001,-1.251786061535247E+002,
6.303030303030303E+009,-2.707553704092408E+001,-1.451926758773928E+002,
6.306940371456501E+009,-2.752042621528684E+001,-1.653761475899465E+002,
6.310850439882698E+009,-2.789470782325609E+001,1.756090483324672E+002,
6.314760508308895E+009,-2.833394273581991E+001,1.569651124261550E+002,
6.318670576735093E+009,-2.933547367687558E+001,1.390210307894307E+002,
6.322580645161290E+009,-2.994592676616890E+001,1.232227950149669E+002,
6.326490713587488E+009,-3.043240389271835E+001,1.083994764762265E+002,
6.330400782013685E+009,-3.079367763145696E+001,9.281114981444533E+001,
6.334310850439882E+009,-3.133180207684035E+001,7.828177708302135E+001,
6.338220918866080E+009,-3.184356131307403E+001,6.405020631005529E+001,
6.342130987292278E+009,-3.221428570215627E+001,4.854642690349727E+001,
6.346041055718475E+009,-3.260805104802446E+001,3.492101017750060E+001,
6.349951124144672E+009,-3.238754735127660E+001,2.401993570020598E+001,
6.353861192570869E+009,-3.183431613342466E+001,6.959427723469084E+000,
6.357771260997068E+009,-3.175022297929438E+001,-1.309160436945272E+001,
6.361681329423266E+009,-3.243917135737072E+001,-3.443205777524401E+001,
6.365591397849463E+009,-3.389456438469322E+001,-4.933314088974111E+001,
6.369501466275660E+009,-3.447026945025597E+001,-5.906189737621930E+001,
6.373411534701857E+009,-3.475135201727879E+001,-7.058721244218889E+001,
6.377321603128055E+009,-3.490508357037378E+001,-8.126737049365637E+001,
6.381231671554253E+009,-3.451802379258493E+001,-9.189634393277642E+001,
6.385141739980450E+009,-3.369029733906205E+001,-1.048103810328617E+002,
6.389051808406647E+009,-3.328306073296410E+001,-1.225410929316445E+002,
6.392961876832845E+009,-3.316114990555931E+001,-1.392156912153979E+002,
6.396871945259043E+009,-3.288754731876919E+001,-1.568899558604396E+002,
6.400782013685240E+009,-3.309395137924751E+001,-1.766071331403319E+002,
6.404692082111437E+009,-3.397753407485958E+001,1.671706025763103E+002,
6.408602150537634E+009,-3.452116064944238E+001,1.551516782436064E+002,
6.412512218963832E+009,-3.493510655277485E+001,1.455244907688109E+002,
6.416422287390030E+009,-3.440795713284314E+001,1.369221660799522E+002,
6.420332355816227E+009,-3.342038131087653E+001,1.247008876376036E+002,
6.424242424242424E+009,-3.278877351321004E+001,1.074353626372022E+002,
6.428152492668621E+009,-3.246375997884690E+001,9.354775407786526E+001,
6.432062561094819E+009,-3.152643229712205E+001,7.948584319730867E+001,
6.435972629521017E+009,-3.060151086186444E+001,6.017120396873025E+001,
6.439882697947214E+009,-3.017369282347093E+001,3.931224455033327E+001,
6.443792766373411E+009,-3.015885004334928E+001,1.921306797156955E+001,
6.447702834799609E+009,-3.029721646559132E+001,3.818074668683607E-001,
6.451612903225807E+009,-3.068964119715406E+001,-1.560647930228814E+001,
6.455522971652004E+009,-3.053058456717614E+001,-2.864804007020094E+001,
6.459433040078201E+009,-3.004471218483247E+001,-4.432457816536005E+001,
6.463343108504398E+009,-2.985436590275171E+001,-5.979372570617571E+001,
6.467253176930596E+009,-2.919639773578804E+001,-7.775336508059532E+001,
6.471163245356794E+009,-2.864349018860323E+001,-9.567549789019965E+001,
6.475073313782991E+009,-2.822145198336422E+001,-1.136801670811298E+002,
6.478983382209189E+009,-2.795862223933044E+001,-1.341607999865232E+002,
6.482893450635386E+009,-2.787698237108538E+001,-1.531238593797352E+002,
6.486803519061584E+009,-2.781167435407949E+001,-1.724708871159102E+002,
6.490713587487782E+009,-2.793913582225265E+001,1.679070098150311E+002,
6.494623655913979E+009,-2.805043320369681E+001,1.487975167975899E+002,
6.498533724340176E+009,-2.832171675664123E+001,1.310648529005603E+002,
6.502443792766374E+009,-2.847268012656748E+001,1.147685606395624E+002,
6.506353861192571E+009,-2.850220084930574E+001,9.811527305283603E+001,
6.510263929618769E+009,-2.836690710246941E+001,8.201673712586239E+001,
6.514173998044966E+009,-2.823186160294034E+001,6.487126138234076E+001,
6.518084066471163E+009,-2.805990564489238E+001,4.891643790195415E+001,
6.521994134897361E+009,-2.768243530428720E+001,2.988531981323759E+001,
6.525904203323559E+009,-2.769211437570446E+001,9.945863732451084E+000,
6.529814271749756E+009,-2.780799849146515E+001,-9.433348018879777E+000,
6.533724340175953E+009,-2.803534438666356E+001,-2.694858105409175E+001,
6.537634408602150E+009,-2.810007227533461E+001,-4.497056603866177E+001,
6.541544477028348E+009,-2.825720209362509E+001,-6.221674395529626E+001,
6.545454545454546E+009,-2.830464005978048E+001,-7.925046448514311E+001,
6.549364613880743E+009,-2.853403525807500E+001,-9.685580598649655E+001,
6.553274682306940E+009,-2.849346453785899E+001,-1.136563687588404E+002,
6.557184750733138E+009,-2.860947540603720E+001,-1.309711146669524E+002,
6.561094819159335E+009,-2.853132942162019E+001,-1.462851219276983E+002,
6.565004887585533E+009,-2.823121298465274E+001,-1.654228755922920E+002,
6.568914956011730E+009,-2.815884450284052E+001,1.759070535209642E+002,
6.572825024437927E+009,-2.821846639971562E+001,1.555423657430038E+002,
6.576735092864125E+009,-2.843253074854679E+001,1.347873905478915E+002,
6.580645161290323E+009,-2.904425445137273E+001,1.163849733473149E+002,
6.584555229716520E+009,-2.967231074913295E+001,9.839632547339876E+001,
6.588465298142717E+009,-2.997705390167858E+001,8.270088358526509E+001,
6.592375366568914E+009,-3.009785925808409E+001,6.377345041051704E+001,
6.596285434995112E+009,-3.069538664480231E+001,4.688089211720018E+001,
6.600195503421310E+009,-3.124835072532936E+001,3.091666686309187E+001,
6.604105571847508E+009,-3.166797088289823E+001,1.533521779535615E+001,
6.608015640273705E+009,-3.199191943995386E+001,2.626013658014569E+000,
6.611925708699902E+009,-3.204879741264450E+001,-1.299910861568310E+001,
6.615835777126100E+009,-3.231637152119978E+001,-2.758151794410716E+001,
6.619745845552298E+009,-3.244129901144131E+001,-4.528612167052452E+001,
6.623655913978495E+009,-3.279824444392249E+001,-6.283549275797787E+001,
6.627565982404692E+009,-3.310685061395448E+001,-7.876503840350878E+001,
6.631476050830890E+009,-3.371071720542718E+001,-9.370170442970253E+001,
6.635386119257088E+009,-3.400792360243897E+001,-1.073203938006149E+002,
6.639296187683285E+009,-3.417434319345132E+001,-1.204294391289342E+002,
6.643206256109482E+009,-3.442633354076256E+001,-1.367277554462750E+002,
6.647116324535679E+009,-3.510996666987258E+001,-1.483533373520474E+002,
6.651026392961877E+009,-3.501722417369935E+001,-1.574663091116652E+002,
6.654936461388075E+009,-3.470348449130575E+001,-1.683398624916712E+002,
6.658846529814272E+009,-3.389429013598795E+001,-1.799985718918379E+002,
6.662756598240469E+009,-3.286638118836866E+001,1.636351306227670E+002,
6.666666666666666E+009,-3.245459084284443E+001,1.448301061366111E+002,
6.670576735092864E+009,-3.245305239381310E+001,1.269634795430778E+002,
6.674486803519062E+009,-3.246728969034668E+001,1.111263679539676E+002,
6.678396871945259E+009,-3.214937243904495E+001,9.598166017560789E+001,
6.682306940371456E+009,-3.189718058895418E+001,8.021401594168485E+001,
6.686217008797654E+009,-3.148994076760231E+001,6.442544137391954E+001,
6.690127077223852E+009,-3.110313877219828E+001,4.708459769299656E+001,
6.694037145650049E+009,-3.086809067262729E+001,2.965936771486638E+001,
6.697947214076246E+009,-3.044079181443000E+001,1.306300062916562E+001,
6.701857282502443E+009,-2.987757674599992E+001,-6.672607041840122E+000,
6.705767350928641E+009,-2.970345523709114E+001,-2.842733207002801E+001,
6.709677419354839E+009,-3.007710016505325E+001,-4.940945439836568E+001,
6.713587487781036E+009,-3.070202488109955E+001,-6.730803783355150E+001,
6.717497556207233E+009,-3.099745691509348E+001,-8.359814097113765E+001,
6.721407624633431E+009,-3.131940663103440E+001,-9.988499209459792E+001,
6.725317693059629E+009,-3.143406819734006E+001,-1.156694788488702E+002,
6.729227761485827E+009,-3.165356011542222E+001,-1.316070614071325E+002,
6.733137829912024E+009,-3.203658926297648E+001,-1.476186798229176E+002,
6.737047898338221E+009,-3.216056750930889E+001,-1.607427645252516E+002,
6.740957966764419E+009,-3.202010471147512E+001,-1.753388543880257E+002,
6.744868035190616E+009,-3.207181265423354E+001,1.686996079223066E+002,
6.748778103616814E+009,-3.198763935694886E+001,1.554542735959288E+002,
6.752688172043011E+009,-3.150029973889330E+001,1.405100634441355E+002,
6.756598240469208E+009,-3.104581540816445E+001,1.219383093413525E+002,
6.760508308895406E+009,-3.118851360612769E+001,1.024351843129475E+002,
6.764418377321604E+009,-3.169474036859143E+001,8.401445746618079E+001,
6.768328445747801E+009,-3.246046984890023E+001,7.010092492839502E+001,
6.772238514173998E+009,-3.303774608084655E+001,5.805081455469776E+001,
6.776148582600195E+009,-3.318853939142771E+001,5.151401776943884E+001,
6.780058651026393E+009,-3.228536016680685E+001,4.223464398995907E+001,
6.783968719452591E+009,-3.134610740614399E+001,3.043128892361359E+001,
6.787878787878788E+009,-3.000330351071198E+001,1.541201912294468E+001,
6.791788856304985E+009,-2.884765724995557E+001,-4.979557243738295E+000,
6.795698924731183E+009,-2.841398975498147E+001,-2.546426585593224E+001,
6.799608993157380E+009,-2.824739534849471E+001,-4.419378248907571E+001,
6.803519061583578E+009,-2.834805377442834E+001,-6.278163436950021E+001,
6.807429130009775E+009,-2.835844424259622E+001,-8.047244123507750E+001,
6.811339198435972E+009,-2.859561367915593E+001,-9.460376444066054E+001,
6.815249266862170E+009,-2.794663563923292E+001,-1.080265366521335E+002,
6.819159335288368E+009,-2.742026205257502E+001,-1.233909049970044E+002,
6.823069403714565E+009,-2.686185097118677E+001,-1.413253659923793E+002,
6.826979472140762E+009,-2.646122015231800E+001,-1.576769609096780E+002,
6.830889540566959E+009,-2.575171291551019E+001,-1.740086071627700E+002,
6.834799608993157E+009,-2.506789259779499E+001,1.683640122523033E+002,
6.838709677419355E+009,-2.456525898558650E+001,1.473620302775971E+002,
6.842619745845552E+009,-2.421761784232396E+001,1.275806761329189E+002,
6.846529814271750E+009,-2.397026297987722E+001,1.076109026178256E+002,
6.850439882697948E+009,-2.394397082445913E+001,8.764615402759155E+001,
6.854349951124145E+009,-2.401201062556374E+001,7.085527654099897E+001,
6.858260019550343E+009,-2.376809057922430E+001,5.412738367313962E+001,
6.862170087976540E+009,-2.339027214022550E+001,3.686572677976965E+001,
6.866080156402737E+009,-2.293728613176933E+001,1.865609984129656E+001,
6.869990224828935E+009,-2.252924443149107E+001,-6.841410971444780E-001,
6.873900293255133E+009,-2.222949913094253E+001,-2.051517296510014E+001,
6.877810361681330E+009,-2.201676633204271E+001,-3.985676522156682E+001,
6.881720430107527E+009,-2.177553423273792E+001,-5.997017910492328E+001,
6.885630498533724E+009,-2.159167627733410E+001,-8.035720647164570E+001,
6.889540566959922E+009,-2.161844303947931E+001,-1.010064982115954E+002,
6.893450635386120E+009,-2.163894205132117E+001,-1.208365414187307E+002,
6.897360703812317E+009,-2.174613488442589E+001,-1.409583643047473E+002,
6.901270772238514E+009,-2.207265152608429E+001,-1.599988886477492E+002,
6.905180840664711E+009,-2.239620244585214E+001,-1.776991035987746E+002,
6.909090909090909E+009,-2.245315749116599E+001,1.653283715740751E+002,
6.913000977517107E+009,-2.244909746790775E+001,1.477334144960381E+002,
6.916911045943304E+009,-2.235293516328632E+001,1.306317098298976E+002,
6.920821114369501E+009,-2.215275478117256E+001,1.124586166129922E+002,
6.924731182795699E+009,-2.199629063797232E+001,9.347584137243311E+001,
6.928641251221897E+009,-2.183530242070498E+001,7.445352608236087E+001,
6.932551319648094E+009,-2.176554528332904E+001,5.357097532879128E+001,
6.936461388074291E+009,-2.196451865261273E+001,3.357879979836040E+001,
6.940371456500488E+009,-2.222002597777415E+001,1.437582187920981E+001,
6.944281524926686E+009,-2.252197715455291E+001,-4.351030411756913E+000,
6.948191593352884E+009,-2.273915913007416E+001,-2.270681775558577E+001,
6.952101661779081E+009,-2.300973411876680E+001,-4.164471365254472E+001,
6.956011730205278E+009,-2.336136386088465E+001,-5.906241618835435E+001,
6.959921798631475E+009,-2.356337960131259E+001,-7.497778612057056E+001,
6.963831867057674E+009,-2.355455820034252E+001,-9.126457830641151E+001,
6.967741935483872E+009,-2.348399665832020E+001,-1.093961363367732E+002,
6.971652003910069E+009,-2.342230401694228E+001,-1.279726201058744E+002,
6.975562072336266E+009,-2.355808747506317E+001,-1.472868766181481E+002,
6.979472140762464E+009,-2.379333447323311E+001,-1.665734678728223E+002,
6.983382209188661E+009,-2.407646895105826E+001,1.747481795646145E+002,
6.987292277614859E+009,-2.444132145168105E+001,1.566078421232671E+002,
6.991202346041056E+009,-2.493933332277065E+001,1.395505684665853E+002,
6.995112414467253E+009,-2.517274019480486E+001,1.226530646842808E+002,
6.999022482893451E+009,-2.555936951697107E+001,1.071823110635503E+002,
7.002932551319649E+009,-2.568897498401046E+001,9.270460406801894E+001,
7.006842619745846E+009,-2.567822156802819E+001,7.764479015076601E+001,
7.010752688172043E+009,-2.534730144981954E+001,6.111636632350793E+001,
7.014662756598240E+009,-2.517976170909833E+001,4.198995610538513E+001,
7.018572825024438E+009,-2.540811195642190E+001,2.269452448141121E+001,
7.022482893450636E+009,-2.559470645008204E+001,3.922786887611930E+000,
7.026392961876833E+009,-2.583158556301688E+001,-1.347336511008689E+001,
7.030303030303030E+009,-2.627334277372665E+001,-2.967863681027226E+001,
7.034213098729228E+009,-2.646657449188102E+001,-4.689720178461470E+001,
7.038123167155425E+009,-2.687881834811732E+001,-6.285576272299240E+001,
7.042033235581623E+009,-2.736128055240383E+001,-7.910637773740932E+001,
7.045943304007820E+009,-2.730619324130211E+001,-9.249615616372491E+001,
7.049853372434017E+009,-2.723456267641378E+001,-1.072723032770229E+002,
7.053763440860215E+009,-2.689474025895162E+001,-1.227284872165779E+002,
7.057673509286413E+009,-2.672658004471585E+001,-1.402670926294009E+002,
7.061583577712610E+009,-2.670643869694119E+001,-1.575157602988241E+002,
7.065493646138807E+009,-2.658936462481071E+001,-1.745145523825457E+002,
7.069403714565004E+009,-2.653129887326418E+001,1.681393358863699E+002,
7.073313782991202E+009,-2.653886917039663E+001,1.498983495981248E+002,
7.077223851417400E+009,-2.686930782730552E+001,1.335869716414662E+002,
7.081133919843597E+009,-2.676910866782095E+001,1.175425661487036E+002,
7.085043988269795E+009,-2.673681311852867E+001,1.011256966974825E+002,
7.088954056695993E+009,-2.669483066340653E+001,8.430154196183044E+001,
7.092864125122190E+009,-2.652152713317522E+001,6.776334108887178E+001,
7.096774193548388E+009,-2.631324308789521E+001,5.047535063826415E+001,
7.100684261974585E+009,-2.635094832503139E+001,3.205135981116217E+001,
7.104594330400782E+009,-2.638275045524190E+001,1.449462069721102E+001,
7.108504398826980E+009,-2.647038057860170E+001,-1.930600887219090E+000,
7.112414467253178E+009,-2.639449732524077E+001,-1.983959352732913E+001,
7.116324535679375E+009,-2.620896337375938E+001,-3.650922656841539E+001,
7.120234604105572E+009,-2.626550219643356E+001,-5.444782062501129E+001,
7.124144672531769E+009,-2.641567119772611E+001,-7.206224227426195E+001,
7.128054740957967E+009,-2.618008356533187E+001,-8.829591375125295E+001,
7.131964809384165E+009,-2.609404010865376E+001,-1.068825308048337E+002,
7.135874877810362E+009,-2.597428348306634E+001,-1.250870764918228E+002,
7.139784946236559E+009,-2.596518033323718E+001,-1.417886535222055E+002,
7.143695014662756E+009,-2.591896379214561E+001,-1.613640496303765E+002,
7.147605083088954E+009,-2.588876514261267E+001,1.795469341414312E+002,
7.151515151515152E+009,-2.615395910741801E+001,1.606598537416306E+002,
7.155425219941349E+009,-2.628431821921682E+001,1.444327576833740E+002,
7.159335288367546E+009,-2.630887620798774E+001,1.261131043079998E+002,
7.163245356793744E+009,-2.650391033964436E+001,1.074578429971216E+002,
7.167155425219942E+009,-2.655836016524818E+001,8.961600808454065E+001,
7.171065493646139E+009,-2.659797945511026E+001,6.976215964276922E+001,
7.174975562072336E+009,-2.724117775399647E+001,5.080628889165943E+001,
7.178885630498533E+009,-2.781819675075591E+001,3.378175136362614E+001,
7.182795698924731E+009,-2.823114549830933E+001,1.690830263507646E+001,
7.186705767350929E+009,-2.849367973359611E+001,1.965985770877094E+000,
7.190615835777126E+009,-2.855460623869760E+001,-1.344148534048176E+001,
7.194525904203323E+009,-2.862140276299185E+001,-2.933413835738196E+001,
7.198435972629520E+009,-2.847136185587681E+001,-4.587842929029795E+001,
7.202346041055718E+009,-2.855547144482308E+001,-6.337984528791811E+001,
7.206256109481916E+009,-2.857933708708880E+001,-8.125266176559948E+001,
7.210166177908114E+009,-2.859250870523545E+001,-1.005509858092937E+002,
7.214076246334311E+009,-2.879823610028739E+001,-1.207653416825166E+002,
7.217986314760509E+009,-2.940472486630032E+001,-1.413073989534068E+002,
7.221896383186706E+009,-3.067033450144760E+001,-1.592330627141031E+002,
7.225806451612904E+009,-3.196437398524888E+001,-1.719676365403836E+002,
7.229716520039101E+009,-3.259194463382555E+001,1.798965292915580E+002,
7.233626588465298E+009,-3.260584836575474E+001,1.689424195475818E+002,
7.237536656891496E+009,-3.216897518863136E+001,1.575363040790090E+002,
7.241446725317694E+009,-3.154437405775871E+001,1.433683886645393E+002,
7.245356793743891E+009,-3.136424572086639E+001,1.259142146092598E+002,
7.249266862170088E+009,-3.099949931262540E+001,1.109813129885628E+002,
7.253176930596285E+009,-3.082432849353926E+001,9.386524710972455E+001,
7.257086999022483E+009,-3.065752550003562E+001,7.611034187065026E+001,
7.260997067448681E+009,-3.069180077753858E+001,5.781834379825755E+001,
7.264907135874878E+009,-3.147073026920114E+001,4.442191483464680E+001,
7.268817204301075E+009,-3.142543665399014E+001,3.149515135368792E+001,
7.272727272727273E+009,-3.113466696966112E+001,1.778549033048852E+001,
7.276637341153470E+009,-3.072623997489740E+001,4.182397576898448E+000,
7.280547409579668E+009,-3.007074283049759E+001,-1.122993391645816E+001,
7.284457478005865E+009,-2.925361628405958E+001,-2.811497708022389E+001,
7.288367546432062E+009,-2.873704645546875E+001,-4.748801461958928E+001,
7.292277614858260E+009,-2.841720012041254E+001,-6.708104812775035E+001,
7.296187683284458E+009,-2.824654215807103E+001,-8.498580628716890E+001,
7.300097751710655E+009,-2.825526806612977E+001,-1.042374622705224E+002,
7.304007820136852E+009,-2.816190065895000E+001,-1.243511716413402E+002,
7.307917888563049E+009,-2.862905304254702E+001,-1.420302236329182E+002,
7.311827956989247E+009,-2.878493976598026E+001,-1.573264679213112E+002,
7.315738025415445E+009,-2.868245626882953E+001,-1.730168256322706E+002,
7.319648093841642E+009,-2.840010877246129E+001,1.685040753681940E+002,
7.323558162267839E+009,-2.837552632987659E+001,1.506681501209664E+002,
7.327468230694037E+009,-2.816961285831361E+001,1.336493201980381E+002,
7.331378299120235E+009,-2.777183093879136E+001,1.149710118589547E+002,
7.335288367546433E+009,-2.772415338196184E+001,9.647108045016583E+001,
7.339198435972630E+009,-2.779667237414478E+001,7.873749675897767E+001,
7.343108504398827E+009,-2.766275039067023E+001,5.998206374221130E+001,
7.347018572825025E+009,-2.781902538483232E+001,3.868904407066948E+001,
7.350928641251223E+009,-2.813973869143138E+001,2.001825918828132E+001,
7.354838709677420E+009,-2.838954783579433E+001,1.130599422788252E+000,
7.358748778103617E+009,-2.865196440558149E+001,-1.652489150956782E+001,
7.362658846529814E+009,-2.920043618139379E+001,-3.433793181528208E+001,
7.366568914956012E+009,-2.972199706344284E+001,-5.017301895689712E+001,
7.370478983382210E+009,-3.007007270629247E+001,-6.412362574354380E+001,
7.374389051808407E+009,-2.996915670537658E+001,-7.840819233116820E+001,
7.378299120234604E+009,-2.974804449761117E+001,-9.342906367609132E+001,
7.382209188660801E+009,-2.972470477412387E+001,-1.088786883430263E+002,
7.386119257086999E+009,-2.947758783496451E+001,-1.263321756850202E+002,
7.390029325513197E+009,-2.939092046801643E+001,-1.466924859313783E+002,
7.393939393939394E+009,-2.966690503437931E+001,-1.658138826692673E+002,
7.397849462365591E+009,-3.016297026202604E+001,1.786275568271036E+002,
7.401759530791789E+009,-3.015401335374994E+001,1.641399886729804E+002,
7.405669599217987E+009,-3.017059707734603E+001,1.481939014562916E+002,
7.409579667644184E+009,-3.014246984074961E+001,1.314823897692250E+002,
7.413489736070381E+009,-2.994140596836448E+001,1.158934118179618E+002,
7.417399804496578E+009,-2.994537159590798E+001,9.789763930486862E+001,
7.421309872922776E+009,-3.001034361844959E+001,8.135299221847392E+001,
7.425219941348974E+009,-2.993340607477087E+001,6.469794989227509E+001,
7.429130009775171E+009,-2.946124991674441E+001,4.868925333247817E+001,
7.433040078201368E+009,-2.917357185534296E+001,2.880562224462644E+001,
7.436950146627565E+009,-2.920966529915067E+001,8.883951034530263E+000,
7.440860215053763E+009,-2.965724442643608E+001,-1.080008531504669E+001,
7.444770283479961E+009,-3.038400055244963E+001,-2.723143161525939E+001,
7.448680351906158E+009,-3.066946923659685E+001,-4.484810234606783E+001,
7.452590420332356E+009,-3.082670572972495E+001,-6.130841197878515E+001,
7.456500488758554E+009,-3.136699288649745E+001,-7.537321061114386E+001,
7.460410557184751E+009,-3.111600552893833E+001,-9.142726797329250E+001,
7.464320625610949E+009,-3.098668753628902E+001,-1.063486539399905E+002,
7.468230694037146E+009,-3.096825209960360E+001,-1.245651381560271E+002,
7.472140762463343E+009,-3.102713469449025E+001,-1.401872577333439E+002,
7.476050830889541E+009,-3.061384127284298E+001,-1.575505680284595E+002,
7.479960899315739E+009,-3.035532284676031E+001,-1.781716629629225E+002,
7.483870967741936E+009,-3.027672426783298E+001,1.598408837613391E+002,
7.487781036168133E+009,-3.074696266996329E+001,1.392105163815192E+002,
7.491691104594330E+009,-3.184089875039501E+001,1.191927282517405E+002,
7.495601173020528E+009,-3.298813154528904E+001,1.018915716330786E+002,
7.499511241446726E+009,-3.406432158207366E+001,8.897777228541573E+001,
7.503421309872923E+009,-3.467874937437625E+001,7.814258610637123E+001,
7.507331378299120E+009,-3.480308851964423E+001,6.700191906304612E+001,
7.511241446725318E+009,-3.489295747891568E+001,5.462055983633449E+001,
7.515151515151515E+009,-3.480422215305143E+001,4.441030924689194E+001,
7.519061583577713E+009,-3.376882945016157E+001,3.001063514147163E+001,
7.522971652003910E+009,-3.347466395895950E+001,1.102920102250403E+001,
7.526881720430107E+009,-3.329455446924811E+001,-7.735155988548963E+000,
7.530791788856305E+009,-3.362370680350822E+001,-2.777254078885659E+001,
7.534701857282503E+009,-3.472969365709960E+001,-4.365765000888868E+001,
7.538611925708700E+009,-3.518456584890702E+001,-5.381137210289505E+001,
7.542521994134897E+009,-3.517194995674068E+001,-6.462503334582226E+001,
7.546432062561094E+009,-3.494948331147533E+001,-7.657661961447981E+001,
7.550342130987292E+009,-3.460986596443905E+001,-8.942869704720975E+001,
7.554252199413490E+009,-3.406482720428674E+001,-1.020192185440898E+002,
7.558162267839687E+009,-3.316697982500759E+001,-1.158090993327034E+002,
7.562072336265884E+009,-3.219002407504707E+001,-1.330442417899732E+002,
7.565982404692082E+009,-3.165742409681400E+001,-1.548754306297251E+002,
7.569892473118280E+009,-3.186919426187378E+001,-1.737025795661290E+002,
7.573802541544478E+009,-3.194059269060727E+001,1.695948806715514E+002,
7.577712609970675E+009,-3.196794380265953E+001,1.541346948423311E+002,
7.581622678396872E+009,-3.177435246904437E+001,1.385676880804573E+002,
7.585532746823070E+009,-3.167828660142408E+001,1.229351963112751E+002,
7.589442815249268E+009,-3.127013180677745E+001,1.083974393364255E+002,
7.593352883675465E+009,-3.078382028501220E+001,9.092689276545596E+001,
7.597262952101662E+009,-3.050062172301054E+001,7.321187375316214E+001,
7.601173020527859E+009,-3.034708595788579E+001,5.636402022067900E+001,
7.605083088954057E+009,-2.981227515740315E+001,4.040770205366280E+001,
7.608993157380255E+009,-2.930498760688649E+001,2.106322118364348E+001,
7.612903225806452E+009,-2.911080451375366E+001,1.050955620313993E+000,
7.616813294232649E+009,-2.930101160903450E+001,-1.962956800627072E+001,
7.620723362658846E+009,-2.923112595896327E+001,-3.651105542317103E+001,
7.624633431085044E+009,-2.929178870079958E+001,-5.488639519687776E+001,
7.628543499511242E+009,-2.936322753351898E+001,-7.301620412170001E+001,
7.632453567937439E+009,-2.988033307455053E+001,-8.928353348514654E+001,
7.636363636363636E+009,-2.975941836021953E+001,-1.027517776869018E+002,
7.640273704789834E+009,-2.941958027745752E+001,-1.173906175960356E+002,
7.644183773216032E+009,-2.902743982777306E+001,-1.336933292822013E+002,
7.648093841642229E+009,-2.857596908047135E+001,-1.502790901575024E+002,
7.652003910068426E+009,-2.796827873854454E+001,-1.683905589813379E+002,
7.655913978494623E+009,-2.767985720506032E+001,1.729379421750333E+002,
7.659824046920821E+009,-2.737185418927768E+001,1.534205342175839E+002,
7.663734115347019E+009,-2.716047255544138E+001,1.329443598426411E+002,
7.667644183773216E+009,-2.721412029851175E+001,1.105375587275913E+002,
7.671554252199413E+009,-2.762021105601324E+001,9.085738296447752E+001,
7.675464320625610E+009,-2.828223670620962E+001,7.209337399613926E+001,
7.679374389051808E+009,-2.892095705735771E+001,5.622248904794579E+001,
7.683284457478006E+009,-2.884170999120563E+001,4.279581326191823E+001,
7.687194525904203E+009,-2.877635597126537E+001,2.668968396498735E+001,
7.691104594330401E+009,-2.860671080588812E+001,1.020826611010099E+001,
7.695014662756599E+009,-2.824839761504689E+001,-5.308461155645994E+000,
7.698924731182797E+009,-2.789031003114474E+001,-2.473961254305132E+001,
7.702834799608994E+009,-2.813839837354401E+001,-4.395555050039646E+001,
7.706744868035191E+009,-2.805760733113740E+001,-6.158404162080712E+001,
7.710654936461388E+009,-2.820396494795261E+001,-7.904465657238352E+001,
7.714565004887586E+009,-2.833108747927581E+001,-9.753687043660391E+001,
7.718475073313784E+009,-2.843011569572026E+001,-1.164866284464828E+002,
7.722385141739981E+009,-2.866584969610897E+001,-1.335303534790466E+002,
7.726295210166178E+009,-2.906610276944982E+001,-1.492556949442119E+002,
7.730205278592375E+009,-2.924276526993480E+001,-1.631136030504708E+002,
7.734115347018573E+009,-2.925280826994524E+001,-1.778784778063229E+002,
7.738025415444771E+009,-2.882685968261494E+001,1.664008762312232E+002,
7.741935483870968E+009,-2.852132389359335E+001,1.473220953001069E+002,
7.745845552297165E+009,-2.851982070451603E+001,1.295430134473834E+002,
7.749755620723363E+009,-2.845005764517148E+001,1.129443542017823E+002,
7.753665689149560E+009,-2.845278103095865E+001,9.444080478082631E+001,
7.757575757575758E+009,-2.862881999219192E+001,7.591061943888779E+001,
7.761485826001955E+009,-2.871991253921430E+001,5.819471656229111E+001,
7.765395894428152E+009,-2.890497815197321E+001,3.998260414805048E+001,
7.769305962854350E+009,-2.940929954037582E+001,2.501316761135414E+001,
7.773216031280548E+009,-2.960132187637094E+001,1.237205981877884E+001,
7.777126099706745E+009,-2.912491316757402E+001,-4.859382861228583E-002,
7.781036168132942E+009,-2.852858950394107E+001,-1.756990217393118E+001,
7.784946236559139E+009,-2.823853485858681E+001,-3.669826531083047E+001,
7.788856304985337E+009,-2.805990354387185E+001,-5.434768363091857E+001,
7.792766373411535E+009,-2.816272909552733E+001,-7.167240629167830E+001,
7.796676441837732E+009,-2.783768385855140E+001,-8.743566293270536E+001,
7.800586510263929E+009,-2.765759119950316E+001,-1.078935740011737E+002,
7.804496578690127E+009,-2.771696636675195E+001,-1.269072021898871E+002,
7.808406647116324E+009,-2.799451851289042E+001,-1.441737144624318E+002,
7.812316715542522E+009,-2.803232084504362E+001,-1.602834817602810E+002,
7.816226783968720E+009,-2.801626764695484E+001,-1.770420818070081E+002,
7.820136852394917E+009,-2.790316182458873E+001,1.668246572389536E+002,
7.824046920821115E+009,-2.760038759455090E+001,1.493726486880783E+002,
7.827956989247313E+009,-2.727740131475072E+001,1.324982272836224E+002,
7.831867057673510E+009,-2.707068260171698E+001,1.128169041277020E+002,
7.835777126099707E+009,-2.715566260026609E+001,9.475451546304967E+001,
7.839687194525904E+009,-2.691210479082217E+001,7.641653019302716E+001,
7.843597262952102E+009,-2.666724041920631E+001,5.742694009590159E+001,
7.847507331378300E+009,-2.652901522120344E+001,3.684705637198061E+001,
7.851417399804497E+009,-2.684545658952779E+001,1.585462388257176E+001,
7.855327468230694E+009,-2.718026273916563E+001,-2.789376620134035E+000,
7.859237536656891E+009,-2.767736304984052E+001,-2.165553007661339E+001,
7.863147605083089E+009,-2.810187846370209E+001,-3.833751813018692E+001,
7.867057673509287E+009,-2.845761812911336E+001,-5.522092228074695E+001,
7.870967741935484E+009,-2.844725131531865E+001,-7.161303602428588E+001,
7.874877810361681E+009,-2.857542122782086E+001,-8.670352684625514E+001,
7.878787878787879E+009,-2.854069707511426E+001,-1.030872128786513E+002,
7.882697947214077E+009,-2.858379397839015E+001,-1.211379202516717E+002,
7.886608015640274E+009,-2.835817175028400E+001,-1.391229882882329E+002,
7.890518084066471E+009,-2.844232681875985E+001,-1.566313765470056E+002,
7.894428152492668E+009,-2.846732610026496E+001,-1.759926121670207E+002,
7.898338220918866E+009,-2.877972926560209E+001,1.648808884950644E+002,
7.902248289345064E+009,-2.937347232873605E+001,1.444799671396642E+002,
7.906158357771261E+009,-3.010926756660282E+001,1.271958863568780E+002,
7.910068426197458E+009,-3.090437193906642E+001,1.129747989470331E+002,
7.913978494623655E+009,-3.113494597272444E+001,1.004391885846149E+002,
7.917888563049853E+009,-3.125202995643184E+001,8.691310813463154E+001,
7.921798631476051E+009,-3.122355954947500E+001,7.157444953175923E+001,
7.925708699902248E+009,-3.099872252149812E+001,5.912941642082353E+001,
7.929618768328445E+009,-3.029235449877834E+001,4.358759551759270E+001,
7.933528836754643E+009,-2.985862861407732E+001,2.328688621765418E+001,
7.937438905180841E+009,-2.988834537807241E+001,3.792589469077661E+000,
7.941348973607039E+009,-3.010704873775206E+001,-1.608180748676782E+001,
7.945259042033236E+009,-3.061383279585456E+001,-3.434778942020173E+001,
7.949169110459433E+009,-3.126366175638040E+001,-5.036366324533773E+001,
7.953079178885631E+009,-3.189328818661485E+001,-6.490428757475890E+001,
7.956989247311829E+009,-3.219590626434204E+001,-7.740715239607437E+001,
7.960899315738026E+009,-3.234222443275597E+001,-9.015499404704565E+001,
7.964809384164223E+009,-3.221941069055066E+001,-1.017444852721082E+002,
7.968719452590420E+009,-3.163825110585284E+001,-1.132541391766414E+002,
7.972629521016618E+009,-3.059350288456193E+001,-1.296522161834006E+002,
7.976539589442816E+009,-2.998495814767431E+001,-1.488620203070923E+002,
7.980449657869013E+009,-2.964830962306250E+001,-1.687184466886008E+002,
7.984359726295210E+009,-2.969347698758627E+001,1.715227006179459E+002,
7.988269794721408E+009,-2.977803585807116E+001,1.523825819451829E+002,
7.992179863147605E+009,-3.022520187845746E+001,1.334792269507079E+002,
7.996089931573803E+009,-3.071648119245969E+001,1.179815287065676E+002,
8.000000000000000E+009,-3.097090599250262E+001,1.044530308642481E+002,
