% Version 1.00
%
%freq[Hz];db:Trc1_S21;ang:Trc1_S21;
4.000000000000000E+009,-2.233406140094307E+001,-1.417292051920918E+002,
4.003910068426198E+009,-2.230524292847957E+001,-1.571205841077177E+002,
4.007820136852395E+009,-2.209606387255277E+001,-1.727880410986954E+002,
4.011730205278593E+009,-2.181254639617192E+001,1.707551353879152E+002,
4.015640273704790E+009,-2.164022025273255E+001,1.533444976880041E+002,
4.019550342130987E+009,-2.157130187781106E+001,1.356508725666826E+002,
4.023460410557185E+009,-2.145956323441242E+001,1.184497984876697E+002,
4.027370478983382E+009,-2.146572405132508E+001,1.005424593112144E+002,
4.031280547409580E+009,-2.146931777193380E+001,8.406327546808514E+001,
4.035190615835777E+009,-2.135105986078951E+001,6.728902489028147E+001,
4.039100684261975E+009,-2.133106148495423E+001,5.039086851766509E+001,
4.043010752688172E+009,-2.117409661650327E+001,3.327710369191498E+001,
4.046920821114369E+009,-2.089601024200879E+001,1.518679828871351E+001,
4.050830889540567E+009,-2.079330855483699E+001,-3.795903458474405E+000,
4.054740957966765E+009,-2.083303188898015E+001,-2.228534225537011E+001,
4.058651026392962E+009,-2.092621798720946E+001,-4.007054768046342E+001,
4.062561094819160E+009,-2.093888265569975E+001,-5.828776377353010E+001,
4.066471163245357E+009,-2.104980748809438E+001,-7.546999519552796E+001,
4.070381231671554E+009,-2.108778227245387E+001,-9.363331318569831E+001,
4.074291300097752E+009,-2.135045883274105E+001,-1.115988229932744E+002,
4.078201368523949E+009,-2.144375990001470E+001,-1.290009106892366E+002,
4.082111436950147E+009,-2.171524991124848E+001,-1.467709381496280E+002,
4.086021505376344E+009,-2.189748579179756E+001,-1.627470412111056E+002,
4.089931573802542E+009,-2.184254270313166E+001,-1.788836812684122E+002,
4.093841642228739E+009,-2.188015981777983E+001,1.648838144682694E+002,
4.097751710654936E+009,-2.191756696392575E+001,1.487791055714938E+002,
4.101661779081134E+009,-2.182307094111085E+001,1.328520363063851E+002,
4.105571847507331E+009,-2.167196273202063E+001,1.160652613754130E+002,
4.109481915933529E+009,-2.156240683173285E+001,9.891841350602735E+001,
4.113391984359726E+009,-2.139422886651124E+001,8.262701639031566E+001,
4.117302052785924E+009,-2.096362550597760E+001,6.460074090976700E+001,
4.121212121212121E+009,-2.078379969459778E+001,4.399689690269033E+001,
4.125122189638319E+009,-2.108470646925298E+001,2.475239629123291E+001,
4.129032258064516E+009,-2.129350925850343E+001,6.843785353726970E+000,
4.132942326490714E+009,-2.145616100750123E+001,-1.082082823394092E+001,
4.136852394916911E+009,-2.162846044169500E+001,-2.850077963066571E+001,
4.140762463343109E+009,-2.194850502391775E+001,-4.519017385563633E+001,
4.144672531769306E+009,-2.224784437181100E+001,-6.017702227600024E+001,
4.148582600195503E+009,-2.189400352126777E+001,-7.519958524518127E+001,
4.152492668621701E+009,-2.155804345798411E+001,-9.217079022552976E+001,
4.156402737047898E+009,-2.131249468434120E+001,-1.115634032377460E+002,
4.160312805474096E+009,-2.136620347142615E+001,-1.309317042258770E+002,
4.164222873900293E+009,-2.159917080518201E+001,-1.495825200555101E+002,
4.168132942326491E+009,-2.180117634561568E+001,-1.671490974837788E+002,
4.172043010752688E+009,-2.200657620727245E+001,1.755396526268760E+002,
4.175953079178886E+009,-2.220318784786553E+001,1.584886278105313E+002,
4.179863147605083E+009,-2.241908924797369E+001,1.412853201544891E+002,
4.183773216031281E+009,-2.254846175344828E+001,1.258714129380163E+002,
4.187683284457478E+009,-2.273932382632063E+001,1.091941076935067E+002,
4.191593352883676E+009,-2.274791839592067E+001,9.440499433366576E+001,
4.195503421309873E+009,-2.263344144521536E+001,7.843435369627902E+001,
4.199413489736071E+009,-2.240374724238031E+001,6.126990887239835E+001,
4.203323558162268E+009,-2.239996320102357E+001,4.394459875556742E+001,
4.207233626588465E+009,-2.243088959578932E+001,2.612701269042667E+001,
4.211143695014663E+009,-2.258793431055491E+001,9.150004363681040E+000,
4.215053763440860E+009,-2.250918408406742E+001,-8.617524647710249E+000,
4.218963831867058E+009,-2.273949431112968E+001,-2.692867632724144E+001,
4.222873900293255E+009,-2.323777629798592E+001,-4.259730517169249E+001,
4.226783968719452E+009,-2.339887670916424E+001,-5.746487326045655E+001,
4.230694037145650E+009,-2.353121634410175E+001,-7.117435832083126E+001,
4.234604105571847E+009,-2.335363628710820E+001,-8.514641640541787E+001,
4.238514173998045E+009,-2.300596301423493E+001,-1.008809846461165E+002,
4.242424242424243E+009,-2.256288399885616E+001,-1.174971832079675E+002,
4.246334310850440E+009,-2.247874763906965E+001,-1.347948011433266E+002,
4.250244379276638E+009,-2.236141754626185E+001,-1.502834428014554E+002,
4.254154447702835E+009,-2.203781128129968E+001,-1.669774496900999E+002,
4.258064516129032E+009,-2.180597468243641E+001,1.744422654132031E+002,
4.261974584555230E+009,-2.186825172488824E+001,1.564197956616492E+002,
4.265884652981427E+009,-2.192638010114359E+001,1.394420633491274E+002,
4.269794721407625E+009,-2.205897771510387E+001,1.246650711666308E+002,
4.273704789833822E+009,-2.164009058859372E+001,1.095424806827763E+002,
4.277614858260019E+009,-2.129139435858797E+001,9.254422203190011E+001,
4.281524926686217E+009,-2.097675859240421E+001,7.464309058831130E+001,
4.285434995112414E+009,-2.084577623732325E+001,5.674431881269745E+001,
4.289345063538612E+009,-2.077047873420657E+001,3.995131782308832E+001,
4.293255131964809E+009,-2.052443690925288E+001,2.381329660729051E+001,
4.297165200391007E+009,-2.003222514706295E+001,6.531839489080652E+000,
4.301075268817205E+009,-1.959873424872597E+001,-1.272555565286791E+001,
4.304985337243402E+009,-1.936628842904373E+001,-3.245857837620288E+001,
4.308895405669600E+009,-1.947685897508432E+001,-5.184348595542737E+001,
4.312805474095797E+009,-1.963090581870308E+001,-6.992276826471890E+001,
4.316715542521994E+009,-1.957774377641558E+001,-8.733729846021373E+001,
4.320625610948192E+009,-1.962195658698004E+001,-1.046248929297908E+002,
4.324535679374389E+009,-1.941522739023760E+001,-1.216793288173091E+002,
4.328445747800587E+009,-1.935432091410912E+001,-1.399437544721816E+002,
4.332355816226784E+009,-1.921275775794335E+001,-1.573418608759172E+002,
4.336265884652982E+009,-1.897019118271243E+001,-1.753870453804252E+002,
4.340175953079179E+009,-1.881932642148448E+001,1.660170560545224E+002,
4.344086021505377E+009,-1.881099760805914E+001,1.471193229087471E+002,
4.347996089931574E+009,-1.885744390593844E+001,1.283078905843184E+002,
4.351906158357771E+009,-1.895774020472400E+001,1.104316665066528E+002,
4.355816226783969E+009,-1.882777645281865E+001,9.255228513042495E+001,
4.359726295210166E+009,-1.879937296380433E+001,7.405528999823530E+001,
4.363636363636364E+009,-1.888741153536081E+001,5.530950745398469E+001,
4.367546432062561E+009,-1.902256535419070E+001,3.747296921974790E+001,
4.371456500488758E+009,-1.901375542245035E+001,1.946998162271812E+001,
4.375366568914956E+009,-1.914124270165674E+001,1.398020154935830E+000,
4.379276637341153E+009,-1.922734217484151E+001,-1.581951599486482E+001,
4.383186705767351E+009,-1.910288295187062E+001,-3.340271990349475E+001,
4.387096774193548E+009,-1.917841500024452E+001,-5.222628916378498E+001,
4.391006842619746E+009,-1.926623844125090E+001,-7.023463253501062E+001,
4.394916911045943E+009,-1.937536956481211E+001,-8.780504653845402E+001,
4.398826979472141E+009,-1.940259911905797E+001,-1.054135793741412E+002,
4.402737047898338E+009,-1.953279568967833E+001,-1.233137576514207E+002,
4.406647116324535E+009,-1.960587446639384E+001,-1.404443133132807E+002,
4.410557184750733E+009,-1.969013554914102E+001,-1.580392222870625E+002,
4.414467253176930E+009,-1.974017784747971E+001,-1.760370283360500E+002,
4.418377321603128E+009,-1.992251252920693E+001,1.659596824108866E+002,
4.422287390029326E+009,-2.013621879575070E+001,1.495182131485960E+002,
4.426197458455523E+009,-2.014082016638592E+001,1.322562696020769E+002,
4.430107526881721E+009,-2.022680299863673E+001,1.145119890519585E+002,
4.434017595307918E+009,-2.034145175183178E+001,9.868471317487779E+001,
4.437927663734116E+009,-2.023554939643256E+001,8.198838870574562E+001,
4.441837732160313E+009,-2.022101402899578E+001,6.387025084310396E+001,
4.445747800586511E+009,-2.023929563080632E+001,4.553203702806622E+001,
4.449657869012708E+009,-2.036536677381877E+001,2.798194821185107E+001,
4.453567937438905E+009,-2.050546504977135E+001,1.070046540536858E+001,
4.457478005865103E+009,-2.057948483110305E+001,-6.553222246510720E+000,
4.461388074291300E+009,-2.069071402368419E+001,-2.438110013343871E+001,
4.465298142717498E+009,-2.084178166877593E+001,-4.189394656356782E+001,
4.469208211143695E+009,-2.100652126444388E+001,-5.908348392931261E+001,
4.473118279569893E+009,-2.127815392831982E+001,-7.584332294818364E+001,
4.477028347996090E+009,-2.138714921005379E+001,-9.217747996810908E+001,
4.480938416422287E+009,-2.145575590122973E+001,-1.085227087834774E+002,
4.484848484848485E+009,-2.162356449719129E+001,-1.248052932012531E+002,
4.488758553274682E+009,-2.174943686744138E+001,-1.404117383535098E+002,
4.492668621700880E+009,-2.175306802291317E+001,-1.565972442073143E+002,
4.496578690127077E+009,-2.162220695180606E+001,-1.724525669834297E+002,
4.500488758553275E+009,-2.152117453306815E+001,1.708128644530550E+002,
4.504398826979472E+009,-2.142777492470695E+001,1.538397835958719E+002,
4.508308895405669E+009,-2.136660696348432E+001,1.369558172592169E+002,
4.512218963831867E+009,-2.139584115517285E+001,1.199259584463414E+002,
4.516129032258064E+009,-2.129453573103135E+001,1.027825629051522E+002,
4.520039100684262E+009,-2.126109868365364E+001,8.484469486018338E+001,
4.523949169110459E+009,-2.136733851804706E+001,6.811717392892051E+001,
4.527859237536657E+009,-2.143399053009796E+001,5.164608884397292E+001,
4.531769305962854E+009,-2.132158416311086E+001,3.396314454880321E+001,
4.535679374389051E+009,-2.135445268854667E+001,1.612874421350599E+001,
4.539589442815249E+009,-2.146142056273328E+001,-1.321365206654638E+000,
4.543499511241447E+009,-2.165498086907924E+001,-1.920871910131732E+001,
4.547409579667645E+009,-2.185341149176779E+001,-3.664104818634230E+001,
4.551319648093842E+009,-2.207695390737354E+001,-5.322262621866677E+001,
4.555229716520039E+009,-2.221415964289642E+001,-6.967505499148984E+001,
4.559139784946237E+009,-2.234898344187269E+001,-8.542030327857910E+001,
4.563049853372434E+009,-2.249828074237924E+001,-1.010382558411673E+002,
4.566959921798632E+009,-2.263592993143023E+001,-1.176751604183468E+002,
4.570869990224829E+009,-2.250561669077017E+001,-1.328921200655149E+002,
4.574780058651027E+009,-2.248881920272093E+001,-1.492121618766108E+002,
4.578690127077224E+009,-2.239314406222514E+001,-1.653365258088361E+002,
4.582600195503422E+009,-2.241230327257954E+001,1.776263869005431E+002,
4.586510263929619E+009,-2.244902393561553E+001,1.613730516730434E+002,
4.590420332355816E+009,-2.225538693102773E+001,1.449683495009571E+002,
4.594330400782014E+009,-2.237733595118865E+001,1.273306036124617E+002,
4.598240469208211E+009,-2.239218806317162E+001,1.108548770770510E+002,
4.602150537634409E+009,-2.255817745532384E+001,9.456588979724960E+001,
4.606060606060606E+009,-2.245091623723020E+001,7.944373455100626E+001,
4.609970674486803E+009,-2.245734639852986E+001,6.295133936399699E+001,
4.613880742913001E+009,-2.236445367970227E+001,4.744320926619758E+001,
4.617790811339198E+009,-2.215124929788230E+001,3.019118736801235E+001,
4.621700879765396E+009,-2.205889010920544E+001,1.314322366190037E+001,
4.625610948191593E+009,-2.208145006429879E+001,-3.197220339293081E+000,
4.629521016617791E+009,-2.189855056231087E+001,-1.984215561050058E+001,
4.633431085043988E+009,-2.163266409755049E+001,-3.775156091088026E+001,
4.637341153470186E+009,-2.173697291432022E+001,-5.536848623198181E+001,
4.641251221896383E+009,-2.166217492058535E+001,-7.260499733983360E+001,
4.645161290322580E+009,-2.166600330640399E+001,-8.979249876398011E+001,
4.649071358748778E+009,-2.176570628493710E+001,-1.067988018160857E+002,
4.652981427174975E+009,-2.176823807305348E+001,-1.242419622241101E+002,
4.656891495601173E+009,-2.197420360612880E+001,-1.405254772125560E+002,
4.660801564027371E+009,-2.193517146909197E+001,-1.563510148886016E+002,
4.664711632453568E+009,-2.172439522280881E+001,-1.717428279850867E+002,
4.668621700879766E+009,-2.145643162883061E+001,1.709873056649963E+002,
4.672531769305963E+009,-2.139803780955536E+001,1.533153983816247E+002,
4.676441837732161E+009,-2.126427600006609E+001,1.358144305997160E+002,
4.680351906158358E+009,-2.121988121305005E+001,1.178581796884539E+002,
4.684261974584556E+009,-2.130887015826554E+001,1.004090455130045E+002,
4.688172043010753E+009,-2.134449516828229E+001,8.300211149107824E+001,
4.692082111436951E+009,-2.136084704799058E+001,6.579217783735783E+001,
4.695992179863148E+009,-2.142790350148201E+001,4.953965802849842E+001,
4.699902248289345E+009,-2.138547264314422E+001,3.339387833287944E+001,
4.703812316715543E+009,-2.132835305340738E+001,1.687823482548019E+001,
4.707722385141740E+009,-2.107668464268312E+001,-1.196121983081660E-001,
4.711632453567938E+009,-2.100124776457311E+001,-1.787588340487013E+001,
4.715542521994135E+009,-2.089706704989874E+001,-3.493963985005013E+001,
4.719452590420332E+009,-2.073324657276823E+001,-5.326150713260618E+001,
4.723362658846530E+009,-2.078721399650354E+001,-7.198639279725428E+001,
4.727272727272727E+009,-2.082353052638083E+001,-8.952440671246347E+001,
4.731182795698925E+009,-2.085220545397290E+001,-1.073415396923631E+002,
4.735092864125122E+009,-2.097121888861159E+001,-1.258300454002784E+002,
4.739002932551320E+009,-2.118712951434188E+001,-1.436905472394031E+002,
4.742913000977517E+009,-2.141674915793658E+001,-1.606841568155420E+002,
4.746823069403714E+009,-2.156385031628584E+001,-1.767709362227993E+002,
4.750733137829912E+009,-2.167344796522614E+001,1.664676628211920E+002,
4.754643206256109E+009,-2.172504863221231E+001,1.509891201754496E+002,
4.758553274682307E+009,-2.161717274183874E+001,1.348010542460846E+002,
4.762463343108504E+009,-2.154143796682202E+001,1.178376032676357E+002,
4.766373411534702E+009,-2.148628021708813E+001,1.003959475387166E+002,
4.770283479960899E+009,-2.154566786271640E+001,8.313572273806619E+001,
4.774193548387096E+009,-2.159525303658672E+001,6.475826513012240E+001,
4.778103616813294E+009,-2.177071070787422E+001,4.844582494862731E+001,
4.782013685239492E+009,-2.179026358024886E+001,3.211968659007726E+001,
4.785923753665690E+009,-2.179265975011370E+001,1.458193206928035E+001,
4.789833822091887E+009,-2.189533429127443E+001,-2.442495664273236E+000,
4.793743890518084E+009,-2.196682543377155E+001,-1.912511111046558E+001,
4.797653958944282E+009,-2.213795091509237E+001,-3.601754194966701E+001,
4.801564027370479E+009,-2.222890036756504E+001,-5.250388378327342E+001,
4.805474095796677E+009,-2.229921127554747E+001,-6.919067941558109E+001,
4.809384164222874E+009,-2.246769285255752E+001,-8.632834602373453E+001,
4.813294232649072E+009,-2.258697534125055E+001,-1.022005807908267E+002,
4.817204301075269E+009,-2.273091864910700E+001,-1.181036963365981E+002,
4.821114369501467E+009,-2.282915641122396E+001,-1.339003279007235E+002,
4.825024437927664E+009,-2.283320434725724E+001,-1.493457340886627E+002,
4.828934506353861E+009,-2.280309968115947E+001,-1.651781058047756E+002,
4.832844574780059E+009,-2.279672288526467E+001,1.787239438573396E+002,
4.836754643206256E+009,-2.271912055088554E+001,1.618305462241424E+002,
4.840664711632454E+009,-2.286788250001416E+001,1.450491096367067E+002,
4.844574780058651E+009,-2.293338288760211E+001,1.284297184325267E+002,
4.848484848484848E+009,-2.304885418730461E+001,1.125979131638895E+002,
4.852394916911046E+009,-2.315480881760677E+001,9.757134388891933E+001,
4.856304985337243E+009,-2.311010924769133E+001,8.390705315725249E+001,
4.860215053763441E+009,-2.286047558181480E+001,6.837821783264808E+001,
4.864125122189638E+009,-2.263754573671259E+001,5.240073711314408E+001,
4.868035190615836E+009,-2.244649883042121E+001,3.571553764149815E+001,
4.871945259042033E+009,-2.234904862393514E+001,1.914233547050080E+001,
4.875855327468231E+009,-2.228475027430286E+001,2.747523729245865E+000,
4.879765395894428E+009,-2.221080698407101E+001,-1.272401965901156E+001,
4.883675464320625E+009,-2.200936532364966E+001,-2.834166376838098E+001,
4.887585532746823E+009,-2.175943200182939E+001,-4.483498382164197E+001,
4.891495601173020E+009,-2.158849048483052E+001,-6.128701890225377E+001,
4.895405669599218E+009,-2.136345184437465E+001,-7.785405395647426E+001,
4.899315738025415E+009,-2.122202992890699E+001,-9.363102186756089E+001,
4.903225806451613E+009,-2.091167149351284E+001,-1.098225319138922E+002,
4.907135874877811E+009,-2.049738996936586E+001,-1.259004525306225E+002,
4.911045943304008E+009,-2.006844253587441E+001,-1.432207406021855E+002,
4.914956011730206E+009,-1.977033672142363E+001,-1.614811332475813E+002,
4.918866080156403E+009,-1.958684806042053E+001,-1.792790742695742E+002,
4.922776148582601E+009,-1.927484023991963E+001,1.632156587476139E+002,
4.926686217008798E+009,-1.902945467431332E+001,1.450260391631349E+002,
4.930596285434996E+009,-1.877819233135614E+001,1.267876931811879E+002,
4.934506353861193E+009,-1.867061747381904E+001,1.079418503884684E+002,
4.938416422287390E+009,-1.854265253018556E+001,8.989275107540597E+001,
4.942326490713588E+009,-1.834628367189053E+001,7.115379086890133E+001,
4.946236559139785E+009,-1.827508309883439E+001,5.241306644149387E+001,
4.950146627565983E+009,-1.829574743804466E+001,3.419487856423245E+001,
4.954056695992180E+009,-1.816040649887272E+001,1.639790909825622E+001,
4.957966764418377E+009,-1.802624802674798E+001,-1.885524555808611E+000,
4.961876832844575E+009,-1.796334600579498E+001,-2.071717849622517E+001,
4.965786901270772E+009,-1.794182840783942E+001,-3.900428062235638E+001,
4.969696969696970E+009,-1.784056296494371E+001,-5.783658468271457E+001,
4.973607038123167E+009,-1.789691630342460E+001,-7.706186838230575E+001,
4.977517106549365E+009,-1.801568675150799E+001,-9.558291853310472E+001,
4.981427174975562E+009,-1.801942210146758E+001,-1.140466086282525E+002,
4.985337243401759E+009,-1.817831684022298E+001,-1.331541179594998E+002,
4.989247311827957E+009,-1.838353277275182E+001,-1.510418065333423E+002,
4.993157380254154E+009,-1.855858525112489E+001,-1.685388841150731E+002,
4.997067448680352E+009,-1.875677904029737E+001,1.741193478732907E+002,
5.000977517106549E+009,-1.877334031020659E+001,1.573825675076149E+002,
5.004887585532747E+009,-1.869722864854119E+001,1.393276526054670E+002,
5.008797653958944E+009,-1.881376329982278E+001,1.209284905312403E+002,
5.012707722385141E+009,-1.886092787297223E+001,1.033856051444244E+002,
5.016617790811339E+009,-1.889851035629904E+001,8.499189338924683E+001,
5.020527859237536E+009,-1.907693158811008E+001,6.651238336018982E+001,
5.024437927663734E+009,-1.937000927717843E+001,4.872226314592883E+001,
5.028347996089932E+009,-1.957650122318408E+001,3.173543314775591E+001,
5.032258064516129E+009,-1.975792302846912E+001,1.464885473276154E+001,
5.036168132942327E+009,-1.995169387007952E+001,-1.289193401917996E+000,
5.040078201368524E+009,-1.993660033823005E+001,-1.788659355989582E+001,
5.043988269794722E+009,-1.996548053192985E+001,-3.511544481430328E+001,
5.047898338220919E+009,-1.995615172398637E+001,-5.235520084106438E+001,
5.051808406647117E+009,-1.997194217514138E+001,-6.975235828011101E+001,
5.055718475073314E+009,-2.001483930362028E+001,-8.801135470310314E+001,
5.059628543499512E+009,-2.019995921424894E+001,-1.053453486868421E+002,
5.063538611925709E+009,-2.033087946221595E+001,-1.231336252682201E+002,
5.067448680351906E+009,-2.058502641661235E+001,-1.399317672882429E+002,
5.071358748778104E+009,-2.085337948300958E+001,-1.567102525892539E+002,
5.075268817204301E+009,-2.110000978640592E+001,-1.716516550135494E+002,
5.079178885630499E+009,-2.105645543682630E+001,1.738586123400906E+002,
5.083088954056696E+009,-2.070478032455953E+001,1.574016726116214E+002,
5.086999022482893E+009,-2.057070933258867E+001,1.394208528727599E+002,
5.090909090909091E+009,-2.057010769884182E+001,1.219807540750620E+002,
5.094819159335288E+009,-2.057125621140888E+001,1.046629649261519E+002,
5.098729227761486E+009,-2.058232945935676E+001,8.723684410341238E+001,
5.102639296187683E+009,-2.058777781698155E+001,7.042736166970859E+001,
5.106549364613881E+009,-2.048027958557858E+001,5.292070234100761E+001,
5.110459433040078E+009,-2.050739912777471E+001,3.534787368800379E+001,
5.114369501466276E+009,-2.052146335665791E+001,1.741749250402835E+001,
5.118279569892473E+009,-2.059929188807249E+001,2.988478844805022E-001,
5.122189638318670E+009,-2.067526919911088E+001,-1.764109911616339E+001,
5.126099706744868E+009,-2.074163111917668E+001,-3.407205742657563E+001,
5.130009775171065E+009,-2.074896147838206E+001,-5.092796725378380E+001,
5.133919843597263E+009,-2.065972287003786E+001,-6.806708046312161E+001,
5.137829912023460E+009,-2.063604885305023E+001,-8.587081437397237E+001,
5.141739980449657E+009,-2.066379233120046E+001,-1.034546349510028E+002,
5.145650048875855E+009,-2.063753633514978E+001,-1.212043553443356E+002,
5.149560117302053E+009,-2.069831742973157E+001,-1.387618660508191E+002,
5.153470185728251E+009,-2.060745419236238E+001,-1.566973897728712E+002,
5.157380254154448E+009,-2.064505076965143E+001,-1.745058853744804E+002,
5.161290322580645E+009,-2.060750038832425E+001,1.671731999763543E+002,
5.165200391006843E+009,-2.058715614735268E+001,1.491566595526406E+002,
5.169110459433041E+009,-2.064174268828764E+001,1.303171989221582E+002,
5.173020527859238E+009,-2.091034334397006E+001,1.119336192057474E+002,
5.176930596285435E+009,-2.091937834266904E+001,9.414121499704703E+001,
5.180840664711633E+009,-2.106499365126010E+001,7.594826605769802E+001,
5.184750733137830E+009,-2.129851383816216E+001,5.826850849910019E+001,
5.188660801564028E+009,-2.139282260082095E+001,4.109013492313260E+001,
5.192570869990225E+009,-2.144643413423406E+001,2.380290503806311E+001,
5.196480938416422E+009,-2.136474073555909E+001,4.255756751511704E+000,
5.200391006842620E+009,-2.161502243630319E+001,-1.471501788407795E+001,
5.204301075268817E+009,-2.191036536936768E+001,-3.409768898500408E+001,
5.208211143695015E+009,-2.230144646356110E+001,-5.299497321038125E+001,
5.212121212121212E+009,-2.267876092975031E+001,-7.199630884699414E+001,
5.216031280547409E+009,-2.343014637143295E+001,-8.938363243132882E+001,
5.219941348973607E+009,-2.407880595173652E+001,-1.047999012704530E+002,
5.223851417399805E+009,-2.430419986486369E+001,-1.199534991894434E+002,
5.227761485826002E+009,-2.470435507411433E+001,-1.373009508294115E+002,
5.231671554252199E+009,-2.516587316705521E+001,-1.531139620929725E+002,
5.235581622678397E+009,-2.560833453656093E+001,-1.681788488000546E+002,
5.239491691104594E+009,-2.584616291082735E+001,1.783944498574588E+002,
5.243401759530792E+009,-2.577964907011812E+001,1.640051859238820E+002,
5.247311827956989E+009,-2.576560382111059E+001,1.468771061646499E+002,
5.251221896383186E+009,-2.603458070296434E+001,1.282836098340856E+002,
5.255131964809384E+009,-2.662507620534189E+001,1.106635055311119E+002,
5.259042033235581E+009,-2.738031430949184E+001,9.538222547064372E+001,
5.262952101661779E+009,-2.789341994695572E+001,8.242629429458258E+001,
5.266862170087977E+009,-2.849535945094517E+001,7.088876337129227E+001,
5.270772238514174E+009,-2.871641821926997E+001,6.081491869796408E+001,
5.274682306940372E+009,-2.876839146543945E+001,5.278144626898335E+001,
5.278592375366570E+009,-2.791164521644495E+001,4.115182434953924E+001,
5.282502443792767E+009,-2.696920426122077E+001,2.754687130967903E+001,
5.286412512218964E+009,-2.608783344723394E+001,1.165833056181022E+001,
5.290322580645162E+009,-2.548345590396751E+001,-6.751741778229108E+000,
5.294232649071359E+009,-2.502255016325178E+001,-2.533481081336807E+001,
5.298142717497557E+009,-2.478410478848395E+001,-4.464973799360917E+001,
5.302052785923754E+009,-2.492873628072512E+001,-6.395658673373617E+001,
5.305962854349951E+009,-2.525423544361551E+001,-7.946513853360685E+001,
5.309872922776149E+009,-2.526887884556785E+001,-9.280875100115131E+001,
5.313782991202346E+009,-2.483663675896407E+001,-1.069843492387349E+002,
5.317693059628544E+009,-2.437087217104747E+001,-1.225359951278945E+002,
5.321603128054741E+009,-2.372895545214893E+001,-1.392163096202531E+002,
5.325513196480938E+009,-2.314213371289879E+001,-1.582662666786546E+002,
5.329423264907136E+009,-2.289581930278391E+001,-1.778002906358002E+002,
5.333333333333333E+009,-2.273545027184753E+001,1.633244979112398E+002,
5.337243401759531E+009,-2.264601294105665E+001,1.445139061341540E+002,
5.341153470185728E+009,-2.272412612764247E+001,1.258103065397600E+002,
5.345063538611926E+009,-2.279223913207456E+001,1.083440271599309E+002,
5.348973607038123E+009,-2.285555495805719E+001,9.188426444146660E+001,
5.352883675464321E+009,-2.267969813279877E+001,7.576871286515519E+001,
5.356793743890518E+009,-2.244361298850328E+001,5.812187357698279E+001,
5.360703812316715E+009,-2.228597504949904E+001,4.029675425713717E+001,
5.364613880742913E+009,-2.213566075484750E+001,2.273942877348220E+001,
5.368523949169110E+009,-2.186761807427935E+001,5.326836615648887E+000,
5.372434017595308E+009,-2.158084343152362E+001,-1.356750805473760E+001,
5.376344086021505E+009,-2.143196219113578E+001,-3.322345016868803E+001,
5.380254154447702E+009,-2.136677772872841E+001,-5.236633132664695E+001,
5.384164222873900E+009,-2.145576341463542E+001,-7.206957595898618E+001,
5.388074291300098E+009,-2.173676748134419E+001,-8.993266433312732E+001,
5.391984359726296E+009,-2.175344350103899E+001,-1.073027257046157E+002,
5.395894428152493E+009,-2.176149258199250E+001,-1.255128526985888E+002,
5.399804496578690E+009,-2.173973641038751E+001,-1.437173341527573E+002,
5.403714565004888E+009,-2.173040463961224E+001,-1.621211527077164E+002,
5.407624633431086E+009,-2.193824960442594E+001,1.795106771856319E+002,
5.411534701857283E+009,-2.196829580727703E+001,1.616621056923161E+002,
5.415444770283480E+009,-2.207639502732972E+001,1.439381779201875E+002,
5.419354838709678E+009,-2.218164983557517E+001,1.269881963678872E+002,
5.423264907135875E+009,-2.227484795276791E+001,1.101144480190084E+002,
5.427174975562073E+009,-2.204837342495919E+001,9.206954880106306E+001,
5.431085043988270E+009,-2.204359070364635E+001,7.267036056079718E+001,
5.434995112414467E+009,-2.213308716650366E+001,5.386661932689302E+001,
5.438905180840665E+009,-2.228646424057534E+001,3.468032240126261E+001,
5.442815249266862E+009,-2.256538655547772E+001,1.645184226867333E+001,
5.446725317693060E+009,-2.282749459145371E+001,-1.021073793325690E+000,
5.450635386119257E+009,-2.308725675346669E+001,-1.827905111235076E+001,
5.454545454545454E+009,-2.329597745984049E+001,-3.541245468101657E+001,
5.458455522971652E+009,-2.352450055044523E+001,-5.176754985864717E+001,
5.462365591397850E+009,-2.354269780641096E+001,-6.804919375767848E+001,
5.466275659824047E+009,-2.336698570354569E+001,-8.489763604923854E+001,
5.470185728250244E+009,-2.324631288227422E+001,-1.025420268244549E+002,
5.474095796676442E+009,-2.308404404153745E+001,-1.214027056966994E+002,
5.478005865102639E+009,-2.317473587160751E+001,-1.417992352588381E+002,
5.481915933528837E+009,-2.347864439952374E+001,-1.614906608597978E+002,
5.485826001955034E+009,-2.396700789679829E+001,1.793230283334019E+002,
5.489736070381231E+009,-2.450249281150480E+001,1.620466673072510E+002,
5.493646138807429E+009,-2.493393859199234E+001,1.456503776596421E+002,
5.497556207233626E+009,-2.530564112437308E+001,1.307232855478736E+002,
5.501466275659824E+009,-2.543506559560482E+001,1.147295147793906E+002,
5.505376344086021E+009,-2.547540933204396E+001,9.883719917452075E+001,
5.509286412512219E+009,-2.554307255943452E+001,8.226633322834842E+001,
5.513196480938417E+009,-2.566130989267152E+001,6.589831644605299E+001,
5.517106549364615E+009,-2.551759694750882E+001,4.872197391182023E+001,
5.521016617790812E+009,-2.552115257771494E+001,3.055023348815518E+001,
5.524926686217009E+009,-2.579476751945503E+001,1.094446097491519E+001,
5.528836754643207E+009,-2.627728292198314E+001,-7.014737539361930E+000,
5.532746823069404E+009,-2.675250731554501E+001,-2.268557774410089E+001,
5.536656891495602E+009,-2.701141018122746E+001,-3.871943597180087E+001,
5.540566959921799E+009,-2.743455442928512E+001,-5.465318769844095E+001,
5.544477028347996E+009,-2.781570649695457E+001,-6.832810336982691E+001,
5.548387096774194E+009,-2.777602861166343E+001,-8.237955822659291E+001,
5.552297165200391E+009,-2.741357197258853E+001,-9.732640387719931E+001,
5.556207233626589E+009,-2.735294066677179E+001,-1.145158854323159E+002,
5.560117302052786E+009,-2.740506376761668E+001,-1.296654834234579E+002,
5.564027370478983E+009,-2.726734000141019E+001,-1.456385170957204E+002,
5.567937438905181E+009,-2.715765834569113E+001,-1.623615421122875E+002,
5.571847507331378E+009,-2.685238356769813E+001,-1.797464969123725E+002,
5.575757575757576E+009,-2.664309485050227E+001,1.615472227493563E+002,
5.579667644183773E+009,-2.661765327571573E+001,1.421756772703805E+002,
5.583577712609971E+009,-2.685167114515088E+001,1.217803882849180E+002,
5.587487781036168E+009,-2.749863413287386E+001,1.017635923447500E+002,
5.591397849462366E+009,-2.837934867892972E+001,8.670984861912318E+001,
5.595307917888563E+009,-2.876145516204212E+001,7.295490879369173E+001,
5.599217986314760E+009,-2.881384431523614E+001,5.941073547062375E+001,
5.603128054740958E+009,-2.847898586986866E+001,4.443166644833488E+001,
5.607038123167155E+009,-2.816492920060682E+001,2.637127562503735E+001,
5.610948191593353E+009,-2.832540280967655E+001,6.556053352284179E+000,
5.614858260019550E+009,-2.895370684593740E+001,-9.166240931577638E+000,
5.618768328445747E+009,-2.913807371292521E+001,-2.505671373350632E+001,
5.622678396871945E+009,-2.923951854871847E+001,-4.158464707254687E+001,
5.626588465298142E+009,-2.963447064086198E+001,-5.873807847033010E+001,
5.630498533724340E+009,-2.991656257575038E+001,-7.467935013465983E+001,
5.634408602150538E+009,-3.026568471423535E+001,-8.990654900429456E+001,
5.638318670576735E+009,-3.093396109170072E+001,-1.058578002273826E+002,
5.642228739002933E+009,-3.111380224958275E+001,-1.165560594263372E+002,
5.646138807429131E+009,-3.095843322810595E+001,-1.312839684630754E+002,
5.650048875855328E+009,-3.121860044668004E+001,-1.442565132584008E+002,
5.653958944281525E+009,-3.127846844595234E+001,-1.577347793927620E+002,
5.657869012707723E+009,-3.103805707206285E+001,-1.703459546306047E+002,
5.661779081133920E+009,-3.097924033057896E+001,1.771986698193996E+002,
5.665689149560118E+009,-3.045488589372400E+001,1.626146549731275E+002,
5.669599217986315E+009,-3.037625404914052E+001,1.473024034797905E+002,
5.673509286412512E+009,-3.015322642010140E+001,1.341695947911575E+002,
5.677419354838710E+009,-2.974107668315649E+001,1.215333703330474E+002,
5.681329423264907E+009,-2.885447075493659E+001,1.060831126839158E+002,
5.685239491691105E+009,-2.807680375951715E+001,8.866081421297015E+001,
5.689149560117302E+009,-2.753828137958433E+001,7.143204077899604E+001,
5.693059628543499E+009,-2.703553001717808E+001,5.404883137701893E+001,
5.696969696969697E+009,-2.674459106920449E+001,3.614360098514420E+001,
5.700879765395895E+009,-2.628221082999730E+001,1.782815825826739E+001,
5.704789833822092E+009,-2.599902475836998E+001,-1.023235738212371E+000,
5.708699902248289E+009,-2.579358607743025E+001,-2.028051362897804E+001,
5.712609970674487E+009,-2.562581751746927E+001,-4.022803003145600E+001,
5.716520039100684E+009,-2.578737925377501E+001,-5.913184079705504E+001,
5.720430107526882E+009,-2.588948548005124E+001,-7.632847507518568E+001,
5.724340175953079E+009,-2.596660458853507E+001,-9.341932160189815E+001,
5.728250244379276E+009,-2.605326950639572E+001,-1.108736815448971E+002,
5.732160312805474E+009,-2.605436439804588E+001,-1.272897586425415E+002,
5.736070381231671E+009,-2.597833366161732E+001,-1.446524924098452E+002,
5.739980449657869E+009,-2.592110157161467E+001,-1.604115045652843E+002,
5.743890518084066E+009,-2.585822466797131E+001,-1.771561120699415E+002,
5.747800586510263E+009,-2.571764563476739E+001,1.661564749336274E+002,
5.751710654936461E+009,-2.532126543736215E+001,1.491645737606313E+002,
5.755620723362660E+009,-2.534718953030108E+001,1.309006847387096E+002,
5.759530791788857E+009,-2.538995593461075E+001,1.130600825465269E+002,
5.763440860215054E+009,-2.564138899440149E+001,9.486919212820969E+001,
5.767350928641252E+009,-2.597016555906528E+001,7.924136959823119E+001,
5.771260997067449E+009,-2.589642584582462E+001,6.554374915533629E+001,
5.775171065493647E+009,-2.578596930020439E+001,5.002346674856918E+001,
5.779081133919844E+009,-2.538812022691250E+001,3.528766572947073E+001,
5.782991202346041E+009,-2.503019822989256E+001,1.790305509706814E+001,
5.786901270772239E+009,-2.467850280704977E+001,5.681384646476085E-001,
5.790811339198436E+009,-2.446773325243484E+001,-1.672202031513923E+001,
5.794721407624634E+009,-2.423769808691624E+001,-3.464076263299608E+001,
5.798631476050831E+009,-2.399796352978540E+001,-5.103756740927116E+001,
5.802541544477028E+009,-2.369117407193469E+001,-6.964961564591630E+001,
5.806451612903226E+009,-2.370921890904171E+001,-8.760736915221845E+001,
5.810361681329423E+009,-2.349981648955268E+001,-1.049507342338540E+002,
5.814271749755621E+009,-2.340760616904019E+001,-1.227822093388378E+002,
5.818181818181818E+009,-2.316932856088729E+001,-1.405022241324991E+002,
5.822091886608016E+009,-2.300137128276782E+001,-1.582977646540241E+002,
5.826001955034213E+009,-2.278919788284460E+001,-1.755843099242996E+002,
5.829912023460411E+009,-2.258971169620448E+001,1.656335145082066E+002,
5.833822091886608E+009,-2.252307558545765E+001,1.470182346911257E+002,
5.837732160312805E+009,-2.236713814875846E+001,1.288185571885236E+002,
5.841642228739003E+009,-2.207497940855102E+001,1.098803761194600E+002,
5.845552297165200E+009,-2.203248769985331E+001,8.957458740348223E+001,
5.849462365591398E+009,-2.220831165840956E+001,6.969575384360427E+001,
5.853372434017595E+009,-2.249144103977519E+001,5.195300096032957E+001,
5.857282502443792E+009,-2.253277709471839E+001,3.419749565429662E+001,
5.861192570869990E+009,-2.261443164707903E+001,1.677490624217696E+001,
5.865102639296187E+009,-2.252288177687471E+001,-1.065328488406243E+000,
5.869012707722385E+009,-2.254366538439394E+001,-2.025168800386405E+001,
5.872922776148583E+009,-2.266873052038946E+001,-3.893596857521053E+001,
5.876832844574780E+009,-2.290792526696917E+001,-5.775729884729962E+001,
5.880742913000978E+009,-2.318033971048108E+001,-7.460438272251651E+001,
5.884652981427176E+009,-2.315126124718546E+001,-9.061079502084121E+001,
5.888563049853373E+009,-2.300467571967651E+001,-1.088735344797189E+002,
5.892473118279570E+009,-2.302555772704498E+001,-1.295945219545646E+002,
5.896383186705768E+009,-2.344573209812840E+001,-1.491381148695512E+002,
5.900293255131965E+009,-2.411441664546128E+001,-1.667069594751862E+002,
5.904203323558163E+009,-2.456714315522500E+001,1.772271753112277E+002,
5.908113391984360E+009,-2.496863642298523E+001,1.617087601718016E+002,
5.912023460410557E+009,-2.525436457017907E+001,1.464742244057152E+002,
5.915933528836755E+009,-2.533796377541056E+001,1.320955597999883E+002,
5.919843597262952E+009,-2.538699816852324E+001,1.160477282610544E+002,
5.923753665689150E+009,-2.569616599267019E+001,1.011565222462096E+002,
5.927663734115347E+009,-2.546824284263936E+001,8.794789039727939E+001,
5.931573802541544E+009,-2.513638343273213E+001,7.114247817314413E+001,
5.935483870967742E+009,-2.511170389115199E+001,5.374209049312945E+001,
5.939393939393940E+009,-2.530234015778356E+001,3.720234374591184E+001,
5.943304007820137E+009,-2.524735382218282E+001,2.193072776220457E+001,
5.947214076246334E+009,-2.528547362894329E+001,6.996992594378512E+000,
5.951124144672532E+009,-2.516668612906172E+001,-8.551891984137043E+000,
5.955034213098729E+009,-2.508067229583724E+001,-2.250827629302450E+001,
5.958944281524927E+009,-2.464587889285931E+001,-3.696971366287509E+001,
5.962854349951124E+009,-2.415143018111346E+001,-5.367803659996616E+001,
5.966764418377321E+009,-2.371679534660448E+001,-7.103388502029738E+001,
5.970674486803519E+009,-2.332525887027085E+001,-8.843254426531291E+001,
5.974584555229716E+009,-2.283129275538176E+001,-1.067010120202145E+002,
5.978494623655914E+009,-2.261511359999519E+001,-1.270176208463269E+002,
5.982404692082111E+009,-2.255468616548831E+001,-1.468330518424030E+002,
5.986314760508308E+009,-2.278749126997545E+001,-1.654111107200275E+002,
5.990224828934506E+009,-2.293069334276183E+001,1.782309295554400E+002,
5.994134897360704E+009,-2.285586773965213E+001,1.622407872568990E+002,
5.998044965786902E+009,-2.276703631399925E+001,1.451281571958141E+002,
6.001955034213099E+009,-2.256303509377329E+001,1.276721714050576E+002,
6.005865102639297E+009,-2.243868343301955E+001,1.103726676410232E+002,
6.009775171065494E+009,-2.233876000424311E+001,9.309453837504677E+001,
6.013685239491692E+009,-2.209683550011312E+001,7.628779370014911E+001,
6.017595307917889E+009,-2.178638338121168E+001,5.872501680916040E+001,
6.021505376344086E+009,-2.143248619298832E+001,4.031831632977277E+001,
6.025415444770284E+009,-2.117116462320103E+001,2.086135581195947E+001,
6.029325513196481E+009,-2.120813376314754E+001,1.435865366682157E+000,
6.033235581622679E+009,-2.116866124551167E+001,-1.827785719844556E+001,
6.037145650048876E+009,-2.133679541106771E+001,-3.757454610643151E+001,
6.041055718475073E+009,-2.152905971619489E+001,-5.645735687972189E+001,
6.044965786901271E+009,-2.180094170193215E+001,-7.402727920451258E+001,
6.048875855327468E+009,-2.184933537917943E+001,-9.070106124323164E+001,
6.052785923753666E+009,-2.199373822956422E+001,-1.076150984325780E+002,
6.056695992179863E+009,-2.188145965557659E+001,-1.242502147527445E+002,
6.060606060606061E+009,-2.169532475274795E+001,-1.417966035955663E+002,
6.064516129032258E+009,-2.161254612806282E+001,-1.603502028084374E+002,
6.068426197458456E+009,-2.151590696007382E+001,-1.789188545903331E+002,
6.072336265884653E+009,-2.158248214031674E+001,1.615958824763362E+002,
6.076246334310850E+009,-2.174445407457135E+001,1.425448893477229E+002,
6.080156402737048E+009,-2.193424321462193E+001,1.237348912401580E+002,
6.084066471163245E+009,-2.213775418984668E+001,1.063210164031412E+002,
6.087976539589443E+009,-2.237557823437426E+001,8.949376785477396E+001,
6.091886608015640E+009,-2.238675064843646E+001,7.230418114702820E+001,
6.095796676441837E+009,-2.242964230528188E+001,5.357287610023105E+001,
6.099706744868035E+009,-2.267757056301106E+001,3.672057145593058E+001,
6.103616813294232E+009,-2.264884114721626E+001,2.072180499896169E+001,
6.107526881720430E+009,-2.250823938784641E+001,2.766600595550816E+000,
6.111436950146627E+009,-2.258915102622455E+001,-1.608403166999460E+001,
6.115347018572825E+009,-2.259350042040724E+001,-3.427251409795055E+001,
6.119257086999023E+009,-2.284537241355711E+001,-5.327663633511246E+001,
6.123167155425221E+009,-2.298243209675851E+001,-7.138777442830180E+001,
6.127077223851418E+009,-2.322850246933815E+001,-8.944190472112457E+001,
6.130987292277615E+009,-2.356384037256477E+001,-1.067129113992118E+002,
6.134897360703813E+009,-2.383587764179274E+001,-1.240887358600614E+002,
6.138807429130010E+009,-2.421173026752367E+001,-1.414427891442007E+002,
6.142717497556208E+009,-2.455680574201074E+001,-1.564436603715711E+002,
6.146627565982405E+009,-2.457022350065248E+001,-1.710223665512769E+002,
6.150537634408602E+009,-2.445834450825671E+001,1.725706665719471E+002,
6.154447702834800E+009,-2.432494775439494E+001,1.566422728707530E+002,
6.158357771260998E+009,-2.399485617564091E+001,1.399151224488266E+002,
6.162267839687195E+009,-2.372254589402377E+001,1.201484496450457E+002,
6.166177908113392E+009,-2.389422628474362E+001,1.003830633769207E+002,
6.170087976539589E+009,-2.414609721795376E+001,8.146517939344406E+001,
6.173998044965787E+009,-2.457902799988361E+001,6.322784031318878E+001,
6.177908113391985E+009,-2.495845352358164E+001,4.692525484203414E+001,
6.181818181818182E+009,-2.511205655398159E+001,3.077770473647018E+001,
6.185728250244379E+009,-2.534343772778730E+001,1.411929310765386E+001,
6.189638318670576E+009,-2.544279069381621E+001,-3.560095983282631E-001,
6.193548387096774E+009,-2.533034352633008E+001,-1.576926330056321E+001,
6.197458455522972E+009,-2.518723767197633E+001,-3.206105940058443E+001,
6.201368523949169E+009,-2.515546544001161E+001,-4.971977579060233E+001,
6.205278592375366E+009,-2.495176226819463E+001,-6.670027794429859E+001,
6.209188660801564E+009,-2.483273213003684E+001,-8.580887870453765E+001,
6.213098729227762E+009,-2.485529044367500E+001,-1.039403744757862E+002,
6.217008797653959E+009,-2.509231832311714E+001,-1.232684529508771E+002,
6.220918866080156E+009,-2.527075542674980E+001,-1.408792643134901E+002,
6.224828934506353E+009,-2.524228123166508E+001,-1.582217237135127E+002,
6.228739002932551E+009,-2.549713951694898E+001,-1.762760889070172E+002,
6.232649071358749E+009,-2.590099962764295E+001,1.657369606890516E+002,
6.236559139784946E+009,-2.618150999576686E+001,1.504513407153123E+002,
6.240469208211144E+009,-2.629255877801173E+001,1.347372606872742E+002,
6.244379276637341E+009,-2.622166276764263E+001,1.187974740896390E+002,
6.248289345063539E+009,-2.613085742085018E+001,1.017759206614232E+002,
6.252199413489737E+009,-2.609776806797230E+001,8.431312524005469E+001,
6.256109481915934E+009,-2.604966114984049E+001,6.813970416621640E+001,
6.260019550342131E+009,-2.588527783571567E+001,5.051747187217777E+001,
6.263929618768329E+009,-2.575469413645399E+001,3.224403563284412E+001,
6.267839687194526E+009,-2.571257795172811E+001,1.254460701108642E+001,
6.271749755620724E+009,-2.593913084826014E+001,-6.798528296989054E+000,
6.275659824046921E+009,-2.620223124048016E+001,-2.657043318118575E+001,
6.279569892473118E+009,-2.687339283344186E+001,-4.465339672060544E+001,
6.283479960899316E+009,-2.740369798893577E+001,-6.015844014355884E+001,
6.287390029325514E+009,-2.751962226087302E+001,-7.453345744614119E+001,
6.291300097751711E+009,-2.709838571725932E+001,-8.934848805397922E+001,
6.295210166177908E+009,-2.696786188851132E+001,-1.080222099875766E+002,
6.299120234604105E+009,-2.693203414855196E+001,-1.271057117374250E+002,
6.303030303030303E+009,-2.695979721529769E+001,-1.468409012058603E+002,
6.306940371456501E+009,-2.730227066973675E+001,-1.667119344438248E+002,
6.310850439882698E+009,-2.775532212014036E+001,1.746411633091838E+002,
6.314760508308895E+009,-2.823646162223031E+001,1.554628708984958E+002,
6.318670576735093E+009,-2.893588851677318E+001,1.370567765928533E+002,
6.322580645161290E+009,-2.973513912924799E+001,1.215627515502179E+002,
6.326490713587488E+009,-3.008824245498046E+001,1.066040303237665E+002,
6.330400782013685E+009,-3.073611436475386E+001,9.105199345385618E+001,
6.334310850439882E+009,-3.098447371043920E+001,7.637434246982831E+001,
6.338220918866080E+009,-3.114856601045823E+001,6.074617543324199E+001,
6.342130987292278E+009,-3.127069682906839E+001,4.525421369867823E+001,
6.346041055718475E+009,-3.186187273014446E+001,2.990719946351701E+001,
6.349951124144672E+009,-3.172296536625542E+001,1.769186589076376E+001,
6.353861192570869E+009,-3.134922725884315E+001,-7.038634422013387E-001,
6.357771260997068E+009,-3.139148114288301E+001,-2.112442519547705E+001,
6.361681329423266E+009,-3.227777979826907E+001,-4.397680231498148E+001,
6.365591397849463E+009,-3.400509832639619E+001,-5.902441642769187E+001,
6.369501466275660E+009,-3.494319044486797E+001,-6.955369336706997E+001,
6.373411534701857E+009,-3.566873285841078E+001,-7.864614575978561E+001,
6.377321603128055E+009,-3.609053860957357E+001,-8.705955897315162E+001,
6.381231671554253E+009,-3.579259173464254E+001,-9.430947998593852E+001,
6.385141739980450E+009,-3.486627853834440E+001,-1.045211214430709E+002,
6.389051808406647E+009,-3.404752837050293E+001,-1.212283066742322E+002,
6.392961876832845E+009,-3.361322553851643E+001,-1.373565374863815E+002,
6.396871945259043E+009,-3.307096971464808E+001,-1.556937531583693E+002,
6.400782013685240E+009,-3.342432131236540E+001,-1.765213094693727E+002,
6.404692082111437E+009,-3.435241040031447E+001,1.681301143400910E+002,
6.408602150537634E+009,-3.474919490733917E+001,1.588820131274678E+002,
6.412512218963832E+009,-3.471160582024234E+001,1.491572669532271E+002,
6.416422287390030E+009,-3.406729270439593E+001,1.388207961544378E+002,
6.420332355816227E+009,-3.299707448399825E+001,1.266303321416169E+002,
6.424242424242424E+009,-3.217638958290350E+001,1.091035638300329E+002,
6.428152492668621E+009,-3.157947134672762E+001,9.336287491063381E+001,
6.432062561094819E+009,-3.073078982122212E+001,7.733708752936428E+001,
6.435972629521017E+009,-2.986589081857597E+001,5.715402543184032E+001,
6.439882697947214E+009,-2.948398666857890E+001,3.537356498547870E+001,
6.443792766373411E+009,-2.959967658953527E+001,1.479033766563308E+001,
6.447702834799609E+009,-2.972240966960750E+001,-3.671857052022693E+000,
6.451612903225807E+009,-2.995418661497370E+001,-1.897270696774727E+001,
6.455522971652004E+009,-2.986600255667061E+001,-3.391319957323753E+001,
6.459433040078201E+009,-2.956121790981983E+001,-5.117350683816636E+001,
6.463343108504398E+009,-2.913884304564339E+001,-6.574136976997268E+001,
6.467253176930596E+009,-2.867366861821168E+001,-8.417765022633364E+001,
6.471163245356794E+009,-2.818870538351937E+001,-1.025890167928167E+002,
6.475073313782991E+009,-2.789323722040793E+001,-1.218285052479275E+002,
6.478983382209189E+009,-2.764785151643926E+001,-1.421527822779370E+002,
6.482893450635386E+009,-2.761320105944751E+001,-1.624381865790934E+002,
6.486803519061584E+009,-2.776657469556535E+001,1.792749508773279E+002,
6.490713587487782E+009,-2.796216141925001E+001,1.594843883421993E+002,
6.494623655913979E+009,-2.826783337986683E+001,1.414186176599834E+002,
6.498533724340176E+009,-2.871907684620880E+001,1.225674151892563E+002,
6.502443792766374E+009,-2.896456561542875E+001,1.071252935240482E+002,
6.506353861192571E+009,-2.911162083705454E+001,9.201487630427187E+001,
6.510263929618769E+009,-2.898397511628393E+001,7.741173316356492E+001,
6.514173998044966E+009,-2.883177568919905E+001,5.957638808406561E+001,
6.518084066471163E+009,-2.858039124453589E+001,4.308765486659951E+001,
6.521994134897361E+009,-2.828472918297180E+001,2.392390963150900E+001,
6.525904203323559E+009,-2.834017781931280E+001,4.894419269030653E+000,
6.529814271749756E+009,-2.870090979451261E+001,-1.411821435812863E+001,
6.533724340175953E+009,-2.895170508414474E+001,-3.141298522418107E+001,
6.537634408602150E+009,-2.898808907944643E+001,-4.860887078497100E+001,
6.541544477028348E+009,-2.932465794797657E+001,-6.449097377922308E+001,
6.545454545454546E+009,-2.929293457323701E+001,-8.038070829248835E+001,
6.549364613880743E+009,-2.925142624865716E+001,-9.627619986667135E+001,
6.553274682306940E+009,-2.917000577319822E+001,-1.140705178108389E+002,
6.557184750733138E+009,-2.918975015393325E+001,-1.313045930261409E+002,
6.561094819159335E+009,-2.903957238464320E+001,-1.470125464679696E+002,
6.565004887585533E+009,-2.882673169690582E+001,-1.652663004148580E+002,
6.568914956011730E+009,-2.872784941615319E+001,1.765748150266950E+002,
6.572825024437927E+009,-2.853239160045181E+001,1.564018133002784E+002,
6.576735092864125E+009,-2.879993509940329E+001,1.345156706268952E+002,
6.580645161290323E+009,-2.956983957035667E+001,1.152156782994057E+002,
6.584555229716520E+009,-3.012813278388213E+001,9.927075977065650E+001,
6.588465298142717E+009,-3.057405497996616E+001,8.353044370116008E+001,
6.592375366568914E+009,-3.068810350501514E+001,6.633420087866085E+001,
6.596285434995112E+009,-3.101346114777545E+001,5.101244901061071E+001,
6.600195503421310E+009,-3.117041362664429E+001,3.489120707629093E+001,
6.604105571847508E+009,-3.178221486923073E+001,1.736532430641603E+001,
6.608015640273705E+009,-3.209468625250371E+001,3.670396897762301E+000,
6.611925708699902E+009,-3.195554888873197E+001,-1.219121057620441E+001,
6.615835777126100E+009,-3.224493900610057E+001,-2.666695050379629E+001,
6.619745845552298E+009,-3.195781208238634E+001,-4.331881491998562E+001,
6.623655913978495E+009,-3.226160102638692E+001,-5.944883559302512E+001,
6.627565982404692E+009,-3.257384759410287E+001,-7.617761245253028E+001,
6.631476050830890E+009,-3.307536139911512E+001,-9.224641579410931E+001,
6.635386119257088E+009,-3.336032900354716E+001,-1.061047283342911E+002,
6.639296187683285E+009,-3.316072539060001E+001,-1.195120729559438E+002,
6.643206256109482E+009,-3.340877063455897E+001,-1.375328944976667E+002,
6.647116324535679E+009,-3.411554565995834E+001,-1.506436765656557E+002,
6.651026392961877E+009,-3.399124251923462E+001,-1.614359185093639E+002,
6.654936461388075E+009,-3.384403139865001E+001,-1.729931566684067E+002,
6.658846529814272E+009,-3.305813420366437E+001,1.737582488000550E+002,
6.662756598240469E+009,-3.236827540379970E+001,1.561066491580531E+002,
6.666666666666666E+009,-3.210627545400702E+001,1.373987097458247E+002,
6.670576735092864E+009,-3.232858657104929E+001,1.196346595644466E+002,
6.674486803519062E+009,-3.241706393372899E+001,1.046000829420453E+002,
6.678396871945259E+009,-3.227822016701492E+001,8.973302701254202E+001,
6.682306940371456E+009,-3.200831132606365E+001,7.431971205714297E+001,
6.686217008797654E+009,-3.166866772960550E+001,5.816110167616119E+001,
6.690127077223852E+009,-3.143090423997544E+001,4.092071607332778E+001,
6.694037145650049E+009,-3.140140740379274E+001,2.437201792452762E+001,
6.697947214076246E+009,-3.102743961614723E+001,9.071397568732460E+000,
6.701857282502443E+009,-3.039661478657256E+001,-9.553050306780515E+000,
6.705767350928641E+009,-3.019643534790845E+001,-3.104711240761348E+001,
6.709677419354839E+009,-3.065640759456490E+001,-5.158514878990485E+001,
6.713587487781036E+009,-3.132865000094576E+001,-6.865913553129475E+001,
6.717497556207233E+009,-3.174045223346676E+001,-8.289896020586640E+001,
6.721407624633431E+009,-3.181812974119913E+001,-9.708269081875460E+001,
6.725317693059629E+009,-3.167156086167178E+001,-1.119655818825524E+002,
6.729227761485827E+009,-3.151199386073522E+001,-1.284354470278687E+002,
6.733137829912024E+009,-3.176052157360309E+001,-1.453452603987575E+002,
6.737047898338221E+009,-3.185151841041527E+001,-1.585970899228838E+002,
6.740957966764419E+009,-3.156767518232380E+001,-1.736540877265306E+002,
6.744868035190616E+009,-3.152040647024504E+001,1.705394689738779E+002,
6.748778103616814E+009,-3.114784872171466E+001,1.565599794532376E+002,
6.752688172043011E+009,-3.058613512965408E+001,1.394449412981859E+002,
6.756598240469208E+009,-3.029971423518785E+001,1.195824309079446E+002,
6.760508308895406E+009,-3.053633744322820E+001,9.929735071879844E+001,
6.764418377321604E+009,-3.123520965753307E+001,8.159223570044632E+001,
6.768328445747801E+009,-3.189322598111729E+001,6.837495456197034E+001,
6.772238514173998E+009,-3.222604960455720E+001,5.688055197596663E+001,
6.776148582600195E+009,-3.208628594780861E+001,4.679212356274748E+001,
6.780058651026393E+009,-3.149052991102785E+001,3.580143058762275E+001,
6.783968719452591E+009,-3.071282839627124E+001,2.217091353512459E+001,
6.787878787878788E+009,-2.978705800691802E+001,7.422353702757078E+000,
6.791788856304985E+009,-2.883346413792386E+001,-1.128094293635484E+001,
6.795698924731183E+009,-2.845698634792381E+001,-3.156072069447184E+001,
6.799608993157380E+009,-2.843519659727700E+001,-5.051835935354000E+001,
6.803519061583578E+009,-2.851919519375566E+001,-6.830508174020632E+001,
6.807429130009775E+009,-2.860962370737699E+001,-8.405150984044056E+001,
6.811339198435972E+009,-2.860706377880843E+001,-9.811727434598674E+001,
6.815249266862170E+009,-2.803387568771395E+001,-1.111140802210189E+002,
6.819159335288368E+009,-2.715778044653557E+001,-1.263833543222868E+002,
6.823069403714565E+009,-2.677598688233505E+001,-1.435718596652819E+002,
6.826979472140762E+009,-2.634132923148396E+001,-1.612848509334283E+002,
6.830889540566959E+009,-2.578299231639559E+001,-1.779079404785767E+002,
6.834799608993157E+009,-2.497739153595001E+001,1.633147989871047E+002,
6.838709677419355E+009,-2.448030795840889E+001,1.440746529054310E+002,
6.842619745845552E+009,-2.412135774583541E+001,1.239996239499542E+002,
6.846529814271750E+009,-2.391921957894592E+001,1.048270325784446E+002,
6.850439882697948E+009,-2.387861593498104E+001,8.525923233568847E+001,
6.854349951124145E+009,-2.383824994932890E+001,6.688243666398169E+001,
6.858260019550343E+009,-2.359266314661770E+001,4.920475062664178E+001,
6.862170087976540E+009,-2.331913588540427E+001,3.255098520151805E+001,
6.866080156402737E+009,-2.292398837999437E+001,1.454220077152151E+001,
6.869990224828935E+009,-2.252539860031536E+001,-4.798725949050956E+000,
6.873900293255133E+009,-2.220622455050660E+001,-2.457828609656211E+001,
6.877810361681330E+009,-2.206497480607519E+001,-4.396652278291472E+001,
6.881720430107527E+009,-2.180013211711893E+001,-6.401012039919249E+001,
6.885630498533724E+009,-2.164378120748716E+001,-8.427865296509916E+001,
6.889540566959922E+009,-2.155131758987631E+001,-1.046205939830857E+002,
6.893450635386120E+009,-2.168289434029436E+001,-1.240793365586413E+002,
6.897360703812317E+009,-2.177070814068006E+001,-1.438116766633201E+002,
6.901270772238514E+009,-2.208866220967989E+001,-1.631633757870603E+002,
6.905180840664711E+009,-2.230348636083223E+001,1.787944836454738E+002,
6.909090909090909E+009,-2.242349442443780E+001,1.613936913015619E+002,
6.913000977517107E+009,-2.246374857437905E+001,1.446202904624409E+002,
6.916911045943304E+009,-2.230547784605765E+001,1.270052214655847E+002,
6.920821114369501E+009,-2.214179454182099E+001,1.090495681096983E+002,
6.924731182795699E+009,-2.197148068635528E+001,9.029564585529298E+001,
6.928641251221897E+009,-2.183738705336182E+001,7.100611487399996E+001,
6.932551319648094E+009,-2.179285408174250E+001,5.048351581088181E+001,
6.936461388074291E+009,-2.197932927366531E+001,3.063581742889991E+001,
6.940371456500488E+009,-2.214354268377586E+001,1.150687726728752E+001,
6.944281524926686E+009,-2.241354504521743E+001,-7.283665728321679E+000,
6.948191593352884E+009,-2.267096592349537E+001,-2.539531316436095E+001,
6.952101661779081E+009,-2.292754752253707E+001,-4.412697254314609E+001,
6.956011730205278E+009,-2.329092017348641E+001,-6.137762112849558E+001,
6.959921798631475E+009,-2.336534419126837E+001,-7.799048865152936E+001,
6.963831867057674E+009,-2.340088028459569E+001,-9.478829916804030E+001,
6.967741935483872E+009,-2.327864353824118E+001,-1.125870965144569E+002,
6.971652003910069E+009,-2.334112702109700E+001,-1.318242993013408E+002,
6.975562072336266E+009,-2.344116026061629E+001,-1.512211193569228E+002,
6.979472140762464E+009,-2.381443720064315E+001,-1.696970318681573E+002,
6.983382209188661E+009,-2.400076335737397E+001,1.721225269410650E+002,
6.987292277614859E+009,-2.426546551100227E+001,1.541413409071328E+002,
6.991202346041056E+009,-2.465299782569077E+001,1.361818962316880E+002,
6.995112414467253E+009,-2.509885217341974E+001,1.191858520878224E+002,
6.999022482893451E+009,-2.546844860961628E+001,1.042137946893863E+002,
7.002932551319649E+009,-2.558854659335926E+001,8.888754083999233E+001,
7.006842619745846E+009,-2.546851010171916E+001,7.462734231223685E+001,
7.010752688172043E+009,-2.515704482186300E+001,5.746095479914430E+001,
7.014662756598240E+009,-2.513937057138340E+001,3.784786682384608E+001,
7.018572825024438E+009,-2.535586086073115E+001,1.926010010496955E+001,
7.022482893450636E+009,-2.551821370159279E+001,1.409319582216931E+000,
7.026392961876833E+009,-2.576919893771797E+001,-1.520763540471083E+001,
7.030303030303030E+009,-2.612978287858025E+001,-3.235184949594589E+001,
7.034213098729228E+009,-2.622424595346144E+001,-4.932408818271801E+001,
7.038123167155425E+009,-2.651731234619475E+001,-6.654506281245510E+001,
7.042033235581623E+009,-2.689854761576299E+001,-8.178902351561568E+001,
7.045943304007820E+009,-2.685485817538422E+001,-9.668406534482890E+001,
7.049853372434017E+009,-2.678483524703839E+001,-1.115404330776665E+002,
7.053763440860215E+009,-2.652329605343120E+001,-1.272928534153469E+002,
7.057673509286413E+009,-2.636179125603957E+001,-1.439480516088776E+002,
7.061583577712610E+009,-2.634278673851905E+001,-1.609757719918777E+002,
7.065493646138807E+009,-2.622069255237932E+001,-1.790799060525551E+002,
7.069403714565004E+009,-2.620627522111919E+001,1.638338706865414E+002,
7.073313782991202E+009,-2.610722464110056E+001,1.453514558817784E+002,
7.077223851417400E+009,-2.633531965779494E+001,1.287852073305187E+002,
7.081133919843597E+009,-2.632259629436706E+001,1.129021462226108E+002,
7.085043988269795E+009,-2.612739191813945E+001,9.539814758893894E+001,
7.088954056695993E+009,-2.603480632153773E+001,7.760528757430991E+001,
7.092864125122190E+009,-2.605645633525084E+001,6.058597289534121E+001,
7.096774193548388E+009,-2.586459871684765E+001,4.297503236577951E+001,
7.100684261974585E+009,-2.591049542336806E+001,2.420232010349148E+001,
7.104594330400782E+009,-2.596082118932329E+001,6.649051249961817E+000,
7.108504398826980E+009,-2.615313365054096E+001,-1.097549763058874E+001,
7.112414467253178E+009,-2.614450259067143E+001,-2.785780767178880E+001,
7.116324535679375E+009,-2.605713779086752E+001,-4.607343315254822E+001,
7.120234604105572E+009,-2.628668120252993E+001,-6.485965046861371E+001,
7.124144672531769E+009,-2.656533783635289E+001,-8.201004861115220E+001,
7.128054740957967E+009,-2.659427445543221E+001,-9.853021223596093E+001,
7.131964809384165E+009,-2.639241728034220E+001,-1.163288701024804E+002,
7.135874877810362E+009,-2.645620379373528E+001,-1.333010021588742E+002,
7.139784946236559E+009,-2.652039577514215E+001,-1.505629229904679E+002,
7.143695014662756E+009,-2.644597269807493E+001,-1.692834639621822E+002,
7.147605083088954E+009,-2.645643840934560E+001,1.727003046631362E+002,
7.151515151515152E+009,-2.671373398000144E+001,1.538358876144536E+002,
7.155425219941349E+009,-2.690594510016653E+001,1.375622777148724E+002,
7.159335288367546E+009,-2.692048630307996E+001,1.193239056135362E+002,
7.163245356793744E+009,-2.712258494529878E+001,1.004305221431493E+002,
7.167155425219942E+009,-2.735115366781672E+001,8.260703392865278E+001,
7.171065493646139E+009,-2.759580923911446E+001,6.378864122194559E+001,
7.174975562072336E+009,-2.822475501023000E+001,4.547606838843252E+001,
7.178885630498533E+009,-2.868672882452550E+001,2.951532535877825E+001,
7.182795698924731E+009,-2.916461438255969E+001,1.431510192356866E+001,
7.186705767350929E+009,-2.934576054009737E+001,-3.855917571421360E-001,
7.190615835777126E+009,-2.933994942410681E+001,-1.632504538660241E+001,
7.194525904203323E+009,-2.937732647555735E+001,-3.151494053302368E+001,
7.198435972629520E+009,-2.931888252185425E+001,-4.763247173475605E+001,
7.202346041055718E+009,-2.929791182030166E+001,-6.323783115724929E+001,
7.206256109481916E+009,-2.906262530586313E+001,-8.065850271674614E+001,
7.210166177908114E+009,-2.904315286544620E+001,-1.010522520205510E+002,
7.214076246334311E+009,-2.929788156972371E+001,-1.217600630956891E+002,
7.217986314760509E+009,-2.996089319648765E+001,-1.424717740539430E+002,
7.221896383186706E+009,-3.109240682589142E+001,-1.599106564507385E+002,
7.225806451612904E+009,-3.237793926214128E+001,-1.711437428581870E+002,
7.229716520039101E+009,-3.253775164263588E+001,1.789398519802645E+002,
7.233626588465298E+009,-3.266018669703862E+001,1.693763707145500E+002,
7.237536656891496E+009,-3.219579288025325E+001,1.579214051443496E+002,
7.241446725317694E+009,-3.149683806228918E+001,1.437434769981824E+002,
7.245356793743891E+009,-3.097891305329569E+001,1.263980948772768E+002,
7.249266862170088E+009,-3.075071769057135E+001,1.091912656287827E+002,
7.253176930596285E+009,-3.047553926976315E+001,9.193852279484919E+001,
7.257086999022483E+009,-3.045333141249632E+001,7.282086442791308E+001,
7.260997067448681E+009,-3.094424144703883E+001,5.442363917055094E+001,
7.264907135874878E+009,-3.145078840536487E+001,4.138423139519895E+001,
7.268817204301075E+009,-3.134467270630301E+001,2.874401696693223E+001,
7.272727272727273E+009,-3.107862483758429E+001,1.525031591954509E+001,
7.276637341153470E+009,-3.077362986483415E+001,1.721594451172789E+000,
7.280547409579668E+009,-2.990697680590887E+001,-1.242796847177132E+001,
7.284457478005865E+009,-2.918248246715553E+001,-3.058016214419491E+001,
7.288367546432062E+009,-2.861328038197383E+001,-5.135762443661793E+001,
7.292277614858260E+009,-2.854261370214352E+001,-7.069492505321736E+001,
7.296187683284458E+009,-2.852868650661137E+001,-8.886522843848259E+001,
7.300097751710655E+009,-2.843634947037181E+001,-1.066265449479016E+002,
7.304007820136852E+009,-2.849251123011038E+001,-1.250837647648835E+002,
7.307917888563049E+009,-2.861784644160540E+001,-1.435815422673265E+002,
7.311827956989247E+009,-2.901764218694325E+001,-1.591035318250407E+002,
7.315738025415445E+009,-2.871210748089247E+001,-1.743380925560739E+002,
7.319648093841642E+009,-2.837916275137001E+001,1.681230784043677E+002,
7.323558162267839E+009,-2.834446988961149E+001,1.503634766906207E+002,
7.327468230694037E+009,-2.816443075300770E+001,1.327136005681701E+002,
7.331378299120235E+009,-2.789357122456110E+001,1.140834378309193E+002,
7.335288367546433E+009,-2.777532513743790E+001,9.466467896053952E+001,
7.339198435972630E+009,-2.763169303995522E+001,7.686987305831538E+001,
7.343108504398827E+009,-2.747487146239891E+001,5.761667558974428E+001,
7.347018572825025E+009,-2.775301644614241E+001,3.629997414790083E+001,
7.350928641251223E+009,-2.827597697103991E+001,1.842409094237207E+001,
7.354838709677420E+009,-2.850896489146872E+001,1.993098041314246E+000,
7.358748778103617E+009,-2.881660425687251E+001,-1.541703544593589E+001,
7.362658846529814E+009,-2.907037653283871E+001,-3.284001414537380E+001,
7.366568914956012E+009,-2.920566270615472E+001,-4.883045405817384E+001,
7.370478983382210E+009,-2.943798448620648E+001,-6.466837610429964E+001,
7.374389051808407E+009,-2.938533523760168E+001,-7.963696092825461E+001,
7.378299120234604E+009,-2.924417725305865E+001,-9.642734393120777E+001,
7.382209188660801E+009,-2.903673901420076E+001,-1.138313386763258E+002,
7.386119257086999E+009,-2.905274712798662E+001,-1.309362745783987E+002,
7.390029325513197E+009,-2.891985929034276E+001,-1.509012950599272E+002,
7.393939393939394E+009,-2.936351067630238E+001,-1.697743580342798E+002,
7.397849462365591E+009,-2.981662314722323E+001,1.746858221648960E+002,
7.401759530791789E+009,-2.976665257006827E+001,1.593259485916883E+002,
7.405669599217987E+009,-2.991069850398331E+001,1.425569403016643E+002,
7.409579667644184E+009,-2.983870713238085E+001,1.268745447627631E+002,
7.413489736070381E+009,-2.990755558133331E+001,1.104426701166844E+002,
7.417399804496578E+009,-2.988049625091106E+001,9.276372480332205E+001,
7.421309872922776E+009,-2.983389604930224E+001,7.685534466685884E+001,
7.425219941348974E+009,-2.990923878323992E+001,6.127374150757718E+001,
7.429130009775171E+009,-2.951722999584380E+001,4.371666239648979E+001,
7.433040078201368E+009,-2.926480415194724E+001,2.442673341517470E+001,
7.436950146627565E+009,-2.951322390547995E+001,3.691319168605354E+000,
7.440860215053763E+009,-2.993615495612740E+001,-1.320626839386142E+001,
7.444770283479961E+009,-3.030477930997360E+001,-2.978943034324608E+001,
7.448680351906158E+009,-3.055067315653118E+001,-4.555530428822893E+001,
7.452590420332356E+009,-3.062017246388479E+001,-6.381142494370380E+001,
7.456500488758554E+009,-3.095657419354107E+001,-7.985458575649665E+001,
7.460410557184751E+009,-3.089673756855835E+001,-9.582219144827859E+001,
7.464320625610949E+009,-3.094949279438028E+001,-1.120010868879798E+002,
7.468230694037146E+009,-3.075547127194159E+001,-1.275589029983463E+002,
7.472140762463343E+009,-3.118722781289057E+001,-1.451587451566956E+002,
7.476050830889541E+009,-3.079196786466438E+001,-1.619488746253013E+002,
7.479960899315739E+009,-3.049403936976986E+001,1.772848523591087E+002,
7.483870967741936E+009,-3.074470674673216E+001,1.579737084673774E+002,
7.487781036168133E+009,-3.111064145201445E+001,1.376520058980624E+002,
7.491691104594330E+009,-3.173526662635353E+001,1.183259428708672E+002,
7.495601173020528E+009,-3.289992655652920E+001,1.027479768037592E+002,
7.499511241446726E+009,-3.362056315596381E+001,8.947632186101659E+001,
7.503421309872923E+009,-3.398799434145005E+001,7.708787923454766E+001,
7.507331378299120E+009,-3.427548899288539E+001,6.369780962222701E+001,
7.511241446725318E+009,-3.461512965256412E+001,5.055160403330836E+001,
7.515151515151515E+009,-3.445807017828233E+001,4.176746928826513E+001,
7.519061583577713E+009,-3.348226122974987E+001,2.684074001129400E+001,
7.522971652003910E+009,-3.317713059295001E+001,8.473849469480065E+000,
7.526881720430107E+009,-3.296682048480390E+001,-9.671538581217231E+000,
7.530791788856305E+009,-3.306036339166838E+001,-2.909375724588500E+001,
7.534701857282503E+009,-3.386007023548424E+001,-4.584424906782789E+001,
7.538611925708700E+009,-3.420380688242515E+001,-5.814866110209781E+001,
7.542521994134897E+009,-3.426484136769551E+001,-7.131284017817525E+001,
7.546432062561094E+009,-3.402967679827632E+001,-8.444599556983083E+001,
7.550342130987292E+009,-3.400899408521228E+001,-9.941779659988265E+001,
7.554252199413490E+009,-3.380122363727447E+001,-1.117515413366714E+002,
7.558162267839687E+009,-3.316361483762589E+001,-1.251701363936392E+002,
7.562072336265884E+009,-3.232320662646178E+001,-1.413684773713078E+002,
7.565982404692082E+009,-3.180628129107057E+001,-1.617757424511549E+002,
7.569892473118280E+009,-3.206806385990633E+001,1.787685541581783E+002,
7.573802541544478E+009,-3.234802595330145E+001,1.631643016454622E+002,
7.577712609970675E+009,-3.223285037633170E+001,1.498698952455964E+002,
7.581622678396872E+009,-3.184000883180561E+001,1.330853599590691E+002,
7.585532746823070E+009,-3.189728091424258E+001,1.175025049658397E+002,
7.589442815249268E+009,-3.163093453598762E+001,1.031302829847614E+002,
7.593352883675465E+009,-3.120668682943345E+001,8.685181080735187E+001,
7.597262952101662E+009,-3.084220502703709E+001,7.054295385416309E+001,
7.601173020527859E+009,-3.045632772985101E+001,5.397431693683695E+001,
7.605083088954057E+009,-2.978990251138418E+001,3.754747456957966E+001,
7.608993157380255E+009,-2.928787234720140E+001,1.716326574015494E+001,
7.612903225806452E+009,-2.915841226845883E+001,-3.922327295525815E+000,
7.616813294232649E+009,-2.945892176617310E+001,-2.219529282548794E+001,
7.620723362658846E+009,-2.945137261013239E+001,-3.832011258854634E+001,
7.624633431085044E+009,-2.917565564401490E+001,-5.762211449551573E+001,
7.628543499511242E+009,-2.929291426819500E+001,-7.551446426492856E+001,
7.632453567937439E+009,-2.976432017631195E+001,-9.082669195386058E+001,
7.636363636363636E+009,-2.965151625064453E+001,-1.055744860944888E+002,
7.640273704789834E+009,-2.918023840678807E+001,-1.201003439710823E+002,
7.644183773216032E+009,-2.877859521146167E+001,-1.356684902018249E+002,
7.648093841642229E+009,-2.823385332314199E+001,-1.526534627637091E+002,
7.652003910068426E+009,-2.770026371286278E+001,-1.714479024556696E+002,
7.655913978494623E+009,-2.730677781835949E+001,1.695047152000721E+002,
7.659824046920821E+009,-2.701398528168802E+001,1.499983374713429E+002,
7.663734115347019E+009,-2.686798738593392E+001,1.289319157963538E+002,
7.667644183773216E+009,-2.691805790089627E+001,1.067380756138500E+002,
7.671554252199413E+009,-2.722549402622523E+001,8.624040208205737E+001,
7.675464320625610E+009,-2.790040591021105E+001,6.687125483306211E+001,
7.679374389051808E+009,-2.853379238925923E+001,5.200050446410749E+001,
7.683284457478006E+009,-2.864576109320202E+001,3.841657258368801E+001,
7.687194525904203E+009,-2.845803769982233E+001,2.211755622257724E+001,
7.691104594330401E+009,-2.819112984389901E+001,6.303300492675612E+000,
7.695014662756599E+009,-2.788474188660456E+001,-1.060026835298884E+001,
7.698924731182797E+009,-2.758948832652607E+001,-3.003542620977366E+001,
7.702834799608994E+009,-2.770274813020713E+001,-4.987325117605325E+001,
7.706744868035191E+009,-2.784858238962882E+001,-6.847436312528076E+001,
7.710654936461388E+009,-2.782450630518287E+001,-8.629939325135246E+001,
7.714565004887586E+009,-2.796658641597264E+001,-1.049537946755573E+002,
7.718475073313784E+009,-2.824724654345797E+001,-1.241351548441322E+002,
7.722385141739981E+009,-2.878048314971554E+001,-1.413817109532473E+002,
7.726295210166178E+009,-2.909628815588522E+001,-1.563546669777097E+002,
7.730205278592375E+009,-2.909684435995325E+001,-1.714271389942049E+002,
7.734115347018573E+009,-2.914452920136011E+001,1.741522842788342E+002,
7.738025415444771E+009,-2.883453232830994E+001,1.579702640461052E+002,
7.741935483870968E+009,-2.882175774919977E+001,1.384427442593524E+002,
7.745845552297165E+009,-2.886633903600353E+001,1.215262347504265E+002,
7.749755620723363E+009,-2.885410087642712E+001,1.051558440413216E+002,
7.753665689149560E+009,-2.890126926262422E+001,8.807504355847826E+001,
7.757575757575758E+009,-2.902450747880299E+001,7.049915976108981E+001,
7.761485826001955E+009,-2.921161318898070E+001,5.402832861478853E+001,
7.765395894428152E+009,-2.944011506324903E+001,3.617516170855264E+001,
7.769305962854350E+009,-2.983219494872546E+001,2.225541385779329E+001,
7.773216031280548E+009,-2.995273145126494E+001,1.067927650529571E+001,
7.777126099706745E+009,-2.919706642245639E+001,-4.371273259525421E+000,
7.781036168132942E+009,-2.849464476147391E+001,-2.220420104109864E+001,
7.784946236559139E+009,-2.837529674205747E+001,-4.088583754372269E+001,
7.788856304985337E+009,-2.834766385087751E+001,-5.928379799779861E+001,
7.792766373411535E+009,-2.840873552418456E+001,-7.641933642715605E+001,
7.796676441837732E+009,-2.807725441651934E+001,-9.307994231499789E+001,
7.800586510263929E+009,-2.794034883340202E+001,-1.120117357224503E+002,
7.804496578690127E+009,-2.803565735685056E+001,-1.297058351659945E+002,
7.808406647116324E+009,-2.838507303375993E+001,-1.463058710700334E+002,
7.812316715542522E+009,-2.823545499847449E+001,-1.626894123672016E+002,
7.816226783968720E+009,-2.804344890418140E+001,1.795090181743124E+002,
7.820136852394917E+009,-2.792381884883524E+001,1.639307575699270E+002,
7.824046920821115E+009,-2.757268194170395E+001,1.473178847913584E+002,
7.827956989247313E+009,-2.729199985582720E+001,1.289036951031284E+002,
7.831867057673510E+009,-2.697519538419380E+001,1.094873467219170E+002,
7.835777126099707E+009,-2.708063960336365E+001,9.030187129895462E+001,
7.839687194525904E+009,-2.690378933481028E+001,7.226696781605877E+001,
7.843597262952102E+009,-2.672533575869375E+001,5.371484906194322E+001,
7.847507331378300E+009,-2.669254331086565E+001,3.314589151077967E+001,
7.851417399804497E+009,-2.695893062790148E+001,1.188117790308946E+001,
7.855327468230694E+009,-2.727973997112951E+001,-7.883336011248516E+000,
7.859237536656891E+009,-2.784002279788648E+001,-2.527277050886222E+001,
7.863147605083089E+009,-2.811033645287117E+001,-4.209786064976311E+001,
7.867057673509287E+009,-2.844618737091642E+001,-5.831195240864263E+001,
7.870967741935484E+009,-2.854767588173618E+001,-7.450281541820635E+001,
7.874877810361681E+009,-2.865336509520770E+001,-9.108637233469288E+001,
7.878787878787879E+009,-2.866933696742214E+001,-1.073629753199517E+002,
7.882697947214077E+009,-2.856457541502799E+001,-1.252963817065792E+002,
7.886608015640274E+009,-2.863973532332838E+001,-1.430667930792294E+002,
7.890518084066471E+009,-2.850445294823366E+001,-1.605150832515742E+002,
7.894428152492668E+009,-2.870313199183132E+001,1.799921343811778E+002,
7.898338220918866E+009,-2.917915869047044E+001,1.609650066907740E+002,
7.902248289345064E+009,-2.967675281020729E+001,1.417903567371091E+002,
7.906158357771261E+009,-3.032229432340046E+001,1.253615552950607E+002,
7.910068426197458E+009,-3.077269855691462E+001,1.118874088564583E+002,
7.913978494623655E+009,-3.087838261784831E+001,9.771315161698843E+001,
7.917888563049853E+009,-3.069385026089135E+001,8.404314382320644E+001,
7.921798631476051E+009,-3.096312704315080E+001,7.009993439222286E+001,
7.925708699902248E+009,-3.074753657884760E+001,5.576632111346174E+001,
7.929618768328445E+009,-2.978616801708128E+001,4.068526722297402E+001,
7.933528836754643E+009,-2.968097387139662E+001,1.960838811418218E+001,
7.937438905180841E+009,-2.968418655505854E+001,1.384132699405974E-001,
7.941348973607039E+009,-3.005502317594115E+001,-1.930331156345174E+001,
7.945259042033236E+009,-3.046405717576217E+001,-3.656213039239477E+001,
7.949169110459433E+009,-3.088358571408720E+001,-5.372246774816502E+001,
7.953079178885631E+009,-3.128502957518983E+001,-6.756398357840254E+001,
7.956989247311829E+009,-3.138326649531678E+001,-8.152150665641112E+001,
7.960899315738026E+009,-3.148870459217459E+001,-9.463666444778050E+001,
7.964809384164223E+009,-3.161748805005561E+001,-1.072927898695144E+002,
7.968719452590420E+009,-3.114440435229879E+001,-1.204823997200442E+002,
7.972629521016618E+009,-3.026538383138300E+001,-1.366971580023735E+002,
7.976539589442816E+009,-2.958154247971573E+001,-1.574610824395737E+002,
7.980449657869013E+009,-2.934900532848917E+001,-1.774727666379606E+002,
7.984359726295210E+009,-2.969691392536972E+001,1.629654917453834E+002,
7.988269794721408E+009,-3.009099547687416E+001,1.454814773991512E+002,
7.992179863147605E+009,-3.042205606730349E+001,1.275340971221775E+002,
7.996089931573803E+009,-3.078659837655303E+001,1.125894031002119E+002,
8.000000000000000E+009,-3.099018419637983E+001,9.897407930491295E+001,
