% Version 1.00
%
%freq[Hz];db:Trc1_S21;ang:Trc1_S21;
4.000000000000000E+009,-2.217459267310795E+001,-1.436457924730136E+002,
4.003910068426198E+009,-2.215571052562981E+001,-1.594783489493490E+002,
4.007820136852395E+009,-2.197714646940072E+001,-1.755627588237775E+002,
4.011730205278593E+009,-2.179355238095624E+001,1.681501938606614E+002,
4.015640273704790E+009,-2.160520979448487E+001,1.507632591801709E+002,
4.019550342130987E+009,-2.156183901279658E+001,1.327722801485743E+002,
4.023460410557185E+009,-2.149687921237591E+001,1.150749761473579E+002,
4.027370478983382E+009,-2.155511839539818E+001,9.781056703102402E+001,
4.031280547409580E+009,-2.153166946802691E+001,8.066674618199350E+001,
4.035190615835777E+009,-2.139554753840569E+001,6.427343276514951E+001,
4.039100684261975E+009,-2.137134467177248E+001,4.653886031496840E+001,
4.043010752688172E+009,-2.129720583833700E+001,2.959960946396134E+001,
4.046920821114369E+009,-2.102468482477715E+001,1.232811097964364E+001,
4.050830889540567E+009,-2.103554606292047E+001,-7.104208090213574E+000,
4.054740957966765E+009,-2.109044888536222E+001,-2.464514197515615E+001,
4.058651026392962E+009,-2.111041744608130E+001,-4.245016679089137E+001,
4.062561094819160E+009,-2.125789929161065E+001,-6.009270755088283E+001,
4.066471163245357E+009,-2.117249456544087E+001,-7.695506766550459E+001,
4.070381231671554E+009,-2.118306292265649E+001,-9.590489343192100E+001,
4.074291300097752E+009,-2.148941106933765E+001,-1.138499601685287E+002,
4.078201368523949E+009,-2.155855347899408E+001,-1.309754970569929E+002,
4.082111436950147E+009,-2.183855810840105E+001,-1.483639211635497E+002,
4.086021505376344E+009,-2.191185156987328E+001,-1.642847169578466E+002,
4.089931573802542E+009,-2.186564784695915E+001,1.789288740596288E+002,
4.093841642228739E+009,-2.201124007015598E+001,1.625084205964308E+002,
4.097751710654936E+009,-2.213606368432974E+001,1.465607851938009E+002,
4.101661779081134E+009,-2.211581719452854E+001,1.314556248881698E+002,
4.105571847507331E+009,-2.193188848159756E+001,1.150584760383472E+002,
4.109481915933529E+009,-2.168948701625077E+001,9.834441659306756E+001,
4.113391984359726E+009,-2.143905897953745E+001,8.120899920731134E+001,
4.117302052785924E+009,-2.103412074218298E+001,6.327919664381533E+001,
4.121212121212121E+009,-2.087633798566023E+001,4.238232365043174E+001,
4.125122189638319E+009,-2.117847737541268E+001,2.268190127016769E+001,
4.129032258064516E+009,-2.160315325182179E+001,4.955263089020634E+000,
4.132942326490714E+009,-2.169898647164959E+001,-1.119228519260346E+001,
4.136852394916911E+009,-2.173630392505642E+001,-2.878008071577434E+001,
4.140762463343109E+009,-2.202350462778477E+001,-4.555425666079771E+001,
4.144672531769306E+009,-2.223465694366838E+001,-6.006310936937611E+001,
4.148582600195503E+009,-2.174708607376122E+001,-7.462803950464489E+001,
4.152492668621701E+009,-2.146503056172200E+001,-9.272529616021845E+001,
4.156402737047898E+009,-2.116916617806876E+001,-1.120455883602075E+002,
4.160312805474096E+009,-2.121781569372946E+001,-1.316687399705245E+002,
4.164222873900293E+009,-2.140422008356150E+001,-1.507856922241372E+002,
4.168132942326491E+009,-2.170754484288845E+001,-1.682767364724111E+002,
4.172043010752688E+009,-2.187610036782309E+001,1.748445426835355E+002,
4.175953079178886E+009,-2.210596638374048E+001,1.579875464832968E+002,
4.179863147605083E+009,-2.228064329731240E+001,1.407717168231897E+002,
4.183773216031281E+009,-2.237034360004320E+001,1.247278345305555E+002,
4.187683284457478E+009,-2.241457161414257E+001,1.083272543343677E+002,
4.191593352883676E+009,-2.242435007730359E+001,9.247980445375585E+001,
4.195503421309873E+009,-2.233783693867230E+001,7.639123918751611E+001,
4.199413489736071E+009,-2.213550079116597E+001,5.970296563160285E+001,
4.203323558162268E+009,-2.206821003285489E+001,4.168594061397830E+001,
4.207233626588465E+009,-2.206294061496404E+001,2.323090555651988E+001,
4.211143695014663E+009,-2.220943465849672E+001,6.005497078333318E+000,
4.215053763440860E+009,-2.232220398424778E+001,-1.154380685491553E+001,
4.218963831867058E+009,-2.258164131352712E+001,-2.902769850008377E+001,
4.222873900293255E+009,-2.291265864396120E+001,-4.509846130243010E+001,
4.226783968719452E+009,-2.302454103339299E+001,-6.029340410581921E+001,
4.230694037145650E+009,-2.328187656334553E+001,-7.500498441882959E+001,
4.234604105571847E+009,-2.311311883046560E+001,-8.945761933452837E+001,
4.238514173998045E+009,-2.289872331802830E+001,-1.042082321675819E+002,
4.242424242424243E+009,-2.254681376604531E+001,-1.207861823976559E+002,
4.246334310850440E+009,-2.248272744013647E+001,-1.378345847695750E+002,
4.250244379276638E+009,-2.227586042569010E+001,-1.539585074258975E+002,
4.254154447702835E+009,-2.199583913732357E+001,-1.708303501860367E+002,
4.258064516129032E+009,-2.176479662345504E+001,1.710733768798734E+002,
4.261974584555230E+009,-2.177621805801697E+001,1.521959812101156E+002,
4.265884652981427E+009,-2.203257441234143E+001,1.357813720293001E+002,
4.269794721407625E+009,-2.211771345932171E+001,1.215054992928321E+002,
4.273704789833822E+009,-2.172567930141728E+001,1.065721782687213E+002,
4.277614858260019E+009,-2.141169207279374E+001,8.976056533504095E+001,
4.281524926686217E+009,-2.105759643077710E+001,7.191923899995524E+001,
4.285434995112414E+009,-2.089030100069438E+001,5.367953505779202E+001,
4.289345063538612E+009,-2.083640259130002E+001,3.734409216125621E+001,
4.293255131964809E+009,-2.060866276640913E+001,2.100189952219467E+001,
4.297165200391007E+009,-2.013755594625497E+001,4.356325773942220E+000,
4.301075268817205E+009,-1.960644065483951E+001,-1.423632961172094E+001,
4.304985337243402E+009,-1.933135063506380E+001,-3.457465875485417E+001,
4.308895405669600E+009,-1.948678608112961E+001,-5.401563357873268E+001,
4.312805474095797E+009,-1.958557692379177E+001,-7.145696622619472E+001,
4.316715542521994E+009,-1.956552787892735E+001,-8.979468845389670E+001,
4.320625610948192E+009,-1.959169012004715E+001,-1.071921399225943E+002,
4.324535679374389E+009,-1.940244742273430E+001,-1.242004285537868E+002,
4.328445747800587E+009,-1.935701788830792E+001,-1.422933730943247E+002,
4.332355816226784E+009,-1.921193986863323E+001,-1.594867799065008E+002,
4.336265884652982E+009,-1.887601489508238E+001,-1.776170478695119E+002,
4.340175953079179E+009,-1.881682536318607E+001,1.637471238773066E+002,
4.344086021505377E+009,-1.870025914911416E+001,1.453571060605276E+002,
4.347996089931574E+009,-1.868945884169423E+001,1.261147132803573E+002,
4.351906158357771E+009,-1.886114818646221E+001,1.078988989375923E+002,
4.355816226783969E+009,-1.884082478421525E+001,9.012433272494249E+001,
4.359726295210166E+009,-1.881806309274717E+001,7.141250119690702E+001,
4.363636363636364E+009,-1.883179675022564E+001,5.300599515330389E+001,
4.367546432062561E+009,-1.893964871528258E+001,3.527618211317153E+001,
4.371456500488758E+009,-1.899547721413218E+001,1.780627260775774E+001,
4.375366568914956E+009,-1.902825225432683E+001,-3.457162406875755E-001,
4.379276637341153E+009,-1.911783217862330E+001,-1.773821385504605E+001,
4.383186705767351E+009,-1.891090151758764E+001,-3.606605334123537E+001,
4.387096774193548E+009,-1.897383273032807E+001,-5.515169023064343E+001,
4.391006842619746E+009,-1.912618477509739E+001,-7.340866739666947E+001,
4.394916911045943E+009,-1.928426789618823E+001,-9.107979580299860E+001,
4.398826979472141E+009,-1.936389967409602E+001,-1.091773659273484E+002,
4.402737047898338E+009,-1.956880283001431E+001,-1.269751091812791E+002,
4.406647116324535E+009,-1.972005044895692E+001,-1.439998715253678E+002,
4.410557184750733E+009,-1.979683940228924E+001,-1.609763935542261E+002,
4.414467253176930E+009,-1.984112006893644E+001,-1.786444246263470E+002,
4.418377321603128E+009,-2.004310106474022E+001,1.630947826084411E+002,
4.422287390029326E+009,-2.018808160502711E+001,1.467037765284175E+002,
4.426197458455523E+009,-2.024872605594803E+001,1.297295430976707E+002,
4.430107526881721E+009,-2.035184613245474E+001,1.124827331776440E+002,
4.434017595307918E+009,-2.049444374611782E+001,9.642662259636616E+001,
4.437927663734116E+009,-2.038137163392082E+001,7.978038506216321E+001,
4.441837732160313E+009,-2.030252447081143E+001,6.196672655916644E+001,
4.445747800586511E+009,-2.030528575554028E+001,4.377727978564607E+001,
4.449657869012708E+009,-2.046067957003600E+001,2.621531627223430E+001,
4.453567937438905E+009,-2.054172993832351E+001,9.326848929632982E+000,
4.457478005865103E+009,-2.050567098709928E+001,-8.822672101403468E+000,
4.461388074291300E+009,-2.080525752245091E+001,-2.691438262351198E+001,
4.465298142717498E+009,-2.096085494946702E+001,-4.362809127343635E+001,
4.469208211143695E+009,-2.108211981297163E+001,-6.058455533246939E+001,
4.473118279569893E+009,-2.129287904096887E+001,-7.716839852886074E+001,
4.477028347996090E+009,-2.138483423879598E+001,-9.316472048396123E+001,
4.480938416422287E+009,-2.144862435174230E+001,-1.096350440907549E+002,
4.484848484848485E+009,-2.166698018639029E+001,-1.263093147888120E+002,
4.488758553274682E+009,-2.164850134842959E+001,-1.414175705923014E+002,
4.492668621700880E+009,-2.154017650912710E+001,-1.572707027751303E+002,
4.496578690127077E+009,-2.141295049708046E+001,-1.743045639135769E+002,
4.500488758553275E+009,-2.135645648903960E+001,1.685500381831109E+002,
4.504398826979472E+009,-2.130969271636567E+001,1.513119761096323E+002,
4.508308895405669E+009,-2.131749101235169E+001,1.345055119803214E+002,
4.512218963831867E+009,-2.124156690716577E+001,1.179526608771144E+002,
4.516129032258064E+009,-2.116279310415159E+001,1.009540149613685E+002,
4.520039100684262E+009,-2.118577580525845E+001,8.222465706739541E+001,
4.523949169110459E+009,-2.131999886432140E+001,6.504461110486548E+001,
4.527859237536657E+009,-2.137438113803430E+001,4.853880706907135E+001,
4.531769305962854E+009,-2.136173168258851E+001,3.160221977283318E+001,
4.535679374389051E+009,-2.142034394433673E+001,1.387250657429887E+001,
4.539589442815249E+009,-2.142002545307408E+001,-3.341396006306420E+000,
4.543499511241447E+009,-2.159792884334069E+001,-2.202135877988585E+001,
4.547409579667645E+009,-2.188440653173528E+001,-3.894403043784744E+001,
4.551319648093842E+009,-2.209183996614364E+001,-5.501530985406645E+001,
4.555229716520039E+009,-2.224875829881373E+001,-7.159850619081495E+001,
4.559139784946237E+009,-2.235387439567792E+001,-8.777328118084057E+001,
4.563049853372434E+009,-2.250599469181454E+001,-1.037790784217328E+002,
4.566959921798632E+009,-2.257889405337440E+001,-1.199108606722210E+002,
4.570869990224829E+009,-2.258177280113376E+001,-1.350034319915700E+002,
4.574780058651027E+009,-2.251387996790396E+001,-1.515045533360647E+002,
4.578690127077224E+009,-2.242296730652972E+001,-1.681904059516486E+002,
4.582600195503422E+009,-2.246807811510718E+001,1.746721709201740E+002,
4.586510263929619E+009,-2.249659210477185E+001,1.586935496372866E+002,
4.590420332355816E+009,-2.245261618766902E+001,1.421705871902867E+002,
4.594330400782014E+009,-2.259056162371506E+001,1.252274626366824E+002,
4.598240469208211E+009,-2.263957351272184E+001,1.094731530810168E+002,
4.602150537634409E+009,-2.273806233443445E+001,9.354419374997693E+001,
4.606060606060606E+009,-2.274793877059178E+001,7.882502514812431E+001,
4.609970674486803E+009,-2.259328391089834E+001,6.276622483528265E+001,
4.613880742913001E+009,-2.236906392134911E+001,4.683772810259737E+001,
4.617790811339198E+009,-2.217302560204026E+001,2.970444396346984E+001,
4.621700879765396E+009,-2.212015823999116E+001,1.307716217260453E+001,
4.625610948191593E+009,-2.206678379378228E+001,-2.919144098035447E+000,
4.629521016617791E+009,-2.179703968974182E+001,-1.935741391761167E+001,
4.633431085043988E+009,-2.152849224067920E+001,-3.782243844939207E+001,
4.637341153470186E+009,-2.152027758950327E+001,-5.506992929332271E+001,
4.641251221896383E+009,-2.138802037098409E+001,-7.256068980754968E+001,
4.645161290322580E+009,-2.146695935701874E+001,-9.062128141169161E+001,
4.649071358748778E+009,-2.149682905729267E+001,-1.079537489318342E+002,
4.652981427174975E+009,-2.153760171307344E+001,-1.252133217524512E+002,
4.656891495601173E+009,-2.160436066215425E+001,-1.414010091499566E+002,
4.660801564027371E+009,-2.161981161364948E+001,-1.572815743354528E+002,
4.664711632453568E+009,-2.131625854478785E+001,-1.726903179571895E+002,
4.668621700879766E+009,-2.106273016895212E+001,1.691582967967340E+002,
4.672531769305963E+009,-2.097155072328586E+001,1.512206913874537E+002,
4.676441837732161E+009,-2.081832007720942E+001,1.331104546664569E+002,
4.680351906158358E+009,-2.081985381095880E+001,1.144135813360134E+002,
4.684261974584556E+009,-2.097650997947687E+001,9.687664284630037E+001,
4.688172043010753E+009,-2.105895106677254E+001,7.961428537000604E+001,
4.692082111436951E+009,-2.113555237118782E+001,6.247026425322213E+001,
4.695992179863148E+009,-2.119005068270399E+001,4.604829326507216E+001,
4.699902248289345E+009,-2.117768383185080E+001,2.871520570248073E+001,
4.703812316715543E+009,-2.120787354142061E+001,1.244924895692234E+001,
4.707722385141740E+009,-2.112849461653783E+001,-4.407182514635130E+000,
4.711632453567938E+009,-2.103964040415979E+001,-2.115255350277300E+001,
4.715542521994135E+009,-2.094655650934400E+001,-3.830842306363420E+001,
4.719452590420332E+009,-2.084291211401531E+001,-5.629090306758002E+001,
4.723362658846530E+009,-2.085794370443912E+001,-7.462158719585261E+001,
4.727272727272727E+009,-2.094329318786905E+001,-9.220887511163375E+001,
4.731182795698925E+009,-2.096423326759098E+001,-1.098993146737473E+002,
4.735092864125122E+009,-2.104930518601774E+001,-1.279883895888033E+002,
4.739002932551320E+009,-2.128720568359913E+001,-1.456034148151904E+002,
4.742913000977517E+009,-2.137084612321436E+001,-1.623251686098052E+002,
4.746823069403714E+009,-2.148574109262000E+001,-1.787313369929796E+002,
4.750733137829912E+009,-2.158726984706403E+001,1.641443649143444E+002,
4.754643206256109E+009,-2.172108897525088E+001,1.480347130267147E+002,
4.758553274682307E+009,-2.168280103869222E+001,1.325690190804238E+002,
4.762463343108504E+009,-2.149309382177670E+001,1.155475321813437E+002,
4.766373411534702E+009,-2.145555521562461E+001,9.821210626691121E+001,
4.770283479960899E+009,-2.145282986227928E+001,8.049092050885076E+001,
4.774193548387096E+009,-2.158837225298989E+001,6.265346487454649E+001,
4.778103616813294E+009,-2.168026814380017E+001,4.603583702243655E+001,
4.782013685239492E+009,-2.174231579140887E+001,2.960399534005617E+001,
4.785923753665690E+009,-2.187234356836616E+001,1.152035692574467E+001,
4.789833822091887E+009,-2.195912122077481E+001,-5.041025058434641E+000,
4.793743890518084E+009,-2.207116590461828E+001,-2.116330683430313E+001,
4.797653958944282E+009,-2.219735436012195E+001,-3.798441569614785E+001,
4.801564027370479E+009,-2.223187441639889E+001,-5.403149704332272E+001,
4.805474095796677E+009,-2.230819392535235E+001,-7.128989338761220E+001,
4.809384164222874E+009,-2.247127485442832E+001,-8.802037674252493E+001,
4.813294232649072E+009,-2.258755155973157E+001,-1.038380022623597E+002,
4.817204301075269E+009,-2.273886710993433E+001,-1.194556139415406E+002,
4.821114369501467E+009,-2.287865366227788E+001,-1.350491390998546E+002,
4.825024437927664E+009,-2.278570754334170E+001,-1.507876586918600E+002,
4.828934506353861E+009,-2.282321678833150E+001,-1.665246860466956E+002,
4.832844574780059E+009,-2.265790843568595E+001,1.774435081193230E+002,
4.836754643206256E+009,-2.251156666745225E+001,1.602748741026891E+002,
4.840664711632454E+009,-2.256204436312935E+001,1.426551054810961E+002,
4.844574780058651E+009,-2.278277143568613E+001,1.257858659308902E+002,
4.848484848484848E+009,-2.299299280325691E+001,1.101130086082669E+002,
4.852394916911046E+009,-2.308477194005535E+001,9.592892617055692E+001,
4.856304985337243E+009,-2.299747474314139E+001,8.182694015210532E+001,
4.860215053763441E+009,-2.290156076400860E+001,6.602970926751522E+001,
4.864125122189638E+009,-2.263680498977567E+001,5.038224624727472E+001,
4.868035190615836E+009,-2.237488185431516E+001,3.464312583509445E+001,
4.871945259042033E+009,-2.222104320934187E+001,1.804484654418265E+001,
4.875855327468231E+009,-2.209827959001039E+001,1.488777165678729E+000,
4.879765395894428E+009,-2.198257777222402E+001,-1.453144068818620E+001,
4.883675464320625E+009,-2.176577043419009E+001,-3.057343849054147E+001,
4.887585532746823E+009,-2.150224186925828E+001,-4.679824498050049E+001,
4.891495601173020E+009,-2.129151467223792E+001,-6.386841000918570E+001,
4.895405669599218E+009,-2.122076797463688E+001,-8.055029487743511E+001,
4.899315738025415E+009,-2.096957861679280E+001,-9.625450683633943E+001,
4.903225806451613E+009,-2.073672771966974E+001,-1.121510578166029E+002,
4.907135874877811E+009,-2.025819724732166E+001,-1.287594783988691E+002,
4.911045943304008E+009,-1.984624527553319E+001,-1.465413301952306E+002,
4.914956011730206E+009,-1.958712496724836E+001,-1.647604751646620E+002,
4.918866080156403E+009,-1.940342684146169E+001,1.774107141085179E+002,
4.922776148582601E+009,-1.920069893371587E+001,1.595677599212874E+002,
4.926686217008798E+009,-1.893778394140846E+001,1.412516088978908E+002,
4.930596285434996E+009,-1.860916393738559E+001,1.231697301407629E+002,
4.934506353861193E+009,-1.847095875581780E+001,1.044387032952969E+002,
4.938416422287390E+009,-1.834521874488464E+001,8.567761679508539E+001,
4.942326490713588E+009,-1.823202813615809E+001,6.690937159713485E+001,
4.946236559139785E+009,-1.820419414645769E+001,4.817370120956424E+001,
4.950146627565983E+009,-1.821209584618439E+001,2.986070936558463E+001,
4.954056695992180E+009,-1.812655378996714E+001,1.200912694046086E+001,
4.957966764418377E+009,-1.804736710179349E+001,-6.463533497532092E+000,
4.961876832844575E+009,-1.802203571757407E+001,-2.528681827362755E+001,
4.965786901270772E+009,-1.800934585524316E+001,-4.354955983391469E+001,
4.969696969696970E+009,-1.793269284395053E+001,-6.214304123158230E+001,
4.973607038123167E+009,-1.803581140259789E+001,-8.125590227742021E+001,
4.977517106549365E+009,-1.813880107476481E+001,-9.974017165373611E+001,
4.981427174975562E+009,-1.815213816687623E+001,-1.181973230261371E+002,
4.985337243401759E+009,-1.833694595520931E+001,-1.373654931635506E+002,
4.989247311827957E+009,-1.860770131597314E+001,-1.553685435869901E+002,
4.993157380254154E+009,-1.885751492192914E+001,-1.728275419176474E+002,
4.997067448680352E+009,-1.910294578792214E+001,1.704283691386887E+002,
5.000977517106549E+009,-1.909669858358173E+001,1.541224343778134E+002,
5.004887585532747E+009,-1.900664804888065E+001,1.361265934733302E+002,
5.008797653958944E+009,-1.911325022673441E+001,1.180974733707669E+002,
5.012707722385141E+009,-1.918479000456026E+001,1.006964851723774E+002,
5.016617790811339E+009,-1.917098985488617E+001,8.224036042048120E+001,
5.020527859237536E+009,-1.940215270900356E+001,6.355169110472370E+001,
5.024437927663734E+009,-1.971657551868020E+001,4.618495194551498E+001,
5.028347996089932E+009,-1.994017314527875E+001,2.970392210950141E+001,
5.032258064516129E+009,-2.003645518036796E+001,1.278044613143881E+001,
5.036168132942327E+009,-2.020499758786316E+001,-3.072231103693536E+000,
5.040078201368524E+009,-2.022304692488326E+001,-1.935332047143144E+001,
5.043988269794722E+009,-2.015838250903116E+001,-3.627476679399022E+001,
5.047898338220919E+009,-2.010593534352008E+001,-5.407185940916541E+001,
5.051808406647117E+009,-2.018595598585990E+001,-7.153591298707732E+001,
5.055718475073314E+009,-2.027084837607951E+001,-8.925536145977250E+001,
5.059628543499512E+009,-2.044280267536222E+001,-1.062175050512603E+002,
5.063538611925709E+009,-2.044777638900257E+001,-1.241093716917997E+002,
5.067448680351906E+009,-2.069281268325075E+001,-1.407544286124922E+002,
5.071358748778104E+009,-2.100127113892160E+001,-1.575106049435144E+002,
5.075268817204301E+009,-2.115806593421770E+001,-1.722073743743798E+002,
5.079178885630499E+009,-2.095405938532302E+001,1.726954093129799E+002,
5.083088954056696E+009,-2.065254946485378E+001,1.561243684685849E+002,
5.086999022482893E+009,-2.051631662218551E+001,1.380079085053935E+002,
5.090909090909091E+009,-2.048567005334281E+001,1.200065372411357E+002,
5.094819159335288E+009,-2.058941481111808E+001,1.028320641747014E+002,
5.098729227761486E+009,-2.062862845864350E+001,8.566967084367408E+001,
5.102639296187683E+009,-2.061986958845950E+001,6.911676061248599E+001,
5.106549364613881E+009,-2.054366547696564E+001,5.215237760847828E+001,
5.110459433040078E+009,-2.037755765840082E+001,3.438829450322010E+001,
5.114369501466276E+009,-2.038662101034130E+001,1.606960030888788E+001,
5.118279569892473E+009,-2.044099909223245E+001,-1.755241359038502E+000,
5.122189638318670E+009,-2.054692397919277E+001,-1.910346766692326E+001,
5.126099706744868E+009,-2.059426438500836E+001,-3.583784057698954E+001,
5.130009775171065E+009,-2.055264957736444E+001,-5.293183175144591E+001,
5.133919843597263E+009,-2.062932950231348E+001,-7.065099289043299E+001,
5.137829912023460E+009,-2.058224017565117E+001,-8.787175701938929E+001,
5.141739980449657E+009,-2.057165427168329E+001,-1.057590799212721E+002,
5.145650048875855E+009,-2.051787263214118E+001,-1.235013745463946E+002,
5.149560117302053E+009,-2.046725069277989E+001,-1.414464206351092E+002,
5.153470185728251E+009,-2.040756199241817E+001,-1.595441729549732E+002,
5.157380254154448E+009,-2.052911451756640E+001,-1.773016869585323E+002,
5.161290322580645E+009,-2.051556051416625E+001,1.643130449662208E+002,
5.165200391006843E+009,-2.054984264683203E+001,1.463656024990340E+002,
5.169110459433041E+009,-2.052855073967903E+001,1.277245869725383E+002,
5.173020527859238E+009,-2.079589147554283E+001,1.091352874260721E+002,
5.176930596285435E+009,-2.092065488691734E+001,9.132472411803440E+001,
5.180840664711633E+009,-2.102892877929438E+001,7.344307530707623E+001,
5.184750733137830E+009,-2.119648082225354E+001,5.554913583038448E+001,
5.188660801564028E+009,-2.134678536435359E+001,3.786749752172916E+001,
5.192570869990225E+009,-2.136417191728757E+001,2.048854148975367E+001,
5.196480938416422E+009,-2.133198399444336E+001,1.464057860865752E+000,
5.200391006842620E+009,-2.155598925642861E+001,-1.745357312237726E+001,
5.204301075268817E+009,-2.175659779457419E+001,-3.763364467900080E+001,
5.208211143695015E+009,-2.213010272812741E+001,-5.646522375290333E+001,
5.212121212121212E+009,-2.277281587506163E+001,-7.599097009179243E+001,
5.216031280547409E+009,-2.354978138665924E+001,-9.315978889840726E+001,
5.219941348973607E+009,-2.419710030914075E+001,-1.085277224976541E+002,
5.223851417399805E+009,-2.454227063254644E+001,-1.236225225226232E+002,
5.227761485826002E+009,-2.487967602817184E+001,-1.403157186854755E+002,
5.231671554252199E+009,-2.530805601839682E+001,-1.556966489851709E+002,
5.235581622678397E+009,-2.564682640449352E+001,-1.700792548255513E+002,
5.239491691104594E+009,-2.580619299453416E+001,1.755150640227927E+002,
5.243401759530792E+009,-2.588022786949619E+001,1.607231475281782E+002,
5.247311827956989E+009,-2.580092710715697E+001,1.437126226275931E+002,
5.251221896383186E+009,-2.612123375292423E+001,1.252709022262576E+002,
5.255131964809384E+009,-2.674195307035896E+001,1.083845012686737E+002,
5.259042033235581E+009,-2.755457409219567E+001,9.354062533574329E+001,
5.262952101661779E+009,-2.817553873777076E+001,8.049134700130126E+001,
5.266862170087977E+009,-2.862269079625385E+001,6.888859030647635E+001,
5.270772238514174E+009,-2.897872687620922E+001,5.885863554580804E+001,
5.274682306940372E+009,-2.884465943885819E+001,5.155649691552667E+001,
5.278592375366570E+009,-2.793648089720771E+001,4.026843365025873E+001,
5.282502443792767E+009,-2.678100092435223E+001,2.623879736092271E+001,
5.286412512218964E+009,-2.592307654594644E+001,9.092551026735414E+000,
5.290322580645162E+009,-2.535427186524824E+001,-8.679998648914474E+000,
5.294232649071359E+009,-2.497944713191214E+001,-2.737660138150574E+001,
5.298142717497557E+009,-2.479597269194979E+001,-4.616862424948657E+001,
5.302052785923754E+009,-2.484162259205355E+001,-6.471831835605477E+001,
5.305962854349951E+009,-2.505010255877691E+001,-8.093174696284065E+001,
5.309872922776149E+009,-2.505763408961246E+001,-9.545993891043986E+001,
5.313782991202346E+009,-2.468712034188427E+001,-1.091115288196033E+002,
5.317693059628544E+009,-2.404059516024056E+001,-1.241737632882678E+002,
5.321603128054741E+009,-2.331965598085544E+001,-1.413611864797126E+002,
5.325513196480938E+009,-2.274261138301820E+001,-1.614962913598259E+002,
5.329423264907136E+009,-2.256335109705143E+001,1.778047693808080E+002,
5.333333333333333E+009,-2.252340353097180E+001,1.590591349906544E+002,
5.337243401759531E+009,-2.239036315813009E+001,1.397488913033679E+002,
5.341153470185728E+009,-2.250863655984022E+001,1.204556421270221E+002,
5.345063538611926E+009,-2.271257650718940E+001,1.023676312302204E+002,
5.348973607038123E+009,-2.290080836530919E+001,8.608994131273796E+001,
5.352883675464321E+009,-2.278999827818094E+001,7.059194223202982E+001,
5.356793743890518E+009,-2.253390550416357E+001,5.324869895983765E+001,
5.360703812316715E+009,-2.234626842988789E+001,3.554059780780173E+001,
5.364613880742913E+009,-2.221722096128902E+001,1.814719088033899E+001,
5.368523949169110E+009,-2.200001846783124E+001,3.623425074968079E-001,
5.372434017595308E+009,-2.171320393458919E+001,-1.857239736541439E+001,
5.376344086021505E+009,-2.161989443218862E+001,-3.793392810407514E+001,
5.380254154447702E+009,-2.162869013396770E+001,-5.718116479169395E+001,
5.384164222873900E+009,-2.174929652678628E+001,-7.616998963075675E+001,
5.388074291300098E+009,-2.189337227545035E+001,-9.426472914754777E+001,
5.391984359726296E+009,-2.200246383085465E+001,-1.113505246423790E+002,
5.395894428152493E+009,-2.196110002579776E+001,-1.291782606609428E+002,
5.399804496578690E+009,-2.196344506659738E+001,-1.476326597694192E+002,
5.403714565004888E+009,-2.203954441433907E+001,-1.661919188462121E+002,
5.407624633431086E+009,-2.223139773247092E+001,1.755867395689504E+002,
5.411534701857283E+009,-2.234748197650148E+001,1.581914946587825E+002,
5.415444770283480E+009,-2.245652348289775E+001,1.404364214687681E+002,
5.419354838709678E+009,-2.256899547886567E+001,1.235706824478237E+002,
5.423264907135875E+009,-2.255738902580289E+001,1.072829872648377E+002,
5.427174975562073E+009,-2.234712928490259E+001,8.923258633749218E+001,
5.431085043988270E+009,-2.231886133319428E+001,7.022527202022658E+001,
5.434995112414467E+009,-2.237009195485836E+001,5.167571072554999E+001,
5.438905180840665E+009,-2.243146444235187E+001,3.209220687533962E+001,
5.442815249266862E+009,-2.288109982533494E+001,1.386213162809655E+001,
5.446725317693060E+009,-2.304333992042207E+001,-3.161297561046195E+000,
5.450635386119257E+009,-2.326971412898022E+001,-2.009377123710554E+001,
5.454545454545454E+009,-2.340970429546748E+001,-3.758878570943451E+001,
5.458455522971652E+009,-2.356353662043907E+001,-5.404154726188821E+001,
5.462365591397850E+009,-2.356641801244485E+001,-7.088493572742993E+001,
5.466275659824047E+009,-2.352189456103875E+001,-8.740700830903535E+001,
5.470185728250244E+009,-2.337872500784923E+001,-1.051927789810885E+002,
5.474095796676442E+009,-2.316682700980573E+001,-1.243160883438258E+002,
5.478005865102639E+009,-2.342304946719520E+001,-1.448165254862046E+002,
5.481915933528837E+009,-2.366235548866495E+001,-1.635779328418068E+002,
5.485826001955034E+009,-2.417124292446176E+001,1.779344885409737E+002,
5.489736070381231E+009,-2.464166993311153E+001,1.602093592589109E+002,
5.493646138807429E+009,-2.499232263908167E+001,1.437461010444979E+002,
5.497556207233626E+009,-2.528884163223581E+001,1.276539515276207E+002,
5.501466275659824E+009,-2.543164637222183E+001,1.121177494552891E+002,
5.505376344086021E+009,-2.563419078303353E+001,9.514607537707590E+001,
5.509286412512219E+009,-2.568266677250669E+001,7.881538769496309E+001,
5.513196480938417E+009,-2.582180628085531E+001,6.350115908857634E+001,
5.517106549364615E+009,-2.562006729719104E+001,4.599715216453184E+001,
5.521016617790812E+009,-2.551530313131266E+001,2.732435735064622E+001,
5.524926686217009E+009,-2.574147865267404E+001,8.037497266768430E+000,
5.528836754643207E+009,-2.639320993670862E+001,-1.061689766387518E+001,
5.532746823069404E+009,-2.688194765247654E+001,-2.707134021923026E+001,
5.536656891495602E+009,-2.739262983414592E+001,-4.284323379991143E+001,
5.540566959921799E+009,-2.773722632749213E+001,-5.833760343683467E+001,
5.544477028347996E+009,-2.812160217709504E+001,-7.110859417556154E+001,
5.548387096774194E+009,-2.805378611634511E+001,-8.461466595613048E+001,
5.552297165200391E+009,-2.772825548570413E+001,-9.984546550969490E+001,
5.556207233626589E+009,-2.764660074652433E+001,-1.172266548817910E+002,
5.560117302052786E+009,-2.766336560899455E+001,-1.332597868484101E+002,
5.564027370478983E+009,-2.784096549001268E+001,-1.496778041254710E+002,
5.567937438905181E+009,-2.753865274142932E+001,-1.646763297558114E+002,
5.571847507331378E+009,-2.717645080032294E+001,1.776396050147239E+002,
5.575757575757576E+009,-2.711668648233407E+001,1.592437954296345E+002,
5.579667644183773E+009,-2.723572533460277E+001,1.400346755468814E+002,
5.583577712609971E+009,-2.727112962020017E+001,1.207307103672973E+002,
5.587487781036168E+009,-2.781892345389021E+001,1.012393923625080E+002,
5.591397849462366E+009,-2.866330368213447E+001,8.536329936500138E+001,
5.595307917888563E+009,-2.895202349673590E+001,7.318874818880769E+001,
5.599217986314760E+009,-2.893275853074263E+001,5.869457027339566E+001,
5.603128054740958E+009,-2.864559723486679E+001,4.285367788190008E+001,
5.607038123167155E+009,-2.848198445057461E+001,2.490013973369024E+001,
5.610948191593353E+009,-2.862820104381247E+001,6.518463739881383E+000,
5.614858260019550E+009,-2.905265644978010E+001,-9.715637287774756E+000,
5.618768328445747E+009,-2.930581889170132E+001,-2.538333461863774E+001,
5.622678396871945E+009,-2.939164788142436E+001,-4.138655659756246E+001,
5.626588465298142E+009,-2.967422730577890E+001,-5.776516474102644E+001,
5.630498533724340E+009,-3.008025419921334E+001,-7.355382210486683E+001,
5.634408602150538E+009,-3.030814454771527E+001,-8.808357145785948E+001,
5.638318670576735E+009,-3.056199259542481E+001,-1.031213146087050E+002,
5.642228739002933E+009,-3.064442906057172E+001,-1.145615451091660E+002,
5.646138807429131E+009,-3.058784437232009E+001,-1.305448667562830E+002,
5.650048875855328E+009,-3.067234311417378E+001,-1.458341107458822E+002,
5.653958944281525E+009,-3.055128982982154E+001,-1.590661548585365E+002,
5.657869012707723E+009,-3.058119109977720E+001,-1.732304197370004E+002,
5.661779081133920E+009,-3.049728557095461E+001,1.732498361921413E+002,
5.665689149560118E+009,-2.992945696111663E+001,1.570589283737483E+002,
5.669599217986315E+009,-3.016744671772141E+001,1.424675246420447E+002,
5.673509286412512E+009,-3.007997205692161E+001,1.314724175203932E+002,
5.677419354838710E+009,-2.957027205952732E+001,1.180645637673646E+002,
5.681329423264907E+009,-2.864357830339937E+001,1.027771915048174E+002,
5.685239491691105E+009,-2.817322428773962E+001,8.525468579874467E+001,
5.689149560117302E+009,-2.753181386727798E+001,6.755628365589956E+001,
5.693059628543499E+009,-2.699433725693056E+001,4.927019584022753E+001,
5.696969696969697E+009,-2.661311285825457E+001,3.240380789998602E+001,
5.700879765395895E+009,-2.639072211135575E+001,1.435685216214734E+001,
5.704789833822092E+009,-2.609887270524624E+001,-4.419261993971718E+000,
5.708699902248289E+009,-2.593308058739986E+001,-2.346611875263461E+001,
5.712609970674487E+009,-2.573775260016982E+001,-4.325386537970746E+001,
5.716520039100684E+009,-2.576548436739865E+001,-6.180512430680973E+001,
5.720430107526882E+009,-2.607374681239078E+001,-7.912761026565930E+001,
5.724340175953079E+009,-2.608439895913203E+001,-9.552610836742758E+001,
5.728250244379276E+009,-2.613693917857253E+001,-1.127074769950009E+002,
5.732160312805474E+009,-2.612610215381477E+001,-1.291535751436286E+002,
5.736070381231671E+009,-2.611116167389498E+001,-1.463543262826601E+002,
5.739980449657869E+009,-2.605142030716589E+001,-1.621132301351955E+002,
5.743890518084066E+009,-2.591008685593570E+001,-1.771248198747723E+002,
5.747800586510263E+009,-2.567215711435212E+001,1.659718580243243E+002,
5.751710654936461E+009,-2.542468195108846E+001,1.480783043333546E+002,
5.755620723362660E+009,-2.522445243167600E+001,1.296434497459950E+002,
5.759530791788857E+009,-2.524863793133752E+001,1.112641341352549E+002,
5.763440860215054E+009,-2.555454242765731E+001,9.397974639450743E+001,
5.767350928641252E+009,-2.566111595302795E+001,7.944119194512386E+001,
5.771260997067449E+009,-2.542844064154961E+001,6.460206506522854E+001,
5.775171065493647E+009,-2.529134671716962E+001,4.831840295974821E+001,
5.779081133919844E+009,-2.456469033471810E+001,3.232643932114151E+001,
5.782991202346041E+009,-2.442784902109497E+001,1.496457452266925E+001,
5.786901270772239E+009,-2.417684259028568E+001,-2.363566716818745E+000,
5.790811339198436E+009,-2.394589944786414E+001,-2.061688480030639E+001,
5.794721407624634E+009,-2.385107002463806E+001,-3.952405578825159E+001,
5.798631476050831E+009,-2.376258656084814E+001,-5.610597887182888E+001,
5.802541544477028E+009,-2.348763973057415E+001,-7.513277167261269E+001,
5.806451612903226E+009,-2.343347355501811E+001,-9.307028120015067E+001,
5.810361681329423E+009,-2.334122435186740E+001,-1.106927805625029E+002,
5.814271749755621E+009,-2.321825056150953E+001,-1.286297018185979E+002,
5.818181818181818E+009,-2.312263683379390E+001,-1.464757468263437E+002,
5.822091886608016E+009,-2.301768124979627E+001,-1.639969335038671E+002,
5.826001955034213E+009,-2.280550738054854E+001,1.786788267949767E+002,
5.829912023460411E+009,-2.274119613731291E+001,1.599087905577369E+002,
5.833822091886608E+009,-2.270519989808744E+001,1.419943760636182E+002,
5.837732160312805E+009,-2.251780289476123E+001,1.243231807539671E+002,
5.841642228739003E+009,-2.232034959284885E+001,1.048818832702628E+002,
5.845552297165200E+009,-2.231394687492905E+001,8.461598375362667E+001,
5.849462365591398E+009,-2.255811357120207E+001,6.498711042633244E+001,
5.853372434017595E+009,-2.296505880698490E+001,4.763107120228712E+001,
5.857282502443792E+009,-2.299086508789875E+001,3.066329118832499E+001,
5.861192570869990E+009,-2.300376848050547E+001,1.357462077456218E+001,
5.865102639296187E+009,-2.294326374095279E+001,-3.915973115673502E+000,
5.869012707722385E+009,-2.287333860145397E+001,-2.229306849298024E+001,
5.872922776148583E+009,-2.305792475686804E+001,-4.071199643888122E+001,
5.876832844574780E+009,-2.330783790708434E+001,-5.885165606643886E+001,
5.880742913000978E+009,-2.354430566062412E+001,-7.522431011958707E+001,
5.884652981427176E+009,-2.338810541227782E+001,-9.105636109543129E+001,
5.888563049853373E+009,-2.308857996100707E+001,-1.101087752541432E+002,
5.892473118279570E+009,-2.312614410364958E+001,-1.307632807633951E+002,
5.896383186705768E+009,-2.360199269321704E+001,-1.502422675220389E+002,
5.900293255131965E+009,-2.415185199715040E+001,-1.671266950392674E+002,
5.904203323558163E+009,-2.459675959568734E+001,1.764706644272549E+002,
5.908113391984360E+009,-2.487810241290189E+001,1.614994599040370E+002,
5.912023460410557E+009,-2.510784194866442E+001,1.464577075971238E+002,
5.915933528836755E+009,-2.506744474769673E+001,1.310562418217602E+002,
5.919843597262952E+009,-2.515972676756290E+001,1.151372855850909E+002,
5.923753665689150E+009,-2.528967563862711E+001,9.967595267016372E+001,
5.927663734115347E+009,-2.517500620692854E+001,8.553345136609049E+001,
5.931573802541544E+009,-2.495883498704593E+001,6.804197100858161E+001,
5.935483870967742E+009,-2.490946993109246E+001,5.068049342547602E+001,
5.939393939393940E+009,-2.512502248577875E+001,3.379342238070109E+001,
5.943304007820137E+009,-2.517814123799562E+001,1.937486357579723E+001,
5.947214076246334E+009,-2.507628952508228E+001,4.439307267448258E+000,
5.951124144672532E+009,-2.501905785067002E+001,-1.168538436438220E+001,
5.955034213098729E+009,-2.489088377421698E+001,-2.561333102674938E+001,
5.958944281524927E+009,-2.442799060608039E+001,-4.049000060092509E+001,
5.962854349951124E+009,-2.396647579358305E+001,-5.761607450651604E+001,
5.966764418377321E+009,-2.369103996650245E+001,-7.469438663650162E+001,
5.970674486803519E+009,-2.337167119243192E+001,-9.217194011331631E+001,
5.974584555229716E+009,-2.294471608099365E+001,-1.095525041412969E+002,
5.978494623655914E+009,-2.255017612503037E+001,-1.294888819028859E+002,
5.982404692082111E+009,-2.253760498589473E+001,-1.496275584896416E+002,
5.986314760508308E+009,-2.273327038512677E+001,-1.681198328557997E+002,
5.990224828934506E+009,-2.286358297507700E+001,1.753676332850596E+002,
5.994134897360704E+009,-2.271762708762604E+001,1.592600457126812E+002,
5.998044965786902E+009,-2.263227201374176E+001,1.419381199929849E+002,
6.001955034213099E+009,-2.258970552396294E+001,1.247037431766849E+002,
6.005865102639297E+009,-2.243336199232985E+001,1.074871931984624E+002,
6.009775171065494E+009,-2.217500663599635E+001,9.005318643550874E+001,
6.013685239491692E+009,-2.201273465608049E+001,7.264424269652903E+001,
6.017595307917889E+009,-2.170308953161550E+001,5.570385495510667E+001,
6.021505376344086E+009,-2.137877257921431E+001,3.747865562429478E+001,
6.025415444770284E+009,-2.115399079221805E+001,1.744185537859948E+001,
6.029325513196481E+009,-2.113711393166464E+001,-2.453900297507344E+000,
6.033235581622679E+009,-2.119949009552452E+001,-2.191134145814501E+001,
6.037145650048876E+009,-2.134216607219465E+001,-4.069925307011378E+001,
6.041055718475073E+009,-2.155546142024520E+001,-5.941390658961178E+001,
6.044965786901271E+009,-2.171276296993013E+001,-7.620922060437459E+001,
6.048875855327468E+009,-2.179460683269993E+001,-9.320329816627260E+001,
6.052785923753666E+009,-2.184983059328015E+001,-1.109180162374500E+002,
6.056695992179863E+009,-2.182417626180609E+001,-1.276635600649119E+002,
6.060606060606061E+009,-2.167034984339282E+001,-1.444037564425881E+002,
6.064516129032258E+009,-2.150697050294286E+001,-1.632940730342818E+002,
6.068426197458456E+009,-2.147996022388573E+001,1.779898397625130E+002,
6.072336265884653E+009,-2.152652339591640E+001,1.587434534688659E+002,
6.076246334310850E+009,-2.162005855070393E+001,1.399533744314913E+002,
6.080156402737048E+009,-2.180684168947245E+001,1.211558694038904E+002,
6.084066471163245E+009,-2.204659716798965E+001,1.036160452461638E+002,
6.087976539589443E+009,-2.223573551055778E+001,8.634463533637815E+001,
6.091886608015640E+009,-2.225716738430183E+001,6.918552874212462E+001,
6.095796676441837E+009,-2.234038303239126E+001,5.101593266183911E+001,
6.099706744868035E+009,-2.252211117808331E+001,3.384592846225002E+001,
6.103616813294232E+009,-2.247868620768078E+001,1.778925288999092E+001,
6.107526881720430E+009,-2.230912401193459E+001,-6.365843647321851E-001,
6.111436950146627E+009,-2.241057181930903E+001,-1.907547982457641E+001,
6.115347018572825E+009,-2.239928684456624E+001,-3.783282565198243E+001,
6.119257086999023E+009,-2.263122467413778E+001,-5.710370824606319E+001,
6.123167155425221E+009,-2.283538404843977E+001,-7.493472445794892E+001,
6.127077223851418E+009,-2.308612737800377E+001,-9.354751767424445E+001,
6.130987292277615E+009,-2.337851385987142E+001,-1.113863849175395E+002,
6.134897360703813E+009,-2.367517689282097E+001,-1.285833474783850E+002,
6.138807429130010E+009,-2.408324781072610E+001,-1.465631402517939E+002,
6.142717497556208E+009,-2.456762471262962E+001,-1.612492138883733E+002,
6.146627565982405E+009,-2.464770783177319E+001,-1.759619070348789E+002,
6.150537634408602E+009,-2.455138209776789E+001,1.687925196946761E+002,
6.154447702834800E+009,-2.438101830572588E+001,1.523845185273157E+002,
6.158357771260998E+009,-2.409199304523655E+001,1.351783393461431E+002,
6.162267839687195E+009,-2.398855632995073E+001,1.160643495186957E+002,
6.166177908113392E+009,-2.398967388120824E+001,9.591539657890861E+001,
6.170087976539589E+009,-2.443641411544864E+001,7.759745035993561E+001,
6.173998044965787E+009,-2.476341335911155E+001,6.074831862122513E+001,
6.177908113391985E+009,-2.499741048548542E+001,4.471934950377351E+001,
6.181818181818182E+009,-2.512570292966852E+001,2.794288343514699E+001,
6.185728250244379E+009,-2.528394699605073E+001,1.068798168727027E+001,
6.189638318670576E+009,-2.548531915408379E+001,-3.691562329142329E+000,
6.193548387096774E+009,-2.545886250514248E+001,-1.953485792141892E+001,
6.197458455522972E+009,-2.524064797150219E+001,-3.555363297863135E+001,
6.201368523949169E+009,-2.517813230193999E+001,-5.309077834897695E+001,
6.205278592375366E+009,-2.496707836382860E+001,-7.085539900738941E+001,
6.209188660801564E+009,-2.486438258730497E+001,-8.880367960532216E+001,
6.213098729227762E+009,-2.492741708466626E+001,-1.071832233843777E+002,
6.217008797653959E+009,-2.502296747255664E+001,-1.263977795234692E+002,
6.220918866080156E+009,-2.515324000935217E+001,-1.439039987673294E+002,
6.224828934506353E+009,-2.526438411352937E+001,-1.623855048336625E+002,
6.228739002932551E+009,-2.545761357185857E+001,1.797319392659479E+002,
6.232649071358749E+009,-2.591488480368730E+001,1.622032617759319E+002,
6.236559139784946E+009,-2.605427040964096E+001,1.463045815292932E+002,
6.240469208211144E+009,-2.610970796798146E+001,1.305961455877384E+002,
6.244379276637341E+009,-2.617924911495099E+001,1.143385325470507E+002,
6.248289345063539E+009,-2.602278963007822E+001,9.764458042432877E+001,
6.252199413489737E+009,-2.604894418476845E+001,7.981144596498022E+001,
6.256109481915934E+009,-2.597478157088120E+001,6.319663977563737E+001,
6.260019550342131E+009,-2.582941278963320E+001,4.524439866376958E+001,
6.263929618768329E+009,-2.585405967154069E+001,2.615694143645473E+001,
6.267839687194526E+009,-2.584970789127554E+001,6.459431399419929E+000,
6.271749755620724E+009,-2.600640941735794E+001,-1.332303160972890E+001,
6.275659824046921E+009,-2.641288470378397E+001,-3.258689278988577E+001,
6.279569892473118E+009,-2.721117386742307E+001,-5.017514981995241E+001,
6.283479960899316E+009,-2.776560762365183E+001,-6.516647500529875E+001,
6.287390029325514E+009,-2.785781176289016E+001,-7.945636926587343E+001,
6.291300097751711E+009,-2.761084967537977E+001,-9.402215073901850E+001,
6.295210166177908E+009,-2.745578804666107E+001,-1.129279646840731E+002,
6.299120234604105E+009,-2.730779115592462E+001,-1.314165058731181E+002,
6.303030303030303E+009,-2.735139938307155E+001,-1.507864098906872E+002,
6.306940371456501E+009,-2.789427234957597E+001,-1.708820028788143E+002,
6.310850439882698E+009,-2.833393853309214E+001,1.697764996856726E+002,
6.314760508308895E+009,-2.887614082332454E+001,1.511540451980390E+002,
6.318670576735093E+009,-2.962939732392440E+001,1.333559726449097E+002,
6.322580645161290E+009,-3.042809975188584E+001,1.176157336191786E+002,
6.326490713587488E+009,-3.094938611524718E+001,1.024223118428115E+002,
6.330400782013685E+009,-3.147843536589143E+001,8.866240944290131E+001,
6.334310850439882E+009,-3.195788339325409E+001,7.502385533153448E+001,
6.338220918866080E+009,-3.233901538057601E+001,6.071884707049644E+001,
6.342130987292278E+009,-3.247348485191851E+001,4.506050198924326E+001,
6.346041055718475E+009,-3.298889578695078E+001,3.347757513945082E+001,
6.349951124144672E+009,-3.244762859144527E+001,2.204794959947192E+001,
6.353861192570869E+009,-3.180135696267190E+001,4.031407303784163E+000,
6.357771260997068E+009,-3.192880755952694E+001,-1.814316639538297E+001,
6.361681329423266E+009,-3.299896309958589E+001,-3.918181416317898E+001,
6.365591397849463E+009,-3.438866804342410E+001,-5.255386834641877E+001,
6.369501466275660E+009,-3.469542721369837E+001,-6.157503505427322E+001,
6.373411534701857E+009,-3.497031366854990E+001,-7.322549275433619E+001,
6.377321603128055E+009,-3.514801675102589E+001,-8.425708139153693E+001,
6.381231671554253E+009,-3.482268547521102E+001,-9.341252963041571E+001,
6.385141739980450E+009,-3.390048392106011E+001,-1.057308017566169E+002,
6.389051808406647E+009,-3.335393324399898E+001,-1.235527313857037E+002,
6.392961876832845E+009,-3.301202765215945E+001,-1.400158040299521E+002,
6.396871945259043E+009,-3.271107383128545E+001,-1.583850417653618E+002,
6.400782013685240E+009,-3.301476500037646E+001,-1.778876694098716E+002,
6.404692082111437E+009,-3.383575419850043E+001,1.658985045211254E+002,
6.408602150537634E+009,-3.428953489342091E+001,1.548033001872219E+002,
6.412512218963832E+009,-3.431587650981865E+001,1.453361649581815E+002,
6.416422287390030E+009,-3.365114982046650E+001,1.351857434299806E+002,
6.420332355816227E+009,-3.276067414594987E+001,1.207024182035924E+002,
6.424242424242424E+009,-3.211865696538164E+001,1.046098833338936E+002,
6.428152492668621E+009,-3.163563284885699E+001,8.950730457402074E+001,
6.432062561094819E+009,-3.067116369535065E+001,7.388967404601831E+001,
6.435972629521017E+009,-2.988919706836963E+001,5.356526113678733E+001,
6.439882697947214E+009,-2.955644418470218E+001,3.262846445610387E+001,
6.443792766373411E+009,-2.960931807422395E+001,1.187678231128890E+001,
6.447702834799609E+009,-2.982013756746536E+001,-5.865850537961594E+000,
6.451612903225807E+009,-3.003607692774376E+001,-2.162372494077315E+001,
6.455522971652004E+009,-2.969953178305523E+001,-3.567360372005901E+001,
6.459433040078201E+009,-2.953731801712376E+001,-5.272877011831084E+001,
6.463343108504398E+009,-2.916082718415327E+001,-6.908805297605473E+001,
6.467253176930596E+009,-2.888458352582284E+001,-8.698639054898840E+001,
6.471163245356794E+009,-2.832038749608565E+001,-1.035070012203856E+002,
6.475073313782991E+009,-2.793563813046493E+001,-1.229728956285597E+002,
6.478983382209189E+009,-2.767777830142498E+001,-1.428408042371614E+002,
6.482893450635386E+009,-2.757476542554737E+001,-1.629640682133931E+002,
6.486803519061584E+009,-2.759645230105442E+001,1.776688211759295E+002,
6.490713587487782E+009,-2.768133463384755E+001,1.578750073813518E+002,
6.494623655913979E+009,-2.791352474891636E+001,1.386612051123508E+002,
6.498533724340176E+009,-2.830663337243523E+001,1.207804503855210E+002,
6.502443792766374E+009,-2.865639503466831E+001,1.036270318005221E+002,
6.506353861192571E+009,-2.870239637800153E+001,8.811729542841599E+001,
6.510263929618769E+009,-2.879794421006104E+001,7.205098806698953E+001,
6.514173998044966E+009,-2.860799015979950E+001,5.696255027735591E+001,
6.518084066471163E+009,-2.834255618453474E+001,3.916945236049417E+001,
6.521994134897361E+009,-2.814341462318572E+001,2.069017643108516E+001,
6.525904203323559E+009,-2.806477355676221E+001,1.112393150454596E+000,
6.529814271749756E+009,-2.834619802822619E+001,-1.822016297060559E+001,
6.533724340175953E+009,-2.846543938636974E+001,-3.600049475729460E+001,
6.537634408602150E+009,-2.867362412702445E+001,-5.356717900371386E+001,
6.541544477028348E+009,-2.887709875330524E+001,-7.058191707993362E+001,
6.545454545454546E+009,-2.925003378175646E+001,-8.691108100033851E+001,
6.549364613880743E+009,-2.923834482060818E+001,-1.029085987077743E+002,
6.553274682306940E+009,-2.913166993867507E+001,-1.197051633442123E+002,
6.557184750733138E+009,-2.915516165517538E+001,-1.369940850066017E+002,
6.561094819159335E+009,-2.919621184069791E+001,-1.528481572794846E+002,
6.565004887585533E+009,-2.888591323483706E+001,-1.705748475307333E+002,
6.568914956011730E+009,-2.882591929820787E+001,1.704066976644275E+002,
6.572825024437927E+009,-2.888011051773395E+001,1.504264739094222E+002,
6.576735092864125E+009,-2.909054818871974E+001,1.297489617521164E+002,
6.580645161290323E+009,-2.976592644957380E+001,1.096832306360519E+002,
6.584555229716520E+009,-3.054772755738951E+001,9.307831079417261E+001,
6.588465298142717E+009,-3.062243483988184E+001,7.832606190729347E+001,
6.592375366568914E+009,-3.088764689869675E+001,6.149811310747167E+001,
6.596285434995112E+009,-3.139417760413839E+001,4.375150762294611E+001,
6.600195503421310E+009,-3.187355694855499E+001,2.787272950471385E+001,
6.604105571847508E+009,-3.259778692843965E+001,1.293278830038233E+001,
6.608015640273705E+009,-3.281237574607112E+001,1.205811167559394E+000,
6.611925708699902E+009,-3.264973780761010E+001,-1.444521797725682E+001,
6.615835777126100E+009,-3.268994967103083E+001,-3.040392707777657E+001,
6.619745845552298E+009,-3.288794203410487E+001,-4.662679092706311E+001,
6.623655913978495E+009,-3.317398644283875E+001,-6.252860901413993E+001,
6.627565982404692E+009,-3.340335435003239E+001,-7.888925095995171E+001,
6.631476050830890E+009,-3.395597220099894E+001,-9.300044820627122E+001,
6.635386119257088E+009,-3.425684384989405E+001,-1.066060096844617E+002,
6.639296187683285E+009,-3.414190102430887E+001,-1.192014867840473E+002,
6.643206256109482E+009,-3.447066308272851E+001,-1.353827353470430E+002,
6.647116324535679E+009,-3.491021713384949E+001,-1.458562554041462E+002,
6.651026392961877E+009,-3.451064057240671E+001,-1.552328479568918E+002,
6.654936461388075E+009,-3.389231915785236E+001,-1.670652636097025E+002,
6.658846529814272E+009,-3.284034824189885E+001,1.788382833174462E+002,
6.662756598240469E+009,-3.195951336839077E+001,1.606996160750676E+002,
6.666666666666666E+009,-3.167344776121365E+001,1.407399735101480E+002,
6.670576735092864E+009,-3.168532822349661E+001,1.229643362200429E+002,
6.674486803519062E+009,-3.171922808237508E+001,1.061815079188612E+002,
6.678396871945259E+009,-3.157414318830642E+001,9.049602041177000E+001,
6.682306940371456E+009,-3.124997585100284E+001,7.512183997462674E+001,
6.686217008797654E+009,-3.083929669694282E+001,5.814824942402360E+001,
6.690127077223852E+009,-3.051153336633110E+001,3.981012040694558E+001,
6.694037145650049E+009,-3.049610000689704E+001,2.198776171824881E+001,
6.697947214076246E+009,-3.014845374997158E+001,5.374749307127908E+000,
6.701857282502443E+009,-2.967731270429404E+001,-1.421289379779343E+001,
6.705767350928641E+009,-2.963435720131990E+001,-3.538481890314859E+001,
6.709677419354839E+009,-3.008251737688449E+001,-5.643919327763327E+001,
6.713587487781036E+009,-3.072981309241965E+001,-7.351811114186049E+001,
6.717497556207233E+009,-3.104631620092517E+001,-8.909441469868381E+001,
6.721407624633431E+009,-3.138402793788440E+001,-1.050492511553692E+002,
6.725317693059629E+009,-3.149168345143806E+001,-1.205824126436134E+002,
6.729227761485827E+009,-3.168780145912938E+001,-1.364479946560010E+002,
6.733137829912024E+009,-3.210129923466253E+001,-1.526748661145062E+002,
6.737047898338221E+009,-3.232269252253731E+001,-1.648995967321642E+002,
6.740957966764419E+009,-3.222648654691711E+001,-1.780461971788367E+002,
6.744868035190616E+009,-3.201386022307025E+001,1.676830842641134E+002,
6.748778103616814E+009,-3.152472222636044E+001,1.541150932487153E+002,
6.752688172043011E+009,-3.091393448596691E+001,1.365566154804018E+002,
6.756598240469208E+009,-3.070497286278112E+001,1.160098621673061E+002,
6.760508308895406E+009,-3.125019898866410E+001,9.668351342434482E+001,
6.764418377321604E+009,-3.202143503234829E+001,8.125027948137509E+001,
6.768328445747801E+009,-3.255796306353800E+001,7.050861538877345E+001,
6.772238514173998E+009,-3.260589157641742E+001,6.032939490829451E+001,
6.776148582600195E+009,-3.220472133356260E+001,5.172739612930214E+001,
6.780058651026393E+009,-3.128723472091178E+001,4.036167343903616E+001,
6.783968719452591E+009,-3.019853973003574E+001,2.692813426400335E+001,
6.787878787878788E+009,-2.887361800547577E+001,9.503286372098877E+000,
6.791788856304985E+009,-2.791505054812654E+001,-1.105593017678789E+001,
6.795698924731183E+009,-2.760829057988643E+001,-3.182677670516473E+001,
6.799608993157380E+009,-2.757503486018324E+001,-5.103951616363823E+001,
6.803519061583578E+009,-2.767694313212886E+001,-6.978555317347497E+001,
6.807429130009775E+009,-2.776600172803813E+001,-8.609471480658259E+001,
6.811339198435972E+009,-2.763284659659323E+001,-9.982966182454717E+001,
6.815249266862170E+009,-2.717082508798860E+001,-1.140320353877407E+002,
6.819159335288368E+009,-2.644450281646683E+001,-1.307563780107430E+002,
6.823069403714565E+009,-2.590035620462912E+001,-1.489710696723429E+002,
6.826979472140762E+009,-2.549548143150528E+001,-1.667641933041008E+002,
6.830889540566959E+009,-2.504227876209645E+001,1.758546880958349E+002,
6.834799608993157E+009,-2.442313765747061E+001,1.569263225438372E+002,
6.838709677419355E+009,-2.397768472786941E+001,1.377405191180298E+002,
6.842619745845552E+009,-2.369062724685533E+001,1.180914936151238E+002,
6.846529814271750E+009,-2.358855062376975E+001,9.793008319785547E+001,
6.850439882697948E+009,-2.343467343615050E+001,7.896482654405827E+001,
6.854349951124145E+009,-2.345083083864027E+001,6.123339093154658E+001,
6.858260019550343E+009,-2.320393382872519E+001,4.390975094429029E+001,
6.862170087976540E+009,-2.294206301686884E+001,2.621646735729319E+001,
6.866080156402737E+009,-2.265324542677473E+001,7.662567330962641E+000,
6.869990224828935E+009,-2.233432587442452E+001,-1.151489444292572E+001,
6.873900293255133E+009,-2.208909166625538E+001,-3.111423367407878E+001,
6.877810361681330E+009,-2.198837894884640E+001,-5.080024779270714E+001,
6.881720430107527E+009,-2.179750944570742E+001,-7.027008214330853E+001,
6.885630498533724E+009,-2.166634393125108E+001,-9.102504026647179E+001,
6.889540566959922E+009,-2.177782877886876E+001,-1.104811749143758E+002,
6.893450635386120E+009,-2.181998052077545E+001,-1.298251792403212E+002,
6.897360703812317E+009,-2.195224732847613E+001,-1.497573041794978E+002,
6.901270772238514E+009,-2.218943391943189E+001,-1.684456732221773E+002,
6.905180840664711E+009,-2.245441469441579E+001,1.739225805599009E+002,
6.909090909090909E+009,-2.261292529596872E+001,1.567667622926799E+002,
6.913000977517107E+009,-2.263275781231622E+001,1.399733316123844E+002,
6.916911045943304E+009,-2.246749772717049E+001,1.231142410570963E+002,
6.920821114369501E+009,-2.214868477973010E+001,1.051033419632959E+002,
6.924731182795699E+009,-2.202690777723644E+001,8.611828416906222E+001,
6.928641251221897E+009,-2.182459498418384E+001,6.648010836329016E+001,
6.932551319648094E+009,-2.179698219701051E+001,4.642282405124122E+001,
6.936461388074291E+009,-2.207693286482724E+001,2.658557988925993E+001,
6.940371456500488E+009,-2.229837890268168E+001,7.426191702778590E+000,
6.944281524926686E+009,-2.251872608267587E+001,-1.120573657253748E+001,
6.948191593352884E+009,-2.261630291192856E+001,-2.892908195654949E+001,
6.952101661779081E+009,-2.287594881401716E+001,-4.827345040400260E+001,
6.956011730205278E+009,-2.318750338694299E+001,-6.567119980165587E+001,
6.959921798631475E+009,-2.337930943923595E+001,-8.217596716500444E+001,
6.963831867057674E+009,-2.340423229582999E+001,-9.903626230789872E+001,
6.967741935483872E+009,-2.325648789756838E+001,-1.167283208332379E+002,
6.971652003910069E+009,-2.322883928346937E+001,-1.360191377091580E+002,
6.975562072336266E+009,-2.344787907644599E+001,-1.554316400679320E+002,
6.979472140762464E+009,-2.362903603191502E+001,-1.748015060190096E+002,
6.983382209188661E+009,-2.402389904312569E+001,1.667041424862679E+002,
6.987292277614859E+009,-2.423908469252849E+001,1.486965809812035E+002,
6.991202346041056E+009,-2.469803181538446E+001,1.311666238272684E+002,
6.995112414467253E+009,-2.508654550932690E+001,1.146240559396360E+002,
6.999022482893451E+009,-2.544980806237968E+001,9.927872970941678E+001,
7.002932551319649E+009,-2.557281632373138E+001,8.487923549981710E+001,
7.006842619745846E+009,-2.555772475909232E+001,6.990533217728138E+001,
7.010752688172043E+009,-2.528959435545040E+001,5.159810162125201E+001,
7.014662756598240E+009,-2.525083933262424E+001,3.252477419239857E+001,
7.018572825024438E+009,-2.542143864241046E+001,1.401546622589544E+001,
7.022482893450636E+009,-2.579647368614109E+001,-3.583867681856526E+000,
7.026392961876833E+009,-2.605017040065618E+001,-1.974101337956643E+001,
7.030303030303030E+009,-2.622272604629128E+001,-3.623501836469542E+001,
7.034213098729228E+009,-2.638714496122170E+001,-5.382271987504450E+001,
7.038123167155425E+009,-2.665032949558615E+001,-7.090363394822153E+001,
7.042033235581623E+009,-2.707899267801275E+001,-8.678939137739182E+001,
7.045943304007820E+009,-2.716742537008587E+001,-1.002236879494538E+002,
7.049853372434017E+009,-2.690977249222368E+001,-1.148968278679817E+002,
7.053763440860215E+009,-2.661605551152154E+001,-1.311766746204843E+002,
7.057673509286413E+009,-2.646929682449961E+001,-1.485524148228450E+002,
7.061583577712610E+009,-2.644630141662073E+001,-1.666137844615840E+002,
7.065493646138807E+009,-2.652335140630564E+001,1.766951236296488E+002,
7.069403714565004E+009,-2.640829740619921E+001,1.599960377197841E+002,
7.073313782991202E+009,-2.635163378553250E+001,1.418487289340542E+002,
7.077223851417400E+009,-2.653428007058039E+001,1.252565502678799E+002,
7.081133919843597E+009,-2.639078787829622E+001,1.079129374673818E+002,
7.085043988269795E+009,-2.638171760702475E+001,9.159812795965399E+001,
7.088954056695993E+009,-2.639640689869385E+001,7.367081244957210E+001,
7.092864125122190E+009,-2.630475068008890E+001,5.669822586676475E+001,
7.096774193548388E+009,-2.623728021411791E+001,3.878356641200750E+001,
7.100684261974585E+009,-2.618850337955614E+001,2.020153624189897E+001,
7.104594330400782E+009,-2.627307133498378E+001,2.841671958229346E+000,
7.108504398826980E+009,-2.627966927066292E+001,-1.366717652559942E+001,
7.112414467253178E+009,-2.622715632701135E+001,-3.100924904285641E+001,
7.116324535679375E+009,-2.621362090630885E+001,-4.959428325932691E+001,
7.120234604105572E+009,-2.630339577723856E+001,-6.754133330716736E+001,
7.124144672531769E+009,-2.655768507475468E+001,-8.535451963550905E+001,
7.128054740957967E+009,-2.654163267174850E+001,-1.017375616721691E+002,
7.131964809384165E+009,-2.637816944911559E+001,-1.190200210670978E+002,
7.135874877810362E+009,-2.645637093391404E+001,-1.373255752022271E+002,
7.139784946236559E+009,-2.651248901372851E+001,-1.542861993487638E+002,
7.143695014662756E+009,-2.652803170954174E+001,-1.729872558278904E+002,
7.147605083088954E+009,-2.663003236914646E+001,1.679008725120404E+002,
7.151515151515152E+009,-2.693222435001292E+001,1.502609225915579E+002,
7.155425219941349E+009,-2.699951412067602E+001,1.341430369762794E+002,
7.159335288367546E+009,-2.690027337672032E+001,1.153635168197751E+002,
7.163245356793744E+009,-2.709442174334637E+001,9.609631236219931E+001,
7.167155425219942E+009,-2.738776004283556E+001,7.846339104637229E+001,
7.171065493646139E+009,-2.769322670461717E+001,5.944708321958447E+001,
7.174975562072336E+009,-2.818694036330059E+001,4.008189174501909E+001,
7.178885630498533E+009,-2.873430738086408E+001,2.382692324148408E+001,
7.182795698924731E+009,-2.917542727754028E+001,8.768323760118268E+000,
7.186705767350929E+009,-2.937066900887682E+001,-6.143702915380497E+000,
7.190615835777126E+009,-2.963113440203120E+001,-2.266709269380101E+001,
7.194525904203323E+009,-2.977580490911124E+001,-3.741357476828293E+001,
7.198435972629520E+009,-2.980383607245573E+001,-5.382599276551659E+001,
7.202346041055718E+009,-2.984935439319370E+001,-6.991557181578951E+001,
7.206256109481916E+009,-2.961529942926633E+001,-8.699004257603390E+001,
7.210166177908114E+009,-2.976789994864951E+001,-1.059123509532242E+002,
7.214076246334311E+009,-2.992308206478745E+001,-1.257821056742542E+002,
7.217986314760509E+009,-3.063048859844693E+001,-1.469479658246929E+002,
7.221896383186706E+009,-3.211015606946025E+001,-1.626584713710481E+002,
7.225806451612904E+009,-3.326908818877745E+001,-1.728810586574288E+002,
7.229716520039101E+009,-3.366390987767801E+001,1.789452053430420E+002,
7.233626588465298E+009,-3.347396756182229E+001,1.704379531688935E+002,
7.237536656891496E+009,-3.275642581317858E+001,1.598089553024836E+002,
7.241446725317694E+009,-3.187473513499769E+001,1.450320628911860E+002,
7.245356793743891E+009,-3.141759054972162E+001,1.277106233337976E+002,
7.249266862170088E+009,-3.102388739813461E+001,1.115632817923264E+002,
7.253176930596285E+009,-3.060421081623121E+001,9.412628208136648E+001,
7.257086999022483E+009,-3.047184367931791E+001,7.492577292483000E+001,
7.260997067448681E+009,-3.079384850585173E+001,5.645585692938511E+001,
7.264907135874878E+009,-3.113178692112876E+001,4.301304730601547E+001,
7.268817204301075E+009,-3.084974314376254E+001,2.961799983962034E+001,
7.272727272727273E+009,-3.052558038121716E+001,1.498747751221089E+001,
7.276637341153470E+009,-3.007932681946082E+001,5.713923855520506E-002,
7.280547409579668E+009,-2.940956903097259E+001,-1.597137247734288E+001,
7.284457478005865E+009,-2.858404964594175E+001,-3.429688500454888E+001,
7.288367546432062E+009,-2.850523642777348E+001,-5.494123199056705E+001,
7.292277614858260E+009,-2.844596801572209E+001,-7.417955266230702E+001,
7.296187683284458E+009,-2.831638826512742E+001,-9.364989372448456E+001,
7.300097751710655E+009,-2.830674114853746E+001,-1.115771681988780E+002,
7.304007820136852E+009,-2.847056487494447E+001,-1.303981354702082E+002,
7.307917888563049E+009,-2.874334256843739E+001,-1.485408128065096E+002,
7.311827956989247E+009,-2.906219131854601E+001,-1.645132579175955E+002,
7.315738025415445E+009,-2.865290333457718E+001,-1.790800609066839E+002,
7.319648093841642E+009,-2.850779849991969E+001,1.634719450579128E+002,
7.323558162267839E+009,-2.844281719998789E+001,1.450788858052886E+002,
7.327468230694037E+009,-2.824077382419207E+001,1.286645039216661E+002,
7.331378299120235E+009,-2.808043953843148E+001,1.101503857873134E+002,
7.335288367546433E+009,-2.787152734012756E+001,9.158167831897295E+001,
7.339198435972630E+009,-2.774825044525458E+001,7.281226121036589E+001,
7.343108504398827E+009,-2.772918312945190E+001,5.321342047550471E+001,
7.347018572825025E+009,-2.800893929279266E+001,3.252228806152512E+001,
7.350928641251223E+009,-2.839274799444363E+001,1.424601687285820E+001,
7.354838709677420E+009,-2.871208873536524E+001,-2.617675694953483E+000,
7.358748778103617E+009,-2.887915674012178E+001,-1.952515928449840E+001,
7.362658846529814E+009,-2.939905044359399E+001,-3.799289596199818E+001,
7.366568914956012E+009,-2.969420164367443E+001,-5.362333751703874E+001,
7.370478983382210E+009,-2.996543581010055E+001,-6.718107179487794E+001,
7.374389051808407E+009,-2.972006457669126E+001,-8.168106739576774E+001,
7.378299120234604E+009,-2.928348394239422E+001,-9.756587500292024E+001,
7.382209188660801E+009,-2.934017784188257E+001,-1.153700597940481E+002,
7.386119257086999E+009,-2.912673478545868E+001,-1.328692026504524E+002,
7.390029325513197E+009,-2.911155770753691E+001,-1.525859788949034E+002,
7.393939393939394E+009,-2.947350975995446E+001,-1.714847249331009E+002,
7.397849462365591E+009,-2.978912812534239E+001,1.731105495739602E+002,
7.401759530791789E+009,-2.973369961353971E+001,1.569999366203450E+002,
7.405669599217987E+009,-2.999514696390310E+001,1.412802324970200E+002,
7.409579667644184E+009,-3.000763582710700E+001,1.249787999124259E+002,
7.413489736070381E+009,-2.985555186552933E+001,1.073456550078753E+002,
7.417399804496578E+009,-2.990150304902772E+001,9.086293181667514E+001,
7.421309872922776E+009,-3.001929854003418E+001,7.439136472951026E+001,
7.425219941348974E+009,-2.993670215284568E+001,5.932972125063860E+001,
7.429130009775171E+009,-2.952982958602608E+001,4.123236105467905E+001,
7.433040078201368E+009,-2.935317584072502E+001,2.226472954617697E+001,
7.436950146627565E+009,-2.961414327128870E+001,2.369907431049593E+000,
7.440860215053763E+009,-2.989280723344234E+001,-1.654124272733693E+001,
7.444770283479961E+009,-3.049066491301168E+001,-3.337764473572987E+001,
7.448680351906158E+009,-3.052703071146080E+001,-4.944599643967904E+001,
7.452590420332356E+009,-3.066773154325718E+001,-6.767278564188281E+001,
7.456500488758554E+009,-3.128685481200597E+001,-8.080964749191789E+001,
7.460410557184751E+009,-3.103063875775968E+001,-9.585547429225888E+001,
7.464320625610949E+009,-3.104740018316621E+001,-1.121860700726766E+002,
7.468230694037146E+009,-3.101210799386858E+001,-1.284282821913446E+002,
7.472140762463343E+009,-3.081310799250339E+001,-1.448343090912302E+002,
7.476050830889541E+009,-3.035105512267012E+001,-1.624213070612751E+002,
7.479960899315739E+009,-3.038925784919989E+001,1.764820353594109E+002,
7.483870967741936E+009,-3.052743386808648E+001,1.541517269226150E+002,
7.487781036168133E+009,-3.102026637321603E+001,1.336205610049850E+002,
7.491691104594330E+009,-3.185080347969643E+001,1.155895175944710E+002,
7.495601173020528E+009,-3.290505923283561E+001,9.782494361391093E+001,
7.499511241446726E+009,-3.400564321977839E+001,8.453979455202777E+001,
7.503421309872923E+009,-3.450715530152601E+001,7.412906862003069E+001,
7.507331378299120E+009,-3.484033028922494E+001,6.296090679075734E+001,
7.511241446725318E+009,-3.493486415993497E+001,5.240892246710825E+001,
7.515151515151515E+009,-3.445726963328482E+001,4.282142743409347E+001,
7.519061583577713E+009,-3.332346870999117E+001,2.698429157945902E+001,
7.522971652003910E+009,-3.297823344291020E+001,7.372387125846585E+000,
7.526881720430107E+009,-3.293407643882955E+001,-1.123076481075187E+001,
7.530791788856305E+009,-3.328699575744621E+001,-3.078884632557087E+001,
7.534701857282503E+009,-3.422590538284729E+001,-4.547911630460999E+001,
7.538611925708700E+009,-3.437576364794737E+001,-5.639677186926301E+001,
7.542521994134897E+009,-3.429797300013495E+001,-6.886015343736642E+001,
7.546432062561094E+009,-3.398974953891010E+001,-8.139862316987041E+001,
7.550342130987292E+009,-3.363722678608225E+001,-9.508641312918368E+001,
7.554252199413490E+009,-3.324579990483655E+001,-1.082298179447459E+002,
7.558162267839687E+009,-3.235669734342822E+001,-1.227732586355059E+002,
7.562072336265884E+009,-3.142888170396228E+001,-1.407384407673735E+002,
7.565982404692082E+009,-3.113045851553767E+001,-1.622991815654477E+002,
7.569892473118280E+009,-3.133158165669662E+001,1.798347074641035E+002,
7.573802541544478E+009,-3.139298151181606E+001,1.633731762818584E+002,
7.577712609970675E+009,-3.121412383476065E+001,1.484253170753766E+002,
7.581622678396872E+009,-3.093205012985679E+001,1.313629423270199E+002,
7.585532746823070E+009,-3.081536454663530E+001,1.155040952422116E+002,
7.589442815249268E+009,-3.049240340540948E+001,9.993467994379301E+001,
7.593352883675465E+009,-3.004264783918245E+001,8.271336350473604E+001,
7.597262952101662E+009,-2.984847927257266E+001,6.461819144621862E+001,
7.601173020527859E+009,-2.964280710445330E+001,4.782833841947656E+001,
7.605083088954057E+009,-2.918301191596851E+001,3.134467071490818E+001,
7.608993157380255E+009,-2.866976903920988E+001,1.249148113943191E+001,
7.612903225806452E+009,-2.861408679895417E+001,-8.973172342767754E+000,
7.616813294232649E+009,-2.860364427116359E+001,-2.825104204768494E+001,
7.620723362658846E+009,-2.870013895727177E+001,-4.492363372470366E+001,
7.624633431085044E+009,-2.870744386368678E+001,-6.372960526817900E+001,
7.628543499511242E+009,-2.886876309210337E+001,-8.231454538038327E+001,
7.632453567937439E+009,-2.927581831630790E+001,-9.728528722309504E+001,
7.636363636363636E+009,-2.916892146826466E+001,-1.115962563411944E+002,
7.640273704789834E+009,-2.889533521850076E+001,-1.264839401259088E+002,
7.644183773216032E+009,-2.846164352990541E+001,-1.427591527354781E+002,
7.648093841642229E+009,-2.802318304962548E+001,-1.604946612450316E+002,
7.652003910068426E+009,-2.756002676434008E+001,-1.783205898409878E+002,
7.655913978494623E+009,-2.715439706125942E+001,1.620334976323228E+002,
7.659824046920821E+009,-2.696672041893804E+001,1.419586263925776E+002,
7.663734115347019E+009,-2.679802833651419E+001,1.213656917069665E+002,
7.667644183773216E+009,-2.699997650154948E+001,9.955422569245125E+001,
7.671554252199413E+009,-2.738421674691131E+001,8.007105591212165E+001,
7.675464320625610E+009,-2.824694672057001E+001,6.160176532456116E+001,
7.679374389051808E+009,-2.888202536111334E+001,4.712506135016307E+001,
7.683284457478006E+009,-2.889357717720037E+001,3.240922538270026E+001,
7.687194525904203E+009,-2.881835699283134E+001,1.811233452942089E+001,
7.691104594330401E+009,-2.848715746569175E+001,2.027846899682419E+000,
7.695014662756599E+009,-2.807628028915456E+001,-1.447729651626867E+001,
7.698924731182797E+009,-2.783170855834108E+001,-3.435584801906321E+001,
7.702834799608994E+009,-2.812900039330324E+001,-5.240330464715519E+001,
7.706744868035191E+009,-2.809038194319513E+001,-7.072345357600163E+001,
7.710654936461388E+009,-2.814838541678558E+001,-8.935160627630384E+001,
7.714565004887586E+009,-2.817311697582112E+001,-1.067058222135916E+002,
7.718475073313784E+009,-2.843612555667693E+001,-1.253014499457034E+002,
7.722385141739981E+009,-2.891132466802022E+001,-1.412579971289477E+002,
7.726295210166178E+009,-2.916532327999749E+001,-1.550131732785398E+002,
7.730205278592375E+009,-2.897352696343639E+001,-1.705869210534788E+002,
7.734115347018573E+009,-2.879379195978893E+001,1.735558679411455E+002,
7.738025415444771E+009,-2.826301140980986E+001,1.572854515841996E+002,
7.741935483870968E+009,-2.806565595099612E+001,1.384227388614519E+002,
7.745845552297165E+009,-2.825369928274661E+001,1.198376186658911E+002,
7.749755620723363E+009,-2.828952745361186E+001,1.028675308218327E+002,
7.753665689149560E+009,-2.817428603698183E+001,8.506626510721220E+001,
7.757575757575758E+009,-2.832366486575232E+001,6.707041343647302E+001,
7.761485826001955E+009,-2.849954139977976E+001,4.989243729219074E+001,
7.765395894428152E+009,-2.885152642571467E+001,3.038870043116911E+001,
7.769305962854350E+009,-2.921729832506819E+001,1.610480291455911E+001,
7.773216031280548E+009,-2.927519598925745E+001,4.273714548902647E+000,
7.777126099706745E+009,-2.873100225822628E+001,-9.459735078800582E+000,
7.781036168132942E+009,-2.816421327919036E+001,-2.828582933273168E+001,
7.784946236559139E+009,-2.812644213247529E+001,-4.775280589909936E+001,
7.788856304985337E+009,-2.803641638171923E+001,-6.603486655466951E+001,
7.792766373411535E+009,-2.807110708426998E+001,-8.152796623328992E+001,
7.796676441837732E+009,-2.781085966804398E+001,-9.894955622203597E+001,
7.800586510263929E+009,-2.771708533263452E+001,-1.186464429682994E+002,
7.804496578690127E+009,-2.786116974957832E+001,-1.372923410734534E+002,
7.808406647116324E+009,-2.814301624854688E+001,-1.537151376785751E+002,
7.812316715542522E+009,-2.812958090559168E+001,-1.690270677260266E+002,
7.816226783968720E+009,-2.813877815315572E+001,1.741522399736800E+002,
7.820136852394917E+009,-2.788593112260433E+001,1.574422913447516E+002,
7.824046920821115E+009,-2.753821758615452E+001,1.407431507415650E+002,
7.827956989247313E+009,-2.734997668900495E+001,1.231299920683921E+002,
7.831867057673510E+009,-2.718254052073682E+001,1.039024159568129E+002,
7.835777126099707E+009,-2.723606815301162E+001,8.617660581573033E+001,
7.839687194525904E+009,-2.696886672178071E+001,6.737823237019818E+001,
7.843597262952102E+009,-2.674025318510672E+001,4.881016137127246E+001,
7.847507331378300E+009,-2.670131084303206E+001,2.816739455257845E+001,
7.851417399804497E+009,-2.684907098287057E+001,7.677003000021556E+000,
7.855327468230694E+009,-2.725878051573612E+001,-1.197463309814641E+001,
7.859237536656891E+009,-2.781676207343935E+001,-3.028760329826488E+001,
7.863147605083089E+009,-2.830874019932063E+001,-4.715376956579720E+001,
7.867057673509287E+009,-2.858405397931552E+001,-6.335493410689053E+001,
7.870967741935484E+009,-2.871299936297143E+001,-7.919428402172032E+001,
7.874877810361681E+009,-2.883228034695873E+001,-9.511553006718461E+001,
7.878787878787879E+009,-2.867372486122608E+001,-1.106311355311639E+002,
7.882697947214077E+009,-2.844984169570589E+001,-1.286635644642742E+002,
7.886608015640274E+009,-2.855153250134211E+001,-1.476686865943806E+002,
7.890518084066471E+009,-2.849597396840113E+001,-1.650888298915942E+002,
7.894428152492668E+009,-2.873325513258498E+001,1.749867280271422E+002,
7.898338220918866E+009,-2.904485484416266E+001,1.563910969020009E+002,
7.902248289345064E+009,-2.977939019311975E+001,1.390435154306778E+002,
7.906158357771261E+009,-3.034496301334198E+001,1.235520942971218E+002,
7.910068426197458E+009,-3.063914640323741E+001,1.101265758872673E+002,
7.913978494623655E+009,-3.071782821291176E+001,9.590598050197045E+001,
7.917888563049853E+009,-3.073930894826030E+001,8.136485260870798E+001,
7.921798631476051E+009,-3.057884675287624E+001,6.680865915408946E+001,
7.925708699902248E+009,-3.025462079852200E+001,5.261709616293044E+001,
7.929618768328445E+009,-2.961987428610915E+001,3.461610804447776E+001,
7.933528836754643E+009,-2.928428848135536E+001,1.344053473154433E+001,
7.937438905180841E+009,-2.934389172846638E+001,-6.539871460224508E+000,
7.941348973607039E+009,-2.982183693263231E+001,-2.648328397283264E+001,
7.945259042033236E+009,-3.055729494621428E+001,-4.422009062132008E+001,
7.949169110459433E+009,-3.126622573803501E+001,-6.032555171534673E+001,
7.953079178885631E+009,-3.162299511613752E+001,-7.376641762838443E+001,
7.956989247311829E+009,-3.181222387341442E+001,-8.768092868428450E+001,
7.960899315738026E+009,-3.205929422057595E+001,-9.989841109858769E+001,
7.964809384164223E+009,-3.210794237747020E+001,-1.108832049310774E+002,
7.968719452590420E+009,-3.110134840250748E+001,-1.227466940845753E+002,
7.972629521016618E+009,-3.026772416974865E+001,-1.404450652987133E+002,
7.976539589442816E+009,-2.958103578416454E+001,-1.599891051260192E+002,
7.980449657869013E+009,-2.946598548696704E+001,1.793351362119161E+002,
7.984359726295210E+009,-2.966851518420961E+001,1.593570054523279E+002,
7.988269794721408E+009,-2.989261859942571E+001,1.410535393046827E+002,
7.992179863147605E+009,-3.038682057497011E+001,1.233769996290151E+002,
7.996089931573803E+009,-3.089550711954450E+001,1.084920853998573E+002,
8.000000000000000E+009,-3.098078295676329E+001,9.550321640014103E+001,
