% Version 1.00
%
%freq[Hz];db:Trc1_S21;ang:Trc1_S21;
4.000000000000000E+009,-2.213576302852313E+001,-1.432519780876908E+002,
4.003910068426198E+009,-2.206206294242361E+001,-1.584745188334241E+002,
4.007820136852395E+009,-2.190696687118533E+001,-1.737734242869855E+002,
4.011730205278593E+009,-2.163565197518300E+001,1.691054976563160E+002,
4.015640273704790E+009,-2.145276185984636E+001,1.510145469231595E+002,
4.019550342130987E+009,-2.142978047807571E+001,1.333204032291628E+002,
4.023460410557185E+009,-2.136609521891925E+001,1.157035045335903E+002,
4.027370478983382E+009,-2.143832365626851E+001,9.797844473159515E+001,
4.031280547409580E+009,-2.154530024260191E+001,8.067611996406471E+001,
4.035190615835777E+009,-2.148129559693797E+001,6.349531682293068E+001,
4.039100684261975E+009,-2.154241659949947E+001,4.672267511116751E+001,
4.043010752688172E+009,-2.158465225686000E+001,3.061592454990480E+001,
4.046920821114369E+009,-2.128922306823050E+001,1.337677377746439E+001,
4.050830889540567E+009,-2.122048713621469E+001,-4.680169809047593E+000,
4.054740957966765E+009,-2.126179791682498E+001,-2.230566104283564E+001,
4.058651026392962E+009,-2.120097503149745E+001,-4.032224413951118E+001,
4.062561094819160E+009,-2.125595672027779E+001,-5.793549904125302E+001,
4.066471163245357E+009,-2.122546233249575E+001,-7.563078702656433E+001,
4.070381231671554E+009,-2.123144447201734E+001,-9.499714780952144E+001,
4.074291300097752E+009,-2.154094297216756E+001,-1.129990424088883E+002,
4.078201368523949E+009,-2.171656522700141E+001,-1.306927174753096E+002,
4.082111436950147E+009,-2.208352086532348E+001,-1.469961546335324E+002,
4.086021505376344E+009,-2.222791208934595E+001,-1.628800358123889E+002,
4.089931573802542E+009,-2.227079257578345E+001,-1.794717064914298E+002,
4.093841642228739E+009,-2.240512210767405E+001,1.653583331172579E+002,
4.097751710654936E+009,-2.242397877889329E+001,1.495014051521606E+002,
4.101661779081134E+009,-2.217538097579676E+001,1.339826334819552E+002,
4.105571847507331E+009,-2.187388682718941E+001,1.176601819552863E+002,
4.109481915933529E+009,-2.175779925745698E+001,9.916085505863872E+001,
4.113391984359726E+009,-2.169755428093668E+001,8.201538521160155E+001,
4.117302052785924E+009,-2.143286906169319E+001,6.441483963444985E+001,
4.121212121212121E+009,-2.128993707525028E+001,4.498938001557543E+001,
4.125122189638319E+009,-2.151516870619656E+001,2.596173729156317E+001,
4.129032258064516E+009,-2.174669093975192E+001,8.143585918364773E+000,
4.132942326490714E+009,-2.185180146122739E+001,-9.016258556741366E+000,
4.136852394916911E+009,-2.213688130810084E+001,-2.638022936367545E+001,
4.140762463343109E+009,-2.240098664637602E+001,-4.263379504493376E+001,
4.144672531769306E+009,-2.250328186806494E+001,-5.641449984789275E+001,
4.148582600195503E+009,-2.208576211915593E+001,-7.184353214238803E+001,
4.152492668621701E+009,-2.177332216324205E+001,-9.038202228517426E+001,
4.156402737047898E+009,-2.151494261160620E+001,-1.091508037152264E+002,
4.160312805474096E+009,-2.165951771841269E+001,-1.274692412952695E+002,
4.164222873900293E+009,-2.175650341317034E+001,-1.464297662114815E+002,
4.168132942326491E+009,-2.198492947077267E+001,-1.641629466182170E+002,
4.172043010752688E+009,-2.214936592335079E+001,1.787513372706557E+002,
4.175953079178886E+009,-2.231705357540117E+001,1.624007605325808E+002,
4.179863147605083E+009,-2.240208772945513E+001,1.452492043674199E+002,
4.183773216031281E+009,-2.251445097717051E+001,1.294550981387819E+002,
4.187683284457478E+009,-2.258297505096902E+001,1.130292669589750E+002,
4.191593352883676E+009,-2.244011500287103E+001,9.705773579263814E+001,
4.195503421309873E+009,-2.243629304242447E+001,8.071929751493845E+001,
4.199413489736071E+009,-2.223825766709591E+001,6.401639376191928E+001,
4.203323558162268E+009,-2.223049877556358E+001,4.570230997866756E+001,
4.207233626588465E+009,-2.220962171228363E+001,2.831184377052106E+001,
4.211143695014663E+009,-2.238613685042336E+001,1.044692554088102E+001,
4.215053763440860E+009,-2.246068602478808E+001,-6.600832428069842E+000,
4.218963831867058E+009,-2.254561985817181E+001,-2.464426120703194E+001,
4.222873900293255E+009,-2.287408540213944E+001,-4.075122562801447E+001,
4.226783968719452E+009,-2.306272634359299E+001,-5.633939025009697E+001,
4.230694037145650E+009,-2.324217368365800E+001,-7.179706755052818E+001,
4.234604105571847E+009,-2.326456650004026E+001,-8.497084133126396E+001,
4.238514173998045E+009,-2.301477735199890E+001,-9.961111741372127E+001,
4.242424242424243E+009,-2.252286820934320E+001,-1.154092097593441E+002,
4.246334310850440E+009,-2.221250873170693E+001,-1.333696805239004E+002,
4.250244379276638E+009,-2.206807116642279E+001,-1.507458718943144E+002,
4.254154447702835E+009,-2.195885221529692E+001,-1.679229490624354E+002,
4.258064516129032E+009,-2.189866420122323E+001,1.743522026305673E+002,
4.261974584555230E+009,-2.194000859481804E+001,1.572263823445489E+002,
4.265884652981427E+009,-2.192798963231338E+001,1.407590056058428E+002,
4.269794721407625E+009,-2.191248668851543E+001,1.249751497635889E+002,
4.273704789833822E+009,-2.168472833477254E+001,1.095269373376821E+002,
4.277614858260019E+009,-2.143696039981378E+001,9.304304214703244E+001,
4.281524926686217E+009,-2.113766032326953E+001,7.562886244645436E+001,
4.285434995112414E+009,-2.096393556869922E+001,5.844698152807438E+001,
4.289345063538612E+009,-2.079790527360733E+001,4.237253540647452E+001,
4.293255131964809E+009,-2.052548216368393E+001,2.542715104114199E+001,
4.297165200391007E+009,-2.012908420790747E+001,8.061311609724513E+000,
4.301075268817205E+009,-1.967064682215867E+001,-1.027422498945835E+001,
4.304985337243402E+009,-1.941839682808198E+001,-3.003951536719600E+001,
4.308895405669600E+009,-1.936760223286492E+001,-4.911153870608707E+001,
4.312805474095797E+009,-1.933251754184347E+001,-6.798718656948979E+001,
4.316715542521994E+009,-1.945947960633281E+001,-8.600857348353198E+001,
4.320625610948192E+009,-1.947704546794328E+001,-1.031913324574152E+002,
4.324535679374389E+009,-1.935415975833903E+001,-1.203472881223459E+002,
4.328445747800587E+009,-1.914732282892782E+001,-1.382489814230950E+002,
4.332355816226784E+009,-1.901874914101018E+001,-1.561504041754233E+002,
4.336265884652982E+009,-1.880734137962493E+001,-1.743492777739491E+002,
4.340175953079179E+009,-1.876411598098190E+001,1.669136318213202E+002,
4.344086021505377E+009,-1.870770904776225E+001,1.483789597740834E+002,
4.347996089931574E+009,-1.874830650199887E+001,1.297050005737987E+002,
4.351906158357771E+009,-1.875390491774296E+001,1.119036556265854E+002,
4.355816226783969E+009,-1.869793779832637E+001,9.394630644768489E+001,
4.359726295210166E+009,-1.866074244153680E+001,7.534702781607221E+001,
4.363636363636364E+009,-1.864375241874562E+001,5.647260336513379E+001,
4.367546432062561E+009,-1.886051247054868E+001,3.875159738142373E+001,
4.371456500488758E+009,-1.882594424819085E+001,2.093738898655416E+001,
4.375366568914956E+009,-1.891720952030313E+001,2.567266334922850E+000,
4.379276637341153E+009,-1.899676371122265E+001,-1.488967527076451E+001,
4.383186705767351E+009,-1.887030165357738E+001,-3.261041705556544E+001,
4.387096774193548E+009,-1.888426937814037E+001,-5.143885021290794E+001,
4.391006842619746E+009,-1.903368311953014E+001,-7.031611230854787E+001,
4.394916911045943E+009,-1.915056265733317E+001,-8.822829390966231E+001,
4.398826979472141E+009,-1.923112731392483E+001,-1.061018343813321E+002,
4.402737047898338E+009,-1.940907302319233E+001,-1.241883756763567E+002,
4.406647116324535E+009,-1.965321499518059E+001,-1.414224365532118E+002,
4.410557184750733E+009,-1.975084291847481E+001,-1.587271377302297E+002,
4.414467253176930E+009,-1.981538931780019E+001,-1.765177139926732E+002,
4.418377321603128E+009,-2.009858685665054E+001,1.667829580186717E+002,
4.422287390029326E+009,-2.021442923256825E+001,1.507744875438364E+002,
4.426197458455523E+009,-2.011873075792411E+001,1.339943767123695E+002,
4.430107526881721E+009,-2.011542594662994E+001,1.165697692758503E+002,
4.434017595307918E+009,-2.007311114680091E+001,9.988953334515681E+001,
4.437927663734116E+009,-1.996756211724145E+001,8.240995474139872E+001,
4.441837732160313E+009,-1.992737836488293E+001,6.330838735662594E+001,
4.445747800586511E+009,-2.010224576550054E+001,4.447823916371966E+001,
4.449657869012708E+009,-2.040535170560944E+001,2.693571941466677E+001,
4.453567937438905E+009,-2.061715820456518E+001,1.038565900822642E+001,
4.457478005865103E+009,-2.069166650582997E+001,-6.579333546648472E+000,
4.461388074291300E+009,-2.082969951258062E+001,-2.356455726355440E+001,
4.465298142717498E+009,-2.091196444396424E+001,-4.040706326082966E+001,
4.469208211143695E+009,-2.105318693093922E+001,-5.791306978613107E+001,
4.473118279569893E+009,-2.125402001085601E+001,-7.443493475048892E+001,
4.477028347996090E+009,-2.126847376907857E+001,-9.050635526815211E+001,
4.480938416422287E+009,-2.133174041174961E+001,-1.076188770162711E+002,
4.484848484848485E+009,-2.149139133656618E+001,-1.236751110333093E+002,
4.488758553274682E+009,-2.149033558780766E+001,-1.398951058177541E+002,
4.492668621700880E+009,-2.151655531400494E+001,-1.563162699120637E+002,
4.496578690127077E+009,-2.154861256621788E+001,-1.727718719771991E+002,
4.500488758553275E+009,-2.146137730279420E+001,1.711669095361712E+002,
4.504398826979472E+009,-2.136406126578672E+001,1.547615238630089E+002,
4.508308895405669E+009,-2.142077971436031E+001,1.379167130020969E+002,
4.512218963831867E+009,-2.126180329251984E+001,1.209871655758316E+002,
4.516129032258064E+009,-2.115671484923789E+001,1.035795426752330E+002,
4.520039100684262E+009,-2.115199386380316E+001,8.625817677434074E+001,
4.523949169110459E+009,-2.120848376123363E+001,6.892649560278260E+001,
4.527859237536657E+009,-2.113012685554563E+001,5.166642579115052E+001,
4.531769305962854E+009,-2.120841560879592E+001,3.393767431248663E+001,
4.535679374389051E+009,-2.124060861153538E+001,1.591765381258528E+001,
4.539589442815249E+009,-2.141566232416352E+001,-1.450902522652020E+000,
4.543499511241447E+009,-2.149716170850276E+001,-1.879309329193780E+001,
4.547409579667645E+009,-2.177168760607654E+001,-3.588122280624305E+001,
4.551319648093842E+009,-2.197059329551405E+001,-5.215194107547683E+001,
4.555229716520039E+009,-2.203520951592097E+001,-6.874100584015032E+001,
4.559139784946237E+009,-2.213288166515601E+001,-8.494454138396434E+001,
4.563049853372434E+009,-2.217828198663618E+001,-1.012375450809590E+002,
4.566959921798632E+009,-2.225782774000960E+001,-1.178585204967205E+002,
4.570869990224829E+009,-2.231222648883139E+001,-1.341862066952720E+002,
4.574780058651027E+009,-2.225027297829395E+001,-1.506495093386256E+002,
4.578690127077224E+009,-2.219797733301038E+001,-1.670980616398409E+002,
4.582600195503422E+009,-2.233546603021663E+001,1.754251026767552E+002,
4.586510263929619E+009,-2.240160092211664E+001,1.592491170320386E+002,
4.590420332355816E+009,-2.238365613237305E+001,1.428736883690858E+002,
4.594330400782014E+009,-2.253963787880976E+001,1.261459563098673E+002,
4.598240469208211E+009,-2.268314477719594E+001,1.100234281558323E+002,
4.602150537634409E+009,-2.276680835949011E+001,9.496227053040299E+001,
4.606060606060606E+009,-2.256938937543946E+001,8.012096939768703E+001,
4.609970674486803E+009,-2.249642717908185E+001,6.299518437976484E+001,
4.613880742913001E+009,-2.244392686791194E+001,4.766732676532644E+001,
4.617790811339198E+009,-2.223395828495118E+001,3.096931490088430E+001,
4.621700879765396E+009,-2.213963982706486E+001,1.334487622853249E+001,
4.625610948191593E+009,-2.214570478918909E+001,-3.274937847133605E+000,
4.629521016617791E+009,-2.202685906074866E+001,-1.903045565842004E+001,
4.633431085043988E+009,-2.177717290403598E+001,-3.666277992188428E+001,
4.637341153470186E+009,-2.180486122868784E+001,-5.451409975924878E+001,
4.641251221896383E+009,-2.171186775498309E+001,-7.164643128185693E+001,
4.645161290322580E+009,-2.182695855360642E+001,-8.910174938202425E+001,
4.649071358748778E+009,-2.179005577302473E+001,-1.055308216407121E+002,
4.652981427174975E+009,-2.168880454028327E+001,-1.224639986581438E+002,
4.656891495601173E+009,-2.170125513325504E+001,-1.392423975315090E+002,
4.660801564027371E+009,-2.172778013582088E+001,-1.555649693483949E+002,
4.664711632453568E+009,-2.157903114205134E+001,-1.725929551459929E+002,
4.668621700879766E+009,-2.144865228984461E+001,1.702148000977813E+002,
4.672531769305963E+009,-2.131285273235632E+001,1.524208145699780E+002,
4.676441837732161E+009,-2.129274180602373E+001,1.354967792093551E+002,
4.680351906158358E+009,-2.130575049205561E+001,1.174028579958818E+002,
4.684261974584556E+009,-2.143842020549178E+001,1.002972094982010E+002,
4.688172043010753E+009,-2.143878304262473E+001,8.325014251122154E+001,
4.692082111436951E+009,-2.150619480478076E+001,6.673168860390732E+001,
4.695992179863148E+009,-2.150932108774819E+001,5.015409702116510E+001,
4.699902248289345E+009,-2.139562644904370E+001,3.368792294253898E+001,
4.703812316715543E+009,-2.132013891011374E+001,1.750962119789352E+001,
4.707722385141740E+009,-2.112481297469730E+001,-2.202190711164914E-001,
4.711632453567938E+009,-2.111552850626996E+001,-1.812792545850987E+001,
4.715542521994135E+009,-2.106376438554767E+001,-3.531879668049491E+001,
4.719452590420332E+009,-2.101693165738448E+001,-5.288466706221687E+001,
4.723362658846530E+009,-2.104021172591569E+001,-7.035356311853234E+001,
4.727272727272727E+009,-2.105969639665630E+001,-8.789368874849562E+001,
4.731182795698925E+009,-2.100032079890400E+001,-1.053217811412639E+002,
4.735092864125122E+009,-2.098074601062453E+001,-1.234285117754215E+002,
4.739002932551320E+009,-2.113669812148418E+001,-1.413620012082155E+002,
4.742913000977517E+009,-2.138462251861004E+001,-1.583989828911435E+002,
4.746823069403714E+009,-2.153168425350967E+001,-1.748678594921951E+002,
4.750733137829912E+009,-2.158330595709903E+001,1.684192496218214E+002,
4.754643206256109E+009,-2.159528318522720E+001,1.526873394848612E+002,
4.758553274682307E+009,-2.154209481849678E+001,1.362560077794196E+002,
4.762463343108504E+009,-2.145042192211354E+001,1.200183501887390E+002,
4.766373411534702E+009,-2.129691921883233E+001,1.024546122231437E+002,
4.770283479960899E+009,-2.125665883821939E+001,8.468622560266661E+001,
4.774193548387096E+009,-2.131887168742648E+001,6.672754350026406E+001,
4.778103616813294E+009,-2.145251897116626E+001,4.952539620728465E+001,
4.782013685239492E+009,-2.146930947402766E+001,3.273923113302807E+001,
4.785923753665690E+009,-2.150816355882651E+001,1.513670807433015E+001,
4.789833822091887E+009,-2.166317236186966E+001,-1.925758057955149E+000,
4.793743890518084E+009,-2.179636620415294E+001,-1.869864510090340E+001,
4.797653958944282E+009,-2.191323789690689E+001,-3.581663636892425E+001,
4.801564027370479E+009,-2.203966746784026E+001,-5.241646117671036E+001,
4.805474095796677E+009,-2.206843991049522E+001,-6.971970729332895E+001,
4.809384164222874E+009,-2.231106246846765E+001,-8.640417845082516E+001,
4.813294232649072E+009,-2.243763116043667E+001,-1.022103898920990E+002,
4.817204301075269E+009,-2.262865049463558E+001,-1.179731369692896E+002,
4.821114369501467E+009,-2.269551048955926E+001,-1.329464146417945E+002,
4.825024437927664E+009,-2.263259617446366E+001,-1.493703044185369E+002,
4.828934506353861E+009,-2.258119495841294E+001,-1.655443101576292E+002,
4.832844574780059E+009,-2.257654988724487E+001,1.778003720603003E+002,
4.836754643206256E+009,-2.257330256595073E+001,1.613978487991092E+002,
4.840664711632454E+009,-2.262067572061821E+001,1.441601606127038E+002,
4.844574780058651E+009,-2.275556050041271E+001,1.274020382617703E+002,
4.848484848484848E+009,-2.301734694810045E+001,1.116769373318687E+002,
4.852394916911046E+009,-2.305631938867382E+001,9.664072687343128E+001,
4.856304985337243E+009,-2.307422505550761E+001,8.172570590391217E+001,
4.860215053763441E+009,-2.301145508026375E+001,6.613523379674459E+001,
4.864125122189638E+009,-2.287809460707089E+001,5.181839946697689E+001,
4.868035190615836E+009,-2.269032067037704E+001,3.638000202897867E+001,
4.871945259042033E+009,-2.247456798359501E+001,2.046169821474702E+001,
4.875855327468231E+009,-2.231304340201831E+001,3.336447426355916E+000,
4.879765395894428E+009,-2.221918328910576E+001,-1.201372128922455E+001,
4.883675464320625E+009,-2.199062274334156E+001,-2.796503997398239E+001,
4.887585532746823E+009,-2.176143354476101E+001,-4.443236532222465E+001,
4.891495601173020E+009,-2.154350532270070E+001,-6.068540852387855E+001,
4.895405669599218E+009,-2.143037278245618E+001,-7.677626395482213E+001,
4.899315738025415E+009,-2.119890268284129E+001,-9.275482090544627E+001,
4.903225806451613E+009,-2.082514537762511E+001,-1.082679371229919E+002,
4.907135874877811E+009,-2.038402010951649E+001,-1.249746917658820E+002,
4.911045943304008E+009,-1.996048594981919E+001,-1.427066470787037E+002,
4.914956011730206E+009,-1.961845811778040E+001,-1.607666013929356E+002,
4.918866080156403E+009,-1.936895423209542E+001,-1.786761961151276E+002,
4.922776148582601E+009,-1.905901788119327E+001,1.630265147559505E+002,
4.926686217008798E+009,-1.879099939972465E+001,1.446931366160732E+002,
4.930596285434996E+009,-1.852497320669523E+001,1.256451105615202E+002,
4.934506353861193E+009,-1.851999403120332E+001,1.065193747456166E+002,
4.938416422287390E+009,-1.844142077756593E+001,8.862347211882131E+001,
4.942326490713588E+009,-1.835403148686049E+001,7.024181765487968E+001,
4.946236559139785E+009,-1.820562229273488E+001,5.172444300575533E+001,
4.950146627565983E+009,-1.817154518054304E+001,3.335156953600037E+001,
4.954056695992180E+009,-1.806779463672291E+001,1.530847535787100E+001,
4.957966764418377E+009,-1.790721838869064E+001,-3.563073471054262E+000,
4.961876832844575E+009,-1.789833879442823E+001,-2.276809954159777E+001,
4.965786901270772E+009,-1.793541917557739E+001,-4.114642923707620E+001,
4.969696969696970E+009,-1.794057481929546E+001,-5.960334502328002E+001,
4.973607038123167E+009,-1.798476708553056E+001,-7.850158619276240E+001,
4.977517106549365E+009,-1.812948984149291E+001,-9.743574443753177E+001,
4.981427174975562E+009,-1.820980308604251E+001,-1.156618256905824E+002,
4.985337243401759E+009,-1.830100172702801E+001,-1.344096377406872E+002,
4.989247311827957E+009,-1.852025509653406E+001,-1.528856399742181E+002,
4.993157380254154E+009,-1.878015134504350E+001,-1.708442627301941E+002,
4.997067448680352E+009,-1.902232450272652E+001,1.720882045025338E+002,
5.000977517106549E+009,-1.908559004825423E+001,1.554168706327445E+002,
5.004887585532747E+009,-1.909890977872876E+001,1.376345058792675E+002,
5.008797653958944E+009,-1.923220617236887E+001,1.196897961291301E+002,
5.012707722385141E+009,-1.932658708939754E+001,1.023698827645912E+002,
5.016617790811339E+009,-1.930350797503089E+001,8.434602134768335E+001,
5.020527859237536E+009,-1.957101173630620E+001,6.559020691128995E+001,
5.024437927663734E+009,-1.987009645679410E+001,4.804724369299902E+001,
5.028347996089932E+009,-2.017589461421465E+001,3.123606169529318E+001,
5.032258064516129E+009,-2.047906314426275E+001,1.487837407157888E+001,
5.036168132942327E+009,-2.067510346328529E+001,-5.670456412043832E-001,
5.040078201368524E+009,-2.061538637224057E+001,-1.657571546317976E+001,
5.043988269794722E+009,-2.065666939209065E+001,-3.318015550766739E+001,
5.047898338220919E+009,-2.066342545955964E+001,-4.928154186618949E+001,
5.051808406647117E+009,-2.061402771887526E+001,-6.589892682057140E+001,
5.055718475073314E+009,-2.053570258385427E+001,-8.349966442020796E+001,
5.059628543499512E+009,-2.056378547807712E+001,-1.003146371634510E+002,
5.063538611925709E+009,-2.058795078853284E+001,-1.179916821471968E+002,
5.067448680351906E+009,-2.072829346354005E+001,-1.357380863229558E+002,
5.071358748778104E+009,-2.095924715155163E+001,-1.530922529927386E+002,
5.075268817204301E+009,-2.122174292773950E+001,-1.683579960941652E+002,
5.079178885630499E+009,-2.115489017545603E+001,1.768953991350045E+002,
5.083088954056696E+009,-2.090755069053225E+001,1.612616084597787E+002,
5.086999022482893E+009,-2.072032868857177E+001,1.433919370290423E+002,
5.090909090909091E+009,-2.071696997100581E+001,1.258875533012302E+002,
5.094819159335288E+009,-2.076801952978506E+001,1.095367867870771E+002,
5.098729227761486E+009,-2.056770954690146E+001,9.310169319755637E+001,
5.102639296187683E+009,-2.041934514754665E+001,7.564008778799958E+001,
5.106549364613881E+009,-2.024669082179797E+001,5.796899680375657E+001,
5.110459433040078E+009,-2.016799004502667E+001,3.985103378578110E+001,
5.114369501466276E+009,-2.013801774575187E+001,2.160008921832136E+001,
5.118279569892473E+009,-2.019820876344033E+001,3.322225765601425E+000,
5.122189638318670E+009,-2.037326312106634E+001,-1.442712174544304E+001,
5.126099706744868E+009,-2.050988974345531E+001,-3.080575384720055E+001,
5.130009775171065E+009,-2.049777833090872E+001,-4.760128454443435E+001,
5.133919843597263E+009,-2.035167577547460E+001,-6.477998124600873E+001,
5.137829912023460E+009,-2.037481363181700E+001,-8.242625777732151E+001,
5.141739980449657E+009,-2.034175788972794E+001,-1.000317263778658E+002,
5.145650048875855E+009,-2.017183136073559E+001,-1.173677749099303E+002,
5.149560117302053E+009,-2.007136946414051E+001,-1.354231319234506E+002,
5.153470185728251E+009,-1.998572471219304E+001,-1.539571408261442E+002,
5.157380254154448E+009,-1.995975580564004E+001,-1.724587766023120E+002,
5.161290322580645E+009,-1.996776102430816E+001,1.686186554591332E+002,
5.165200391006843E+009,-2.009585449048461E+001,1.498431834974073E+002,
5.169110459433041E+009,-2.019060621985060E+001,1.318327980621116E+002,
5.173020527859238E+009,-2.033612979524035E+001,1.133875010271590E+002,
5.176930596285435E+009,-2.046361335666071E+001,9.512205100219015E+001,
5.180840664711633E+009,-2.063400607241866E+001,7.692527997501298E+001,
5.184750733137830E+009,-2.074464902824764E+001,5.964077866166061E+001,
5.188660801564028E+009,-2.081103816506361E+001,4.153028851473373E+001,
5.192570869990225E+009,-2.092683301816572E+001,2.361055382717571E+001,
5.196480938416422E+009,-2.095392335865070E+001,4.930880728806631E+000,
5.200391006842620E+009,-2.109387642802655E+001,-1.384736900502083E+001,
5.204301075268817E+009,-2.127977462786876E+001,-3.364936075965880E+001,
5.208211143695015E+009,-2.170745667909188E+001,-5.323774413097778E+001,
5.212121212121212E+009,-2.231452510641762E+001,-7.252888047150130E+001,
5.216031280547409E+009,-2.306869683649432E+001,-9.000736312060745E+001,
5.219941348973607E+009,-2.360726616792421E+001,-1.057384914260945E+002,
5.223851417399805E+009,-2.401462334928253E+001,-1.208482563633271E+002,
5.227761485826002E+009,-2.434560463743085E+001,-1.370545761842189E+002,
5.231671554252199E+009,-2.473537100280097E+001,-1.528092563029186E+002,
5.235581622678397E+009,-2.508784483947491E+001,-1.685732651907764E+002,
5.239491691104594E+009,-2.522382271333044E+001,1.770385663594795E+002,
5.243401759530792E+009,-2.531308743087013E+001,1.614054133799315E+002,
5.247311827956989E+009,-2.525992343480759E+001,1.442043147732269E+002,
5.251221896383186E+009,-2.564332108939113E+001,1.261445476686391E+002,
5.255131964809384E+009,-2.628751592133914E+001,1.078661854107177E+002,
5.259042033235581E+009,-2.721311488248680E+001,9.167516033843774E+001,
5.262952101661779E+009,-2.790697241273593E+001,7.969138729593816E+001,
5.266862170087977E+009,-2.822704711002843E+001,6.800818044844890E+001,
5.270772238514174E+009,-2.863731609516108E+001,5.707189661140090E+001,
5.274682306940372E+009,-2.864025781078414E+001,4.810388548825537E+001,
5.278592375366570E+009,-2.815238256919695E+001,3.800900261483415E+001,
5.282502443792767E+009,-2.719243621580810E+001,2.479044920530076E+001,
5.286412512218964E+009,-2.652093257295441E+001,9.212638950314348E+000,
5.290322580645162E+009,-2.587801064314251E+001,-7.219214393438302E+000,
5.294232649071359E+009,-2.528608709696206E+001,-2.581170341693818E+001,
5.298142717497557E+009,-2.514470916202752E+001,-4.478794468430260E+001,
5.302052785923754E+009,-2.525238509316184E+001,-6.335042845889597E+001,
5.305962854349951E+009,-2.552770867936319E+001,-7.871275507561300E+001,
5.309872922776149E+009,-2.556043057154796E+001,-9.261278788141276E+001,
5.313782991202346E+009,-2.524920382405950E+001,-1.063444081902344E+002,
5.317693059628544E+009,-2.451455741777721E+001,-1.205509078060207E+002,
5.321603128054741E+009,-2.377002574730376E+001,-1.372737343470857E+002,
5.325513196480938E+009,-2.318384745266266E+001,-1.567095048543360E+002,
5.329423264907136E+009,-2.285325644192624E+001,-1.771171442080997E+002,
5.333333333333333E+009,-2.282158870276866E+001,1.646183853957329E+002,
5.337243401759531E+009,-2.263499222238356E+001,1.455478665472077E+002,
5.341153470185728E+009,-2.266715379369726E+001,1.265467565347819E+002,
5.345063538611926E+009,-2.278295090738250E+001,1.092197594033388E+002,
5.348973607038123E+009,-2.288827112620647E+001,9.235891120491348E+001,
5.352883675464321E+009,-2.270349151207078E+001,7.653512741821051E+001,
5.356793743890518E+009,-2.248239214965203E+001,5.952681182541492E+001,
5.360703812316715E+009,-2.217313632231209E+001,4.228781141150935E+001,
5.364613880742913E+009,-2.202519669469084E+001,2.393299855894876E+001,
5.368523949169110E+009,-2.173601605814225E+001,6.513671493263391E+000,
5.372434017595308E+009,-2.130845262744287E+001,-1.276710642895014E+001,
5.376344086021505E+009,-2.119233776019722E+001,-3.286402507541397E+001,
5.380254154447702E+009,-2.120407930211132E+001,-5.205046788869921E+001,
5.384164222873900E+009,-2.137259049065467E+001,-7.160326542037535E+001,
5.388074291300098E+009,-2.155562887649445E+001,-9.045077034706898E+001,
5.391984359726296E+009,-2.159837054317156E+001,-1.075559212001626E+002,
5.395894428152493E+009,-2.163267064693670E+001,-1.260542087470861E+002,
5.399804496578690E+009,-2.171152847082231E+001,-1.440461349945389E+002,
5.403714565004888E+009,-2.181788256064030E+001,-1.626740489737543E+002,
5.407624633431086E+009,-2.183425987701860E+001,1.797306521806978E+002,
5.411534701857283E+009,-2.197893017062785E+001,1.616360910619528E+002,
5.415444770283480E+009,-2.215875132672751E+001,1.436124566867094E+002,
5.419354838709678E+009,-2.230431674089757E+001,1.267936676134988E+002,
5.423264907135875E+009,-2.216470758702713E+001,1.106736612447901E+002,
5.427174975562073E+009,-2.196108478267999E+001,9.210084992080296E+001,
5.431085043988270E+009,-2.198449567105667E+001,7.278215624817943E+001,
5.434995112414467E+009,-2.213566171253956E+001,5.379103491484374E+001,
5.438905180840665E+009,-2.229536230760487E+001,3.484664000269445E+001,
5.442815249266862E+009,-2.261011199322980E+001,1.696322898760769E+001,
5.446725317693060E+009,-2.294467773584869E+001,-9.235641421215045E-001,
5.450635386119257E+009,-2.309396176847434E+001,-1.767732035656182E+001,
5.454545454545454E+009,-2.327179069050845E+001,-3.464463415243393E+001,
5.458455522971652E+009,-2.350319124642606E+001,-5.128296023279766E+001,
5.462365591397850E+009,-2.351625139227596E+001,-6.761493401968860E+001,
5.466275659824047E+009,-2.344746174950915E+001,-8.410423244046598E+001,
5.470185728250244E+009,-2.336623817583769E+001,-1.017549518774569E+002,
5.474095796676442E+009,-2.324265962607626E+001,-1.203143012209956E+002,
5.478005865102639E+009,-2.329223554702198E+001,-1.401223571313917E+002,
5.481915933528837E+009,-2.356196823153141E+001,-1.594576982416618E+002,
5.485826001955034E+009,-2.393193687342769E+001,-1.786456218597389E+002,
5.489736070381231E+009,-2.432072471886496E+001,1.643803637491765E+002,
5.493646138807429E+009,-2.474430547227722E+001,1.469517031510738E+002,
5.497556207233626E+009,-2.520604424612227E+001,1.317777399603754E+002,
5.501466275659824E+009,-2.537417832151606E+001,1.159609765278063E+002,
5.505376344086021E+009,-2.550740412910839E+001,1.001944427796026E+002,
5.509286412512219E+009,-2.547712378459194E+001,8.366887498051507E+001,
5.513196480938417E+009,-2.539632314535009E+001,6.875216981458499E+001,
5.517106549364615E+009,-2.528480553670624E+001,5.043991018000924E+001,
5.521016617790812E+009,-2.527253276972449E+001,3.195825485620354E+001,
5.524926686217009E+009,-2.538105065630624E+001,1.271773633385648E+001,
5.528836754643207E+009,-2.582392055476726E+001,-6.477406745689380E+000,
5.532746823069404E+009,-2.638531857492428E+001,-2.310896676549880E+001,
5.536656891495602E+009,-2.684408349129995E+001,-3.936815683766820E+001,
5.540566959921799E+009,-2.712090068507950E+001,-5.446423801214009E+001,
5.544477028347996E+009,-2.755688124109868E+001,-6.861718247724294E+001,
5.548387096774194E+009,-2.747165555758943E+001,-8.149995333087485E+001,
5.552297165200391E+009,-2.724620436289539E+001,-9.698561867468260E+001,
5.556207233626589E+009,-2.707861619698809E+001,-1.140389060560131E+002,
5.560117302052786E+009,-2.691329103483503E+001,-1.306095163772964E+002,
5.564027370478983E+009,-2.701534097711480E+001,-1.484356236780364E+002,
5.567937438905181E+009,-2.699400497869409E+001,-1.645209298597189E+002,
5.571847507331378E+009,-2.675381534180812E+001,1.776599257467113E+002,
5.575757575757576E+009,-2.685282598095849E+001,1.595169207894930E+002,
5.579667644183773E+009,-2.684880910796472E+001,1.410563383940640E+002,
5.583577712609971E+009,-2.715771895048052E+001,1.229744234547034E+002,
5.587487781036168E+009,-2.749837931704968E+001,1.041409097135785E+002,
5.591397849462366E+009,-2.804502191285718E+001,8.769903305910306E+001,
5.595307917888563E+009,-2.832756841584443E+001,7.377393902039502E+001,
5.599217986314760E+009,-2.838600006191902E+001,5.963538113654985E+001,
5.603128054740958E+009,-2.824558980499104E+001,4.291718550343397E+001,
5.607038123167155E+009,-2.784995623523135E+001,2.489127409346621E+001,
5.610948191593353E+009,-2.824462720847431E+001,5.543061933515930E+000,
5.614858260019550E+009,-2.899482805982801E+001,-1.180296364877262E+001,
5.618768328445747E+009,-2.914781083573483E+001,-2.569187845750890E+001,
5.622678396871945E+009,-2.922325641975273E+001,-4.208298083410325E+001,
5.626588465298142E+009,-2.944367096255597E+001,-5.817876473942629E+001,
5.630498533724340E+009,-2.973946248928649E+001,-7.351665652575561E+001,
5.634408602150538E+009,-3.001866297652848E+001,-9.076492609436656E+001,
5.638318670576735E+009,-3.074304745137039E+001,-1.058709883022385E+002,
5.642228739002933E+009,-3.068691863786608E+001,-1.166819417797978E+002,
5.646138807429131E+009,-3.073855221191017E+001,-1.318180357393720E+002,
5.650048875855328E+009,-3.103203834127305E+001,-1.469866442809693E+002,
5.653958944281525E+009,-3.126175225666785E+001,-1.602143802713817E+002,
5.657869012707723E+009,-3.124835401234842E+001,-1.708996550224663E+002,
5.661779081133920E+009,-3.097092180736386E+001,1.761106877981339E+002,
5.665689149560118E+009,-3.019771013129877E+001,1.602371484650643E+002,
5.669599217986315E+009,-3.015046683442921E+001,1.451476888280046E+002,
5.673509286412512E+009,-3.017963656706007E+001,1.315162412925071E+002,
5.677419354838710E+009,-2.966962547704331E+001,1.187759914683837E+002,
5.681329423264907E+009,-2.906208967448892E+001,1.045957877587976E+002,
5.685239491691105E+009,-2.842042160237139E+001,8.873300732102942E+001,
5.689149560117302E+009,-2.771181622327845E+001,7.135056024729923E+001,
5.693059628543499E+009,-2.710615367650446E+001,5.264722153420359E+001,
5.696969696969697E+009,-2.676440887104277E+001,3.544067171675879E+001,
5.700879765395895E+009,-2.641947157386433E+001,1.713194926477099E+001,
5.704789833822092E+009,-2.605903489679481E+001,-1.242180985557736E+000,
5.708699902248289E+009,-2.579473766471553E+001,-2.067640175589686E+001,
5.712609970674487E+009,-2.564394389546473E+001,-4.078999100301957E+001,
5.716520039100684E+009,-2.580061491712356E+001,-5.956796444927368E+001,
5.720430107526882E+009,-2.588508778317918E+001,-7.737735265030257E+001,
5.724340175953079E+009,-2.595814277210575E+001,-9.427351745449138E+001,
5.728250244379276E+009,-2.602483873311176E+001,-1.111602322294276E+002,
5.732160312805474E+009,-2.601133940722671E+001,-1.273903219882316E+002,
5.736070381231671E+009,-2.581086015138517E+001,-1.451451289682145E+002,
5.739980449657869E+009,-2.588322156023894E+001,-1.622576524628034E+002,
5.743890518084066E+009,-2.588736092754882E+001,-1.792530818247750E+002,
5.747800586510263E+009,-2.575289363296241E+001,1.631308375120161E+002,
5.751710654936461E+009,-2.565663371183000E+001,1.462920237041648E+002,
5.755620723362660E+009,-2.562971624915959E+001,1.279688252894126E+002,
5.759530791788857E+009,-2.579557066113310E+001,1.096658828384809E+002,
5.763440860215054E+009,-2.604220152428468E+001,9.298703212961154E+001,
5.767350928641252E+009,-2.634117363169944E+001,7.830770777583972E+001,
5.771260997067449E+009,-2.632456500566689E+001,6.389029786918739E+001,
5.775171065493647E+009,-2.607875033397058E+001,4.880276150328109E+001,
5.779081133919844E+009,-2.578497775333030E+001,3.309052960741317E+001,
5.782991202346041E+009,-2.546271965426994E+001,1.744821962157811E+001,
5.786901270772239E+009,-2.512096342708291E+001,5.918062379729003E-001,
5.790811339198436E+009,-2.481502961288535E+001,-1.649774400895851E+001,
5.794721407624634E+009,-2.467283000541406E+001,-3.507194573165862E+001,
5.798631476050831E+009,-2.454511472919315E+001,-5.123299693396263E+001,
5.802541544477028E+009,-2.427690421555089E+001,-6.836399833576313E+001,
5.806451612903226E+009,-2.410629877488152E+001,-8.609942267239634E+001,
5.810361681329423E+009,-2.386232059379920E+001,-1.032036625573865E+002,
5.814271749755621E+009,-2.366251845099466E+001,-1.210668768699045E+002,
5.818181818181818E+009,-2.347871172414351E+001,-1.383416459791934E+002,
5.822091886608016E+009,-2.309969727836984E+001,-1.559561224127287E+002,
5.826001955034213E+009,-2.281475438459088E+001,-1.740482682295909E+002,
5.829912023460411E+009,-2.261574769586001E+001,1.672753276315208E+002,
5.833822091886608E+009,-2.247118972802303E+001,1.477709337558164E+002,
5.837732160312805E+009,-2.230582277614365E+001,1.286703344973711E+002,
5.841642228739003E+009,-2.218475720403987E+001,1.101283159896195E+002,
5.845552297165200E+009,-2.216840917842805E+001,9.009273230044023E+001,
5.849462365591398E+009,-2.231009995905490E+001,6.964971364947692E+001,
5.853372434017595E+009,-2.264179605956573E+001,5.166119985789725E+001,
5.857282502443792E+009,-2.261094566928261E+001,3.404773319795995E+001,
5.861192570869990E+009,-2.273156599520392E+001,1.671283965843005E+001,
5.865102639296187E+009,-2.271846530905391E+001,-1.414872795589927E+000,
5.869012707722385E+009,-2.267011411181480E+001,-2.048702574676011E+001,
5.872922776148583E+009,-2.283287858690532E+001,-3.912811477738890E+001,
5.876832844574780E+009,-2.309165796854385E+001,-5.791077896885691E+001,
5.880742913000978E+009,-2.345542802624698E+001,-7.493374571666193E+001,
5.884652981427176E+009,-2.355287624510724E+001,-9.164892689888487E+001,
5.888563049853373E+009,-2.346018689251492E+001,-1.090677125946576E+002,
5.892473118279570E+009,-2.348541302048842E+001,-1.288202945440713E+002,
5.896383186705768E+009,-2.388617123272238E+001,-1.476329703702989E+002,
5.900293255131965E+009,-2.440653731713467E+001,-1.654134492498277E+002,
5.904203323558163E+009,-2.478728819673066E+001,1.776037681004903E+002,
5.908113391984360E+009,-2.524608622957906E+001,1.620573442351407E+002,
5.912023460410557E+009,-2.559007771377059E+001,1.468409347431479E+002,
5.915933528836755E+009,-2.576288469683569E+001,1.323161380324651E+002,
5.919843597262952E+009,-2.596803326127203E+001,1.166592553566673E+002,
5.923753665689150E+009,-2.632943897514673E+001,1.023658006177714E+002,
5.927663734115347E+009,-2.609938523728496E+001,9.090864570442183E+001,
5.931573802541544E+009,-2.549170986558567E+001,7.519795730448985E+001,
5.935483870967742E+009,-2.535643198773789E+001,5.657204998215178E+001,
5.939393939393940E+009,-2.558583838490083E+001,3.917770164544842E+001,
5.943304007820137E+009,-2.576297659631986E+001,2.449804959495905E+001,
5.947214076246334E+009,-2.558685062842240E+001,1.109426849630785E+001,
5.951124144672532E+009,-2.545832141531403E+001,-5.187060643127060E+000,
5.955034213098729E+009,-2.528986867538053E+001,-1.958996579325702E+001,
5.958944281524927E+009,-2.484490147881549E+001,-3.466729400575431E+001,
5.962854349951124E+009,-2.441846511307185E+001,-5.121979277308782E+001,
5.966764418377321E+009,-2.408854535207845E+001,-6.831855360650840E+001,
5.970674486803519E+009,-2.373325920505572E+001,-8.543794235397087E+001,
5.974584555229716E+009,-2.322473448782279E+001,-1.029701409293258E+002,
5.978494623655914E+009,-2.279053558598454E+001,-1.220299762150881E+002,
5.982404692082111E+009,-2.272171318886428E+001,-1.421621058223896E+002,
5.986314760508308E+009,-2.288745909820138E+001,-1.611867456987368E+002,
5.990224828934506E+009,-2.297620727140923E+001,-1.774399949741111E+002,
5.994134897360704E+009,-2.290635858555879E+001,1.659675304136484E+002,
5.998044965786902E+009,-2.282563923820483E+001,1.490997989916175E+002,
6.001955034213099E+009,-2.258034556437649E+001,1.322779117606510E+002,
6.005865102639297E+009,-2.240957891112370E+001,1.145379248536532E+002,
6.009775171065494E+009,-2.220611760475839E+001,9.731410606226639E+001,
6.013685239491692E+009,-2.197810599848579E+001,7.966681671219965E+001,
6.017595307917889E+009,-2.173390527949369E+001,6.281295244457377E+001,
6.021505376344086E+009,-2.142985777439947E+001,4.461921082587419E+001,
6.025415444770284E+009,-2.106989358350123E+001,2.456083884579729E+001,
6.029325513196481E+009,-2.101822318107845E+001,5.031777153043683E+000,
6.033235581622679E+009,-2.098981010212149E+001,-1.420806281487270E+001,
6.037145650048876E+009,-2.112042576943316E+001,-3.398689340258814E+001,
6.041055718475073E+009,-2.124335097853536E+001,-5.259138962542682E+001,
6.044965786901271E+009,-2.145670065209291E+001,-7.028306756883518E+001,
6.048875855327468E+009,-2.153086530710568E+001,-8.755949250882284E+001,
6.052785923753666E+009,-2.156282149400333E+001,-1.047629480090167E+002,
6.056695992179863E+009,-2.146356477258348E+001,-1.214029679566760E+002,
6.060606060606061E+009,-2.123507063150519E+001,-1.396415171984952E+002,
6.064516129032258E+009,-2.116170880489421E+001,-1.585556840853349E+002,
6.068426197458456E+009,-2.115708675155634E+001,-1.775976664714087E+002,
6.072336265884653E+009,-2.123415270429291E+001,1.631200432373483E+002,
6.076246334310850E+009,-2.142997466917957E+001,1.444362348446541E+002,
6.080156402737048E+009,-2.158445564365789E+001,1.257299836451426E+002,
6.084066471163245E+009,-2.182688938881731E+001,1.082495023917858E+002,
6.087976539589443E+009,-2.201596720963120E+001,9.078934807590859E+001,
6.091886608015640E+009,-2.201405240876176E+001,7.381610546905132E+001,
6.095796676441837E+009,-2.212432526445281E+001,5.529701179381524E+001,
6.099706744868035E+009,-2.228579717198888E+001,3.801016143692475E+001,
6.103616813294232E+009,-2.220508521657816E+001,2.172766890839571E+001,
6.107526881720430E+009,-2.212357629377313E+001,3.446402434526884E+000,
6.111436950146627E+009,-2.219742282185550E+001,-1.575475015305034E+001,
6.115347018572825E+009,-2.229857097380545E+001,-3.421512262022223E+001,
6.119257086999023E+009,-2.252048381467012E+001,-5.358052588885783E+001,
6.123167155425221E+009,-2.270274657634129E+001,-7.101015459269844E+001,
6.127077223851418E+009,-2.311211856462878E+001,-8.944841919250001E+001,
6.130987292277615E+009,-2.340138396824521E+001,-1.064342055555046E+002,
6.134897360703813E+009,-2.359756018759251E+001,-1.233945152923656E+002,
6.138807429130010E+009,-2.391289963384443E+001,-1.406355139193246E+002,
6.142717497556208E+009,-2.422925246834717E+001,-1.560315473849547E+002,
6.146627565982405E+009,-2.419113780169070E+001,-1.716527179997912E+002,
6.150537634408602E+009,-2.425399694560577E+001,1.725064348254582E+002,
6.154447702834800E+009,-2.409844158703726E+001,1.562933371790242E+002,
6.158357771260998E+009,-2.388411201546715E+001,1.392471186154028E+002,
6.162267839687195E+009,-2.363888799284771E+001,1.202753932394635E+002,
6.166177908113392E+009,-2.378146732744383E+001,1.005202009154746E+002,
6.170087976539589E+009,-2.407812503202634E+001,8.188745280734895E+001,
6.173998044965787E+009,-2.442003363021864E+001,6.358130411225971E+001,
6.177908113391985E+009,-2.470396778328237E+001,4.711187835364508E+001,
6.181818181818182E+009,-2.499612564709970E+001,3.108196026321258E+001,
6.185728250244379E+009,-2.525969905873448E+001,1.494269638655104E+001,
6.189638318670576E+009,-2.531557136523080E+001,-1.924804662679617E-001,
6.193548387096774E+009,-2.520496062393771E+001,-1.661346839833173E+001,
6.197458455522972E+009,-2.506575229957418E+001,-3.293022752400967E+001,
6.201368523949169E+009,-2.498569330956158E+001,-4.948272194049158E+001,
6.205278592375366E+009,-2.481514074351051E+001,-6.698828881664781E+001,
6.209188660801564E+009,-2.468042886236852E+001,-8.548527261076031E+001,
6.213098729227762E+009,-2.468025572502524E+001,-1.041666959956122E+002,
6.217008797653959E+009,-2.493882760158719E+001,-1.237707530482810E+002,
6.220918866080156E+009,-2.509833952611300E+001,-1.415560715611203E+002,
6.224828934506353E+009,-2.528790129029126E+001,-1.591672947296754E+002,
6.228739002932551E+009,-2.568089387763153E+001,-1.770990142984455E+002,
6.232649071358749E+009,-2.594411939336103E+001,1.659693098175309E+002,
6.236559139784946E+009,-2.603923054984747E+001,1.508335410626507E+002,
6.240469208211144E+009,-2.621225396467720E+001,1.345819087472108E+002,
6.244379276637341E+009,-2.618584097999345E+001,1.181203453776378E+002,
6.248289345063539E+009,-2.616972553978627E+001,1.016712594812261E+002,
6.252199413489737E+009,-2.620313530276856E+001,8.400564821545295E+001,
6.256109481915934E+009,-2.626521225615910E+001,6.771270501802287E+001,
6.260019550342131E+009,-2.611952144569326E+001,5.064403363460254E+001,
6.263929618768329E+009,-2.607828179568445E+001,3.362245583939012E+001,
6.267839687194526E+009,-2.590008995086847E+001,1.480785042221857E+001,
6.271749755620724E+009,-2.597937061555264E+001,-3.999616768230106E+000,
6.275659824046921E+009,-2.618295361852236E+001,-2.288298634490287E+001,
6.279569892473118E+009,-2.659588886827923E+001,-4.201979981246713E+001,
6.283479960899316E+009,-2.696061910767536E+001,-5.863858859288717E+001,
6.287390029325514E+009,-2.719241427427075E+001,-7.400912757463695E+001,
6.291300097751711E+009,-2.720151025298108E+001,-8.931228048581380E+001,
6.295210166177908E+009,-2.704921406099871E+001,-1.072497185688487E+002,
6.299120234604105E+009,-2.692478646030605E+001,-1.247888367696887E+002,
6.303030303030303E+009,-2.688557736423180E+001,-1.453424144237792E+002,
6.306940371456501E+009,-2.713785727140439E+001,-1.652997089560517E+002,
6.310850439882698E+009,-2.749132154804064E+001,1.768081819045272E+002,
6.314760508308895E+009,-2.806719983580939E+001,1.571191826353072E+002,
6.318670576735093E+009,-2.853904471867597E+001,1.385680916366156E+002,
6.322580645161290E+009,-2.910811781656577E+001,1.222968277654855E+002,
6.326490713587488E+009,-2.978874069462984E+001,1.052142994451183E+002,
6.330400782013685E+009,-3.037743699792773E+001,9.037110228431187E+001,
6.334310850439882E+009,-3.115670408995949E+001,7.425983126170830E+001,
6.338220918866080E+009,-3.126256019040479E+001,6.041187942088884E+001,
6.342130987292278E+009,-3.147854280685684E+001,4.469998476310045E+001,
6.346041055718475E+009,-3.213981877987047E+001,3.080079953248931E+001,
6.349951124144672E+009,-3.193783966603171E+001,1.732029576138904E+001,
6.353861192570869E+009,-3.150199230496675E+001,-3.101519311292887E-001,
6.357771260997068E+009,-3.154643982786146E+001,-2.064747962483084E+001,
6.361681329423266E+009,-3.230846253082031E+001,-4.304914599844262E+001,
6.365591397849463E+009,-3.395533790352329E+001,-6.037244595940874E+001,
6.369501466275660E+009,-3.553054343354768E+001,-6.990411394325979E+001,
6.373411534701857E+009,-3.616190176366644E+001,-7.517636006660226E+001,
6.377321603128055E+009,-3.597959136929854E+001,-8.281483899076672E+001,
6.381231671554253E+009,-3.546381841284568E+001,-9.186559615327687E+001,
6.385141739980450E+009,-3.446800054386031E+001,-1.047967813370496E+002,
6.389051808406647E+009,-3.393796017966420E+001,-1.207976870951918E+002,
6.392961876832845E+009,-3.358340023363776E+001,-1.365270365457380E+002,
6.396871945259043E+009,-3.302380368400478E+001,-1.548503798069506E+002,
6.400782013685240E+009,-3.325693229461579E+001,-1.746361464671134E+002,
6.404692082111437E+009,-3.408138309971898E+001,1.686931740010986E+002,
6.408602150537634E+009,-3.452970105450633E+001,1.564523423258136E+002,
6.412512218963832E+009,-3.502909410335590E+001,1.464921551822194E+002,
6.416422287390030E+009,-3.444327305881895E+001,1.388554168168027E+002,
6.420332355816227E+009,-3.348289879589054E+001,1.270673471721833E+002,
6.424242424242424E+009,-3.252102109796851E+001,1.117780498519495E+002,
6.428152492668621E+009,-3.173647106621736E+001,9.589277957231096E+001,
6.432062561094819E+009,-3.088249260240242E+001,7.940602962369762E+001,
6.435972629521017E+009,-3.003780435181982E+001,6.012132196229980E+001,
6.439882697947214E+009,-2.959002129085243E+001,3.897699238543029E+001,
6.443792766373411E+009,-2.939264885987746E+001,1.812681969308601E+001,
6.447702834799609E+009,-2.972794851126102E+001,-7.109211864665014E-001,
6.451612903225807E+009,-2.993167865712823E+001,-1.681065102124644E+001,
6.455522971652004E+009,-2.984211176244991E+001,-3.278074266548268E+001,
6.459433040078201E+009,-2.968753600935966E+001,-4.888248933160324E+001,
6.463343108504398E+009,-2.932042718080174E+001,-6.407118274063151E+001,
6.467253176930596E+009,-2.878740971346772E+001,-8.007744547082523E+001,
6.471163245356794E+009,-2.829005796309380E+001,-9.774417327673883E+001,
6.475073313782991E+009,-2.786916850930187E+001,-1.170586290470377E+002,
6.478983382209189E+009,-2.738845308524566E+001,-1.372276916179096E+002,
6.482893450635386E+009,-2.725178351409681E+001,-1.572657579479116E+002,
6.486803519061584E+009,-2.738905050025588E+001,-1.779123903536447E+002,
6.490713587487782E+009,-2.772842716115200E+001,1.634527493351156E+002,
6.494623655913979E+009,-2.772552360791315E+001,1.443418946774348E+002,
6.498533724340176E+009,-2.802133579177939E+001,1.275202700702788E+002,
6.502443792766374E+009,-2.819208337941992E+001,1.098214972411297E+002,
6.506353861192571E+009,-2.815395509097431E+001,9.288678397337608E+001,
6.510263929618769E+009,-2.835628860912856E+001,7.635402668393476E+001,
6.514173998044966E+009,-2.835564781434483E+001,6.032917338569402E+001,
6.518084066471163E+009,-2.814540733787380E+001,4.422507883240767E+001,
6.521994134897361E+009,-2.781834541849189E+001,2.621772873978762E+001,
6.525904203323559E+009,-2.766555348471811E+001,6.917135051205285E+000,
6.529814271749756E+009,-2.774380719866856E+001,-1.301574107012241E+001,
6.533724340175953E+009,-2.806781303105800E+001,-3.146636662418518E+001,
6.537634408602150E+009,-2.818645137618521E+001,-4.831463709982947E+001,
6.541544477028348E+009,-2.822240068049601E+001,-6.580447547864837E+001,
6.545454545454546E+009,-2.843042170023517E+001,-8.301713875756781E+001,
6.549364613880743E+009,-2.871994316813533E+001,-1.004656390750956E+002,
6.553274682306940E+009,-2.856771407885727E+001,-1.167244264640792E+002,
6.557184750733138E+009,-2.875441408587595E+001,-1.338677615643462E+002,
6.561094819159335E+009,-2.852452869503972E+001,-1.490277995616815E+002,
6.565004887585533E+009,-2.843386180937300E+001,-1.674190323276849E+002,
6.568914956011730E+009,-2.845637238577336E+001,1.730100318965663E+002,
6.572825024437927E+009,-2.829481802410067E+001,1.540619536378437E+002,
6.576735092864125E+009,-2.828640768743791E+001,1.335167912548841E+002,
6.580645161290323E+009,-2.898614534593001E+001,1.127864791450107E+002,
6.584555229716520E+009,-2.957893139484574E+001,9.473833179007045E+001,
6.588465298142717E+009,-2.996039467077853E+001,7.920009707633496E+001,
6.592375366568914E+009,-3.054391439691191E+001,6.286987268019058E+001,
6.596285434995112E+009,-3.090806897803694E+001,4.628349685996412E+001,
6.600195503421310E+009,-3.115271530761291E+001,2.945879599477772E+001,
6.604105571847508E+009,-3.170372116425628E+001,1.362826593050364E+001,
6.608015640273705E+009,-3.223557385504768E+001,-2.668105454264103E-001,
6.611925708699902E+009,-3.242038062167814E+001,-1.607322632201545E+001,
6.615835777126100E+009,-3.250053939947392E+001,-3.070083110088880E+001,
6.619745845552298E+009,-3.276684089712206E+001,-4.537278476909177E+001,
6.623655913978495E+009,-3.264501263922455E+001,-5.988137806164855E+001,
6.627565982404692E+009,-3.260568128383242E+001,-7.738602433534371E+001,
6.631476050830890E+009,-3.302590921663876E+001,-9.414224412378304E+001,
6.635386119257088E+009,-3.344814826452791E+001,-1.104586667360586E+002,
6.639296187683285E+009,-3.379866538456797E+001,-1.237460998318601E+002,
6.643206256109482E+009,-3.422094157967507E+001,-1.384367511491950E+002,
6.647116324535679E+009,-3.459938513664638E+001,-1.502787197042393E+002,
6.651026392961877E+009,-3.446193962667000E+001,-1.615296504399113E+002,
6.654936461388075E+009,-3.428590979977223E+001,-1.726484741223612E+002,
6.658846529814272E+009,-3.357292614848135E+001,1.751296083046373E+002,
6.662756598240469E+009,-3.259498424558098E+001,1.590353228554523E+002,
6.666666666666666E+009,-3.215125370101504E+001,1.394302798156702E+002,
6.670576735092864E+009,-3.231653044407315E+001,1.204877815083056E+002,
6.674486803519062E+009,-3.245354098052673E+001,1.050718032009191E+002,
6.678396871945259E+009,-3.234948201114300E+001,8.948873416952554E+001,
6.682306940371456E+009,-3.217751596186865E+001,7.480606956390668E+001,
6.686217008797654E+009,-3.191733798244206E+001,5.943528324170282E+001,
6.690127077223852E+009,-3.154199113587169E+001,4.285003582096078E+001,
6.694037145650049E+009,-3.136094308442921E+001,2.533302439562859E+001,
6.697947214076246E+009,-3.114320804003100E+001,1.023565407917112E+001,
6.701857282502443E+009,-3.047927304082628E+001,-7.444498711818958E+000,
6.705767350928641E+009,-3.022497844967064E+001,-2.841727191265032E+001,
6.709677419354839E+009,-3.047646286301335E+001,-4.855461732524382E+001,
6.713587487781036E+009,-3.086772498411253E+001,-6.638826889038573E+001,
6.717497556207233E+009,-3.109515147396214E+001,-8.281696660349738E+001,
6.721407624633431E+009,-3.137027776750919E+001,-9.921510936625688E+001,
6.725317693059629E+009,-3.158450603538066E+001,-1.142101130951481E+002,
6.729227761485827E+009,-3.148115072645826E+001,-1.290443003575261E+002,
6.733137829912024E+009,-3.155004241523442E+001,-1.455343121820710E+002,
6.737047898338221E+009,-3.157708043685514E+001,-1.604932979171021E+002,
6.740957966764419E+009,-3.143646877838829E+001,-1.764724249303731E+002,
6.744868035190616E+009,-3.149384624887495E+001,1.674595502904322E+002,
6.748778103616814E+009,-3.137124353458285E+001,1.536763953636579E+002,
6.752688172043011E+009,-3.088227595900714E+001,1.376035738305367E+002,
6.756598240469208E+009,-3.058397177346098E+001,1.188385693084117E+002,
6.760508308895406E+009,-3.066826731964411E+001,9.942978217217818E+001,
6.764418377321604E+009,-3.112570656319377E+001,8.130875830964853E+001,
6.768328445747801E+009,-3.172761968504341E+001,6.521787356816175E+001,
6.772238514173998E+009,-3.248693993267671E+001,5.086531020259159E+001,
6.776148582600195E+009,-3.307615300631176E+001,4.313126995546040E+001,
6.780058651026393E+009,-3.255155029714641E+001,3.543475074787386E+001,
6.783968719452591E+009,-3.158805069761585E+001,2.463976915878625E+001,
6.787878787878788E+009,-3.028411997575044E+001,1.046816085409546E+001,
6.791788856304985E+009,-2.924547284088676E+001,-8.200986898812557E+000,
6.795698924731183E+009,-2.882963648726679E+001,-2.859116153005196E+001,
6.799608993157380E+009,-2.861099265425691E+001,-4.729228358528708E+001,
6.803519061583578E+009,-2.862887383154675E+001,-6.524628453070606E+001,
6.807429130009775E+009,-2.849767086456233E+001,-8.233576884000971E+001,
6.811339198435972E+009,-2.869079071082842E+001,-9.617711935200906E+001,
6.815249266862170E+009,-2.817899445171207E+001,-1.088308828057594E+002,
6.819159335288368E+009,-2.745215670495282E+001,-1.248903485645270E+002,
6.823069403714565E+009,-2.693016814732829E+001,-1.421757394334496E+002,
6.826979472140762E+009,-2.639792482182390E+001,-1.578879032263803E+002,
6.830889540566959E+009,-2.559121150877743E+001,-1.741650571190711E+002,
6.834799608993157E+009,-2.481978495223587E+001,1.664504390693869E+002,
6.838709677419355E+009,-2.426066879747457E+001,1.456356430757479E+002,
6.842619745845552E+009,-2.391532418076937E+001,1.259257507499808E+002,
6.846529814271750E+009,-2.378477651430208E+001,1.060262790486372E+002,
6.850439882697948E+009,-2.373449526602559E+001,8.650417362050277E+001,
6.854349951124145E+009,-2.363686026616055E+001,6.828036718066947E+001,
6.858260019550343E+009,-2.344424229346333E+001,5.151065242929523E+001,
6.862170087976540E+009,-2.311789283854995E+001,3.386155448670811E+001,
6.866080156402737E+009,-2.275214044586897E+001,1.538249492797026E+001,
6.869990224828935E+009,-2.242189404815943E+001,-3.569486758159325E+000,
6.873900293255133E+009,-2.212387113513987E+001,-2.306006068030538E+001,
6.877810361681330E+009,-2.182341500501858E+001,-4.274673526188929E+001,
6.881720430107527E+009,-2.164426960192868E+001,-6.238131573631836E+001,
6.885630498533724E+009,-2.150408395446435E+001,-8.298954430526410E+001,
6.889540566959922E+009,-2.144337895988953E+001,-1.036001472563403E+002,
6.893450635386120E+009,-2.148281253029074E+001,-1.243206241074021E+002,
6.897360703812317E+009,-2.168253430043345E+001,-1.440556313497963E+002,
6.901270772238514E+009,-2.197785133357370E+001,-1.632568978734282E+002,
6.905180840664711E+009,-2.230158557418577E+001,1.791516853461629E+002,
6.909090909090909E+009,-2.236844632504393E+001,1.622981537448118E+002,
6.913000977517107E+009,-2.239166654150519E+001,1.450899367659830E+002,
6.916911045943304E+009,-2.221588791088427E+001,1.281428698892958E+002,
6.920821114369501E+009,-2.206068964588476E+001,1.102463934468773E+002,
6.924731182795699E+009,-2.183183962376702E+001,9.133905759479816E+001,
6.928641251221897E+009,-2.171770207179645E+001,7.168454362791654E+001,
6.932551319648094E+009,-2.159049057864258E+001,5.136375492902607E+001,
6.936461388074291E+009,-2.180965857274832E+001,3.115142673702157E+001,
6.940371456500488E+009,-2.198730912585804E+001,1.166774171790563E+001,
6.944281524926686E+009,-2.235759507205633E+001,-7.532519986088526E+000,
6.948191593352884E+009,-2.261476920904582E+001,-2.536534613180280E+001,
6.952101661779081E+009,-2.282955336411208E+001,-4.357830696584850E+001,
6.956011730205278E+009,-2.307811634851547E+001,-6.104006154474354E+001,
6.959921798631475E+009,-2.323506671717006E+001,-7.822115025134492E+001,
6.963831867057674E+009,-2.327959313393801E+001,-9.550302583261447E+001,
6.967741935483872E+009,-2.319746705617151E+001,-1.127841593281428E+002,
6.971652003910069E+009,-2.322608420418249E+001,-1.317866869163943E+002,
6.975562072336266E+009,-2.333717170867288E+001,-1.507915302566996E+002,
6.979472140762464E+009,-2.361572417865525E+001,-1.706182726159032E+002,
6.983382209188661E+009,-2.394130971508199E+001,1.707775734511736E+002,
6.987292277614859E+009,-2.423541907726369E+001,1.528726106088087E+002,
6.991202346041056E+009,-2.485265036750703E+001,1.351141479646797E+002,
6.995112414467253E+009,-2.521065143594275E+001,1.188926092665062E+002,
6.999022482893451E+009,-2.556728506655215E+001,1.039726553325688E+002,
7.002932551319649E+009,-2.565295212002178E+001,8.995686432943595E+001,
7.006842619745846E+009,-2.546866470470109E+001,7.496322216157249E+001,
7.010752688172043E+009,-2.530111346884841E+001,5.660268045510766E+001,
7.014662756598240E+009,-2.525491297888802E+001,3.853144500899194E+001,
7.018572825024438E+009,-2.520582768780141E+001,1.966755482384463E+001,
7.022482893450636E+009,-2.536422313506071E+001,8.982127687001469E-001,
7.026392961876833E+009,-2.573964132433700E+001,-1.652840219832273E+001,
7.030303030303030E+009,-2.621687914310105E+001,-3.329133277909646E+001,
7.034213098729228E+009,-2.645311604985056E+001,-5.011875618896147E+001,
7.038123167155425E+009,-2.662703250546986E+001,-6.621331332424383E+001,
7.042033235581623E+009,-2.691119294983505E+001,-8.164311260917329E+001,
7.045943304007820E+009,-2.710956518742693E+001,-9.632769876082655E+001,
7.049853372434017E+009,-2.696263941159776E+001,-1.112377365782482E+002,
7.053763440860215E+009,-2.679408757157191E+001,-1.267649023935313E+002,
7.057673509286413E+009,-2.648249120583248E+001,-1.444004971515742E+002,
7.061583577712610E+009,-2.646631195258807E+001,-1.612268884384719E+002,
7.065493646138807E+009,-2.639077762461020E+001,-1.776637664168641E+002,
7.069403714565004E+009,-2.622322875717153E+001,1.648047617950257E+002,
7.073313782991202E+009,-2.621027134762391E+001,1.453242130271452E+002,
7.077223851417400E+009,-2.636987476351658E+001,1.284780447554114E+002,
7.081133919843597E+009,-2.637475593000224E+001,1.110790924035625E+002,
7.085043988269795E+009,-2.642866101808779E+001,9.379978903570425E+001,
7.088954056695993E+009,-2.656897294944749E+001,7.650556880799697E+001,
7.092864125122190E+009,-2.660975278294923E+001,6.105174893027427E+001,
7.096774193548388E+009,-2.658780723701622E+001,4.359487079800100E+001,
7.100684261974585E+009,-2.646328349122606E+001,2.708890730773921E+001,
7.104594330400782E+009,-2.640801383900648E+001,9.319338758100445E+000,
7.108504398826980E+009,-2.657223468709195E+001,-7.622706249003535E+000,
7.112414467253178E+009,-2.638331553231510E+001,-2.541334952811405E+001,
7.116324535679375E+009,-2.628517620353015E+001,-4.291383344867993E+001,
7.120234604105572E+009,-2.637631852493885E+001,-6.080698880054700E+001,
7.124144672531769E+009,-2.660680905146916E+001,-7.867228278333924E+001,
7.128054740957967E+009,-2.663404508338513E+001,-9.493088847114291E+001,
7.131964809384165E+009,-2.647861838426424E+001,-1.130792058932515E+002,
7.135874877810362E+009,-2.661482379947604E+001,-1.300300863161521E+002,
7.139784946236559E+009,-2.661432643167064E+001,-1.459907325020883E+002,
7.143695014662756E+009,-2.652240150487531E+001,-1.636929274994861E+002,
7.147605083088954E+009,-2.650191768877526E+001,1.773074532028880E+002,
7.151515151515152E+009,-2.661034412269765E+001,1.590409435373738E+002,
7.155425219941349E+009,-2.659902443892701E+001,1.431200061086561E+002,
7.159335288367546E+009,-2.650482953103498E+001,1.244785262391297E+002,
7.163245356793744E+009,-2.668447791918398E+001,1.056835662226342E+002,
7.167155425219942E+009,-2.682307964414468E+001,8.710044164101920E+001,
7.171065493646139E+009,-2.696253210958313E+001,6.841606755818643E+001,
7.174975562072336E+009,-2.733484808604115E+001,4.821722548783566E+001,
7.178885630498533E+009,-2.796672568433674E+001,3.220823598088769E+001,
7.182795698924731E+009,-2.840746602341802E+001,1.541531508584315E+001,
7.186705767350929E+009,-2.859556326659476E+001,8.593341780179717E-001,
7.190615835777126E+009,-2.875839186665257E+001,-1.464958185313549E+001,
7.194525904203323E+009,-2.881507717168901E+001,-2.994663747367801E+001,
7.198435972629520E+009,-2.875890142368568E+001,-4.546469283292866E+001,
7.202346041055718E+009,-2.845851811734815E+001,-6.336397807585008E+001,
7.206256109481916E+009,-2.799583494593259E+001,-8.220199644194764E+001,
7.210166177908114E+009,-2.834678302303596E+001,-1.015273609081673E+002,
7.214076246334311E+009,-2.848402923001798E+001,-1.218903746274388E+002,
7.217986314760509E+009,-2.911102986922650E+001,-1.433142639576510E+002,
7.221896383186706E+009,-3.045009832501883E+001,-1.623407771976287E+002,
7.225806451612904E+009,-3.157532032405205E+001,-1.752448269803388E+002,
7.229716520039101E+009,-3.217281107543081E+001,1.748267962475840E+002,
7.233626588465298E+009,-3.224136946272719E+001,1.654471791638893E+002,
7.237536656891496E+009,-3.207651080542352E+001,1.543225802535692E+002,
7.241446725317694E+009,-3.138326964519556E+001,1.404001164273080E+002,
7.245356793743891E+009,-3.068306683847109E+001,1.245191473871742E+002,
7.249266862170088E+009,-3.024388247484028E+001,1.061783449753745E+002,
7.253176930596285E+009,-3.008472725907090E+001,8.807725501421659E+001,
7.257086999022483E+009,-3.022896170357122E+001,6.988711569297811E+001,
7.260997067448681E+009,-3.054922783247783E+001,5.052433754082284E+001,
7.264907135874878E+009,-3.135738348051724E+001,3.598585124309097E+001,
7.268817204301075E+009,-3.170719921046893E+001,2.426476575829502E+001,
7.272727272727273E+009,-3.129029915633027E+001,1.240617300634884E+001,
7.276637341153470E+009,-3.089103072660060E+001,-8.803048061440839E-001,
7.280547409579668E+009,-3.020182324417672E+001,-1.464310693193795E+001,
7.284457478005865E+009,-2.952767876595139E+001,-3.255592245087129E+001,
7.288367546432062E+009,-2.882738208380631E+001,-5.083682908458756E+001,
7.292277614858260E+009,-2.866087685932079E+001,-7.096023013656291E+001,
7.296187683284458E+009,-2.844216059143201E+001,-8.930264349717082E+001,
7.300097751710655E+009,-2.824933985789050E+001,-1.082676684481442E+002,
7.304007820136852E+009,-2.842730450548369E+001,-1.276862364472783E+002,
7.307917888563049E+009,-2.881633903851984E+001,-1.461624021856333E+002,
7.311827956989247E+009,-2.914269264597289E+001,-1.618720488779632E+002,
7.315738025415445E+009,-2.904832784605308E+001,-1.761152341865830E+002,
7.319648093841642E+009,-2.892850485004495E+001,1.667713997253584E+002,
7.323558162267839E+009,-2.857470760325858E+001,1.492064799009644E+002,
7.327468230694037E+009,-2.840235704229610E+001,1.332221884168660E+002,
7.331378299120235E+009,-2.784170921293478E+001,1.150863645018393E+002,
7.335288367546433E+009,-2.766110320032166E+001,9.466979021296363E+001,
7.339198435972630E+009,-2.755072526477708E+001,7.624135237470725E+001,
7.343108504398827E+009,-2.744515433835080E+001,5.613251246433705E+001,
7.347018572825025E+009,-2.763686835887651E+001,3.528891286512608E+001,
7.350928641251223E+009,-2.808304528009184E+001,1.532819216135458E+001,
7.354838709677420E+009,-2.862095358389583E+001,-2.906890186395816E+000,
7.358748778103617E+009,-2.910861502159675E+001,-1.908050582217709E+001,
7.362658846529814E+009,-2.943822087270750E+001,-3.483078206965370E+001,
7.366568914956012E+009,-2.963436238697007E+001,-5.097699666582435E+001,
7.370478983382210E+009,-2.965529578529020E+001,-6.563275131079841E+001,
7.374389051808407E+009,-2.953880979216827E+001,-8.196024962583576E+001,
7.378299120234604E+009,-2.937801389755222E+001,-9.865415328198169E+001,
7.382209188660801E+009,-2.936423109635748E+001,-1.148969452051566E+002,
7.386119257086999E+009,-2.920856314213845E+001,-1.330000565193065E+002,
7.390029325513197E+009,-2.914737170096266E+001,-1.532236236085184E+002,
7.393939393939394E+009,-2.948768420302958E+001,-1.725999062554991E+002,
7.397849462365591E+009,-3.028295123320349E+001,1.715005307324948E+002,
7.401759530791789E+009,-3.060699712475347E+001,1.557669973332962E+002,
7.405669599217987E+009,-3.080404136899052E+001,1.397957882298742E+002,
7.409579667644184E+009,-3.089402740484974E+001,1.258115623177279E+002,
7.413489736070381E+009,-3.081546365375184E+001,1.117970153600779E+002,
7.417399804496578E+009,-3.064729999087521E+001,9.402622196694611E+001,
7.421309872922776E+009,-3.047944784032478E+001,7.667425912767305E+001,
7.425219941348974E+009,-3.055508571198700E+001,6.330049166041918E+001,
7.429130009775171E+009,-3.023438531129335E+001,4.588539173585993E+001,
7.433040078201368E+009,-2.983695369114664E+001,2.624271670651779E+001,
7.436950146627565E+009,-2.983658320735052E+001,5.760475648490180E+000,
7.440860215053763E+009,-3.019501275666392E+001,-1.337630072546296E+001,
7.444770283479961E+009,-3.101930472667874E+001,-3.034521229079695E+001,
7.448680351906158E+009,-3.136364888368009E+001,-4.668240248569241E+001,
7.452590420332356E+009,-3.168191258436844E+001,-6.234506434009011E+001,
7.456500488758554E+009,-3.175262485075953E+001,-7.415724743268996E+001,
7.460410557184751E+009,-3.167938667015227E+001,-9.146172999452409E+001,
7.464320625610949E+009,-3.141417151229892E+001,-1.069451816033895E+002,
7.468230694037146E+009,-3.098650166195324E+001,-1.238743288222725E+002,
7.472140762463343E+009,-3.109790143231396E+001,-1.417194800662529E+002,
7.476050830889541E+009,-3.075366865319262E+001,-1.583213665164353E+002,
7.479960899315739E+009,-3.059038288315179E+001,-1.781208486628973E+002,
7.483870967741936E+009,-3.057149189393334E+001,1.606086820641347E+002,
7.487781036168133E+009,-3.113057887564387E+001,1.399467276718653E+002,
7.491691104594330E+009,-3.198421434225175E+001,1.191302800816932E+002,
7.495601173020528E+009,-3.321820200185141E+001,1.030706554731555E+002,
7.499511241446726E+009,-3.423820606218699E+001,9.084116397631520E+001,
7.503421309872923E+009,-3.458383947100278E+001,8.178304518541759E+001,
7.507331378299120E+009,-3.448719054298061E+001,6.862457206701433E+001,
7.511241446725318E+009,-3.470120863980646E+001,5.579653389574131E+001,
7.515151515151515E+009,-3.444993645689991E+001,4.728950368408163E+001,
7.519061583577713E+009,-3.303662202310372E+001,3.156050323054331E+001,
7.522971652003910E+009,-3.266341092474038E+001,1.004938356301359E+001,
7.526881720430107E+009,-3.265790355444604E+001,-9.244588127592019E+000,
7.530791788856305E+009,-3.293649562852383E+001,-2.928572824559050E+001,
7.534701857282503E+009,-3.391211998976209E+001,-4.632180279676987E+001,
7.538611925708700E+009,-3.455936699826319E+001,-5.825847115128767E+001,
7.542521994134897E+009,-3.481739688808293E+001,-6.945727632791892E+001,
7.546432062561094E+009,-3.445369187811497E+001,-8.127536947894600E+001,
7.550342130987292E+009,-3.417202272824420E+001,-9.533697629713251E+001,
7.554252199413490E+009,-3.383636748616876E+001,-1.084052354516813E+002,
7.558162267839687E+009,-3.309461235920405E+001,-1.215343953793898E+002,
7.562072336265884E+009,-3.219312013405988E+001,-1.385468286900840E+002,
7.565982404692082E+009,-3.154426821257978E+001,-1.598356882666551E+002,
7.569892473118280E+009,-3.173061025939153E+001,1.796193461784578E+002,
7.573802541544478E+009,-3.199336712567584E+001,1.620970402447187E+002,
7.577712609970675E+009,-3.243203493736493E+001,1.456842974498141E+002,
7.581622678396872E+009,-3.269117519011460E+001,1.318277146597366E+002,
7.585532746823070E+009,-3.264138778747604E+001,1.199271746280343E+002,
7.589442815249268E+009,-3.207064443771013E+001,1.067191709481160E+002,
7.593352883675465E+009,-3.155706148509621E+001,9.100214944515405E+001,
7.597262952101662E+009,-3.111177561032385E+001,7.396063868097043E+001,
7.601173020527859E+009,-3.080363162105428E+001,5.820373490426655E+001,
7.605083088954057E+009,-3.003179135587057E+001,4.213308051596749E+001,
7.608993157380255E+009,-2.932189223675862E+001,2.235094997601938E+001,
7.612903225806452E+009,-2.898103291210383E+001,1.030868314781321E+000,
7.616813294232649E+009,-2.915035212539354E+001,-1.941500857095913E+001,
7.620723362658846E+009,-2.933298820467093E+001,-3.719847975905478E+001,
7.624633431085044E+009,-2.936009717454092E+001,-5.584870228219445E+001,
7.628543499511242E+009,-2.942642278339570E+001,-7.274860426331422E+001,
7.632453567937439E+009,-2.967263137849276E+001,-8.834473628405024E+001,
7.636363636363636E+009,-2.955141973276295E+001,-1.005108355936517E+002,
7.640273704789834E+009,-2.901716632326659E+001,-1.158788888509097E+002,
7.644183773216032E+009,-2.874699611145866E+001,-1.332582102240820E+002,
7.648093841642229E+009,-2.816741577675846E+001,-1.505981510313517E+002,
7.652003910068426E+009,-2.770574962463911E+001,-1.688815960038943E+002,
7.655913978494623E+009,-2.731288252530634E+001,1.712097960812430E+002,
7.659824046920821E+009,-2.690093360699357E+001,1.507464738332435E+002,
7.663734115347019E+009,-2.686271669742900E+001,1.298242213473250E+002,
7.667644183773216E+009,-2.705872922605337E+001,1.092571569363433E+002,
7.671554252199413E+009,-2.737338582011068E+001,8.975373085485926E+001,
7.675464320625610E+009,-2.795766162699129E+001,7.006879390870500E+001,
7.679374389051808E+009,-2.849759267000863E+001,5.550035138453622E+001,
7.683284457478006E+009,-2.836625904454252E+001,4.062332931057578E+001,
7.687194525904203E+009,-2.859250792142305E+001,2.478708282207394E+001,
7.691104594330401E+009,-2.822697418090656E+001,1.002187785085581E+001,
7.695014662756599E+009,-2.774511183240216E+001,-6.952952158766919E+000,
7.698924731182797E+009,-2.754049041074536E+001,-2.707946244172913E+001,
7.702834799608994E+009,-2.762644021475954E+001,-4.753139066002701E+001,
7.706744868035191E+009,-2.777958297192723E+001,-6.564916148147751E+001,
7.710654936461388E+009,-2.793833000181417E+001,-8.308580111888756E+001,
7.714565004887586E+009,-2.818911975714524E+001,-1.011785992338541E+002,
7.718475073313784E+009,-2.844764377561361E+001,-1.192209973616646E+002,
7.722385141739981E+009,-2.863812259936987E+001,-1.351494129530679E+002,
7.726295210166178E+009,-2.878638713256677E+001,-1.506867322731815E+002,
7.730205278592375E+009,-2.884213712601848E+001,-1.666853121698950E+002,
7.734115347018573E+009,-2.874508088344095E+001,1.779604240285437E+002,
7.738025415444771E+009,-2.839885726198454E+001,1.621908879898026E+002,
7.741935483870968E+009,-2.834960338123874E+001,1.439489928166359E+002,
7.745845552297165E+009,-2.827911735783346E+001,1.256571217890828E+002,
7.749755620723363E+009,-2.844248753013897E+001,1.067312370624558E+002,
7.753665689149560E+009,-2.854189943571281E+001,8.871226567104726E+001,
7.757575757575758E+009,-2.889150391182885E+001,7.268281019750670E+001,
7.761485826001955E+009,-2.923341216642179E+001,5.674810299429252E+001,
7.765395894428152E+009,-2.928779930900812E+001,4.021915660387707E+001,
7.769305962854350E+009,-2.933562610966319E+001,2.563272052745680E+001,
7.773216031280548E+009,-2.946495549143020E+001,1.287491927638743E+001,
7.777126099706745E+009,-2.895138851827822E+001,-1.669870905897888E+000,
7.781036168132942E+009,-2.820953682966257E+001,-1.751403114577884E+001,
7.784946236559139E+009,-2.777270543923638E+001,-3.679249071406110E+001,
7.788856304985337E+009,-2.756639234750301E+001,-5.506715103419936E+001,
7.792766373411535E+009,-2.764796465542820E+001,-7.298863986898112E+001,
7.796676441837732E+009,-2.741994468647889E+001,-9.122141085322714E+001,
7.800586510263929E+009,-2.719280666110550E+001,-1.117204122138946E+002,
7.804496578690127E+009,-2.737324802538014E+001,-1.297529974210798E+002,
7.808406647116324E+009,-2.751615619203131E+001,-1.464426784199889E+002,
7.812316715542522E+009,-2.747563210796565E+001,-1.622216830330007E+002,
7.816226783968720E+009,-2.746010052636816E+001,-1.796756699351855E+002,
7.820136852394917E+009,-2.723054472762740E+001,1.636852998707119E+002,
7.824046920821115E+009,-2.685838735952295E+001,1.470738386903551E+002,
7.827956989247313E+009,-2.666153364313754E+001,1.286829239108379E+002,
7.831867057673510E+009,-2.647453295098353E+001,1.091400521515574E+002,
7.835777126099707E+009,-2.642630369312225E+001,9.031931390383988E+001,
7.839687194525904E+009,-2.632799822091721E+001,7.189297456900388E+001,
7.843597262952102E+009,-2.616268234041143E+001,5.130895265271658E+001,
7.847507331378300E+009,-2.611253479630523E+001,3.118079696202949E+001,
7.851417399804497E+009,-2.634273583695013E+001,1.093804934402051E+001,
7.855327468230694E+009,-2.691000441374891E+001,-9.610380322708330E+000,
7.859237536656891E+009,-2.716492274809305E+001,-2.770466839118270E+001,
7.863147605083089E+009,-2.753603030837617E+001,-4.585852571192029E+001,
7.867057673509287E+009,-2.800171623851053E+001,-6.190829763620229E+001,
7.870967741935484E+009,-2.827768632671756E+001,-7.830928158867576E+001,
7.874877810361681E+009,-2.842870288363454E+001,-9.472550547505102E+001,
7.878787878787879E+009,-2.840822126319758E+001,-1.120218885215358E+002,
7.882697947214077E+009,-2.846148423988624E+001,-1.303199129502341E+002,
7.886608015640274E+009,-2.854768559320455E+001,-1.470126681402053E+002,
7.890518084066471E+009,-2.864051423339305E+001,-1.646229252572678E+002,
7.894428152492668E+009,-2.883022531656344E+001,1.767221890038956E+002,
7.898338220918866E+009,-2.921683853252002E+001,1.569884451179223E+002,
7.902248289345064E+009,-2.960484133729448E+001,1.381817022169776E+002,
7.906158357771261E+009,-3.040033295128144E+001,1.216825356454589E+002,
7.910068426197458E+009,-3.122962411499148E+001,1.083688741338503E+002,
7.913978494623655E+009,-3.167679364749850E+001,9.399963746748840E+001,
7.917888563049853E+009,-3.180364416165876E+001,8.283971336695296E+001,
7.921798631476051E+009,-3.161313803935000E+001,6.929076793003341E+001,
7.925708699902248E+009,-3.124016401489344E+001,5.681416956407558E+001,
7.929618768328445E+009,-3.070852682698979E+001,4.054863028660709E+001,
7.933528836754643E+009,-3.014853368192057E+001,2.019864628491087E+001,
7.937438905180841E+009,-3.016526707934750E+001,2.099558134853804E+000,
7.941348973607039E+009,-3.048051390301733E+001,-1.775559836676951E+001,
7.945259042033236E+009,-3.075565042550015E+001,-3.598123761652535E+001,
7.949169110459433E+009,-3.151594621283533E+001,-5.170143420800164E+001,
7.953079178885631E+009,-3.183929974157498E+001,-6.651306980647870E+001,
7.956989247311829E+009,-3.214258357946789E+001,-8.036658772420323E+001,
7.960899315738026E+009,-3.205806823511873E+001,-9.333323466395773E+001,
7.964809384164223E+009,-3.184587443807410E+001,-1.048713764120224E+002,
7.968719452590420E+009,-3.140005283355191E+001,-1.175523461128106E+002,
7.972629521016618E+009,-3.050699427434515E+001,-1.339933967057917E+002,
7.976539589442816E+009,-3.011682199661393E+001,-1.546320235086084E+002,
7.980449657869013E+009,-2.968411310680416E+001,-1.744964634406220E+002,
7.984359726295210E+009,-2.977934620305794E+001,1.665940074933899E+002,
7.988269794721408E+009,-3.011973105423748E+001,1.470148892885669E+002,
7.992179863147605E+009,-3.072052277389593E+001,1.289886754495463E+002,
7.996089931573803E+009,-3.121759520368486E+001,1.161129654649067E+002,
8.000000000000000E+009,-3.111450975438871E+001,1.037812798953757E+002,
