% Version 1.00
%
%freq[Hz];db:Trc1_S21;ang:Trc1_S21;
4.000000000000000E+009,-2.214661947866537E+001,-1.400907209193360E+002,
4.003910068426198E+009,-2.203449128978411E+001,-1.552326677446852E+002,
4.007820136852395E+009,-2.170591634449689E+001,-1.718993693987924E+002,
4.011730205278593E+009,-2.148876107307223E+001,1.706442030651974E+002,
4.015640273704790E+009,-2.140845004789439E+001,1.523696743163109E+002,
4.019550342130987E+009,-2.149290707385748E+001,1.344791092837145E+002,
4.023460410557185E+009,-2.151158952808155E+001,1.174752365761704E+002,
4.027370478983382E+009,-2.154658069710982E+001,1.007106786042091E+002,
4.031280547409580E+009,-2.150117324917247E+001,8.458889463258541E+001,
4.035190615835777E+009,-2.133622861974725E+001,6.731240733186114E+001,
4.039100684261975E+009,-2.127502869578788E+001,5.024346837998025E+001,
4.043010752688172E+009,-2.116092279680029E+001,3.357896538068182E+001,
4.046920821114369E+009,-2.089491094975078E+001,1.618019013325723E+001,
4.050830889540567E+009,-2.073033010326083E+001,-3.151491301288164E+000,
4.054740957966765E+009,-2.075729494881605E+001,-2.190123998227595E+001,
4.058651026392962E+009,-2.087150970668369E+001,-4.006174131304339E+001,
4.062561094819160E+009,-2.104209758113132E+001,-5.843425003490034E+001,
4.066471163245357E+009,-2.122494493973278E+001,-7.547214475596921E+001,
4.070381231671554E+009,-2.129741167508229E+001,-9.265845550953831E+001,
4.074291300097752E+009,-2.139570004692576E+001,-1.100322253463733E+002,
4.078201368523949E+009,-2.162625016102398E+001,-1.273460520866887E+002,
4.082111436950147E+009,-2.168601089919952E+001,-1.444544967754787E+002,
4.086021505376344E+009,-2.174129482662756E+001,-1.602152465378386E+002,
4.089931573802542E+009,-2.180981125342855E+001,-1.769694155004478E+002,
4.093841642228739E+009,-2.174947773932228E+001,1.668778461027468E+002,
4.097751710654936E+009,-2.173664063453692E+001,1.497939772993740E+002,
4.101661779081134E+009,-2.173463459630092E+001,1.339437027397750E+002,
4.105571847507331E+009,-2.161889112928589E+001,1.175817535995289E+002,
4.109481915933529E+009,-2.142994407571792E+001,1.012596887339737E+002,
4.113391984359726E+009,-2.113867156619634E+001,8.342385528442601E+001,
4.117302052785924E+009,-2.090581047407405E+001,6.542539317295247E+001,
4.121212121212121E+009,-2.074358569574920E+001,4.575577493573194E+001,
4.125122189638319E+009,-2.083154439509930E+001,2.565546288400899E+001,
4.129032258064516E+009,-2.111717244791468E+001,7.740592770384426E+000,
4.132942326490714E+009,-2.119372452892171E+001,-9.721978177438272E+000,
4.136852394916911E+009,-2.148749836602312E+001,-2.752296889270885E+001,
4.140762463343109E+009,-2.170908792508691E+001,-4.447945952794251E+001,
4.144672531769306E+009,-2.200379355359933E+001,-6.014336543753823E+001,
4.148582600195503E+009,-2.175597428124977E+001,-7.507019400342237E+001,
4.152492668621701E+009,-2.141604177546462E+001,-9.255820526490732E+001,
4.156402737047898E+009,-2.131075463530522E+001,-1.116597451398029E+002,
4.160312805474096E+009,-2.144388342679043E+001,-1.305567179488249E+002,
4.164222873900293E+009,-2.170262273840238E+001,-1.481024595268605E+002,
4.168132942326491E+009,-2.179722817535789E+001,-1.653097998092358E+002,
4.172043010752688E+009,-2.189590565054500E+001,1.775053999988164E+002,
4.175953079178886E+009,-2.197515369886063E+001,1.599457026493863E+002,
4.179863147605083E+009,-2.223033706270835E+001,1.424404971086834E+002,
4.183773216031281E+009,-2.247269933040923E+001,1.265271794231499E+002,
4.187683284457478E+009,-2.255698114422854E+001,1.105414385793859E+002,
4.191593352883676E+009,-2.253258483543348E+001,9.492772206547805E+001,
4.195503421309873E+009,-2.241035123189956E+001,7.921238192018608E+001,
4.199413489736071E+009,-2.207572808642222E+001,6.292372893254951E+001,
4.203323558162268E+009,-2.195280275000881E+001,4.331535253429987E+001,
4.207233626588465E+009,-2.210687499249940E+001,2.437558006509976E+001,
4.211143695014663E+009,-2.239504988617796E+001,7.074369177922631E+000,
4.215053763440860E+009,-2.252808149391693E+001,-9.626735844301075E+000,
4.218963831867058E+009,-2.272021008297583E+001,-2.693054692550937E+001,
4.222873900293255E+009,-2.313191615995550E+001,-4.297984574902861E+001,
4.226783968719452E+009,-2.333298242283514E+001,-5.709377845194270E+001,
4.230694037145650E+009,-2.316997255503920E+001,-7.147794534079745E+001,
4.234604105571847E+009,-2.297464003196305E+001,-8.756596106727497E+001,
4.238514173998045E+009,-2.284701977905063E+001,-1.042098027894465E+002,
4.242424242424243E+009,-2.279002395304478E+001,-1.208552684754033E+002,
4.246334310850440E+009,-2.285980346130867E+001,-1.361011711290153E+002,
4.250244379276638E+009,-2.261387002717672E+001,-1.514389060235764E+002,
4.254154447702835E+009,-2.227521131118575E+001,-1.686467212562101E+002,
4.258064516129032E+009,-2.210879336602990E+001,1.737994741119241E+002,
4.261974584555230E+009,-2.212887518006494E+001,1.553608284737094E+002,
4.265884652981427E+009,-2.237217057709863E+001,1.391199491372762E+002,
4.269794721407625E+009,-2.234449740899896E+001,1.251091432551825E+002,
4.273704789833822E+009,-2.189123372897011E+001,1.098481782198921E+002,
4.277614858260019E+009,-2.157167134574339E+001,9.278466041554204E+001,
4.281524926686217E+009,-2.125454165503862E+001,7.501609310047954E+001,
4.285434995112414E+009,-2.128190151057441E+001,5.784184352269168E+001,
4.289345063538612E+009,-2.116279504945409E+001,4.223914791116337E+001,
4.293255131964809E+009,-2.077309089952503E+001,2.631645101836462E+001,
4.297165200391007E+009,-2.020552368395736E+001,9.478745670244786E+000,
4.301075268817205E+009,-1.966842173546678E+001,-1.010927827364559E+001,
4.304985337243402E+009,-1.946711812675475E+001,-3.020659385021051E+001,
4.308895405669600E+009,-1.946971996315696E+001,-4.949035740343427E+001,
4.312805474095797E+009,-1.948302270598125E+001,-6.761894052873723E+001,
4.316715542521994E+009,-1.947368536873560E+001,-8.567564037168687E+001,
4.320625610948192E+009,-1.939481388256260E+001,-1.035791298684461E+002,
4.324535679374389E+009,-1.940217796323184E+001,-1.210254481812345E+002,
4.328445747800587E+009,-1.936395745127203E+001,-1.386497301630032E+002,
4.332355816226784E+009,-1.911195829370976E+001,-1.561157340362601E+002,
4.336265884652982E+009,-1.887623524361769E+001,-1.746331605588451E+002,
4.340175953079179E+009,-1.880559104688917E+001,1.666796808181796E+002,
4.344086021505377E+009,-1.874201369157921E+001,1.480691371876676E+002,
4.347996089931574E+009,-1.875037565492683E+001,1.292453046320375E+002,
4.351906158357771E+009,-1.884674438328704E+001,1.107305625403475E+002,
4.355816226783969E+009,-1.888307827369716E+001,9.325687925057042E+001,
4.359726295210166E+009,-1.872373774339367E+001,7.530694635651163E+001,
4.363636363636364E+009,-1.869738329472092E+001,5.604785839687202E+001,
4.367546432062561E+009,-1.886380525755811E+001,3.710189459336361E+001,
4.371456500488758E+009,-1.898648409545312E+001,1.906340616610594E+001,
4.375366568914956E+009,-1.922108041260355E+001,1.205191048514726E+000,
4.379276637341153E+009,-1.926893377729490E+001,-1.533794616861265E+001,
4.383186705767351E+009,-1.907675326669075E+001,-3.277040382099012E+001,
4.387096774193548E+009,-1.907693221800942E+001,-5.221824155799645E+001,
4.391006842619746E+009,-1.927328732467159E+001,-7.067779410643958E+001,
4.394916911045943E+009,-1.946069032135839E+001,-8.833586400639152E+001,
4.398826979472141E+009,-1.958397184304083E+001,-1.058817972170588E+002,
4.402737047898338E+009,-1.975324632009418E+001,-1.235497050054302E+002,
4.406647116324535E+009,-1.992417861642488E+001,-1.405474228032608E+002,
4.410557184750733E+009,-1.993275211630584E+001,-1.575880217125351E+002,
4.414467253176930E+009,-1.997021622358705E+001,-1.750346815940912E+002,
4.418377321603128E+009,-2.013818458981629E+001,1.669751222013818E+002,
4.422287390029326E+009,-2.039323486931707E+001,1.510173976412042E+002,
4.426197458455523E+009,-2.029171886558427E+001,1.343349420792164E+002,
4.430107526881721E+009,-2.038233366262623E+001,1.167237170154375E+002,
4.434017595307918E+009,-2.045594364821003E+001,1.000951514900467E+002,
4.437927663734116E+009,-2.039761674248945E+001,8.345925525593135E+001,
4.441837732160313E+009,-2.033482504281781E+001,6.654623220107445E+001,
4.445747800586511E+009,-2.028873100843020E+001,4.881307548644600E+001,
4.449657869012708E+009,-2.027014528898731E+001,3.079307758425542E+001,
4.453567937438905E+009,-2.022245872032563E+001,1.298725649310299E+001,
4.457478005865103E+009,-2.035246305293764E+001,-5.811701106455575E+000,
4.461388074291300E+009,-2.060299009792892E+001,-2.371551233142474E+001,
4.465298142717498E+009,-2.087804354730857E+001,-4.075336860867961E+001,
4.469208211143695E+009,-2.100556751171527E+001,-5.771548452332574E+001,
4.473118279569893E+009,-2.118516230993386E+001,-7.435669980913166E+001,
4.477028347996090E+009,-2.129349809257685E+001,-9.031146372983855E+001,
4.480938416422287E+009,-2.135685986909060E+001,-1.071244069310847E+002,
4.484848484848485E+009,-2.140624583058936E+001,-1.231954497454921E+002,
4.488758553274682E+009,-2.139613105042976E+001,-1.394819122490365E+002,
4.492668621700880E+009,-2.131222881786118E+001,-1.565313654516236E+002,
4.496578690127077E+009,-2.137218036408103E+001,-1.735690691785708E+002,
4.500488758553275E+009,-2.138170920893910E+001,1.692430993391542E+002,
4.504398826979472E+009,-2.143469578443136E+001,1.524308909509181E+002,
4.508308895405669E+009,-2.150600628736985E+001,1.362305450333749E+002,
4.512218963831867E+009,-2.149785353539896E+001,1.201142541851687E+002,
4.516129032258064E+009,-2.135559982686646E+001,1.034974310631587E+002,
4.520039100684262E+009,-2.134863292929052E+001,8.522769447880464E+001,
4.523949169110459E+009,-2.137639593635563E+001,6.764762581689809E+001,
4.527859237536657E+009,-2.149429083287624E+001,5.100438468546521E+001,
4.531769305962854E+009,-2.156951153389893E+001,3.424611670639048E+001,
4.535679374389051E+009,-2.149683114057613E+001,1.690911810547816E+001,
4.539589442815249E+009,-2.151309816458743E+001,-1.171145573434223E+000,
4.543499511241447E+009,-2.175044726276862E+001,-1.928193396573093E+001,
4.547409579667645E+009,-2.209286423192806E+001,-3.608425252764062E+001,
4.551319648093842E+009,-2.228919536017552E+001,-5.138579771206647E+001,
4.555229716520039E+009,-2.234121439718463E+001,-6.763254445573492E+001,
4.559139784946237E+009,-2.245353089001459E+001,-8.414822463674825E+001,
4.563049853372434E+009,-2.256869289548738E+001,-1.001035036670070E+002,
4.566959921798632E+009,-2.267303134687495E+001,-1.158211335639318E+002,
4.570869990224829E+009,-2.269187497758006E+001,-1.302026677694867E+002,
4.574780058651027E+009,-2.241612609729350E+001,-1.463926886327297E+002,
4.578690127077224E+009,-2.217206564084431E+001,-1.633180365697291E+002,
4.582600195503422E+009,-2.211426758885252E+001,1.784011321521126E+002,
4.586510263929619E+009,-2.226168863783158E+001,1.611403185079810E+002,
4.590420332355816E+009,-2.236029761792131E+001,1.449730915687333E+002,
4.594330400782014E+009,-2.241403633151547E+001,1.280955585788530E+002,
4.598240469208211E+009,-2.251153191593632E+001,1.120035531523293E+002,
4.602150537634409E+009,-2.255661296074084E+001,9.629131444315476E+001,
4.606060606060606E+009,-2.254281166348936E+001,8.076480085502966E+001,
4.609970674486803E+009,-2.247299692533640E+001,6.548285751991509E+001,
4.613880742913001E+009,-2.219441876578937E+001,4.976390002679340E+001,
4.617790811339198E+009,-2.193261641265575E+001,3.249321215715230E+001,
4.621700879765396E+009,-2.179019460216313E+001,1.491496060029763E+001,
4.625610948191593E+009,-2.171563219971272E+001,-2.703087324528673E+000,
4.629521016617791E+009,-2.166428979681338E+001,-1.956428005335665E+001,
4.633431085043988E+009,-2.156191182517969E+001,-3.715454780168937E+001,
4.637341153470186E+009,-2.155868207425418E+001,-5.487894875695228E+001,
4.641251221896383E+009,-2.153280533625267E+001,-7.237468683154602E+001,
4.645161290322580E+009,-2.163274142365302E+001,-8.964952658957154E+001,
4.649071358748778E+009,-2.166433695412743E+001,-1.067424182979343E+002,
4.652981427174975E+009,-2.171816685293038E+001,-1.233627406080113E+002,
4.656891495601173E+009,-2.168055587290888E+001,-1.396957931040516E+002,
4.660801564027371E+009,-2.163467383430756E+001,-1.559591247487135E+002,
4.664711632453568E+009,-2.158016218942139E+001,-1.727338810299865E+002,
4.668621700879766E+009,-2.143717834381755E+001,1.697504164339620E+002,
4.672531769305963E+009,-2.135268452316493E+001,1.526727270951450E+002,
4.676441837732161E+009,-2.124762755140628E+001,1.358121016771131E+002,
4.680351906158358E+009,-2.114649878935515E+001,1.177753497099609E+002,
4.684261974584556E+009,-2.119942943393061E+001,1.002223445825905E+002,
4.688172043010753E+009,-2.117043849730341E+001,8.254297288365508E+001,
4.692082111436951E+009,-2.127330284030899E+001,6.480466183448378E+001,
4.695992179863148E+009,-2.143700414058850E+001,4.809371187991823E+001,
4.699902248289345E+009,-2.150153049118685E+001,3.166399958493944E+001,
4.703812316715543E+009,-2.146451812367331E+001,1.552679409672668E+001,
4.707722385141740E+009,-2.132568739026730E+001,-8.129275943831998E-001,
4.711632453567938E+009,-2.121135186132136E+001,-1.786152926411430E+001,
4.715542521994135E+009,-2.104285177062150E+001,-3.520942068611387E+001,
4.719452590420332E+009,-2.095469509557083E+001,-5.349170585576681E+001,
4.723362658846530E+009,-2.091679682961710E+001,-7.139653920212813E+001,
4.727272727272727E+009,-2.103605123944938E+001,-8.939695269737062E+001,
4.731182795698925E+009,-2.104869495008986E+001,-1.071142285768056E+002,
4.735092864125122E+009,-2.114924949571400E+001,-1.248076079527077E+002,
4.739002932551320E+009,-2.134212994600185E+001,-1.425919770100146E+002,
4.742913000977517E+009,-2.144616422829973E+001,-1.597845515505109E+002,
4.746823069403714E+009,-2.171575483545995E+001,-1.767639043915552E+002,
4.750733137829912E+009,-2.190640156646015E+001,1.675521712768183E+002,
4.754643206256109E+009,-2.190261518909133E+001,1.522688131479905E+002,
4.758553274682307E+009,-2.183376710008087E+001,1.361514968838521E+002,
4.762463343108504E+009,-2.170109234061302E+001,1.196395210504066E+002,
4.766373411534702E+009,-2.154361094939530E+001,1.014601642625010E+002,
4.770283479960899E+009,-2.162686578751109E+001,8.430252456429486E+001,
4.774193548387096E+009,-2.168128804442216E+001,6.696990152543380E+001,
4.778103616813294E+009,-2.165178255871219E+001,5.013582221027976E+001,
4.782013685239492E+009,-2.164756814718612E+001,3.290955418976106E+001,
4.785923753665690E+009,-2.173944378214151E+001,1.487078674366203E+001,
4.789833822091887E+009,-2.191036167246656E+001,-1.871959643041709E+000,
4.793743890518084E+009,-2.205675705213979E+001,-1.826187943371188E+001,
4.797653958944282E+009,-2.214227512529866E+001,-3.546542246442729E+001,
4.801564027370479E+009,-2.224230927051960E+001,-5.182565843893960E+001,
4.805474095796677E+009,-2.226826683708334E+001,-6.890357347010436E+001,
4.809384164222874E+009,-2.244436536158170E+001,-8.572722701580493E+001,
4.813294232649072E+009,-2.264908195840052E+001,-1.022283931579447E+002,
4.817204301075269E+009,-2.291237643343978E+001,-1.177942291028932E+002,
4.821114369501467E+009,-2.293571909609774E+001,-1.328336743936542E+002,
4.825024437927664E+009,-2.293313443136747E+001,-1.491681218560197E+002,
4.828934506353861E+009,-2.307276563882211E+001,-1.644041071087931E+002,
4.832844574780059E+009,-2.289979574800712E+001,-1.795571452925092E+002,
4.836754643206256E+009,-2.265472384187059E+001,1.640471029464609E+002,
4.840664711632454E+009,-2.260671842691775E+001,1.461984847662643E+002,
4.844574780058651E+009,-2.280149506239994E+001,1.285191957558047E+002,
4.848484848484848E+009,-2.315433319877270E+001,1.124508141960361E+002,
4.852394916911046E+009,-2.330084440730102E+001,9.823888744736706E+001,
4.856304985337243E+009,-2.312962343060005E+001,8.370457109001586E+001,
4.860215053763441E+009,-2.297336245504918E+001,6.839491200320205E+001,
4.864125122189638E+009,-2.278973901918287E+001,5.273251563323287E+001,
4.868035190615836E+009,-2.269907439198146E+001,3.635700937352840E+001,
4.871945259042033E+009,-2.267313677400742E+001,2.034579564074779E+001,
4.875855327468231E+009,-2.263444953143104E+001,5.024981405502143E+000,
4.879765395894428E+009,-2.236176574580591E+001,-1.034965772557992E+001,
4.883675464320625E+009,-2.200286190454936E+001,-2.631806701842401E+001,
4.887585532746823E+009,-2.177813338906118E+001,-4.332380821471565E+001,
4.891495601173020E+009,-2.168241772699130E+001,-6.013679350452035E+001,
4.895405669599218E+009,-2.154646059752494E+001,-7.582745878515479E+001,
4.899315738025415E+009,-2.125075965739432E+001,-9.105734669959155E+001,
4.903225806451613E+009,-2.089047518954491E+001,-1.075284945625765E+002,
4.907135874877811E+009,-2.045731387476737E+001,-1.244809588615181E+002,
4.911045943304008E+009,-2.014047611349244E+001,-1.420206059431666E+002,
4.914956011730206E+009,-1.987266836022119E+001,-1.596218732610614E+002,
4.918866080156403E+009,-1.957896922007614E+001,-1.774502641016464E+002,
4.922776148582601E+009,-1.931965775320391E+001,1.647288419391947E+002,
4.926686217008798E+009,-1.910125874483397E+001,1.470059498206096E+002,
4.930596285434996E+009,-1.877167866388297E+001,1.290128912669715E+002,
4.934506353861193E+009,-1.855350177270454E+001,1.102758715596237E+002,
4.938416422287390E+009,-1.835074618309435E+001,9.115107090956634E+001,
4.942326490713588E+009,-1.834053648744978E+001,7.229689327237385E+001,
4.946236559139785E+009,-1.825406906012493E+001,5.426610260929730E+001,
4.950146627565983E+009,-1.819613047045931E+001,3.621935180698579E+001,
4.954056695992180E+009,-1.800896913302172E+001,1.816598391212077E+001,
4.957966764418377E+009,-1.786450976576379E+001,-5.308381066163259E-001,
4.961876832844575E+009,-1.783782835146128E+001,-1.952370821774915E+001,
4.965786901270772E+009,-1.785277314163072E+001,-3.801856805284612E+001,
4.969696969696970E+009,-1.778764263052245E+001,-5.629742454775672E+001,
4.973607038123167E+009,-1.774806548799552E+001,-7.517236860436353E+001,
4.977517106549365E+009,-1.778640883213633E+001,-9.432994672618011E+001,
4.981427174975562E+009,-1.786470903607910E+001,-1.132423158177467E+002,
4.985337243401759E+009,-1.800795660925537E+001,-1.320937135905531E+002,
4.989247311827957E+009,-1.820157825267508E+001,-1.503053367635991E+002,
4.993157380254154E+009,-1.837248475749716E+001,-1.678710436711892E+002,
4.997067448680352E+009,-1.850113909543704E+001,1.744590484568074E+002,
5.000977517106549E+009,-1.858316697946141E+001,1.569087590550350E+002,
5.004887585532747E+009,-1.862693498684889E+001,1.390008735859570E+002,
5.008797653958944E+009,-1.878051848429744E+001,1.209607065872062E+002,
5.012707722385141E+009,-1.885941499620054E+001,1.037093854708790E+002,
5.016617790811339E+009,-1.890550741411907E+001,8.564439758053247E+001,
5.020527859237536E+009,-1.904742885865291E+001,6.760137311386997E+001,
5.024437927663734E+009,-1.920835081057957E+001,4.977448424925230E+001,
5.028347996089932E+009,-1.942663795701506E+001,3.183619488057923E+001,
5.032258064516129E+009,-1.969868029141413E+001,1.451184963481985E+001,
5.036168132942327E+009,-1.995507721390301E+001,-1.615568001386286E+000,
5.040078201368524E+009,-2.001666604226115E+001,-1.763509307176489E+001,
5.043988269794722E+009,-1.997735507832067E+001,-3.463113431209264E+001,
5.047898338220919E+009,-2.001809483164342E+001,-5.208891385139708E+001,
5.051808406647117E+009,-2.009960523313125E+001,-6.938420041431084E+001,
5.055718475073314E+009,-2.015913123686949E+001,-8.678120125349525E+001,
5.059628543499512E+009,-2.030493296595138E+001,-1.040819852645735E+002,
5.063538611925709E+009,-2.047407934017364E+001,-1.211484564117670E+002,
5.067448680351906E+009,-2.067706722696595E+001,-1.377354272493456E+002,
5.071358748778104E+009,-2.079646719674263E+001,-1.534295517146340E+002,
5.075268817204301E+009,-2.083404511245409E+001,-1.695426216775742E+002,
5.079178885630499E+009,-2.069748157336792E+001,1.743214599711419E+002,
5.083088954056696E+009,-2.056658298626287E+001,1.573610536831210E+002,
5.086999022482893E+009,-2.048033963989547E+001,1.401583062013193E+002,
5.090909090909091E+009,-2.039559736893045E+001,1.225331263118425E+002,
5.094819159335288E+009,-2.046322243972359E+001,1.044678883579906E+002,
5.098729227761486E+009,-2.056498419740171E+001,8.757141033271327E+001,
5.102639296187683E+009,-2.052378155807331E+001,7.033757677475049E+001,
5.106549364613881E+009,-2.059308556436207E+001,5.376964904999768E+001,
5.110459433040078E+009,-2.043682324294337E+001,3.723817814935138E+001,
5.114369501466276E+009,-2.031827153932889E+001,1.885955321267656E+001,
5.118279569892473E+009,-2.035714716478461E+001,1.029790200446997E+000,
5.122189638318670E+009,-2.041490448812745E+001,-1.686762164467170E+001,
5.126099706744868E+009,-2.042447372484432E+001,-3.470947501706443E+001,
5.130009775171065E+009,-2.056854373321485E+001,-5.239245856501044E+001,
5.133919843597263E+009,-2.064598409958178E+001,-6.957675559676098E+001,
5.137829912023460E+009,-2.076633619979472E+001,-8.678697464306435E+001,
5.141739980449657E+009,-2.079131528930420E+001,-1.037752213914201E+002,
5.145650048875855E+009,-2.069084840805686E+001,-1.209763302989067E+002,
5.149560117302053E+009,-2.069503414466884E+001,-1.390524149302521E+002,
5.153470185728251E+009,-2.066613153982225E+001,-1.570280974750491E+002,
5.157380254154448E+009,-2.082266967052500E+001,-1.742085810182867E+002,
5.161290322580645E+009,-2.076100505749940E+001,1.688540346201288E+002,
5.165200391006843E+009,-2.062476050326564E+001,1.505769269179451E+002,
5.169110459433041E+009,-2.062915028295899E+001,1.317362597476916E+002,
5.173020527859238E+009,-2.073547889376169E+001,1.130757197238409E+002,
5.176930596285435E+009,-2.086318491978881E+001,9.392576589503739E+001,
5.180840664711633E+009,-2.115618203127986E+001,7.553732973951652E+001,
5.184750733137830E+009,-2.142737830180167E+001,5.844670427641025E+001,
5.188660801564028E+009,-2.158016428894119E+001,4.172237128106094E+001,
5.192570869990225E+009,-2.161554673741951E+001,2.478337339024324E+001,
5.196480938416422E+009,-2.153157952866316E+001,6.016181657561660E+000,
5.200391006842620E+009,-2.169112402631043E+001,-1.294110511442908E+001,
5.204301075268817E+009,-2.190574919269339E+001,-3.235077598104888E+001,
5.208211143695015E+009,-2.224641296357460E+001,-5.078031394400585E+001,
5.212121212121212E+009,-2.269551366201743E+001,-6.970534833254897E+001,
5.216031280547409E+009,-2.322621498507285E+001,-8.771927418918108E+001,
5.219941348973607E+009,-2.380261094849282E+001,-1.046061492241889E+002,
5.223851417399805E+009,-2.448719493904756E+001,-1.213981098373189E+002,
5.227761485826002E+009,-2.494357577453092E+001,-1.356725198532277E+002,
5.231671554252199E+009,-2.528110255152828E+001,-1.498168996464180E+002,
5.235581622678397E+009,-2.531439633550985E+001,-1.647552348628274E+002,
5.239491691104594E+009,-2.554843532243940E+001,1.797629578112197E+002,
5.243401759530792E+009,-2.555877755057795E+001,1.639476926451835E+002,
5.247311827956989E+009,-2.557686942355481E+001,1.465295633817484E+002,
5.251221896383186E+009,-2.577995940412799E+001,1.295953946325138E+002,
5.255131964809384E+009,-2.619428350985593E+001,1.120797190212425E+002,
5.259042033235581E+009,-2.681882239966562E+001,9.465319604776440E+001,
5.262952101661779E+009,-2.757919855278196E+001,7.871935089544606E+001,
5.266862170087977E+009,-2.852737227296643E+001,6.672946704942795E+001,
5.270772238514174E+009,-2.920955028699375E+001,5.715796426778815E+001,
5.274682306940372E+009,-2.922541009275967E+001,5.185268923691615E+001,
5.278592375366570E+009,-2.824386306190196E+001,4.317160583569672E+001,
5.282502443792767E+009,-2.704248902240716E+001,2.909319564785317E+001,
5.286412512218964E+009,-2.615961468666019E+001,1.222902519083816E+001,
5.290322580645162E+009,-2.554830919241409E+001,-6.807803211221288E+000,
5.294232649071359E+009,-2.514317979715781E+001,-2.582238190125269E+001,
5.298142717497557E+009,-2.508535949502786E+001,-4.482341827833280E+001,
5.302052785923754E+009,-2.512084716165879E+001,-6.266022619527098E+001,
5.305962854349951E+009,-2.529512527862206E+001,-7.903403847940520E+001,
5.309872922776149E+009,-2.543378694263876E+001,-9.395924658043329E+001,
5.313782991202346E+009,-2.544368472557613E+001,-1.071403450245982E+002,
5.317693059628544E+009,-2.492071251468103E+001,-1.203249042961957E+002,
5.321603128054741E+009,-2.393887807902848E+001,-1.362599501041447E+002,
5.325513196480938E+009,-2.326336672320329E+001,-1.559873939427239E+002,
5.329423264907136E+009,-2.297488656315778E+001,-1.757165540297011E+002,
5.333333333333333E+009,-2.278395884153050E+001,1.659871565836019E+002,
5.337243401759531E+009,-2.260105254688273E+001,1.464686407161118E+002,
5.341153470185728E+009,-2.263797417786019E+001,1.265850702193649E+002,
5.345063538611926E+009,-2.284694756532996E+001,1.091004195070734E+002,
5.348973607038123E+009,-2.296046355267588E+001,9.238363508467646E+001,
5.352883675464321E+009,-2.279792290476170E+001,7.678185914642675E+001,
5.356793743890518E+009,-2.265466482379346E+001,5.952728821612134E+001,
5.360703812316715E+009,-2.238136685028899E+001,4.275733733426188E+001,
5.364613880742913E+009,-2.202809201078814E+001,2.529937535920490E+001,
5.368523949169110E+009,-2.161062695251854E+001,6.920366283691525E+000,
5.372434017595308E+009,-2.135284144410998E+001,-1.260121971783600E+001,
5.376344086021505E+009,-2.125355481195903E+001,-3.308849856675167E+001,
5.380254154447702E+009,-2.133352175898701E+001,-5.293844960653331E+001,
5.384164222873900E+009,-2.150286153103600E+001,-7.167266537211252E+001,
5.388074291300098E+009,-2.165791760108155E+001,-8.996913574566695E+001,
5.391984359726296E+009,-2.189675361451862E+001,-1.078025118924058E+002,
5.395894428152493E+009,-2.181054382690201E+001,-1.251436048485528E+002,
5.399804496578690E+009,-2.191772226359533E+001,-1.433890722963269E+002,
5.403714565004888E+009,-2.197132205968077E+001,-1.613712176987966E+002,
5.407624633431086E+009,-2.200119665027695E+001,-1.793104513222949E+002,
5.411534701857283E+009,-2.209769983243737E+001,1.624890597215770E+002,
5.415444770283480E+009,-2.220689448565347E+001,1.458946731516105E+002,
5.419354838709678E+009,-2.216629668842909E+001,1.276370280360710E+002,
5.423264907135875E+009,-2.218271124028671E+001,1.098361962299373E+002,
5.427174975562073E+009,-2.220308791826866E+001,9.132954056800566E+001,
5.431085043988270E+009,-2.226187610677434E+001,7.287855018256100E+001,
5.434995112414467E+009,-2.229081180571603E+001,5.439643267129961E+001,
5.438905180840665E+009,-2.250947255657703E+001,3.567933901813703E+001,
5.442815249266862E+009,-2.285339545559301E+001,1.733897667244727E+001,
5.446725317693060E+009,-2.312519910910726E+001,2.916380609371889E-002,
5.450635386119257E+009,-2.329866410959607E+001,-1.669900894660862E+001,
5.454545454545454E+009,-2.341623920716380E+001,-3.384544128204586E+001,
5.458455522971652E+009,-2.361599537635129E+001,-4.996727129986279E+001,
5.462365591397850E+009,-2.351977399086495E+001,-6.637147524078256E+001,
5.466275659824047E+009,-2.355665700010838E+001,-8.424709188022921E+001,
5.470185728250244E+009,-2.342443795370905E+001,-1.009098536221258E+002,
5.474095796676442E+009,-2.326049662585692E+001,-1.202034801102694E+002,
5.478005865102639E+009,-2.347889511291106E+001,-1.404905245636018E+002,
5.481915933528837E+009,-2.378170618463665E+001,-1.588221353095066E+002,
5.485826001955034E+009,-2.406915496380479E+001,-1.776704442699422E+002,
5.489736070381231E+009,-2.459864648054227E+001,1.644214433495493E+002,
5.493646138807429E+009,-2.510720933278282E+001,1.475122082482891E+002,
5.497556207233626E+009,-2.555559459799627E+001,1.316670265156613E+002,
5.501466275659824E+009,-2.571912995860815E+001,1.171214940478822E+002,
5.505376344086021E+009,-2.575747714866509E+001,1.017141458456838E+002,
5.509286412512219E+009,-2.575068226526296E+001,8.524902571565505E+001,
5.513196480938417E+009,-2.570805603108693E+001,6.923958462223867E+001,
5.517106549364615E+009,-2.563066079718666E+001,5.238202773308564E+001,
5.521016617790812E+009,-2.544004287411932E+001,3.420032755924492E+001,
5.524926686217009E+009,-2.574776311254034E+001,1.437726031651363E+001,
5.528836754643207E+009,-2.603717033859532E+001,-5.033927458245141E+000,
5.532746823069404E+009,-2.671318220237156E+001,-2.218575571904479E+001,
5.536656891495602E+009,-2.713071890039391E+001,-3.673142922437906E+001,
5.540566959921799E+009,-2.754307364017868E+001,-5.250901844563312E+001,
5.544477028347996E+009,-2.787712000884607E+001,-6.670006092395155E+001,
5.548387096774194E+009,-2.782115442833094E+001,-7.972758487944367E+001,
5.552297165200391E+009,-2.771101975335665E+001,-9.509189050145724E+001,
5.556207233626589E+009,-2.769664123518250E+001,-1.110034149114043E+002,
5.560117302052786E+009,-2.762202176209998E+001,-1.259861237573597E+002,
5.564027370478983E+009,-2.735134752081465E+001,-1.407429237400824E+002,
5.567937438905181E+009,-2.679727249212932E+001,-1.574026727972237E+002,
5.571847507331378E+009,-2.642987582524191E+001,-1.779526732221352E+002,
5.575757575757576E+009,-2.671560435136930E+001,1.619155104243920E+002,
5.579667644183773E+009,-2.692207497787189E+001,1.437090331800533E+002,
5.583577712609971E+009,-2.727551655207259E+001,1.263586822809709E+002,
5.587487781036168E+009,-2.743997404026613E+001,1.101046332580753E+002,
5.591397849462366E+009,-2.778138666602789E+001,9.295778486175702E+001,
5.595307917888563E+009,-2.799259073248512E+001,7.804792548323243E+001,
5.599217986314760E+009,-2.819311399961043E+001,6.219819016245968E+001,
5.603128054740958E+009,-2.804933037842231E+001,4.645055561808184E+001,
5.607038123167155E+009,-2.783665502652313E+001,2.911616532667521E+001,
5.610948191593353E+009,-2.789302007590847E+001,9.414799825051816E+000,
5.614858260019550E+009,-2.826035480525961E+001,-7.223906981272744E+000,
5.618768328445747E+009,-2.863763278704528E+001,-2.512312812876131E+001,
5.622678396871945E+009,-2.901235022665019E+001,-4.138371106931466E+001,
5.626588465298142E+009,-2.940594262045985E+001,-5.693196587920934E+001,
5.630498533724340E+009,-2.967715043713170E+001,-7.276297391224922E+001,
5.634408602150538E+009,-2.984799416846093E+001,-8.732229821120583E+001,
5.638318670576735E+009,-3.019170668117877E+001,-1.029604538369327E+002,
5.642228739002933E+009,-3.060818447960200E+001,-1.154814883264250E+002,
5.646138807429131E+009,-3.061136696375741E+001,-1.286562670394987E+002,
5.650048875855328E+009,-3.059044161588503E+001,-1.423497283606331E+002,
5.653958944281525E+009,-3.042658665816040E+001,-1.565829176759934E+002,
5.657869012707723E+009,-3.018990114542056E+001,-1.725023625629826E+002,
5.661779081133920E+009,-3.040184380190045E+001,1.737737229676042E+002,
5.665689149560118E+009,-2.995830674558090E+001,1.606254283880059E+002,
5.669599217986315E+009,-2.997081495228374E+001,1.445553459598889E+002,
5.673509286412512E+009,-2.978123089546472E+001,1.312803966020082E+002,
5.677419354838710E+009,-2.946044971453862E+001,1.167357738230828E+002,
5.681329423264907E+009,-2.891208610602661E+001,1.030666043556587E+002,
5.685239491691105E+009,-2.830812942907235E+001,8.819459483113815E+001,
5.689149560117302E+009,-2.760031442523416E+001,7.121982560097258E+001,
5.693059628543499E+009,-2.700352747406933E+001,5.358499601661338E+001,
5.696969696969697E+009,-2.654538937048897E+001,3.478745255699898E+001,
5.700879765395895E+009,-2.618078361001066E+001,1.606349828744039E+001,
5.704789833822092E+009,-2.606942679149884E+001,-3.228518263303038E+000,
5.708699902248289E+009,-2.581122712307890E+001,-2.158821961285162E+001,
5.712609970674487E+009,-2.570492285991951E+001,-4.150358978281346E+001,
5.716520039100684E+009,-2.600006496617391E+001,-6.069110021108224E+001,
5.720430107526882E+009,-2.616295856022390E+001,-7.802604607093140E+001,
5.724340175953079E+009,-2.649056405375049E+001,-9.409610660080389E+001,
5.728250244379276E+009,-2.633833280408354E+001,-1.102086509891577E+002,
5.732160312805474E+009,-2.630040131092772E+001,-1.260538775775807E+002,
5.736070381231671E+009,-2.619648274555049E+001,-1.430583824795180E+002,
5.739980449657869E+009,-2.616525620353312E+001,-1.597785511679180E+002,
5.743890518084066E+009,-2.608771893809101E+001,-1.758505121859136E+002,
5.747800586510263E+009,-2.577472732053016E+001,1.672963418026288E+002,
5.751710654936461E+009,-2.549162196664515E+001,1.491872942329553E+002,
5.755620723362660E+009,-2.555845768920661E+001,1.308068946141854E+002,
5.759530791788857E+009,-2.570106759029110E+001,1.127167164715474E+002,
5.763440860215054E+009,-2.614017620544855E+001,9.683149164832378E+001,
5.767350928641252E+009,-2.618521516656573E+001,8.257904281516336E+001,
5.771260997067449E+009,-2.594599810142814E+001,6.752114913247455E+001,
5.775171065493647E+009,-2.585784707951754E+001,5.193453930813276E+001,
5.779081133919844E+009,-2.561352512525157E+001,3.687181887567996E+001,
5.782991202346041E+009,-2.509214028809723E+001,1.977794036505650E+001,
5.786901270772239E+009,-2.473451544972950E+001,2.640236967009320E+000,
5.790811339198436E+009,-2.443297882139120E+001,-1.502662982590859E+001,
5.794721407624634E+009,-2.417125387220747E+001,-3.239358294668815E+001,
5.798631476050831E+009,-2.403458917639701E+001,-5.057410874748805E+001,
5.802541544477028E+009,-2.390023462216845E+001,-6.879922882455240E+001,
5.806451612903226E+009,-2.387061687473734E+001,-8.599350170691729E+001,
5.810361681329423E+009,-2.377566454608809E+001,-1.026675119895152E+002,
5.814271749755621E+009,-2.348694992604787E+001,-1.199148087882611E+002,
5.818181818181818E+009,-2.319507635010662E+001,-1.377806600662332E+002,
5.822091886608016E+009,-2.302209648836876E+001,-1.557155951262005E+002,
5.826001955034213E+009,-2.279943907949970E+001,-1.729367203345379E+002,
5.829912023460411E+009,-2.245269952820170E+001,1.684476822325068E+002,
5.833822091886608E+009,-2.235738588682120E+001,1.495202089237567E+002,
5.837732160312805E+009,-2.210006392336316E+001,1.307685868935749E+002,
5.841642228739003E+009,-2.192591386289291E+001,1.108986558199564E+002,
5.845552297165200E+009,-2.194715672073345E+001,9.136063452558109E+001,
5.849462365591398E+009,-2.208518782916208E+001,7.089236417501266E+001,
5.853372434017595E+009,-2.243441981160881E+001,5.306061373373372E+001,
5.857282502443792E+009,-2.246708722268670E+001,3.588869190679563E+001,
5.861192570869990E+009,-2.259620861471495E+001,1.819894788973175E+001,
5.865102639296187E+009,-2.247763739914555E+001,7.331156850922230E-001,
5.869012707722385E+009,-2.243845282406230E+001,-1.798216082891569E+001,
5.872922776148583E+009,-2.253570755653350E+001,-3.705809779506433E+001,
5.876832844574780E+009,-2.268378712935883E+001,-5.544935253543221E+001,
5.880742913000978E+009,-2.294719868807768E+001,-7.271878640377577E+001,
5.884652981427176E+009,-2.290361611617051E+001,-8.967123308177668E+001,
5.888563049853373E+009,-2.290037833565086E+001,-1.079889477983000E+002,
5.892473118279570E+009,-2.298898929541328E+001,-1.277149735524825E+002,
5.896383186705768E+009,-2.330261083479178E+001,-1.468273976197548E+002,
5.900293255131965E+009,-2.382854154849819E+001,-1.648420808895067E+002,
5.904203323558163E+009,-2.433214860300244E+001,1.789446204180304E+002,
5.908113391984360E+009,-2.463090024729663E+001,1.627661945191305E+002,
5.912023460410557E+009,-2.495641684096986E+001,1.476208666165737E+002,
5.915933528836755E+009,-2.498144307673957E+001,1.328671426601590E+002,
5.919843597262952E+009,-2.508144351424345E+001,1.169844557802179E+002,
5.923753665689150E+009,-2.513892913459885E+001,1.009147593210758E+002,
5.927663734115347E+009,-2.507596491999811E+001,8.631364222513619E+001,
5.931573802541544E+009,-2.486198103301472E+001,6.959184078248045E+001,
5.935483870967742E+009,-2.496972999253546E+001,5.198006779419617E+001,
5.939393939393940E+009,-2.528537215160767E+001,3.592530291279859E+001,
5.943304007820137E+009,-2.537088114804551E+001,2.070847663052676E+001,
5.947214076246334E+009,-2.530866992105918E+001,6.312083909647273E+000,
5.951124144672532E+009,-2.521596489328264E+001,-8.817034710086539E+000,
5.955034213098729E+009,-2.504987731460140E+001,-2.318107159396476E+001,
5.958944281524927E+009,-2.459835737306377E+001,-3.838976278720785E+001,
5.962854349951124E+009,-2.420627705197249E+001,-5.523936669106454E+001,
5.966764418377321E+009,-2.383231488178828E+001,-7.161033891687181E+001,
5.970674486803519E+009,-2.338272102763677E+001,-8.911074943425339E+001,
5.974584555229716E+009,-2.303047855210039E+001,-1.072671877199461E+002,
5.978494623655914E+009,-2.276815412476925E+001,-1.262338180575332E+002,
5.982404692082111E+009,-2.271136756144989E+001,-1.457543120382109E+002,
5.986314760508308E+009,-2.272844032647436E+001,-1.651502283453903E+002,
5.990224828934506E+009,-2.294251583696185E+001,1.773100945895346E+002,
5.994134897360704E+009,-2.313033502682686E+001,1.609604416232693E+002,
5.998044965786902E+009,-2.307974086698365E+001,1.453649490686910E+002,
6.001955034213099E+009,-2.283663627722734E+001,1.288309865068989E+002,
6.005865102639297E+009,-2.265507829906073E+001,1.117307656452419E+002,
6.009775171065494E+009,-2.234904724138410E+001,9.397593805127477E+001,
6.013685239491692E+009,-2.220384308310095E+001,7.647791678256287E+001,
6.017595307917889E+009,-2.197934634531546E+001,5.916985890675004E+001,
6.021505376344086E+009,-2.167623982150433E+001,4.109547696070741E+001,
6.025415444770284E+009,-2.147695470555467E+001,2.194694136524234E+001,
6.029325513196481E+009,-2.135578406685217E+001,2.317871021192240E+000,
6.033235581622679E+009,-2.136422518272493E+001,-1.698501760663136E+001,
6.037145650048876E+009,-2.149167801138733E+001,-3.635677518269287E+001,
6.041055718475073E+009,-2.175976840883689E+001,-5.491651376679211E+001,
6.044965786901271E+009,-2.199324771573672E+001,-7.186048325245785E+001,
6.048875855327468E+009,-2.207724017841028E+001,-8.859793503134966E+001,
6.052785923753666E+009,-2.210032902679712E+001,-1.055036298057909E+002,
6.056695992179863E+009,-2.199849893958119E+001,-1.226300767277144E+002,
6.060606060606061E+009,-2.183721746885026E+001,-1.400331052983695E+002,
6.064516129032258E+009,-2.168329504143081E+001,-1.581351821962801E+002,
6.068426197458456E+009,-2.165457242599253E+001,-1.767628861433779E+002,
6.072336265884653E+009,-2.159577242776741E+001,1.636266576566356E+002,
6.076246334310850E+009,-2.177774614616030E+001,1.447380870561259E+002,
6.080156402737048E+009,-2.199087629510691E+001,1.263003335108507E+002,
6.084066471163245E+009,-2.212719014255207E+001,1.091486678456399E+002,
6.087976539589443E+009,-2.221987919757071E+001,9.196722894516522E+001,
6.091886608015640E+009,-2.229352697482143E+001,7.388716107803906E+001,
6.095796676441837E+009,-2.249035232754018E+001,5.595435984782800E+001,
6.099706744868035E+009,-2.256348989097247E+001,3.992235509837562E+001,
6.103616813294232E+009,-2.241941425736423E+001,2.263017285541313E+001,
6.107526881720430E+009,-2.239921758712796E+001,4.634295520982482E+000,
6.111436950146627E+009,-2.243414134357519E+001,-1.336621571072373E+001,
6.115347018572825E+009,-2.242201294041085E+001,-3.215764151316378E+001,
6.119257086999023E+009,-2.254852208541692E+001,-5.171302635683724E+001,
6.123167155425221E+009,-2.276161041555768E+001,-7.035834064313744E+001,
6.127077223851418E+009,-2.306631161984068E+001,-8.909521912683762E+001,
6.130987292277615E+009,-2.352178004286199E+001,-1.064274766161627E+002,
6.134897360703813E+009,-2.380008092432800E+001,-1.229580499492069E+002,
6.138807429130010E+009,-2.402949250223838E+001,-1.397062018632791E+002,
6.142717497556208E+009,-2.419755926349231E+001,-1.543441454754059E+002,
6.146627565982405E+009,-2.412138195801034E+001,-1.704272696776007E+002,
6.150537634408602E+009,-2.409924481562211E+001,1.726457223466716E+002,
6.154447702834800E+009,-2.413566112438869E+001,1.563013326247190E+002,
6.158357771260998E+009,-2.381076770713335E+001,1.387245607271187E+002,
6.162267839687195E+009,-2.368197629594969E+001,1.188624168884507E+002,
6.166177908113392E+009,-2.393438509158303E+001,9.911385054813314E+001,
6.170087976539589E+009,-2.433198980452342E+001,8.061572666130900E+001,
6.173998044965787E+009,-2.476149004880164E+001,6.408788902687635E+001,
6.177908113391985E+009,-2.501154294933873E+001,4.826125835672978E+001,
6.181818181818182E+009,-2.511454988979822E+001,3.172628681015048E+001,
6.185728250244379E+009,-2.528655567129685E+001,1.537042365005443E+001,
6.189638318670576E+009,-2.538644944206851E+001,-7.251194530437655E-002,
6.193548387096774E+009,-2.526454905880419E+001,-1.687418088833712E+001,
6.197458455522972E+009,-2.516159954063853E+001,-3.310383645263525E+001,
6.201368523949169E+009,-2.519508553073550E+001,-5.026291816420402E+001,
6.205278592375366E+009,-2.497358147590342E+001,-6.793217920097519E+001,
6.209188660801564E+009,-2.489815021616079E+001,-8.591482314184570E+001,
6.213098729227762E+009,-2.502493978340073E+001,-1.047683567255895E+002,
6.217008797653959E+009,-2.522481242691977E+001,-1.232106154804752E+002,
6.220918866080156E+009,-2.550784464975070E+001,-1.407490603443982E+002,
6.224828934506353E+009,-2.556076770333519E+001,-1.582556380246921E+002,
6.228739002932551E+009,-2.575541608134280E+001,-1.766090127805350E+002,
6.232649071358749E+009,-2.616385741497983E+001,1.670499007408515E+002,
6.236559139784946E+009,-2.638184310668947E+001,1.506679539853739E+002,
6.240469208211144E+009,-2.647987793075107E+001,1.355457646823627E+002,
6.244379276637341E+009,-2.651283547227794E+001,1.201964202830330E+002,
6.248289345063539E+009,-2.623489735541194E+001,1.043779686264421E+002,
6.252199413489737E+009,-2.609337279172177E+001,8.601238011622577E+001,
6.256109481915934E+009,-2.616856732527313E+001,6.866055919291151E+001,
6.260019550342131E+009,-2.612341631907624E+001,5.195875830970145E+001,
6.263929618768329E+009,-2.592348294133870E+001,3.354587632851886E+001,
6.267839687194526E+009,-2.592482537119907E+001,1.438297835788473E+001,
6.271749755620724E+009,-2.607914960586413E+001,-4.908458134173233E+000,
6.275659824046921E+009,-2.632200415895656E+001,-2.444372021122929E+001,
6.279569892473118E+009,-2.705658402946965E+001,-4.203830249705419E+001,
6.283479960899316E+009,-2.738480934407417E+001,-5.742736653252874E+001,
6.287390029325514E+009,-2.754632740327220E+001,-7.222907050801597E+001,
6.291300097751711E+009,-2.721042081416649E+001,-8.765981671975202E+001,
6.295210166177908E+009,-2.698330373214462E+001,-1.054633312310582E+002,
6.299120234604105E+009,-2.684270407508546E+001,-1.245805060179696E+002,
6.303030303030303E+009,-2.693124665986464E+001,-1.447569570984313E+002,
6.306940371456501E+009,-2.716549478884540E+001,-1.651335811828479E+002,
6.310850439882698E+009,-2.762114825348787E+001,1.750904740061130E+002,
6.314760508308895E+009,-2.819903297256627E+001,1.556871322643994E+002,
6.318670576735093E+009,-2.887938892437251E+001,1.387228679479757E+002,
6.322580645161290E+009,-2.986289272607176E+001,1.233488559408960E+002,
6.326490713587488E+009,-3.013241682104718E+001,1.099548016304340E+002,
6.330400782013685E+009,-3.036984458548428E+001,9.217438810609234E+001,
6.334310850439882E+009,-3.093137499890294E+001,7.643993472827579E+001,
6.338220918866080E+009,-3.134100282608307E+001,6.140031015972634E+001,
6.342130987292278E+009,-3.169681876803734E+001,4.773009992516780E+001,
6.346041055718475E+009,-3.182716206865587E+001,3.292807725559194E+001,
6.349951124144672E+009,-3.186612902078208E+001,1.892534218007743E+001,
6.353861192570869E+009,-3.152018501091927E+001,2.463659848360702E+000,
6.357771260997068E+009,-3.169189622151432E+001,-1.908437450421905E+001,
6.361681329423266E+009,-3.237732148202710E+001,-3.931051694364186E+001,
6.365591397849463E+009,-3.378547662708962E+001,-5.463005774103792E+001,
6.369501466275660E+009,-3.444492266379304E+001,-6.477871261801231E+001,
6.373411534701857E+009,-3.481123975126992E+001,-7.620610252117710E+001,
6.377321603128055E+009,-3.533020785252501E+001,-8.826227921626786E+001,
6.381231671554253E+009,-3.534567713395926E+001,-9.516261260564333E+001,
6.385141739980450E+009,-3.425392544205842E+001,-1.072816701189968E+002,
6.389051808406647E+009,-3.395162178000352E+001,-1.242528326028547E+002,
6.392961876832845E+009,-3.380500953463575E+001,-1.394437829136862E+002,
6.396871945259043E+009,-3.345967919717787E+001,-1.561787053866623E+002,
6.400782013685240E+009,-3.356851246609945E+001,-1.751273599823003E+002,
6.404692082111437E+009,-3.430968012697579E+001,1.691245811422356E+002,
6.408602150537634E+009,-3.474346331814648E+001,1.584878077399083E+002,
6.412512218963832E+009,-3.464843929399558E+001,1.499127336925238E+002,
6.416422287390030E+009,-3.397610154109199E+001,1.376534189313252E+002,
6.420332355816227E+009,-3.333329040736422E+001,1.263145717620986E+002,
6.424242424242424E+009,-3.225473032709721E+001,1.107845090410369E+002,
6.428152492668621E+009,-3.150497834091865E+001,9.503518225655439E+001,
6.432062561094819E+009,-3.047440847781513E+001,7.690643747642467E+001,
6.435972629521017E+009,-2.993593692346492E+001,5.568700074179156E+001,
6.439882697947214E+009,-2.963850282984131E+001,3.481603728543381E+001,
6.443792766373411E+009,-2.975682893408791E+001,1.454505360124404E+001,
6.447702834799609E+009,-3.008597752656727E+001,-3.508698492503545E+000,
6.451612903225807E+009,-3.033745441518378E+001,-1.853948036538881E+001,
6.455522971652004E+009,-3.009700411245544E+001,-3.390475796875982E+001,
6.459433040078201E+009,-2.989869544122021E+001,-5.116863970246189E+001,
6.463343108504398E+009,-2.971401078615260E+001,-6.607713620402913E+001,
6.467253176930596E+009,-2.925053237203691E+001,-8.237475189164459E+001,
6.471163245356794E+009,-2.875310083947252E+001,-9.880097634462578E+001,
6.475073313782991E+009,-2.820242088037718E+001,-1.187720236051371E+002,
6.478983382209189E+009,-2.792349530784139E+001,-1.384129229502011E+002,
6.482893450635386E+009,-2.798522056082724E+001,-1.584704944945168E+002,
6.486803519061584E+009,-2.778529940044378E+001,-1.784916577479757E+002,
6.490713587487782E+009,-2.801140779870705E+001,1.618664382460823E+002,
6.494623655913979E+009,-2.821726855852187E+001,1.425283789942895E+002,
6.498533724340176E+009,-2.854679309393701E+001,1.236412434841792E+002,
6.502443792766374E+009,-2.920171997657675E+001,1.079443079359641E+002,
6.506353861192571E+009,-2.929090142619712E+001,9.321887152734290E+001,
6.510263929618769E+009,-2.918594370679792E+001,7.871258527710434E+001,
6.514173998044966E+009,-2.886088185264278E+001,6.276945744864812E+001,
6.518084066471163E+009,-2.857070113150988E+001,4.439205389439149E+001,
6.521994134897361E+009,-2.844350244265345E+001,2.603271147110367E+001,
6.525904203323559E+009,-2.843805734299828E+001,7.367668818274392E+000,
6.529814271749756E+009,-2.840425201647008E+001,-1.142352830365327E+001,
6.533724340175953E+009,-2.871203290996368E+001,-2.926452902882546E+001,
6.537634408602150E+009,-2.885827790412073E+001,-4.615082494622819E+001,
6.541544477028348E+009,-2.892325118482038E+001,-6.311059391542158E+001,
6.545454545454546E+009,-2.906486756118749E+001,-7.977857911096371E+001,
6.549364613880743E+009,-2.901653407422690E+001,-9.474721229067873E+001,
6.553274682306940E+009,-2.895138189300855E+001,-1.134158086567087E+002,
6.557184750733138E+009,-2.903162631776963E+001,-1.298666672920265E+002,
6.561094819159335E+009,-2.896473476596320E+001,-1.464363777959595E+002,
6.565004887585533E+009,-2.863197925227212E+001,-1.644466474785806E+002,
6.568914956011730E+009,-2.847569835984656E+001,1.755484475756364E+002,
6.572825024437927E+009,-2.850679132113957E+001,1.560783945534247E+002,
6.576735092864125E+009,-2.878937723161621E+001,1.352407076986065E+002,
6.580645161290323E+009,-2.921337458112286E+001,1.157986411363658E+002,
6.584555229716520E+009,-3.003811879063403E+001,9.894548629737851E+001,
6.588465298142717E+009,-3.048439926195038E+001,8.378642652922923E+001,
6.592375366568914E+009,-3.044216868832684E+001,6.677427079071148E+001,
6.596285434995112E+009,-3.092356543449974E+001,4.791335121059329E+001,
6.600195503421310E+009,-3.140144065802073E+001,3.400076937433717E+001,
6.604105571847508E+009,-3.192285790988888E+001,1.844135040435469E+001,
6.608015640273705E+009,-3.211941513168108E+001,2.972996762256051E+000,
6.611925708699902E+009,-3.224021670617047E+001,-1.210601101996062E+001,
6.615835777126100E+009,-3.238263704816191E+001,-2.685293155155353E+001,
6.619745845552298E+009,-3.238019420806969E+001,-4.348100964223055E+001,
6.623655913978495E+009,-3.285436574733591E+001,-5.927848832342518E+001,
6.627565982404692E+009,-3.280797337840051E+001,-7.458806693515257E+001,
6.631476050830890E+009,-3.300090360037746E+001,-9.042811566005240E+001,
6.635386119257088E+009,-3.329647535476305E+001,-1.066709300109061E+002,
6.639296187683285E+009,-3.345145762150412E+001,-1.220655108002246E+002,
6.643206256109482E+009,-3.408473935475842E+001,-1.382832647618893E+002,
6.647116324535679E+009,-3.473892009304165E+001,-1.501809735083360E+002,
6.651026392961877E+009,-3.468674898865832E+001,-1.594548929164611E+002,
6.654936461388075E+009,-3.442054677793724E+001,-1.713706783307467E+002,
6.658846529814272E+009,-3.391267718316686E+001,1.770294988954831E+002,
6.662756598240469E+009,-3.297914995316968E+001,1.624175917753239E+002,
6.666666666666666E+009,-3.240692042039132E+001,1.441855954422302E+002,
6.670576735092864E+009,-3.226800656450183E+001,1.254837364344814E+002,
6.674486803519062E+009,-3.237476870326072E+001,1.090563711298377E+002,
6.678396871945259E+009,-3.217658155075225E+001,9.322033135698842E+001,
6.682306940371456E+009,-3.210437875152753E+001,7.849741334869086E+001,
6.686217008797654E+009,-3.161159935644025E+001,6.245989022445475E+001,
6.690127077223852E+009,-3.142672746783696E+001,4.478727715756999E+001,
6.694037145650049E+009,-3.139169377317349E+001,2.935427326236668E+001,
6.697947214076246E+009,-3.084517820835525E+001,1.311260567004409E+001,
6.701857282502443E+009,-3.034750650212892E+001,-5.885285473636664E+000,
6.705767350928641E+009,-3.026070629097639E+001,-2.611682928985020E+001,
6.709677419354839E+009,-3.052413962196724E+001,-4.512129786494665E+001,
6.713587487781036E+009,-3.095041500290774E+001,-6.154539223457610E+001,
6.717497556207233E+009,-3.097125853459832E+001,-7.629818214297232E+001,
6.721407624633431E+009,-3.087400397777162E+001,-9.288657034728875E+001,
6.725317693059629E+009,-3.084540217175626E+001,-1.094732497102133E+002,
6.729227761485827E+009,-3.084777045288010E+001,-1.261743452824497E+002,
6.733137829912024E+009,-3.099410572889745E+001,-1.431674337360777E+002,
6.737047898338221E+009,-3.108870642518257E+001,-1.581275512353144E+002,
6.740957966764419E+009,-3.093115333803011E+001,-1.729360227527233E+002,
6.744868035190616E+009,-3.076013673014463E+001,1.709524054201477E+002,
6.748778103616814E+009,-3.065169189218083E+001,1.556577643755332E+002,
6.752688172043011E+009,-3.017939642175821E+001,1.401386249750708E+002,
6.756598240469208E+009,-2.959403982596905E+001,1.208958512639548E+002,
6.760508308895406E+009,-2.982154564559055E+001,1.001483276578151E+002,
6.764418377321604E+009,-3.020548984308445E+001,8.254100332755201E+001,
6.768328445747801E+009,-3.076529144019358E+001,6.502686854753961E+001,
6.772238514173998E+009,-3.173944640614390E+001,5.069334636612940E+001,
6.776148582600195E+009,-3.203215454756778E+001,4.312968350242961E+001,
6.780058651026393E+009,-3.155804715096352E+001,3.201401048089530E+001,
6.783968719452591E+009,-3.076127089228455E+001,2.095219777175024E+001,
6.787878787878788E+009,-2.972209695471578E+001,6.520204439997897E+000,
6.791788856304985E+009,-2.872111258346754E+001,-1.205876523198591E+001,
6.795698924731183E+009,-2.833647674332968E+001,-3.192097514214149E+001,
6.799608993157380E+009,-2.808743367603697E+001,-5.144713191021076E+001,
6.803519061583578E+009,-2.806690152381265E+001,-7.050933019687517E+001,
6.807429130009775E+009,-2.833197862711847E+001,-8.667704134980417E+001,
6.811339198435972E+009,-2.845813525283863E+001,-1.012734769849264E+002,
6.815249266862170E+009,-2.816024139264304E+001,-1.139009171270963E+002,
6.819159335288368E+009,-2.754101817579274E+001,-1.282047774735843E+002,
6.823069403714565E+009,-2.682010129743328E+001,-1.453229510132760E+002,
6.826979472140762E+009,-2.629797782986927E+001,-1.622367169988604E+002,
6.830889540566959E+009,-2.583477883541124E+001,-1.792568753333946E+002,
6.834799608993157E+009,-2.511692801846653E+001,1.622467994426943E+002,
6.838709677419355E+009,-2.459864948314050E+001,1.436601827315736E+002,
6.842619745845552E+009,-2.418485656387011E+001,1.233909755209441E+002,
6.846529814271750E+009,-2.395360097268072E+001,1.034679109410093E+002,
6.850439882697948E+009,-2.395459816568708E+001,8.415392387688515E+001,
6.854349951124145E+009,-2.383677147522995E+001,6.653618270344910E+001,
6.858260019550343E+009,-2.366457550573936E+001,4.988175024168245E+001,
6.862170087976540E+009,-2.330845273126258E+001,3.221602591212801E+001,
6.866080156402737E+009,-2.288989489972994E+001,1.341673781717574E+001,
6.869990224828935E+009,-2.261797654249783E+001,-5.309485695658780E+000,
6.873900293255133E+009,-2.224494829445842E+001,-2.508982311158770E+001,
6.877810361681330E+009,-2.204942203923719E+001,-4.431959570858430E+001,
6.881720430107527E+009,-2.186953576937432E+001,-6.418964410484718E+001,
6.885630498533724E+009,-2.166621293826854E+001,-8.429487054791680E+001,
6.889540566959922E+009,-2.162394835175623E+001,-1.045773794802499E+002,
6.893450635386120E+009,-2.163356691346298E+001,-1.250043047879679E+002,
6.897360703812317E+009,-2.178267832659568E+001,-1.448664929639788E+002,
6.901270772238514E+009,-2.201127619817844E+001,-1.646506936585717E+002,
6.905180840664711E+009,-2.233055051744191E+001,1.768756222659672E+002,
6.909090909090909E+009,-2.251019076300261E+001,1.601793362527463E+002,
6.913000977517107E+009,-2.264508767347995E+001,1.428487400235200E+002,
6.916911045943304E+009,-2.243162442196024E+001,1.258050168193294E+002,
6.920821114369501E+009,-2.231569825364790E+001,1.079458365058066E+002,
6.924731182795699E+009,-2.224016415917537E+001,8.928447201947088E+001,
6.928641251221897E+009,-2.200792870856532E+001,7.020011055547191E+001,
6.932551319648094E+009,-2.201341180323631E+001,5.007233450164021E+001,
6.936461388074291E+009,-2.219184295105537E+001,2.983726747484911E+001,
6.940371456500488E+009,-2.240555320776041E+001,1.095798257091672E+001,
6.944281524926686E+009,-2.254826485615270E+001,-8.170985809144884E+000,
6.948191593352884E+009,-2.282089602626844E+001,-2.755322844163027E+001,
6.952101661779081E+009,-2.314124416013888E+001,-4.581666957050474E+001,
6.956011730205278E+009,-2.352565904678592E+001,-6.313356705806571E+001,
6.959921798631475E+009,-2.371372580300929E+001,-8.016234996854429E+001,
6.963831867057674E+009,-2.378489849552391E+001,-9.753053344842525E+001,
6.967741935483872E+009,-2.385439539264348E+001,-1.145692789588794E+002,
6.971652003910069E+009,-2.390749131049083E+001,-1.328466192908423E+002,
6.975562072336266E+009,-2.398547225320467E+001,-1.514777141354054E+002,
6.979472140762464E+009,-2.419253485557587E+001,-1.703031781616584E+002,
6.983382209188661E+009,-2.454728835258009E+001,1.710680728207392E+002,
6.987292277614859E+009,-2.497429772910913E+001,1.533953358406791E+002,
6.991202346041056E+009,-2.544922359820743E+001,1.366018301254165E+002,
6.995112414467253E+009,-2.579247635021398E+001,1.207537411191335E+002,
6.999022482893451E+009,-2.603324395218508E+001,1.048287496192470E+002,
7.002932551319649E+009,-2.619371069169970E+001,8.976464284815754E+001,
7.006842619745846E+009,-2.613453011122725E+001,7.460342199548144E+001,
7.010752688172043E+009,-2.595088727416307E+001,5.812391841211918E+001,
7.014662756598240E+009,-2.585314121602372E+001,4.017552748121460E+001,
7.018572825024438E+009,-2.605314739773175E+001,2.260654863225449E+001,
7.022482893450636E+009,-2.596971483320537E+001,5.648226365428298E+000,
7.026392961876833E+009,-2.610774606264744E+001,-1.208396630592587E+001,
7.030303030303030E+009,-2.638192058689064E+001,-3.039172927959197E+001,
7.034213098729228E+009,-2.677381242474153E+001,-4.765081054074999E+001,
7.038123167155425E+009,-2.712938687885380E+001,-6.298701316758031E+001,
7.042033235581623E+009,-2.740025421036478E+001,-7.802096628583621E+001,
7.045943304007820E+009,-2.730504044029554E+001,-9.296813400385548E+001,
7.049853372434017E+009,-2.723571297578387E+001,-1.079331829645088E+002,
7.053763440860215E+009,-2.691163099038567E+001,-1.235321728960517E+002,
7.057673509286413E+009,-2.678582318919797E+001,-1.399254303189057E+002,
7.061583577712610E+009,-2.660221354766560E+001,-1.569710001221708E+002,
7.065493646138807E+009,-2.644558143457108E+001,-1.745782201239123E+002,
7.069403714565004E+009,-2.622403587431411E+001,1.672707425271987E+002,
7.073313782991202E+009,-2.618876138183862E+001,1.491995807934146E+002,
7.077223851417400E+009,-2.629223067419634E+001,1.313181040516319E+002,
7.081133919843597E+009,-2.641689677378358E+001,1.138954006521175E+002,
7.085043988269795E+009,-2.644180733054502E+001,9.757273405304204E+001,
7.088954056695993E+009,-2.639767851290137E+001,8.048711386647879E+001,
7.092864125122190E+009,-2.630462043883708E+001,6.359236991376462E+001,
7.096774193548388E+009,-2.618297881595554E+001,4.595140884352005E+001,
7.100684261974585E+009,-2.622421488702198E+001,2.834967521995811E+001,
7.104594330400782E+009,-2.627539948719452E+001,1.045037815200324E+001,
7.108504398826980E+009,-2.634621743950937E+001,-5.637913923993732E+000,
7.112414467253178E+009,-2.615388451767479E+001,-2.299557497036576E+001,
7.116324535679375E+009,-2.597508726368854E+001,-4.231531163668209E+001,
7.120234604105572E+009,-2.603749764148867E+001,-6.186407040559191E+001,
7.124144672531769E+009,-2.657740351493243E+001,-7.967604996526107E+001,
7.128054740957967E+009,-2.663637726714445E+001,-9.512761837731456E+001,
7.131964809384165E+009,-2.659480746288264E+001,-1.118361096337144E+002,
7.135874877810362E+009,-2.653709052414459E+001,-1.283831799856730E+002,
7.139784946236559E+009,-2.642773475637917E+001,-1.460924269511437E+002,
7.143695014662756E+009,-2.640084924665917E+001,-1.647819676502441E+002,
7.147605083088954E+009,-2.639591676892397E+001,1.767494954796448E+002,
7.151515151515152E+009,-2.657826552752958E+001,1.587795005440518E+002,
7.155425219941349E+009,-2.668471025403520E+001,1.408271341129075E+002,
7.159335288367546E+009,-2.665191967869646E+001,1.221586596998906E+002,
7.163245356793744E+009,-2.702128984793948E+001,1.030910091421403E+002,
7.167155425219942E+009,-2.734486158134948E+001,8.599964177689766E+001,
7.171065493646139E+009,-2.757482280548432E+001,6.837535828576246E+001,
7.174975562072336E+009,-2.791945449212335E+001,4.976857082777929E+001,
7.178885630498533E+009,-2.823409588205925E+001,3.308431719735676E+001,
7.182795698924731E+009,-2.865058502548862E+001,1.632228336267124E+001,
7.186705767350929E+009,-2.891938598987315E+001,1.210005265963408E+000,
7.190615835777126E+009,-2.913198066299612E+001,-1.509122167830423E+001,
7.194525904203323E+009,-2.930252344513568E+001,-2.925427345660413E+001,
7.198435972629520E+009,-2.910408860488382E+001,-4.398051279217324E+001,
7.202346041055718E+009,-2.898486624652412E+001,-6.068786674105994E+001,
7.206256109481916E+009,-2.864285774804058E+001,-7.927160553925231E+001,
7.210166177908114E+009,-2.869072347863759E+001,-9.991433599571455E+001,
7.214076246334311E+009,-2.899336289046044E+001,-1.193052818325781E+002,
7.217986314760509E+009,-2.958229019399932E+001,-1.402143437271562E+002,
7.221896383186706E+009,-3.062757180278702E+001,-1.574861673183599E+002,
7.225806451612904E+009,-3.129301886900595E+001,-1.719640280186235E+002,
7.229716520039101E+009,-3.219382657462030E+001,1.760176496472132E+002,
7.233626588465298E+009,-3.261816972810428E+001,1.663973060104800E+002,
7.237536656891496E+009,-3.234283800808980E+001,1.562783653859093E+002,
7.241446725317694E+009,-3.154884981920496E+001,1.440200121503725E+002,
7.245356793743891E+009,-3.085879419878136E+001,1.266730339797639E+002,
7.249266862170088E+009,-3.049268560828251E+001,1.091220335044528E+002,
7.253176930596285E+009,-3.025169287004726E+001,9.016135750236302E+001,
7.257086999022483E+009,-3.054190886527805E+001,7.034653426779462E+001,
7.260997067448681E+009,-3.121181518736213E+001,5.378274917450892E+001,
7.264907135874878E+009,-3.153039697242729E+001,4.079387623046578E+001,
7.268817204301075E+009,-3.138108327091272E+001,2.788440426370516E+001,
7.272727272727273E+009,-3.134597646306814E+001,1.396983448489846E+001,
7.276637341153470E+009,-3.113915461112820E+001,-8.111298295055825E-001,
7.280547409579668E+009,-3.055489103608174E+001,-1.276289343797540E+001,
7.284457478005865E+009,-2.979483219937107E+001,-2.975606198048619E+001,
7.288367546432062E+009,-2.910327821157502E+001,-4.762698911693128E+001,
7.292277614858260E+009,-2.869722987911382E+001,-6.828204661712591E+001,
7.296187683284458E+009,-2.854011534805562E+001,-8.816573243659684E+001,
7.300097751710655E+009,-2.862400856022830E+001,-1.063475954397959E+002,
7.304007820136852E+009,-2.872912478863889E+001,-1.246887239372131E+002,
7.307917888563049E+009,-2.894796452563827E+001,-1.430849376143297E+002,
7.311827956989247E+009,-2.934050322682411E+001,-1.582699219030205E+002,
7.315738025415445E+009,-2.921512015523499E+001,-1.731820123725292E+002,
7.319648093841642E+009,-2.885597188637181E+001,1.705602796887281E+002,
7.323558162267839E+009,-2.875173420916964E+001,1.525239738138600E+002,
7.327468230694037E+009,-2.857829576222629E+001,1.361722270213067E+002,
7.331378299120235E+009,-2.794744173692541E+001,1.192324162742337E+002,
7.335288367546433E+009,-2.769555514355033E+001,9.897396549663662E+001,
7.339198435972630E+009,-2.746129416499434E+001,7.934380278958706E+001,
7.343108504398827E+009,-2.746982755146799E+001,5.898848501032966E+001,
7.347018572825025E+009,-2.778814878804302E+001,3.794116258324048E+001,
7.350928641251223E+009,-2.817718033996822E+001,1.996322762434828E+001,
7.354838709677420E+009,-2.856273910723107E+001,1.999843498391595E+000,
7.358748778103617E+009,-2.877464731827836E+001,-1.482149494954565E+001,
7.362658846529814E+009,-2.927696083030227E+001,-3.219138248795741E+001,
7.366568914956012E+009,-2.942204996933155E+001,-4.724782154608207E+001,
7.370478983382210E+009,-2.959043489982323E+001,-6.250906079582870E+001,
7.374389051808407E+009,-2.954287510117831E+001,-7.717367719124736E+001,
7.378299120234604E+009,-2.919287850071392E+001,-9.344846324154383E+001,
7.382209188660801E+009,-2.877859433171931E+001,-1.106603212928210E+002,
7.386119257086999E+009,-2.873452834628797E+001,-1.308377462705363E+002,
7.390029325513197E+009,-2.882911225795534E+001,-1.497451981634463E+002,
7.393939393939394E+009,-2.915576729680475E+001,-1.682162927034762E+002,
7.397849462365591E+009,-2.946276616795174E+001,1.735351259005850E+002,
7.401759530791789E+009,-2.969816309621358E+001,1.568068473365804E+002,
7.405669599217987E+009,-2.997894733933356E+001,1.390895085460111E+002,
7.409579667644184E+009,-3.029029861496210E+001,1.246335532183834E+002,
7.413489736070381E+009,-3.057610117690532E+001,1.100097390659542E+002,
7.417399804496578E+009,-3.069587406597630E+001,9.447136520284929E+001,
7.421309872922776E+009,-3.038668418979447E+001,8.090443888580228E+001,
7.425219941348974E+009,-2.992480915633972E+001,6.414701525573871E+001,
7.429130009775171E+009,-2.961422762545288E+001,4.606105051772825E+001,
7.433040078201368E+009,-2.966114524245369E+001,2.541795654987580E+001,
7.436950146627565E+009,-2.973056193421217E+001,5.498055044324508E+000,
7.440860215053763E+009,-3.035165721556386E+001,-1.332947421596267E+001,
7.444770283479961E+009,-3.092366836176081E+001,-2.966910487248665E+001,
7.448680351906158E+009,-3.119032525675241E+001,-4.357725599739157E+001,
7.452590420332356E+009,-3.139919089203344E+001,-6.011178911813009E+001,
7.456500488758554E+009,-3.150848571596777E+001,-7.470323739997623E+001,
7.460410557184751E+009,-3.144916635298621E+001,-8.849022099173590E+001,
7.464320625610949E+009,-3.119860179188492E+001,-1.040654887288849E+002,
7.468230694037146E+009,-3.084837736226842E+001,-1.218311193882453E+002,
7.472140762463343E+009,-3.049862471171272E+001,-1.377664560822257E+002,
7.476050830889541E+009,-3.011575451997060E+001,-1.582723136573783E+002,
7.479960899315739E+009,-2.997606346048179E+001,1.796758627526012E+002,
7.483870967741936E+009,-3.029888751612496E+001,1.594644396952762E+002,
7.487781036168133E+009,-3.092481498793124E+001,1.393462135820439E+002,
7.491691104594330E+009,-3.166671000816609E+001,1.203530958382293E+002,
7.495601173020528E+009,-3.273439787235763E+001,1.037196910460696E+002,
7.499511241446726E+009,-3.369017525641221E+001,8.991693149094746E+001,
7.503421309872923E+009,-3.423419060574134E+001,7.793188533837558E+001,
7.507331378299120E+009,-3.478417989577756E+001,6.701326995194779E+001,
7.511241446725318E+009,-3.471691638594156E+001,5.889761579288243E+001,
7.515151515151515E+009,-3.363818291410447E+001,4.724624216243286E+001,
7.519061583577713E+009,-3.272958327415961E+001,2.805794524459811E+001,
7.522971652003910E+009,-3.270594878443252E+001,7.576353163704178E+000,
7.526881720430107E+009,-3.294301785033343E+001,-1.068317389536795E+001,
7.530791788856305E+009,-3.337940595034449E+001,-2.808162309833618E+001,
7.534701857282503E+009,-3.400683502709360E+001,-4.300177077857807E+001,
7.538611925708700E+009,-3.410202985536704E+001,-5.569113455524941E+001,
7.542521994134897E+009,-3.430964973651207E+001,-6.981875582261579E+001,
7.546432062561094E+009,-3.445386939602051E+001,-8.201323648707485E+001,
7.550342130987292E+009,-3.442564676880034E+001,-9.306252119086604E+001,
7.554252199413490E+009,-3.348625027944073E+001,-1.033747311908647E+002,
7.558162267839687E+009,-3.230390740876939E+001,-1.198536004214837E+002,
7.562072336265884E+009,-3.155697236718527E+001,-1.405111671323794E+002,
7.565982404692082E+009,-3.152167870601702E+001,-1.611680905013213E+002,
7.569892473118280E+009,-3.170903299768791E+001,-1.788314584230451E+002,
7.573802541544478E+009,-3.185407956454617E+001,1.646097439714935E+002,
7.577712609970675E+009,-3.194237703846084E+001,1.496474977597061E+002,
7.581622678396872E+009,-3.178582574262286E+001,1.349250686087882E+002,
7.585532746823070E+009,-3.160804444038462E+001,1.194855853253704E+002,
7.589442815249268E+009,-3.127725558535657E+001,1.047078971279987E+002,
7.593352883675465E+009,-3.078569116008521E+001,8.883376018980908E+001,
7.597262952101662E+009,-3.034681469127398E+001,7.219764900056519E+001,
7.601173020527859E+009,-2.980330177902639E+001,5.487088545670598E+001,
7.605083088954057E+009,-2.934635818847179E+001,3.660115555459770E+001,
7.608993157380255E+009,-2.886109523248429E+001,1.737109810051457E+001,
7.612903225806452E+009,-2.875411271760610E+001,-3.638047764134353E+000,
7.616813294232649E+009,-2.890540225351183E+001,-2.440463729274668E+001,
7.620723362658846E+009,-2.930277760691684E+001,-4.110299810353595E+001,
7.624633431085044E+009,-2.941136738770175E+001,-5.963786751883605E+001,
7.628543499511242E+009,-2.938994435629265E+001,-7.681457581374005E+001,
7.632453567937439E+009,-2.990487597827753E+001,-9.195439560634547E+001,
7.636363636363636E+009,-2.986575924394082E+001,-1.046185323553558E+002,
7.640273704789834E+009,-2.941228521242231E+001,-1.179901147674586E+002,
7.644183773216032E+009,-2.866305998292722E+001,-1.339724974322029E+002,
7.648093841642229E+009,-2.809393413044451E+001,-1.527362128155166E+002,
7.652003910068426E+009,-2.765275322890263E+001,-1.717919002081032E+002,
7.655913978494623E+009,-2.714706933138784E+001,1.692729113397121E+002,
7.659824046920821E+009,-2.695922929519416E+001,1.486179537914687E+002,
7.663734115347019E+009,-2.687360942752188E+001,1.284569686182439E+002,
7.667644183773216E+009,-2.711672787496201E+001,1.073489145388876E+002,
7.671554252199413E+009,-2.718601335486674E+001,8.692088452929767E+001,
7.675464320625610E+009,-2.796179743435836E+001,6.816274939527904E+001,
7.679374389051808E+009,-2.860379047148831E+001,5.401896673648543E+001,
7.683284457478006E+009,-2.857951493292420E+001,4.068224880660004E+001,
7.687194525904203E+009,-2.817279975677419E+001,2.424149888480353E+001,
7.691104594330401E+009,-2.808395148443220E+001,6.274728147158707E+000,
7.695014662756599E+009,-2.787959463727660E+001,-1.189387141678016E+001,
7.698924731182797E+009,-2.770049835783253E+001,-3.046110712091712E+001,
7.702834799608994E+009,-2.763153514675250E+001,-4.922029129912640E+001,
7.706744868035191E+009,-2.770892755041513E+001,-6.821853388972225E+001,
7.710654936461388E+009,-2.783676144881393E+001,-8.764049877569143E+001,
7.714565004887586E+009,-2.807713712267137E+001,-1.059766266861198E+002,
7.718475073313784E+009,-2.836948865549370E+001,-1.239238268332208E+002,
7.722385141739981E+009,-2.880805471817439E+001,-1.409824790119853E+002,
7.726295210166178E+009,-2.942961954193068E+001,-1.550954022875927E+002,
7.730205278592375E+009,-2.935359756429634E+001,-1.694074225201238E+002,
7.734115347018573E+009,-2.918187491259295E+001,1.763107956772676E+002,
7.738025415444771E+009,-2.882445135139355E+001,1.586421993101100E+002,
7.741935483870968E+009,-2.858148139265428E+001,1.404329755059509E+002,
7.745845552297165E+009,-2.856145125825231E+001,1.228128250775878E+002,
7.749755620723363E+009,-2.880593434847156E+001,1.039908690458056E+002,
7.753665689149560E+009,-2.889884782347962E+001,8.722990146991089E+001,
7.757575757575758E+009,-2.903402267557167E+001,6.980255522121813E+001,
7.761485826001955E+009,-2.921070034704779E+001,5.262664550758082E+001,
7.765395894428152E+009,-2.987329664912940E+001,3.497233670135681E+001,
7.769305962854350E+009,-3.022765729515413E+001,2.253719048057775E+001,
7.773216031280548E+009,-3.002301004014444E+001,1.044366708555330E+001,
7.777126099706745E+009,-2.952767707658981E+001,-3.012522290718436E+000,
7.781036168132942E+009,-2.889350769674595E+001,-1.958315042602978E+001,
7.784946236559139E+009,-2.840042310437310E+001,-3.776721745681858E+001,
7.788856304985337E+009,-2.804577016709139E+001,-5.740155137586744E+001,
7.792766373411535E+009,-2.821246413366676E+001,-7.636390977882186E+001,
7.796676441837732E+009,-2.791014481413570E+001,-9.354690201425608E+001,
7.800586510263929E+009,-2.794547491974230E+001,-1.137386935713911E+002,
7.804496578690127E+009,-2.808984501717273E+001,-1.323088798963198E+002,
7.808406647116324E+009,-2.834320706262848E+001,-1.497308326216991E+002,
7.812316715542522E+009,-2.882013645804411E+001,-1.648006250534114E+002,
7.816226783968720E+009,-2.876800142743232E+001,-1.792708813144744E+002,
7.820136852394917E+009,-2.826049566041117E+001,1.655728343100375E+002,
7.824046920821115E+009,-2.792849429691497E+001,1.486237216773884E+002,
7.827956989247313E+009,-2.764682292087699E+001,1.297204140905698E+002,
7.831867057673510E+009,-2.722248728609372E+001,1.101650214933472E+002,
7.835777126099707E+009,-2.723963964228234E+001,9.205259487087810E+001,
7.839687194525904E+009,-2.722407130473494E+001,7.386873138855579E+001,
7.843597262952102E+009,-2.708238219863354E+001,5.369338753554246E+001,
7.847507331378300E+009,-2.687345548550884E+001,3.436253784947855E+001,
7.851417399804497E+009,-2.718252632796340E+001,1.272698518992701E+001,
7.855327468230694E+009,-2.763741216265337E+001,-6.402954296850334E+000,
7.859237536656891E+009,-2.818557989405996E+001,-2.417617745256544E+001,
7.863147605083089E+009,-2.860363991415848E+001,-3.969197704378168E+001,
7.867057673509287E+009,-2.873215973548112E+001,-5.500389556932571E+001,
7.870967741935484E+009,-2.883323804534278E+001,-7.224629773023418E+001,
7.874877810361681E+009,-2.897295534060158E+001,-8.910327862901420E+001,
7.878787878787879E+009,-2.902958009447408E+001,-1.053207294106931E+002,
7.882697947214077E+009,-2.883102319705489E+001,-1.218771677168992E+002,
7.886608015640274E+009,-2.877574385211121E+001,-1.396649217521103E+002,
7.890518084066471E+009,-2.878286491642292E+001,-1.581665244746062E+002,
7.894428152492668E+009,-2.895190392588748E+001,-1.779383389318496E+002,
7.898338220918866E+009,-2.927907199473866E+001,1.639158583939426E+002,
7.902248289345064E+009,-2.984635984426318E+001,1.449328446197769E+002,
7.906158357771261E+009,-3.047645460856199E+001,1.295428528318367E+002,
7.910068426197458E+009,-3.086491472092743E+001,1.155939428700329E+002,
7.913978494623655E+009,-3.115294247697104E+001,1.013041575709273E+002,
7.917888563049853E+009,-3.141128532464566E+001,8.793996341775937E+001,
7.921798631476051E+009,-3.105803670094854E+001,7.580845637748107E+001,
7.925708699902248E+009,-3.048944278073184E+001,6.170755930037182E+001,
7.929618768328445E+009,-2.987742400317512E+001,4.362440562549705E+001,
7.933528836754643E+009,-2.946050690205981E+001,2.402908354577635E+001,
7.937438905180841E+009,-2.936469787434340E+001,3.688150814187751E+000,
7.941348973607039E+009,-2.961367823904546E+001,-1.821395112031207E+001,
7.945259042033236E+009,-3.046695457467999E+001,-3.645842131701367E+001,
7.949169110459433E+009,-3.105794184497734E+001,-5.122959342708838E+001,
7.953079178885631E+009,-3.146548883901163E+001,-6.428230519814693E+001,
7.956989247311829E+009,-3.134646411113920E+001,-7.778593836998812E+001,
7.960899315738026E+009,-3.169975282924552E+001,-9.230468246754931E+001,
7.964809384164223E+009,-3.146831211287474E+001,-1.043638411145222E+002,
7.968719452590420E+009,-3.077916786746251E+001,-1.167563089461224E+002,
7.972629521016618E+009,-2.966862119453019E+001,-1.341694058737881E+002,
7.976539589442816E+009,-2.920743766597031E+001,-1.547216253993023E+002,
7.980449657869013E+009,-2.899527811896540E+001,-1.766340980675508E+002,
7.984359726295210E+009,-2.926679357943430E+001,1.644215551307018E+002,
7.988269794721408E+009,-2.969195526175538E+001,1.446976325839346E+002,
7.992179863147605E+009,-3.028050100769745E+001,1.285378540081138E+002,
7.996089931573803E+009,-3.054007546642683E+001,1.115080679142919E+002,
8.000000000000000E+009,-3.084258869473732E+001,9.756381664064935E+001,
