% Version 1.00
%
%freq[Hz];db:Trc1_S21;ang:Trc1_S21;
4.000000000000000E+009,-2.147526524718307E+001,-1.419667509710950E+002,
4.003910068426198E+009,-2.141901137339623E+001,-1.570744702579976E+002,
4.007820136852395E+009,-2.120299097840174E+001,-1.728852717070878E+002,
4.011730205278593E+009,-2.089427713990239E+001,1.704252465883384E+002,
4.015640273704790E+009,-2.070087077989948E+001,1.513343062596672E+002,
4.019550342130987E+009,-2.073094961190822E+001,1.332088981759223E+002,
4.023460410557185E+009,-2.073035314105267E+001,1.149743668042586E+002,
4.027370478983382E+009,-2.081064087108963E+001,9.697455297121721E+001,
4.031280547409580E+009,-2.101231919812731E+001,7.958487584816199E+001,
4.035190615835777E+009,-2.099992435457658E+001,6.288997574021368E+001,
4.039100684261975E+009,-2.100568186587255E+001,4.607953051155768E+001,
4.043010752688172E+009,-2.094995932363467E+001,2.910749265479647E+001,
4.046920821114369E+009,-2.083385252784152E+001,1.185377907628848E+001,
4.050830889540567E+009,-2.074493670351320E+001,-6.116254270668096E+000,
4.054740957966765E+009,-2.074547071976949E+001,-2.425466179972344E+001,
4.058651026392962E+009,-2.073796311319190E+001,-4.210520522253057E+001,
4.062561094819160E+009,-2.070439619904809E+001,-6.078988061452848E+001,
4.066471163245357E+009,-2.083523805088560E+001,-7.957071257421046E+001,
4.070381231671554E+009,-2.120798921903164E+001,-9.848882761350035E+001,
4.074291300097752E+009,-2.161602180539736E+001,-1.152083981014145E+002,
4.078201368523949E+009,-2.180199461536100E+001,-1.310802333122037E+002,
4.082111436950147E+009,-2.202153673436536E+001,-1.476675241471301E+002,
4.086021505376344E+009,-2.206829982025018E+001,-1.621608916585673E+002,
4.089931573802542E+009,-2.188609666434051E+001,-1.788237630124231E+002,
4.093841642228739E+009,-2.178928690378874E+001,1.648201286227628E+002,
4.097751710654936E+009,-2.163773979362768E+001,1.479655300197501E+002,
4.101661779081134E+009,-2.150218276676782E+001,1.297606665580919E+002,
4.105571847507331E+009,-2.147612233556080E+001,1.114565013782828E+002,
4.109481915933529E+009,-2.161859381188826E+001,9.290566606599788E+001,
4.113391984359726E+009,-2.192121637974449E+001,7.637817256955277E+001,
4.117302052785924E+009,-2.197464957351784E+001,6.048473886890974E+001,
4.121212121212121E+009,-2.182350193841080E+001,4.362047232841103E+001,
4.125122189638319E+009,-2.166405976292212E+001,2.585803193478997E+001,
4.129032258064516E+009,-2.165783430760926E+001,7.588356283644620E+000,
4.132942326490714E+009,-2.170630334922495E+001,-1.021532895615157E+001,
4.136852394916911E+009,-2.170320551109194E+001,-2.861593132613000E+001,
4.140762463343109E+009,-2.183582471185954E+001,-4.737875933418823E+001,
4.144672531769306E+009,-2.226525807998885E+001,-6.557128393079141E+001,
4.148582600195503E+009,-2.257477406309878E+001,-8.145680817451240E+001,
4.152492668621701E+009,-2.273084269350206E+001,-9.683613316997133E+001,
4.156402737047898E+009,-2.255142542352289E+001,-1.135256708502640E+002,
4.160312805474096E+009,-2.261610560603557E+001,-1.305705438258079E+002,
4.164222873900293E+009,-2.248590775698104E+001,-1.472818983202276E+002,
4.168132942326491E+009,-2.245564859203300E+001,-1.651997437865821E+002,
4.172043010752688E+009,-2.269929826180002E+001,1.760184402525171E+002,
4.175953079178886E+009,-2.299349878839100E+001,1.594701817060374E+002,
4.179863147605083E+009,-2.310092681558960E+001,1.423112372210993E+002,
4.183773216031281E+009,-2.336110290248576E+001,1.258859518526960E+002,
4.187683284457478E+009,-2.362192597712800E+001,1.092030804464495E+002,
4.191593352883676E+009,-2.374406562461574E+001,9.474458554827933E+001,
4.195503421309873E+009,-2.369856637775171E+001,7.956253853290080E+001,
4.199413489736071E+009,-2.351460121891471E+001,6.346108950538640E+001,
4.203323558162268E+009,-2.347450256998834E+001,4.657645910035388E+001,
4.207233626588465E+009,-2.349163822162657E+001,3.036228887754765E+001,
4.211143695014663E+009,-2.341377553857966E+001,1.419006104234300E+001,
4.215053763440860E+009,-2.333790449355846E+001,-2.555323178777829E+000,
4.218963831867058E+009,-2.321269363223015E+001,-2.009559764242663E+001,
4.222873900293255E+009,-2.339120047566568E+001,-3.844865453747493E+001,
4.226783968719452E+009,-2.371717261244558E+001,-5.353860303880484E+001,
4.230694037145650E+009,-2.377810617274504E+001,-6.888880288454742E+001,
4.234604105571847E+009,-2.365526820446075E+001,-8.403962055775737E+001,
4.238514173998045E+009,-2.352087981767363E+001,-9.931954845220760E+001,
4.242424242424243E+009,-2.322950862945102E+001,-1.160039268692496E+002,
4.246334310850440E+009,-2.316987865246118E+001,-1.329906784548857E+002,
4.250244379276638E+009,-2.318476350389934E+001,-1.485742393995168E+002,
4.254154447702835E+009,-2.303927433202086E+001,-1.649077700895073E+002,
4.258064516129032E+009,-2.276051935690091E+001,1.795683272023839E+002,
4.261974584555230E+009,-2.237684141428813E+001,1.625182321848210E+002,
4.265884652981427E+009,-2.213081792395588E+001,1.436072890920355E+002,
4.269794721407625E+009,-2.223355002700594E+001,1.258137684961290E+002,
4.273704789833822E+009,-2.234529162202061E+001,1.083666942002223E+002,
4.277614858260019E+009,-2.238341977103884E+001,9.396464078378023E+001,
4.281524926686217E+009,-2.209003543577946E+001,7.894331736716319E+001,
4.285434995112414E+009,-2.172347710993356E+001,6.303657365755836E+001,
4.289345063538612E+009,-2.132233206623147E+001,4.546107312654341E+001,
4.293255131964809E+009,-2.094069471880301E+001,2.753916574199106E+001,
4.297165200391007E+009,-2.065683987136541E+001,9.764686245384077E+000,
4.301075268817205E+009,-2.036424694500875E+001,-9.621126260357066E+000,
4.304985337243402E+009,-2.027533433328679E+001,-2.779585383207995E+001,
4.308895405669600E+009,-2.019703035409957E+001,-4.670407499082313E+001,
4.312805474095797E+009,-2.015718093958046E+001,-6.513176122942429E+001,
4.316715542521994E+009,-2.022388896745947E+001,-8.293731245635409E+001,
4.320625610948192E+009,-2.019253711339684E+001,-1.000882095430779E+002,
4.324535679374389E+009,-2.004739848847202E+001,-1.176525988883622E+002,
4.328445747800587E+009,-2.004253386676697E+001,-1.359588943803778E+002,
4.332355816226784E+009,-1.994649246759203E+001,-1.528895711616831E+002,
4.336265884652982E+009,-1.973469078344684E+001,-1.703904941404311E+002,
4.340175953079179E+009,-1.952067646705483E+001,1.710643693288271E+002,
4.344086021505377E+009,-1.954481709215730E+001,1.521583160825617E+002,
4.347996089931574E+009,-1.955565564879929E+001,1.341426935947877E+002,
4.351906158357771E+009,-1.947695440658747E+001,1.151744398072615E+002,
4.355816226783969E+009,-1.964176465259558E+001,9.667203121430309E+001,
4.359726295210166E+009,-1.976846745241360E+001,7.919112280185603E+001,
4.363636363636364E+009,-1.985849180198089E+001,6.235500101102308E+001,
4.367546432062561E+009,-1.978844895897347E+001,4.565838038403026E+001,
4.371456500488758E+009,-1.955153740546061E+001,2.777444398670629E+001,
4.375366568914956E+009,-1.953503749172785E+001,8.834834855324422E+000,
4.379276637341153E+009,-1.963181073531461E+001,-8.707256049823002E+000,
4.383186705767351E+009,-1.957836348865594E+001,-2.664303373291758E+001,
4.387096774193548E+009,-1.953669606317993E+001,-4.512358831399723E+001,
4.391006842619746E+009,-1.963420851876145E+001,-6.371451428088140E+001,
4.394916911045943E+009,-1.972337327146587E+001,-8.140234329177959E+001,
4.398826979472141E+009,-1.980695095737531E+001,-1.002116186205475E+002,
4.402737047898338E+009,-2.010295686046286E+001,-1.177899729703426E+002,
4.406647116324535E+009,-2.024890023008516E+001,-1.346102578761008E+002,
4.410557184750733E+009,-2.039439720415789E+001,-1.511615161107238E+002,
4.414467253176930E+009,-2.040447789437669E+001,-1.677020218341303E+002,
4.418377321603128E+009,-2.028757538205485E+001,1.752699858996299E+002,
4.422287390029326E+009,-2.034126306911226E+001,1.575488061097269E+002,
4.426197458455523E+009,-2.024502530776154E+001,1.409364682232772E+002,
4.430107526881721E+009,-2.018413723606436E+001,1.226348708687805E+002,
4.434017595307918E+009,-2.031670130395109E+001,1.046327609674043E+002,
4.437927663734116E+009,-2.043269627703931E+001,8.809416122502819E+001,
4.441837732160313E+009,-2.036691386520637E+001,7.019367031424577E+001,
4.445747800586511E+009,-2.047446510639859E+001,5.279865550464776E+001,
4.449657869012708E+009,-2.040624433520334E+001,3.527397664286805E+001,
4.453567937438905E+009,-2.041400065554656E+001,1.749318538334266E+001,
4.457478005865103E+009,-2.051348641278786E+001,-9.236507911626141E-001,
4.461388074291300E+009,-2.071345923451144E+001,-1.917603220197662E+001,
4.465298142717498E+009,-2.097503097643422E+001,-3.663734138454312E+001,
4.469208211143695E+009,-2.118955052118724E+001,-5.284790164566051E+001,
4.473118279569893E+009,-2.126910163391742E+001,-6.886796295663916E+001,
4.477028347996090E+009,-2.123286356083849E+001,-8.560969075669834E+001,
4.480938416422287E+009,-2.124646708656386E+001,-1.029800951786980E+002,
4.484848484848485E+009,-2.135866080872719E+001,-1.207392975157250E+002,
4.488758553274682E+009,-2.158854791036973E+001,-1.370385113281747E+002,
4.492668621700880E+009,-2.173786793483991E+001,-1.528873998099457E+002,
4.496578690127077E+009,-2.166244154687805E+001,-1.695847737224275E+002,
4.500488758553275E+009,-2.171344113677966E+001,1.743650039773812E+002,
4.504398826979472E+009,-2.155655006378701E+001,1.575649442366269E+002,
4.508308895405669E+009,-2.162904748254702E+001,1.406864214450939E+002,
4.512218963831867E+009,-2.171439728647554E+001,1.242512212298531E+002,
4.516129032258064E+009,-2.156409078889772E+001,1.084867635194012E+002,
4.520039100684262E+009,-2.137203172170485E+001,9.070311291759266E+001,
4.523949169110459E+009,-2.129832754669701E+001,7.264975449533409E+001,
4.527859237536657E+009,-2.140222696303514E+001,5.458588004882373E+001,
4.531769305962854E+009,-2.145794828602369E+001,3.648952225576023E+001,
4.535679374389051E+009,-2.166906637196425E+001,1.904743003319255E+001,
4.539589442815249E+009,-2.182035444859084E+001,2.587844107237028E+000,
4.543499511241447E+009,-2.186180877975134E+001,-1.545240197817780E+001,
4.547409579667645E+009,-2.217766075732341E+001,-3.369586234956483E+001,
4.551319648093842E+009,-2.251217017662391E+001,-4.886060321857464E+001,
4.555229716520039E+009,-2.264315968439668E+001,-6.473492546799398E+001,
4.559139784946237E+009,-2.269140495916944E+001,-8.060773625520761E+001,
4.563049853372434E+009,-2.264567807751075E+001,-9.706725421814474E+001,
4.566959921798632E+009,-2.278912468819162E+001,-1.141316862657647E+002,
4.570869990224829E+009,-2.282683561939665E+001,-1.293965113605395E+002,
4.574780058651027E+009,-2.285264282481770E+001,-1.461390437879536E+002,
4.578690127077224E+009,-2.303150377736452E+001,-1.621304029780884E+002,
4.582600195503422E+009,-2.297029392387942E+001,-1.777952003496053E+002,
4.586510263929619E+009,-2.295866269511082E+001,1.654783581409213E+002,
4.590420332355816E+009,-2.311122973935824E+001,1.489347305289184E+002,
4.594330400782014E+009,-2.323781474031716E+001,1.334097412576230E+002,
4.598240469208211E+009,-2.310394123491302E+001,1.183575095682851E+002,
4.602150537634409E+009,-2.307214188530771E+001,1.022712804958980E+002,
4.606060606060606E+009,-2.298115451827592E+001,8.660134249647290E+001,
4.609970674486803E+009,-2.291552504967950E+001,7.080352222028182E+001,
4.613880742913001E+009,-2.279752753497257E+001,5.538803009392387E+001,
4.617790811339198E+009,-2.252732063477644E+001,3.846452771825697E+001,
4.621700879765396E+009,-2.245107384860095E+001,2.246142458953457E+001,
4.625610948191593E+009,-2.211782977356250E+001,5.917234799446455E+000,
4.629521016617791E+009,-2.193779703810517E+001,-1.166926739553649E+001,
4.633431085043988E+009,-2.172227726197064E+001,-2.903465899400506E+001,
4.637341153470186E+009,-2.168251603357421E+001,-4.786634160181268E+001,
4.641251221896383E+009,-2.173222739595808E+001,-6.517514195511596E+001,
4.645161290322580E+009,-2.182389334396168E+001,-8.189457145070261E+001,
4.649071358748778E+009,-2.167948752766421E+001,-9.841912032729732E+001,
4.652981427174975E+009,-2.154972121433055E+001,-1.159434797656920E+002,
4.656891495601173E+009,-2.148975636623347E+001,-1.328490503922945E+002,
4.660801564027371E+009,-2.139771961063310E+001,-1.508273543912767E+002,
4.664711632453568E+009,-2.143968169369100E+001,-1.679810147174641E+002,
4.668621700879766E+009,-2.142000703686043E+001,1.747855122400933E+002,
4.672531769305963E+009,-2.151164364734164E+001,1.575369891935471E+002,
4.676441837732161E+009,-2.145989080556446E+001,1.409332179084585E+002,
4.680351906158358E+009,-2.138143943724820E+001,1.240858260810913E+002,
4.684261974584556E+009,-2.142952099516910E+001,1.069577964627798E+002,
4.688172043010753E+009,-2.134307097186768E+001,9.107893594264537E+001,
4.692082111436951E+009,-2.114718315327310E+001,7.382481622898727E+001,
4.695992179863148E+009,-2.103308065001361E+001,5.618350411257086E+001,
4.699902248289345E+009,-2.096930103727926E+001,3.825777891420704E+001,
4.703812316715543E+009,-2.095470494405908E+001,2.105614882034300E+001,
4.707722385141740E+009,-2.094885638314594E+001,3.513942569920161E+000,
4.711632453567938E+009,-2.094926245973855E+001,-1.450794197290516E+001,
4.715542521994135E+009,-2.091294138870101E+001,-3.189466820638211E+001,
4.719452590420332E+009,-2.099984121505474E+001,-4.950372182962875E+001,
4.723362658846530E+009,-2.102756823007200E+001,-6.671836422281183E+001,
4.727272727272727E+009,-2.107382124697196E+001,-8.391599834400466E+001,
4.731182795698925E+009,-2.110343653328773E+001,-1.012644833208224E+002,
4.735092864125122E+009,-2.108364636496830E+001,-1.186215590759049E+002,
4.739002932551320E+009,-2.120212464471211E+001,-1.361597781157462E+002,
4.742913000977517E+009,-2.127398043594973E+001,-1.532903442999809E+002,
4.746823069403714E+009,-2.138092380427930E+001,-1.701148105434489E+002,
4.750733137829912E+009,-2.132013003926256E+001,1.728588213925006E+002,
4.754643206256109E+009,-2.142807405084334E+001,1.554504285963765E+002,
4.758553274682307E+009,-2.164984877338955E+001,1.384626808598284E+002,
4.762463343108504E+009,-2.165440522393199E+001,1.228968233612082E+002,
4.766373411534702E+009,-2.156987858699068E+001,1.057647365678715E+002,
4.770283479960899E+009,-2.160636693958821E+001,8.905019849076251E+001,
4.774193548387096E+009,-2.156372262684624E+001,7.220135268190376E+001,
4.778103616813294E+009,-2.165460651091042E+001,5.424634627182017E+001,
4.782013685239492E+009,-2.170312831315140E+001,3.788025689727142E+001,
4.785923753665690E+009,-2.172590948798512E+001,2.127409454704709E+001,
4.789833822091887E+009,-2.169448125371543E+001,4.756224354311156E+000,
4.793743890518084E+009,-2.159230610871882E+001,-1.283576868405127E+001,
4.797653958944282E+009,-2.170222780356214E+001,-3.054183125515386E+001,
4.801564027370479E+009,-2.188538395047135E+001,-4.805107479417626E+001,
4.805474095796677E+009,-2.211871134458953E+001,-6.505076678718469E+001,
4.809384164222874E+009,-2.229716884992257E+001,-8.104453006079163E+001,
4.813294232649072E+009,-2.244775696375060E+001,-9.673080122013123E+001,
4.817204301075269E+009,-2.242994077798069E+001,-1.124980133046067E+002,
4.821114369501467E+009,-2.243043540175599E+001,-1.288828221359777E+002,
4.825024437927664E+009,-2.256199659023417E+001,-1.458893113008954E+002,
4.828934506353861E+009,-2.275231067918166E+001,-1.624780129267361E+002,
4.832844574780059E+009,-2.294889759091808E+001,-1.772437180776351E+002,
4.836754643206256E+009,-2.281036824738372E+001,1.675420493253393E+002,
4.840664711632454E+009,-2.277096855052488E+001,1.511383367598649E+002,
4.844574780058651E+009,-2.271046681520889E+001,1.344642637435450E+002,
4.848484848484848E+009,-2.283765548843154E+001,1.183039361616483E+002,
4.852394916911046E+009,-2.283064105866622E+001,1.029260278622282E+002,
4.856304985337243E+009,-2.273407760240479E+001,8.737426978781831E+001,
4.860215053763441E+009,-2.256725808333612E+001,7.100985225787147E+001,
4.864125122189638E+009,-2.247637783212439E+001,5.451173098767970E+001,
4.868035190615836E+009,-2.246756280997873E+001,3.741479228363667E+001,
4.871945259042033E+009,-2.261859916399793E+001,2.164560399393484E+001,
4.875855327468231E+009,-2.283325288066088E+001,6.291717792783304E+000,
4.879765395894428E+009,-2.276673610046330E+001,-6.951536188650255E+000,
4.883675464320625E+009,-2.236694743035183E+001,-2.105805232874511E+001,
4.887585532746823E+009,-2.185683510963183E+001,-3.660173285532613E+001,
4.891495601173020E+009,-2.155088389121666E+001,-5.380100398034293E+001,
4.895405669599218E+009,-2.132326469365059E+001,-7.055389202000524E+001,
4.899315738025415E+009,-2.109351647306845E+001,-8.713752594040436E+001,
4.903225806451613E+009,-2.070882589020234E+001,-1.035319105862285E+002,
4.907135874877811E+009,-2.050496229484869E+001,-1.203115526563983E+002,
4.911045943304008E+009,-2.023194989256334E+001,-1.366594869128029E+002,
4.914956011730206E+009,-1.978809190645642E+001,-1.536033309858818E+002,
4.918866080156403E+009,-1.941453528325181E+001,-1.713743006566417E+002,
4.922776148582601E+009,-1.897660569758547E+001,1.701493703515984E+002,
4.926686217008798E+009,-1.877300260721562E+001,1.509577212315396E+002,
4.930596285434996E+009,-1.864010851573294E+001,1.330974609442952E+002,
4.934506353861193E+009,-1.844579624505845E+001,1.148822851446601E+002,
4.938416422287390E+009,-1.819784843764293E+001,9.691510084762831E+001,
4.942326490713588E+009,-1.800003408850106E+001,7.779571929056090E+001,
4.946236559139785E+009,-1.792102193232937E+001,5.889077668071130E+001,
4.950146627565983E+009,-1.782773560217155E+001,4.029236761502699E+001,
4.954056695992180E+009,-1.784199283068021E+001,2.200736978200362E+001,
4.957966764418377E+009,-1.770958115847709E+001,3.745292433945878E+000,
4.961876832844575E+009,-1.762703084448045E+001,-1.496863654721248E+001,
4.965786901270772E+009,-1.758222219452120E+001,-3.353124503544323E+001,
4.969696969696970E+009,-1.754435158189041E+001,-5.173022283030645E+001,
4.973607038123167E+009,-1.745234416331009E+001,-7.038432721939796E+001,
4.977517106549365E+009,-1.749799220874987E+001,-8.979530618991466E+001,
4.981427174975562E+009,-1.751204761845235E+001,-1.085910104042992E+002,
4.985337243401759E+009,-1.761808541666746E+001,-1.276169358335403E+002,
4.989247311827957E+009,-1.777296388781608E+001,-1.464402958823494E+002,
4.993157380254154E+009,-1.801041776671033E+001,-1.652956677868787E+002,
4.997067448680352E+009,-1.829924224145313E+001,1.768528875162209E+002,
5.000977517106549E+009,-1.854149636240070E+001,1.596189385360613E+002,
5.004887585532747E+009,-1.864420442479925E+001,1.428527816362725E+002,
5.008797653958944E+009,-1.877965746675409E+001,1.260708372078754E+002,
5.012707722385141E+009,-1.871704338249180E+001,1.093104122316106E+002,
5.016617790811339E+009,-1.866035219276290E+001,9.111546720266986E+001,
5.020527859237536E+009,-1.867677499519484E+001,7.273197559372453E+001,
5.024437927663734E+009,-1.878219209693671E+001,5.397935770812990E+001,
5.028347996089932E+009,-1.906463738938655E+001,3.534106048060840E+001,
5.032258064516129E+009,-1.944407279579761E+001,1.824118772425424E+001,
5.036168132942327E+009,-1.970669460525733E+001,1.877555400964180E+000,
5.040078201368524E+009,-1.982612259203968E+001,-1.386561833450904E+001,
5.043988269794722E+009,-1.982969479521201E+001,-3.006353775860555E+001,
5.047898338220919E+009,-1.984230048261707E+001,-4.658600625173826E+001,
5.051808406647117E+009,-1.976790498613477E+001,-6.391399890195359E+001,
5.055718475073314E+009,-1.976264589221912E+001,-8.143809509165109E+001,
5.059628543499512E+009,-1.984204081015971E+001,-9.942778044733038E+001,
5.063538611925709E+009,-1.984338413385015E+001,-1.166558925162454E+002,
5.067448680351906E+009,-1.992184040361818E+001,-1.349260038010331E+002,
5.071358748778104E+009,-2.028971380066864E+001,-1.525012620030451E+002,
5.075268817204301E+009,-2.052173795369136E+001,-1.687605332320628E+002,
5.079178885630499E+009,-2.064526027450364E+001,1.758768378059139E+002,
5.083088954056696E+009,-2.058963455797073E+001,1.598686255022614E+002,
5.086999022482893E+009,-2.048751775429873E+001,1.432524237231980E+002,
5.090909090909091E+009,-2.040027378474424E+001,1.262663193690314E+002,
5.094819159335288E+009,-2.039313835800740E+001,1.092024542715200E+002,
5.098729227761486E+009,-2.025937897041928E+001,9.175724499145859E+001,
5.102639296187683E+009,-2.022381240924799E+001,7.379073717594187E+001,
5.106549364613881E+009,-2.027393554859004E+001,5.561159990156865E+001,
5.110459433040078E+009,-2.043734608996362E+001,3.794815745658093E+001,
5.114369501466276E+009,-2.055361406030503E+001,2.139715410295657E+001,
5.118279569892473E+009,-2.062524327098619E+001,3.960706272829870E+000,
5.122189638318670E+009,-2.067001168559083E+001,-1.299511240537126E+001,
5.126099706744868E+009,-2.078976457713091E+001,-3.019685784627931E+001,
5.130009775171065E+009,-2.085119706638490E+001,-4.712866086183235E+001,
5.133919843597263E+009,-2.086078235161958E+001,-6.341344309794681E+001,
5.137829912023460E+009,-2.085831533662886E+001,-8.013360982568817E+001,
5.141739980449657E+009,-2.075636382438876E+001,-9.742551839926585E+001,
5.145650048875855E+009,-2.079694748573779E+001,-1.152102986067069E+002,
5.149560117302053E+009,-2.076461788159512E+001,-1.323476213659565E+002,
5.153470185728251E+009,-2.065581165784647E+001,-1.497484991838528E+002,
5.157380254154448E+009,-2.073370490642708E+001,-1.675051323438321E+002,
5.161290322580645E+009,-2.066179892810669E+001,1.750681038577524E+002,
5.165200391006843E+009,-2.062445476867121E+001,1.564809640892121E+002,
5.169110459433041E+009,-2.083158459822433E+001,1.382290220026071E+002,
5.173020527859238E+009,-2.104007172917729E+001,1.209366372632658E+002,
5.176930596285435E+009,-2.110190475124645E+001,1.046333492981742E+002,
5.180840664711633E+009,-2.104278231560386E+001,8.715906000849931E+001,
5.184750733137830E+009,-2.103097960308583E+001,6.940452342456791E+001,
5.188660801564028E+009,-2.105873000507126E+001,5.127380010386346E+001,
5.192570869990225E+009,-2.108191658477034E+001,3.382742860660876E+001,
5.196480938416422E+009,-2.108159650255868E+001,1.546493232558831E+001,
5.200391006842620E+009,-2.109922778914681E+001,-3.479928858007676E+000,
5.204301075268817E+009,-2.131595264825893E+001,-2.356998347640866E+001,
5.208211143695015E+009,-2.180564658610349E+001,-4.237634167698143E+001,
5.212121212121212E+009,-2.230651202518241E+001,-5.902624336184351E+001,
5.216031280547409E+009,-2.266596394009223E+001,-7.549585248575660E+001,
5.219941348973607E+009,-2.296136427684326E+001,-9.215055906826743E+001,
5.223851417399805E+009,-2.333934623283286E+001,-1.083141384737507E+002,
5.227761485826002E+009,-2.350974297971024E+001,-1.234027604870472E+002,
5.231671554252199E+009,-2.362815911849619E+001,-1.405446500488890E+002,
5.235581622678397E+009,-2.392728140344591E+001,-1.564431502102032E+002,
5.239491691104594E+009,-2.408935305480924E+001,-1.720811387826871E+002,
5.243401759530792E+009,-2.399892403743934E+001,1.725615256587512E+002,
5.247311827956989E+009,-2.391389153767384E+001,1.552141118416785E+002,
5.251221896383186E+009,-2.404138653847215E+001,1.363594698329727E+002,
5.255131964809384E+009,-2.446952505973524E+001,1.179292329451281E+002,
5.259042033235581E+009,-2.508919666621443E+001,1.001393042883781E+002,
5.262952101661779E+009,-2.582933785592057E+001,8.646389689843066E+001,
5.266862170087977E+009,-2.621919416304383E+001,7.386162047056486E+001,
5.270772238514174E+009,-2.636485109421100E+001,6.181553888738200E+001,
5.274682306940372E+009,-2.634674201262118E+001,5.023722485761835E+001,
5.278592375366570E+009,-2.587506233606931E+001,3.717454852025153E+001,
5.282502443792767E+009,-2.534901785259610E+001,2.325962358152629E+001,
5.286412512218964E+009,-2.482497715634964E+001,6.428304151607186E+000,
5.290322580645162E+009,-2.433465303183253E+001,-1.090423854201861E+001,
5.294232649071359E+009,-2.406946504596609E+001,-3.053846102597911E+001,
5.298142717497557E+009,-2.415802640986050E+001,-4.871228294261841E+001,
5.302052785923754E+009,-2.433308401643913E+001,-6.576367521084883E+001,
5.305962854349951E+009,-2.458054054106701E+001,-8.212002203098864E+001,
5.309872922776149E+009,-2.465761260961668E+001,-9.730178764261187E+001,
5.313782991202346E+009,-2.465067128954920E+001,-1.113865354338896E+002,
5.317693059628544E+009,-2.423884775912148E+001,-1.249263338162850E+002,
5.321603128054741E+009,-2.359909928377898E+001,-1.401679182341287E+002,
5.325513196480938E+009,-2.296958021956776E+001,-1.595353698118843E+002,
5.329423264907136E+009,-2.281497693983818E+001,-1.790150011154367E+002,
5.333333333333333E+009,-2.290959516034316E+001,1.630907261731485E+002,
5.337243401759531E+009,-2.281835776968102E+001,1.457121415852827E+002,
5.341153470185728E+009,-2.277638884290879E+001,1.273238502980384E+002,
5.345063538611926E+009,-2.288058370044597E+001,1.101957762105976E+002,
5.348973607038123E+009,-2.292187490954841E+001,9.415356601400352E+001,
5.352883675464321E+009,-2.278630250373460E+001,7.780181807055752E+001,
5.356793743890518E+009,-2.263804805338987E+001,6.183276189612337E+001,
5.360703812316715E+009,-2.238762815019861E+001,4.549108510695398E+001,
5.364613880742913E+009,-2.187912477908366E+001,2.901326378315819E+001,
5.368523949169110E+009,-2.144720698789218E+001,1.062311680336780E+001,
5.372434017595308E+009,-2.105749500392203E+001,-9.200926526687701E+000,
5.376344086021505E+009,-2.094842915900759E+001,-2.932331205758878E+001,
5.380254154447702E+009,-2.096478815200359E+001,-4.905432902194571E+001,
5.384164222873900E+009,-2.104067989722604E+001,-6.803757136504801E+001,
5.388074291300098E+009,-2.125861132526374E+001,-8.740526661620609E+001,
5.391984359726296E+009,-2.151372451189353E+001,-1.046414452561567E+002,
5.395894428152493E+009,-2.155347660276465E+001,-1.215109188314576E+002,
5.399804496578690E+009,-2.154827601260630E+001,-1.390816709625383E+002,
5.403714565004888E+009,-2.155144554276493E+001,-1.563836297684254E+002,
5.407624633431086E+009,-2.137844172624782E+001,-1.739008392384998E+002,
5.411534701857283E+009,-2.131098502264233E+001,1.680314572236525E+002,
5.415444770283480E+009,-2.120746567139696E+001,1.494030913622562E+002,
5.419354838709678E+009,-2.123425344915493E+001,1.307633488352153E+002,
5.423264907135875E+009,-2.122988155532654E+001,1.118642648403783E+002,
5.427174975562073E+009,-2.134144979321627E+001,9.256664091469061E+001,
5.431085043988270E+009,-2.148226787101266E+001,7.387236627510238E+001,
5.434995112414467E+009,-2.166211918560382E+001,5.510390609093582E+001,
5.438905180840665E+009,-2.190047924696399E+001,3.665062366450278E+001,
5.442815249266862E+009,-2.232580387596346E+001,1.832214281956128E+001,
5.446725317693060E+009,-2.269895822211648E+001,1.965679783730143E+000,
5.450635386119257E+009,-2.277461646358888E+001,-1.336300960072328E+001,
5.454545454545454E+009,-2.265948259514163E+001,-3.025617840433386E+001,
5.458455522971652E+009,-2.266841410050339E+001,-4.798872456448192E+001,
5.462365591397850E+009,-2.274136116729689E+001,-6.556155332092703E+001,
5.466275659824047E+009,-2.283242284711294E+001,-8.359610273205749E+001,
5.470185728250244E+009,-2.297130849822622E+001,-1.011874270911803E+002,
5.474095796676442E+009,-2.292652733692557E+001,-1.189766317787545E+002,
5.478005865102639E+009,-2.311159261185451E+001,-1.374902691385387E+002,
5.481915933528837E+009,-2.320509994785792E+001,-1.559001412946400E+002,
5.485826001955034E+009,-2.347329869307595E+001,-1.747662909032401E+002,
5.489736070381231E+009,-2.385757159317729E+001,1.682126065057733E+002,
5.493646138807429E+009,-2.418088245387999E+001,1.513607883531068E+002,
5.497556207233626E+009,-2.435450841252814E+001,1.349429701845746E+002,
5.501466275659824E+009,-2.454090371590494E+001,1.182232020736239E+002,
5.505376344086021E+009,-2.455045001071065E+001,1.016303802523187E+002,
5.509286412512219E+009,-2.467768497890364E+001,8.345904054612356E+001,
5.513196480938417E+009,-2.480127568017830E+001,6.653509314536770E+001,
5.517106549364615E+009,-2.493825992776971E+001,4.942419826909125E+001,
5.521016617790812E+009,-2.520350751679107E+001,3.123885921219826E+001,
5.524926686217009E+009,-2.549531947904348E+001,1.362562252789485E+001,
5.528836754643207E+009,-2.586686161486751E+001,-2.996516951481749E+000,
5.532746823069404E+009,-2.601653579430749E+001,-1.885956710100760E+001,
5.536656891495602E+009,-2.639042806936827E+001,-3.520510149850932E+001,
5.540566959921799E+009,-2.657406401476565E+001,-5.137067626935754E+001,
5.544477028347996E+009,-2.686325519571812E+001,-6.748378705285771E+001,
5.548387096774194E+009,-2.695799525636585E+001,-8.199119397118172E+001,
5.552297165200391E+009,-2.702839078846800E+001,-9.797043936721849E+001,
5.556207233626589E+009,-2.717699730190539E+001,-1.143133939210424E+002,
5.560117302052786E+009,-2.723855709985023E+001,-1.290190719444108E+002,
5.564027370478983E+009,-2.711042261871413E+001,-1.445031418167487E+002,
5.567937438905181E+009,-2.709494263907841E+001,-1.606926504030664E+002,
5.571847507331378E+009,-2.699946534177073E+001,-1.769145825022457E+002,
5.575757575757576E+009,-2.683459545177324E+001,1.652952958468743E+002,
5.579667644183773E+009,-2.679912849949173E+001,1.477943570915733E+002,
5.583577712609971E+009,-2.694886424491948E+001,1.299905001715200E+002,
5.587487781036168E+009,-2.722971414662655E+001,1.127762274168948E+002,
5.591397849462366E+009,-2.732202799815443E+001,9.646671196853002E+001,
5.595307917888563E+009,-2.762890590189756E+001,8.003843166778266E+001,
5.599217986314760E+009,-2.765218218824186E+001,6.699318981606271E+001,
5.603128054740958E+009,-2.717055940015142E+001,5.063252182856934E+001,
5.607038123167155E+009,-2.713543409643785E+001,3.201407561698311E+001,
5.610948191593353E+009,-2.696277641472958E+001,1.281490530164929E+001,
5.614858260019550E+009,-2.750926142877965E+001,-5.634168288398318E+000,
5.618768328445747E+009,-2.782608221653213E+001,-2.132303303585185E+001,
5.622678396871945E+009,-2.815189703711568E+001,-3.754331859583756E+001,
5.626588465298142E+009,-2.824736753171376E+001,-5.246313554391912E+001,
5.630498533724340E+009,-2.807593373478749E+001,-6.859947852581550E+001,
5.634408602150538E+009,-2.824324281553580E+001,-8.518092791532607E+001,
5.638318670576735E+009,-2.829862268498007E+001,-1.006373840749842E+002,
5.642228739002933E+009,-2.832218858539481E+001,-1.162535968090969E+002,
5.646138807429131E+009,-2.839073961069229E+001,-1.328027029863075E+002,
5.650048875855328E+009,-2.843902967222265E+001,-1.493139137056442E+002,
5.653958944281525E+009,-2.866245873285163E+001,-1.650177335421066E+002,
5.657869012707723E+009,-2.870860062115992E+001,1.793164333263437E+002,
5.661779081133920E+009,-2.877989185071283E+001,1.635080577411152E+002,
5.665689149560118E+009,-2.872950889552815E+001,1.489234894727868E+002,
5.669599217986315E+009,-2.874036299079301E+001,1.320580445061393E+002,
5.673509286412512E+009,-2.894958098606735E+001,1.159985924772487E+002,
5.677419354838710E+009,-2.920718732328209E+001,1.009803923476365E+002,
5.681329423264907E+009,-2.902769702562597E+001,8.749305179596205E+001,
5.685239491691105E+009,-2.885435212842207E+001,7.352528150194951E+001,
5.689149560117302E+009,-2.853577003288412E+001,5.847533062921530E+001,
5.693059628543499E+009,-2.823279801377653E+001,4.442586570744851E+001,
5.696969696969697E+009,-2.782932080972439E+001,2.744317265637135E+001,
5.700879765395895E+009,-2.731767348358873E+001,1.132157214332706E+001,
5.704789833822092E+009,-2.694853828014865E+001,-6.832633974453508E+000,
5.708699902248289E+009,-2.666095767405766E+001,-2.496505165720798E+001,
5.712609970674487E+009,-2.638579884643266E+001,-4.445709532255371E+001,
5.716520039100684E+009,-2.644861053154483E+001,-6.429349471975002E+001,
5.720430107526882E+009,-2.664026498162249E+001,-8.242042027764569E+001,
5.724340175953079E+009,-2.699984093342073E+001,-1.001730156877076E+002,
5.728250244379276E+009,-2.755494867543217E+001,-1.140823532101183E+002,
5.732160312805474E+009,-2.750318665812586E+001,-1.280679665384161E+002,
5.736070381231671E+009,-2.724523128163703E+001,-1.424454038622204E+002,
5.739980449657869E+009,-2.687980570441452E+001,-1.585860581211300E+002,
5.743890518084066E+009,-2.667906979622779E+001,-1.756097756046045E+002,
5.747800586510263E+009,-2.639895824057221E+001,1.661695743356100E+002,
5.751710654936461E+009,-2.638595632321144E+001,1.487255761321663E+002,
5.755620723362660E+009,-2.619086194946670E+001,1.318408924600772E+002,
5.759530791788857E+009,-2.627482299838677E+001,1.135056399820451E+002,
5.763440860215054E+009,-2.645616320854201E+001,9.669456682445461E+001,
5.767350928641252E+009,-2.665949696755049E+001,8.092864270287042E+001,
5.771260997067449E+009,-2.661895348405635E+001,6.673465520970071E+001,
5.775171065493647E+009,-2.656875030123066E+001,5.144233649333028E+001,
5.779081133919844E+009,-2.624730683919582E+001,3.756427491085436E+001,
5.782991202346041E+009,-2.561100712900133E+001,2.191565745100365E+001,
5.786901270772239E+009,-2.525447424441581E+001,3.775530874562614E+000,
5.790811339198436E+009,-2.493225069150403E+001,-1.278241970332393E+001,
5.794721407624634E+009,-2.461082449716104E+001,-3.100754710979011E+001,
5.798631476050831E+009,-2.433481922736299E+001,-4.944389108550838E+001,
5.802541544477028E+009,-2.431502747512753E+001,-6.785708849012372E+001,
5.806451612903226E+009,-2.434652388654950E+001,-8.552135913110868E+001,
5.810361681329423E+009,-2.430539556930722E+001,-1.013210578753736E+002,
5.814271749755621E+009,-2.408903860134195E+001,-1.177717979733871E+002,
5.818181818181818E+009,-2.378010468025743E+001,-1.337985107884577E+002,
5.822091886608016E+009,-2.322566820482984E+001,-1.519891221809989E+002,
5.826001955034213E+009,-2.299513136823122E+001,-1.699588528182706E+002,
5.829912023460411E+009,-2.260034373840204E+001,1.715846680882328E+002,
5.833822091886608E+009,-2.236431934690698E+001,1.517768774226767E+002,
5.837732160312805E+009,-2.218402363538502E+001,1.322807660750476E+002,
5.841642228739003E+009,-2.205449680386544E+001,1.123824689296291E+002,
5.845552297165200E+009,-2.217248949601324E+001,9.276073228538377E+001,
5.849462365591398E+009,-2.230868969107040E+001,7.338344880708253E+001,
5.853372434017595E+009,-2.259641649683481E+001,5.518514222577404E+001,
5.857282502443792E+009,-2.263225994320098E+001,3.789082187407317E+001,
5.861192570869990E+009,-2.268310945405783E+001,2.086648034517831E+001,
5.865102639296187E+009,-2.261429335812304E+001,3.400346281188034E+000,
5.869012707722385E+009,-2.243055807564848E+001,-1.571956918124497E+001,
5.872922776148583E+009,-2.244798684047132E+001,-3.423104817188767E+001,
5.876832844574780E+009,-2.243189355474434E+001,-5.304055183495210E+001,
5.880742913000978E+009,-2.252814680650712E+001,-7.191720486942474E+001,
5.884652981427176E+009,-2.264671717705389E+001,-9.044896952517998E+001,
5.888563049853373E+009,-2.277347451153765E+001,-1.091071624582596E+002,
5.892473118279570E+009,-2.298571120735490E+001,-1.282960033783252E+002,
5.896383186705768E+009,-2.322143617837750E+001,-1.473525996112807E+002,
5.900293255131965E+009,-2.365831199812531E+001,-1.660840668122146E+002,
5.904203323558163E+009,-2.415943847085062E+001,1.762572791238625E+002,
5.908113391984360E+009,-2.480714038137407E+001,1.594725892402491E+002,
5.912023460410557E+009,-2.518158806321070E+001,1.453285080686171E+002,
5.915933528836755E+009,-2.540713162061978E+001,1.304190517993722E+002,
5.919843597262952E+009,-2.553044032689662E+001,1.144469875719052E+002,
5.923753665689150E+009,-2.570091203623480E+001,9.968317183894546E+001,
5.927663734115347E+009,-2.562174467980328E+001,8.471622413063267E+001,
5.931573802541544E+009,-2.537552203266312E+001,6.811315980703530E+001,
5.935483870967742E+009,-2.556006809007716E+001,5.072278281738246E+001,
5.939393939393940E+009,-2.596416900962906E+001,3.479271086911895E+001,
5.943304007820137E+009,-2.636754062363369E+001,2.037579577177861E+001,
5.947214076246334E+009,-2.631359455913231E+001,7.954841361353554E+000,
5.951124144672532E+009,-2.606593246565593E+001,-5.454421776097642E+000,
5.955034213098729E+009,-2.564470905790670E+001,-2.013006902651297E+001,
5.958944281524927E+009,-2.513895118417432E+001,-3.517628328843321E+001,
5.962854349951124E+009,-2.468930277002315E+001,-5.236077885991759E+001,
5.966764418377321E+009,-2.435451092931368E+001,-6.938409764299888E+001,
5.970674486803519E+009,-2.395212735779847E+001,-8.611940072159038E+001,
5.974584555229716E+009,-2.349884076431752E+001,-1.045312941372086E+002,
5.978494623655914E+009,-2.317252719229090E+001,-1.238100033455456E+002,
5.982404692082111E+009,-2.323614844984261E+001,-1.428494062766046E+002,
5.986314760508308E+009,-2.336518262639499E+001,-1.609395573204548E+002,
5.990224828934506E+009,-2.338514974242516E+001,-1.778611009099364E+002,
5.994134897360704E+009,-2.330985705741902E+001,1.658114284422130E+002,
5.998044965786902E+009,-2.305870080329614E+001,1.493616649320068E+002,
6.001955034213099E+009,-2.278406012691657E+001,1.321667727069561E+002,
6.005865102639297E+009,-2.261978865868812E+001,1.137744528882359E+002,
6.009775171065494E+009,-2.251209413245710E+001,9.607895915883070E+001,
6.013685239491692E+009,-2.230921325586482E+001,7.864529179518760E+001,
6.017595307917889E+009,-2.210015372324815E+001,6.107469079553349E+001,
6.021505376344086E+009,-2.182121894773799E+001,4.328559766085250E+001,
6.025415444770284E+009,-2.157891620109504E+001,2.408508667900122E+001,
6.029325513196481E+009,-2.148369008052146E+001,4.570880466355125E+000,
6.033235581622679E+009,-2.146822821180534E+001,-1.525695178352818E+001,
6.037145650048876E+009,-2.147836094389666E+001,-3.420508257055796E+001,
6.041055718475073E+009,-2.168929784751159E+001,-5.316456665699506E+001,
6.044965786901271E+009,-2.194594149522909E+001,-7.124730588558869E+001,
6.048875855327468E+009,-2.211514856662993E+001,-8.831841367701877E+001,
6.052785923753666E+009,-2.220983288535323E+001,-1.050594574826265E+002,
6.056695992179863E+009,-2.202168033934962E+001,-1.217515695833065E+002,
6.060606060606061E+009,-2.185854583606958E+001,-1.393130035835098E+002,
6.064516129032258E+009,-2.161670049068162E+001,-1.582617883897967E+002,
6.068426197458456E+009,-2.152730203024335E+001,-1.779011621028818E+002,
6.072336265884653E+009,-2.156721296368156E+001,1.627037693552523E+002,
6.076246334310850E+009,-2.176941382710222E+001,1.424276092141030E+002,
6.080156402737048E+009,-2.205638384603105E+001,1.228865646716965E+002,
6.084066471163245E+009,-2.248829745416196E+001,1.049259743399705E+002,
6.087976539589443E+009,-2.285261044132102E+001,8.840683343526558E+001,
6.091886608015640E+009,-2.293196806322737E+001,7.126192290798058E+001,
6.095796676441837E+009,-2.313935831538553E+001,5.409766025603873E+001,
6.099706744868035E+009,-2.322134805538967E+001,3.746976821605657E+001,
6.103616813294232E+009,-2.310252514102363E+001,2.078502104231112E+001,
6.107526881720430E+009,-2.306419459959614E+001,2.745052916929879E+000,
6.111436950146627E+009,-2.301720918785059E+001,-1.643522646069984E+001,
6.115347018572825E+009,-2.317891136386688E+001,-3.586821015093678E+001,
6.119257086999023E+009,-2.358986944248074E+001,-5.497216102303878E+001,
6.123167155425221E+009,-2.400919314678176E+001,-7.282832372603568E+001,
6.127077223851418E+009,-2.440150669631940E+001,-9.067798938774280E+001,
6.130987292277615E+009,-2.489159422321298E+001,-1.077318227970362E+002,
6.134897360703813E+009,-2.534750707158313E+001,-1.236544382846273E+002,
6.138807429130010E+009,-2.569264872735717E+001,-1.390659657939060E+002,
6.142717497556208E+009,-2.597478738121892E+001,-1.538280807802883E+002,
6.146627565982405E+009,-2.612503351393211E+001,-1.675691499212180E+002,
6.150537634408602E+009,-2.584501953437103E+001,1.785893072660041E+002,
6.154447702834800E+009,-2.559436689590689E+001,1.615961374013891E+002,
6.158357771260998E+009,-2.531745669606356E+001,1.442080194681740E+002,
6.162267839687195E+009,-2.524765493534923E+001,1.251127192102628E+002,
6.166177908113392E+009,-2.543094784958720E+001,1.068263507306754E+002,
6.170087976539589E+009,-2.561620366062077E+001,8.859982320010056E+001,
6.173998044965787E+009,-2.610960107757381E+001,7.189920424258880E+001,
6.177908113391985E+009,-2.633646870934697E+001,5.680923645486183E+001,
6.181818181818182E+009,-2.650160710044089E+001,4.214026086663740E+001,
6.185728250244379E+009,-2.629707592928425E+001,2.626475020887892E+001,
6.189638318670576E+009,-2.617766866179087E+001,1.013179387850518E+001,
6.193548387096774E+009,-2.608088665574898E+001,-5.195370585187131E+000,
6.197458455522972E+009,-2.576822928821964E+001,-2.229625606227862E+001,
6.201368523949169E+009,-2.564727443649238E+001,-4.043583104701823E+001,
6.205278592375366E+009,-2.553990070160729E+001,-5.810226204737394E+001,
6.209188660801564E+009,-2.553228048145384E+001,-7.543537889089275E+001,
6.213098729227762E+009,-2.558077984256757E+001,-9.377596333988268E+001,
6.217008797653959E+009,-2.551615955987481E+001,-1.116609516636489E+002,
6.220918866080156E+009,-2.567141777084263E+001,-1.299920742711807E+002,
6.224828934506353E+009,-2.572626624874520E+001,-1.467112182553598E+002,
6.228739002932551E+009,-2.577916260759795E+001,-1.647563714843566E+002,
6.232649071358749E+009,-2.599625006738690E+001,1.775540695229590E+002,
6.236559139784946E+009,-2.612309932231464E+001,1.621430420020835E+002,
6.240469208211144E+009,-2.604564732538739E+001,1.451271644469607E+002,
6.244379276637341E+009,-2.613195443785780E+001,1.274974520020111E+002,
6.248289345063539E+009,-2.612504361752959E+001,1.105868859100805E+002,
6.252199413489737E+009,-2.606013119842699E+001,9.332278653056389E+001,
6.256109481915934E+009,-2.603396314020758E+001,7.540242690765683E+001,
6.260019550342131E+009,-2.616462361125063E+001,5.900622554112426E+001,
6.263929618768329E+009,-2.610839307761260E+001,4.156738476267955E+001,
6.267839687194526E+009,-2.598910156789698E+001,2.329224260155001E+001,
6.271749755620724E+009,-2.591236751570201E+001,5.377716651710958E+000,
6.275659824046921E+009,-2.600860792333774E+001,-1.361955885637340E+001,
6.279569892473118E+009,-2.640489821249999E+001,-3.166983599032216E+001,
6.283479960899316E+009,-2.663650927561112E+001,-4.893905052409316E+001,
6.287390029325514E+009,-2.681470743535793E+001,-6.458312474004184E+001,
6.291300097751711E+009,-2.657192993375442E+001,-8.058886837393422E+001,
6.295210166177908E+009,-2.637637853016230E+001,-9.902556930324512E+001,
6.299120234604105E+009,-2.633813029455130E+001,-1.173325883592111E+002,
6.303030303030303E+009,-2.634280676191793E+001,-1.372789835752171E+002,
6.306940371456501E+009,-2.656315183193712E+001,-1.564844872401711E+002,
6.310850439882698E+009,-2.683239612193691E+001,-1.761114279210642E+002,
6.314760508308895E+009,-2.725835807372303E+001,1.651808432316389E+002,
6.318670576735093E+009,-2.764443115359063E+001,1.481322889157840E+002,
6.322580645161290E+009,-2.804232387618545E+001,1.301485829808932E+002,
6.326490713587488E+009,-2.854020418712584E+001,1.128194068811003E+002,
6.330400782013685E+009,-2.898817016946101E+001,9.545348112698017E+001,
6.334310850439882E+009,-2.949299978971566E+001,7.963154469524955E+001,
6.338220918866080E+009,-2.987398905130569E+001,6.460290365963876E+001,
6.342130987292278E+009,-2.997920977229388E+001,5.033630425683678E+001,
6.346041055718475E+009,-2.991310611285072E+001,3.390232778606541E+001,
6.349951124144672E+009,-2.975706087258755E+001,1.662054467648823E+001,
6.353861192570869E+009,-2.969032149121737E+001,-2.580113062759689E+000,
6.357771260997068E+009,-3.010551807006695E+001,-2.354054389242216E+001,
6.361681329423266E+009,-3.067145464267946E+001,-4.355725737673559E+001,
6.365591397849463E+009,-3.159293322091187E+001,-6.164473674611535E+001,
6.369501466275660E+009,-3.263909370304520E+001,-7.825470863802894E+001,
6.373411534701857E+009,-3.345895028628993E+001,-9.333770574193672E+001,
6.377321603128055E+009,-3.464287294084553E+001,-1.079303621914230E+002,
6.381231671554253E+009,-3.622797681277030E+001,-1.166273521018066E+002,
6.385141739980450E+009,-3.611097330580633E+001,-1.178561161144166E+002,
6.389051808406647E+009,-3.489294926965462E+001,-1.288575553741067E+002,
6.392961876832845E+009,-3.405745917787210E+001,-1.461903944806680E+002,
6.396871945259043E+009,-3.386322442786599E+001,-1.652242638760742E+002,
6.400782013685240E+009,-3.386372526839817E+001,1.762622165499774E+002,
6.404692082111437E+009,-3.471154992107945E+001,1.551491229805396E+002,
6.408602150537634E+009,-3.625399406884285E+001,1.429541731565542E+002,
6.412512218963832E+009,-3.726316163413425E+001,1.381528675604262E+002,
6.416422287390030E+009,-3.655261928774988E+001,1.346584653952747E+002,
6.420332355816227E+009,-3.530028488957504E+001,1.259677453970258E+002,
6.424242424242424E+009,-3.388458809814075E+001,1.108808835915229E+002,
6.428152492668621E+009,-3.300505834386311E+001,9.357781549659144E+001,
6.432062561094819E+009,-3.226201572606193E+001,7.572288817703425E+001,
6.435972629521017E+009,-3.155797006154912E+001,5.725114806710968E+001,
6.439882697947214E+009,-3.098540660790382E+001,3.728896577243300E+001,
6.443792766373411E+009,-3.070753935875427E+001,1.593431425871948E+001,
6.447702834799609E+009,-3.099237076969207E+001,-5.208395557926291E+000,
6.451612903225807E+009,-3.161479940787257E+001,-2.296087437804273E+001,
6.455522971652004E+009,-3.214300300794865E+001,-3.647940562883926E+001,
6.459433040078201E+009,-3.193034749583068E+001,-4.805503608163841E+001,
6.463343108504398E+009,-3.132727652832519E+001,-6.194924617474482E+001,
6.467253176930596E+009,-3.059129346490915E+001,-7.925438638807225E+001,
6.471163245356794E+009,-3.014180990083042E+001,-9.813674848110864E+001,
6.475073313782991E+009,-2.980546416707601E+001,-1.165282446071981E+002,
6.478983382209189E+009,-2.960647078167119E+001,-1.349962765129189E+002,
6.482893450635386E+009,-2.911167694400597E+001,-1.552332793199135E+002,
6.486803519061584E+009,-2.924096485178258E+001,-1.772270087217600E+002,
6.490713587487782E+009,-2.952907912836306E+001,1.622330275815218E+002,
6.494623655913979E+009,-3.026581190132114E+001,1.430772005752279E+002,
6.498533724340176E+009,-3.082380647564077E+001,1.263679031633620E+002,
6.502443792766374E+009,-3.167434900033565E+001,1.118401335097511E+002,
6.506353861192571E+009,-3.165179898169559E+001,1.002561423720384E+002,
6.510263929618769E+009,-3.148374065499167E+001,8.564579293884877E+001,
6.514173998044966E+009,-3.142864615886812E+001,7.110418283529653E+001,
6.518084066471163E+009,-3.088695920762561E+001,5.785189271374237E+001,
6.521994134897361E+009,-3.042934859023890E+001,4.046757555264049E+001,
6.525904203323559E+009,-2.998243194114852E+001,2.076636541820063E+001,
6.529814271749756E+009,-2.997957396199539E+001,1.112183932289213E+000,
6.533724340175953E+009,-3.024281942833146E+001,-1.835683783136645E+001,
6.537634408602150E+009,-3.047517516100842E+001,-3.360442279989812E+001,
6.541544477028348E+009,-3.056634005460406E+001,-4.983909711729424E+001,
6.545454545454546E+009,-3.070668160757514E+001,-6.528982757181088E+001,
6.549364613880743E+009,-3.051004086301149E+001,-8.023420743272769E+001,
6.553274682306940E+009,-3.014733018165577E+001,-9.712366915498519E+001,
6.557184750733138E+009,-3.013658359098038E+001,-1.151158563207736E+002,
6.561094819159335E+009,-3.002624896212556E+001,-1.307486362794060E+002,
6.565004887585533E+009,-2.982906557285851E+001,-1.471465884324227E+002,
6.568914956011730E+009,-2.934896002926764E+001,-1.661364540051164E+002,
6.572825024437927E+009,-2.921937649647249E+001,1.740440739871356E+002,
6.576735092864125E+009,-2.947150223047283E+001,1.546185466061913E+002,
6.580645161290323E+009,-2.978706421019034E+001,1.363230956139204E+002,
6.584555229716520E+009,-3.021697764636238E+001,1.177542091047209E+002,
6.588465298142717E+009,-3.075094680511100E+001,1.020396485333684E+002,
6.592375366568914E+009,-3.101090053329154E+001,8.792532851828324E+001,
6.596285434995112E+009,-3.104771346481306E+001,7.383153412599096E+001,
6.600195503421310E+009,-3.094713562970185E+001,5.776758304725442E+001,
6.604105571847508E+009,-3.061041825421992E+001,4.143032490704189E+001,
6.608015640273705E+009,-3.039652223092611E+001,2.376246029041946E+001,
6.611925708699902E+009,-3.034550481949916E+001,6.448403748551825E+000,
6.615835777126100E+009,-3.064275064355543E+001,-1.219264254690360E+001,
6.619745845552298E+009,-3.065093310255413E+001,-2.896015557819874E+001,
6.623655913978495E+009,-3.094394740293476E+001,-4.695541506252012E+001,
6.627565982404692E+009,-3.094724712479874E+001,-6.207082821887752E+001,
6.631476050830890E+009,-3.088552766680730E+001,-7.982640392953311E+001,
6.635386119257088E+009,-3.123975888763788E+001,-9.654163714697245E+001,
6.639296187683285E+009,-3.149854966803176E+001,-1.135183483428850E+002,
6.643206256109482E+009,-3.198236733264044E+001,-1.285644371134738E+002,
6.647116324535679E+009,-3.191460279286273E+001,-1.429377038788439E+002,
6.651026392961877E+009,-3.202269413283414E+001,-1.592024377321410E+002,
6.654936461388075E+009,-3.201061339975723E+001,-1.731244331027629E+002,
6.658846529814272E+009,-3.196162759546290E+001,1.711338536794391E+002,
6.662756598240469E+009,-3.166458097585804E+001,1.562558692656685E+002,
6.666666666666666E+009,-3.145077302042240E+001,1.382450453903622E+002,
6.670576735092864E+009,-3.162870597907052E+001,1.195076662097088E+002,
6.674486803519062E+009,-3.210755488478307E+001,1.046933284289051E+002,
6.678396871945259E+009,-3.201040133131940E+001,9.119564809070040E+001,
6.682306940371456E+009,-3.153384749377587E+001,7.756633166792531E+001,
6.686217008797654E+009,-3.125340292253644E+001,5.892821023579967E+001,
6.690127077223852E+009,-3.114992991545776E+001,4.049045761310832E+001,
6.694037145650049E+009,-3.125374577142523E+001,2.498531878336499E+001,
6.697947214076246E+009,-3.114779319138208E+001,7.338614529478884E+000,
6.701857282502443E+009,-3.110894016923631E+001,-9.193991538099466E+000,
6.705767350928641E+009,-3.111294106994422E+001,-2.446832493173197E+001,
6.709677419354839E+009,-3.083275267604498E+001,-4.371514631639827E+001,
6.713587487781036E+009,-3.103298908676073E+001,-6.306043471518392E+001,
6.717497556207233E+009,-3.167848126153270E+001,-7.878192242581531E+001,
6.721407624633431E+009,-3.158226257543806E+001,-9.176462081153304E+001,
6.725317693059629E+009,-3.145029496359233E+001,-1.077508327097981E+002,
6.729227761485827E+009,-3.135185303473907E+001,-1.239386894212130E+002,
6.733137829912024E+009,-3.133573845167303E+001,-1.401954720206361E+002,
6.737047898338221E+009,-3.144162740331946E+001,-1.576163118246719E+002,
6.740957966764419E+009,-3.140045362062486E+001,-1.725823405089294E+002,
6.744868035190616E+009,-3.145766138712426E+001,1.715724908145481E+002,
6.748778103616814E+009,-3.145368581910542E+001,1.558359449246559E+002,
6.752688172043011E+009,-3.113332860664447E+001,1.419580168441579E+002,
6.756598240469208E+009,-3.067262572282257E+001,1.225734897844540E+002,
6.760508308895406E+009,-3.076564413707146E+001,1.019673552649887E+002,
6.764418377321604E+009,-3.152259929059752E+001,8.336407523594100E+001,
6.768328445747801E+009,-3.229433012273108E+001,7.015779060852211E+001,
6.772238514173998E+009,-3.298492742150434E+001,5.967617426344696E+001,
6.776148582600195E+009,-3.280740759743598E+001,5.145833909032461E+001,
6.780058651026393E+009,-3.212556985396239E+001,4.074657529598355E+001,
6.783968719452591E+009,-3.111279533438800E+001,2.725930838046044E+001,
6.787878787878788E+009,-3.038539793431259E+001,1.057134358157465E+001,
6.791788856304985E+009,-2.970914896901927E+001,-6.488699564771474E+000,
6.795698924731183E+009,-2.906668422852737E+001,-2.526682733984283E+001,
6.799608993157380E+009,-2.899067961465001E+001,-4.384050120800688E+001,
6.803519061583578E+009,-2.894567510931517E+001,-6.134734020555501E+001,
6.807429130009775E+009,-2.897816722243359E+001,-7.852409550490999E+001,
6.811339198435972E+009,-2.924820646205653E+001,-9.365702529574544E+001,
6.815249266862170E+009,-2.889249371623449E+001,-1.051674383944506E+002,
6.819159335288368E+009,-2.823870311730600E+001,-1.194070042152283E+002,
6.823069403714565E+009,-2.763281554415924E+001,-1.364235332032300E+002,
6.826979472140762E+009,-2.707923095995588E+001,-1.523585259654548E+002,
6.830889540566959E+009,-2.641348575604235E+001,-1.698676597722475E+002,
6.834799608993157E+009,-2.567638402556920E+001,1.718050258072092E+002,
6.838709677419355E+009,-2.522577670919754E+001,1.519732154351432E+002,
6.842619745845552E+009,-2.494574159817007E+001,1.330738903207311E+002,
6.846529814271750E+009,-2.474499582406886E+001,1.140169239906538E+002,
6.850439882697948E+009,-2.462518650169918E+001,9.577514932461277E+001,
6.854349951124145E+009,-2.449504241714985E+001,7.887775472563421E+001,
6.858260019550343E+009,-2.413147054586928E+001,6.173343638688963E+001,
6.862170087976540E+009,-2.365343909747020E+001,4.407419668201261E+001,
6.866080156402737E+009,-2.331240035683655E+001,2.597144846188676E+001,
6.869990224828935E+009,-2.284931047613947E+001,6.571677175606946E+000,
6.873900293255133E+009,-2.248903465318135E+001,-1.283598029715991E+001,
6.877810361681330E+009,-2.232515177899626E+001,-3.329155460940765E+001,
6.881720430107527E+009,-2.217012313594584E+001,-5.286112313714094E+001,
6.885630498533724E+009,-2.207444084563964E+001,-7.249598209102159E+001,
6.889540566959922E+009,-2.198171438298952E+001,-9.210736601602700E+001,
6.893450635386120E+009,-2.193680764478253E+001,-1.119434655663176E+002,
6.897360703812317E+009,-2.202275095273684E+001,-1.309141937442500E+002,
6.901270772238514E+009,-2.213288123268873E+001,-1.497381192163116E+002,
6.905180840664711E+009,-2.228025242563224E+001,-1.679541030369315E+002,
6.909090909090909E+009,-2.232000541415630E+001,1.738900909153236E+002,
6.913000977517107E+009,-2.222199834365760E+001,1.569690595298870E+002,
6.916911045943304E+009,-2.211424644926528E+001,1.385945537538770E+002,
6.920821114369501E+009,-2.202541370415466E+001,1.197575037676307E+002,
6.924731182795699E+009,-2.200653643713114E+001,1.012695226225872E+002,
6.928641251221897E+009,-2.197165528973791E+001,8.269501778765903E+001,
6.932551319648094E+009,-2.191934202295223E+001,6.411888558119556E+001,
6.936461388074291E+009,-2.185275419714209E+001,4.517762077856641E+001,
6.940371456500488E+009,-2.192919540252193E+001,2.551151228523135E+001,
6.944281524926686E+009,-2.211228721194948E+001,6.012073566658284E+000,
6.948191593352884E+009,-2.235943751744740E+001,-1.194470869975555E+001,
6.952101661779081E+009,-2.254676511633733E+001,-2.948703472961287E+001,
6.956011730205278E+009,-2.264517015785265E+001,-4.636248987892992E+001,
6.959921798631475E+009,-2.257211731808072E+001,-6.411377390972470E+001,
6.963831867057674E+009,-2.252975715604976E+001,-8.272155596200756E+001,
6.967741935483872E+009,-2.248701741933314E+001,-1.017279220195828E+002,
6.971652003910069E+009,-2.265782772981000E+001,-1.205015687597287E+002,
6.975562072336266E+009,-2.280431118732130E+001,-1.391752742640825E+002,
6.979472140762464E+009,-2.295841259209017E+001,-1.571437830755900E+002,
6.983382209188661E+009,-2.316889193417196E+001,-1.752271529552975E+002,
6.987292277614859E+009,-2.333893273915440E+001,1.673349003942513E+002,
6.991202346041056E+009,-2.358336172130036E+001,1.500946495392237E+002,
6.995112414467253E+009,-2.365940610326613E+001,1.317995367048100E+002,
6.999022482893451E+009,-2.384671559253076E+001,1.149603096913820E+002,
7.002932551319649E+009,-2.393461525108172E+001,9.799317484804543E+001,
7.006842619745846E+009,-2.402690943721255E+001,8.113758084850532E+001,
7.010752688172043E+009,-2.394097807942984E+001,6.470946837882454E+001,
7.014662756598240E+009,-2.377788772221398E+001,4.608764951399117E+001,
7.018572825024438E+009,-2.394940169379508E+001,2.651922605360682E+001,
7.022482893450636E+009,-2.422192609179059E+001,8.370500022730463E+000,
7.026392961876833E+009,-2.439983429976040E+001,-9.377463569984494E+000,
7.030303030303030E+009,-2.469519141214735E+001,-2.716782436953043E+001,
7.034213098729228E+009,-2.492300881511684E+001,-4.431847677739427E+001,
7.038123167155425E+009,-2.511109900025129E+001,-6.182023435342145E+001,
7.042033235581623E+009,-2.531955328621764E+001,-7.866022064622173E+001,
7.045943304007820E+009,-2.571936944396285E+001,-9.567447019728230E+001,
7.049853372434017E+009,-2.583633977619724E+001,-1.111848858567515E+002,
7.053763440860215E+009,-2.605962351323815E+001,-1.270443543370137E+002,
7.057673509286413E+009,-2.585311045445475E+001,-1.421169754077477E+002,
7.061583577712610E+009,-2.583558227797913E+001,-1.597012111026928E+002,
7.065493646138807E+009,-2.585446218859318E+001,-1.763177852434677E+002,
7.069403714565004E+009,-2.567460074567182E+001,1.657796849468004E+002,
7.073313782991202E+009,-2.582288941369264E+001,1.472974207197779E+002,
7.077223851417400E+009,-2.608751168477359E+001,1.308014955406710E+002,
7.081133919843597E+009,-2.618993913522449E+001,1.146797054402037E+002,
7.085043988269795E+009,-2.634871971008537E+001,9.732398976546604E+001,
7.088954056695993E+009,-2.629181014512492E+001,8.154783695079777E+001,
7.092864125122190E+009,-2.638655002137740E+001,6.419518367219199E+001,
7.096774193548388E+009,-2.658255257326379E+001,4.846017108832479E+001,
7.100684261974585E+009,-2.631232984937114E+001,3.345395777596707E+001,
7.104594330400782E+009,-2.623174157151763E+001,1.699446967157748E+001,
7.108504398826980E+009,-2.592134299424133E+001,-5.394579759977731E-001,
7.112414467253178E+009,-2.585041435563779E+001,-1.765461876841191E+001,
7.116324535679375E+009,-2.554885217999957E+001,-3.598102207892894E+001,
7.120234604105572E+009,-2.561106732323533E+001,-5.554896794656875E+001,
7.124144672531769E+009,-2.569938327454006E+001,-7.357649079371008E+001,
7.128054740957967E+009,-2.574076875861472E+001,-9.042378097186216E+001,
7.131964809384165E+009,-2.588797386636863E+001,-1.079694975102218E+002,
7.135874877810362E+009,-2.594821981041986E+001,-1.243675141171101E+002,
7.139784946236559E+009,-2.581357630431498E+001,-1.403970880064583E+002,
7.143695014662756E+009,-2.557106019189025E+001,-1.589664872284229E+002,
7.147605083088954E+009,-2.540326835556945E+001,-1.783911380397545E+002,
7.151515151515152E+009,-2.546358804911490E+001,1.626032786716562E+002,
7.155425219941349E+009,-2.567949579773975E+001,1.434238037168648E+002,
7.159335288367546E+009,-2.588345998881429E+001,1.243237539006360E+002,
7.163245356793744E+009,-2.599411356821888E+001,1.070228243483681E+002,
7.167155425219942E+009,-2.617174867922149E+001,8.797312632630299E+001,
7.171065493646139E+009,-2.644243028685466E+001,6.826055755949930E+001,
7.174975562072336E+009,-2.703850222256352E+001,4.955046410024168E+001,
7.178885630498533E+009,-2.753364305130855E+001,3.410332148373079E+001,
7.182795698924731E+009,-2.772923090433047E+001,1.726614228801901E+001,
7.186705767350929E+009,-2.785795864235119E+001,1.899949149528657E-001,
7.190615835777126E+009,-2.816229319604311E+001,-1.730473672654873E+001,
7.194525904203323E+009,-2.865010365365955E+001,-3.469145482246073E+001,
7.198435972629520E+009,-2.891173279366256E+001,-4.956809220634467E+001,
7.202346041055718E+009,-2.901510356560121E+001,-6.536358315983897E+001,
7.206256109481916E+009,-2.892489394824311E+001,-8.201652403353371E+001,
7.210166177908114E+009,-2.922647086476653E+001,-1.007262129394269E+002,
7.214076246334311E+009,-2.972395385031531E+001,-1.195250748959615E+002,
7.217986314760509E+009,-3.029792868917946E+001,-1.353774339528376E+002,
7.221896383186706E+009,-3.093277542409706E+001,-1.510027199838669E+002,
7.225806451612904E+009,-3.140674588012146E+001,-1.653736322656736E+002,
7.229716520039101E+009,-3.181420200284682E+001,-1.790403928601299E+002,
7.233626588465298E+009,-3.205655090523521E+001,1.691198985163475E+002,
7.237536656891496E+009,-3.216629788533701E+001,1.566619214516937E+002,
7.241446725317694E+009,-3.174056558376934E+001,1.433679152772052E+002,
7.245356793743891E+009,-3.127033101802394E+001,1.280551002470008E+002,
7.249266862170088E+009,-3.127990617086090E+001,1.107950783070204E+002,
7.253176930596285E+009,-3.125647661539806E+001,9.573192544208135E+001,
7.257086999022483E+009,-3.110277194133415E+001,7.921406839901299E+001,
7.260997067448681E+009,-3.136743151419750E+001,6.331322994395836E+001,
7.264907135874878E+009,-3.129609113385370E+001,5.068953583839335E+001,
7.268817204301075E+009,-3.124457030731305E+001,3.660345935662412E+001,
7.272727272727273E+009,-3.064709418090249E+001,2.291499522773034E+001,
7.276637341153470E+009,-3.028639779800170E+001,6.663649933702359E+000,
7.280547409579668E+009,-2.977455611827662E+001,-8.887842006894948E+000,
7.284457478005865E+009,-2.924520323132851E+001,-2.548657044524259E+001,
7.288367546432062E+009,-2.902829375219951E+001,-4.327141345985159E+001,
7.292277614858260E+009,-2.854374811953698E+001,-6.030217080433305E+001,
7.296187683284458E+009,-2.823069210451020E+001,-8.020816195179883E+001,
7.300097751710655E+009,-2.811402933884935E+001,-9.938021912088490E+001,
7.304007820136852E+009,-2.820563457918410E+001,-1.180147334881413E+002,
7.307917888563049E+009,-2.841277792515691E+001,-1.356502347540439E+002,
7.311827956989247E+009,-2.867152103896359E+001,-1.505509704651850E+002,
7.315738025415445E+009,-2.850854626236338E+001,-1.664374471597805E+002,
7.319648093841642E+009,-2.805852989484016E+001,1.775507062596030E+002,
7.323558162267839E+009,-2.785865235165478E+001,1.594125639560990E+002,
7.327468230694037E+009,-2.755942727348558E+001,1.433611518527277E+002,
7.331378299120235E+009,-2.701019588881755E+001,1.247872281285558E+002,
7.335288367546433E+009,-2.660251511199562E+001,1.034983300527750E+002,
7.339198435972630E+009,-2.678178420345221E+001,8.254971977631750E+001,
7.343108504398827E+009,-2.686773741644703E+001,6.322897775263899E+001,
7.347018572825025E+009,-2.712943786643255E+001,4.390060065329626E+001,
7.350928641251223E+009,-2.754492544289095E+001,2.695109287569417E+001,
7.354838709677420E+009,-2.783611504437011E+001,1.056956134750309E+001,
7.358748778103617E+009,-2.771014800856064E+001,-5.177565444370715E+000,
7.362658846529814E+009,-2.775794906906016E+001,-2.267523432129922E+001,
7.366568914956012E+009,-2.777561588887819E+001,-4.018365954815397E+001,
7.370478983382210E+009,-2.758493623644746E+001,-5.664153835267648E+001,
7.374389051808407E+009,-2.740962109680034E+001,-7.512710938943079E+001,
7.378299120234604E+009,-2.744014485854332E+001,-9.484962150241503E+001,
7.382209188660801E+009,-2.757882120690153E+001,-1.129768735178106E+002,
7.386119257086999E+009,-2.773272842966689E+001,-1.308630268546439E+002,
7.390029325513197E+009,-2.791153321903343E+001,-1.494564272458185E+002,
7.393939393939394E+009,-2.825176747418487E+001,-1.665833767042000E+002,
7.397849462365591E+009,-2.855586282574440E+001,1.773054395874947E+002,
7.401759530791789E+009,-2.853024998387027E+001,1.620451682736943E+002,
7.405669599217987E+009,-2.852878472014241E+001,1.450034695472003E+002,
7.409579667644184E+009,-2.869826326638894E+001,1.273485571214133E+002,
7.413489736070381E+009,-2.864386966221856E+001,1.111505534468005E+002,
7.417399804496578E+009,-2.844072356688059E+001,9.345088490391019E+001,
7.421309872922776E+009,-2.842026583893961E+001,7.515956244770413E+001,
7.425219941348974E+009,-2.843245721417053E+001,5.724798192153177E+001,
7.429130009775171E+009,-2.836449677441488E+001,3.957198987485266E+001,
7.433040078201368E+009,-2.838781790873221E+001,2.063545405151751E+001,
7.436950146627565E+009,-2.862954676341971E+001,1.032516770734146E+000,
7.440860215053763E+009,-2.900660467899328E+001,-1.798439841882470E+001,
7.444770283479961E+009,-2.934370169254599E+001,-3.557983838637653E+001,
7.448680351906158E+009,-2.983339053278712E+001,-5.078523568983788E+001,
7.452590420332356E+009,-2.977858266412147E+001,-6.896155572708446E+001,
7.456500488758554E+009,-3.011004498871916E+001,-8.572068562333608E+001,
7.460410557184751E+009,-3.038863141655139E+001,-1.031656980437613E+002,
7.464320625610949E+009,-3.066041476990696E+001,-1.208161633985395E+002,
7.468230694037146E+009,-3.120651930373853E+001,-1.362359031592299E+002,
7.472140762463343E+009,-3.120099506642592E+001,-1.524646527337708E+002,
7.476050830889541E+009,-3.132890074125331E+001,-1.690001674013223E+002,
7.479960899315739E+009,-3.152431068143512E+001,1.749243525057108E+002,
7.483870967741936E+009,-3.151527375929360E+001,1.563796297143643E+002,
7.487781036168133E+009,-3.188103180287517E+001,1.388006489083448E+002,
7.491691104594330E+009,-3.229385983117697E+001,1.219066717033611E+002,
7.495601173020528E+009,-3.278431243918131E+001,1.052598176853375E+002,
7.499511241446726E+009,-3.337517029677229E+001,9.038010684608221E+001,
7.503421309872923E+009,-3.359734021555886E+001,7.625022808933304E+001,
7.507331378299120E+009,-3.384585615920496E+001,6.127463702857985E+001,
7.511241446725318E+009,-3.426879515306283E+001,4.629795431317448E+001,
7.515151515151515E+009,-3.446187468502410E+001,3.497764691196749E+001,
7.519061583577713E+009,-3.412850484264092E+001,2.106776548170905E+001,
7.522971652003910E+009,-3.402308454334323E+001,4.334685274554578E+000,
7.526881720430107E+009,-3.414748519245050E+001,-1.118565346954569E+001,
7.530791788856305E+009,-3.430830808013235E+001,-2.524647307476541E+001,
7.534701857282503E+009,-3.413593299536514E+001,-3.838118093284461E+001,
7.538611925708700E+009,-3.379662901982957E+001,-5.459524295167901E+001,
7.542521994134897E+009,-3.384597410645080E+001,-7.066452332742266E+001,
7.546432062561094E+009,-3.385881453363834E+001,-8.477001898125826E+001,
7.550342130987292E+009,-3.342963385937503E+001,-9.989859141013235E+001,
7.554252199413490E+009,-3.324286527003557E+001,-1.165151906857820E+002,
7.558162267839687E+009,-3.315722839519947E+001,-1.325329784072132E+002,
7.562072336265884E+009,-3.275226282058884E+001,-1.486871113989289E+002,
7.565982404692082E+009,-3.250505953241542E+001,-1.677428706291026E+002,
7.569892473118280E+009,-3.276362317356201E+001,1.734415240210549E+002,
7.573802541544478E+009,-3.330027637730903E+001,1.581621107258573E+002,
7.577712609970675E+009,-3.341734528397483E+001,1.446533090883426E+002,
7.581622678396872E+009,-3.322522345225231E+001,1.307438799968021E+002,
7.585532746823070E+009,-3.297951242658036E+001,1.154521202075704E+002,
7.589442815249268E+009,-3.280104707721903E+001,1.002168661232944E+002,
7.593352883675465E+009,-3.274727628491726E+001,8.454748251077504E+001,
7.597262952101662E+009,-3.255381217265950E+001,6.982238420386135E+001,
7.601173020527859E+009,-3.212902607208706E+001,5.502871489235623E+001,
7.605083088954057E+009,-3.168997608207179E+001,4.035947735461342E+001,
7.608993157380255E+009,-3.089787657319751E+001,2.279899533737958E+001,
7.612903225806452E+009,-3.045601155297995E+001,2.885661235708862E+000,
7.616813294232649E+009,-3.034442777768561E+001,-1.541856597181173E+001,
7.620723362658846E+009,-3.018291330068218E+001,-3.440826571170388E+001,
7.624633431085044E+009,-3.027265058190863E+001,-5.356081271992857E+001,
7.628543499511242E+009,-3.042742090380789E+001,-7.082872983154600E+001,
7.632453567937439E+009,-3.064530374532129E+001,-8.773149686930188E+001,
7.636363636363636E+009,-3.079319971808990E+001,-1.012458022319877E+002,
7.640273704789834E+009,-3.058194258319701E+001,-1.151849977094894E+002,
7.644183773216032E+009,-3.016682932241658E+001,-1.297485689040310E+002,
7.648093841642229E+009,-2.952631551110073E+001,-1.459076827384402E+002,
7.652003910068426E+009,-2.905521295115261E+001,-1.638874766649289E+002,
7.655913978494623E+009,-2.848581065011136E+001,1.786198252188735E+002,
7.659824046920821E+009,-2.804878398078284E+001,1.599022052385174E+002,
7.663734115347019E+009,-2.767438155757967E+001,1.392413837867742E+002,
7.667644183773216E+009,-2.750286915526174E+001,1.174069189203486E+002,
7.671554252199413E+009,-2.762560740994960E+001,9.758895256013932E+001,
7.675464320625610E+009,-2.818793532275322E+001,7.693364546138240E+001,
7.679374389051808E+009,-2.848194419526098E+001,6.164522926335255E+001,
7.683284457478006E+009,-2.859987676586474E+001,4.605865098342917E+001,
7.687194525904203E+009,-2.837310457376053E+001,2.843821853379521E+001,
7.691104594330401E+009,-2.823646999016760E+001,1.035928760893348E+001,
7.695014662756599E+009,-2.832524053724195E+001,-7.896679221446946E+000,
7.698924731182797E+009,-2.836173674073340E+001,-2.443613639746263E+001,
7.702834799608994E+009,-2.821005000874994E+001,-4.251484697409244E+001,
7.706744868035191E+009,-2.830584623149391E+001,-6.069672935717104E+001,
7.710654936461388E+009,-2.849305083168187E+001,-7.855693038281700E+001,
7.714565004887586E+009,-2.852192608559859E+001,-9.755586354837654E+001,
7.718475073313784E+009,-2.892933667373604E+001,-1.147506628873933E+002,
7.722385141739981E+009,-2.903057187133546E+001,-1.303689529670669E+002,
7.726295210166178E+009,-2.926306735328880E+001,-1.449536821072743E+002,
7.730205278592375E+009,-2.895357624171361E+001,-1.608806116159354E+002,
7.734115347018573E+009,-2.876652220861916E+001,-1.771350719292855E+002,
7.738025415444771E+009,-2.835914543284774E+001,1.647795679296424E+002,
7.741935483870968E+009,-2.827714485020973E+001,1.464420944807326E+002,
7.745845552297165E+009,-2.832966813046709E+001,1.283181272160853E+002,
7.749755620723363E+009,-2.847045342488201E+001,1.092970997193657E+002,
7.753665689149560E+009,-2.856890329412480E+001,9.161912559042843E+001,
7.757575757575758E+009,-2.878816115626471E+001,7.311965736996579E+001,
7.761485826001955E+009,-2.900928584733124E+001,5.567072942627862E+001,
7.765395894428152E+009,-2.949528689532281E+001,3.948300150242167E+001,
7.769305962854350E+009,-2.953536652873650E+001,2.479064303138910E+001,
7.773216031280548E+009,-2.955323859123851E+001,9.424256585928939E+000,
7.777126099706745E+009,-2.940350665086363E+001,-5.549388040033652E+000,
7.781036168132942E+009,-2.908274656925339E+001,-2.165575760272272E+001,
7.784946236559139E+009,-2.883837729191036E+001,-3.926386162739117E+001,
7.788856304985337E+009,-2.871029063517044E+001,-5.804530170469884E+001,
7.792766373411535E+009,-2.863104725167881E+001,-7.634415703214134E+001,
7.796676441837732E+009,-2.863720192260899E+001,-9.282698428648020E+001,
7.800586510263929E+009,-2.854433606281467E+001,-1.113478569583024E+002,
7.804496578690127E+009,-2.867048268264712E+001,-1.294138351312479E+002,
7.808406647116324E+009,-2.882881882250754E+001,-1.477863560252900E+002,
7.812316715542522E+009,-2.931012782212368E+001,-1.632279051539101E+002,
7.816226783968720E+009,-2.918177050822965E+001,-1.790853208203339E+002,
7.820136852394917E+009,-2.906264610968814E+001,1.638041112362116E+002,
7.824046920821115E+009,-2.915639799794063E+001,1.473216067381033E+002,
7.827956989247313E+009,-2.903770505690403E+001,1.313021824955281E+002,
7.831867057673510E+009,-2.885660821684007E+001,1.147784057016117E+002,
7.835777126099707E+009,-2.859473997969112E+001,9.674076168048025E+001,
7.839687194525904E+009,-2.849165081844708E+001,7.900265953221184E+001,
7.843597262952102E+009,-2.831476991808128E+001,5.973332607676181E+001,
7.847507331378300E+009,-2.822972490176667E+001,4.046910757622751E+001,
7.851417399804497E+009,-2.859020627595424E+001,2.026426986562494E+001,
7.855327468230694E+009,-2.888469343608064E+001,2.808547069619477E+000,
7.859237536656891E+009,-2.924034846644636E+001,-1.366283211242455E+001,
7.863147605083089E+009,-2.943757683627412E+001,-3.117946718329791E+001,
7.867057673509287E+009,-2.951493558790556E+001,-4.698207864506812E+001,
7.870967741935484E+009,-2.974316561454550E+001,-6.302078876562553E+001,
7.874877810361681E+009,-2.988879437575350E+001,-7.866788400989169E+001,
7.878787878787879E+009,-2.989059988043615E+001,-9.357962867541407E+001,
7.882697947214077E+009,-2.959248158163918E+001,-1.093123604887348E+002,
7.886608015640274E+009,-2.929022843400912E+001,-1.277263673178897E+002,
7.890518084066471E+009,-2.927311323650589E+001,-1.471510482189544E+002,
7.894428152492668E+009,-2.935549414504062E+001,-1.668767906588495E+002,
7.898338220918866E+009,-2.972294045558155E+001,1.746572366385740E+002,
7.902248289345064E+009,-3.027209900435157E+001,1.582386489163058E+002,
7.906158357771261E+009,-3.065051107210297E+001,1.421211358086107E+002,
7.910068426197458E+009,-3.069711158628233E+001,1.276779564687961E+002,
7.913978494623655E+009,-3.085722460575963E+001,1.126911451033268E+002,
7.917888563049853E+009,-3.103445855085874E+001,9.832573999044584E+001,
7.921798631476051E+009,-3.099870714779725E+001,8.446112532336551E+001,
7.925708699902248E+009,-3.049721959060693E+001,7.010271708033159E+001,
7.929618768328445E+009,-2.996784333505673E+001,5.291096983511680E+001,
7.933528836754643E+009,-2.986908020431029E+001,3.393995852453470E+001,
7.937438905180841E+009,-2.950019689706850E+001,1.584861477002519E+001,
7.941348973607039E+009,-2.938133661816649E+001,-3.191547762729878E+000,
7.945259042033236E+009,-2.967658757006433E+001,-2.306837173844447E+001,
7.949169110459433E+009,-3.020186501987214E+001,-3.917548996928337E+001,
7.953079178885631E+009,-3.024906464484491E+001,-5.477970144400558E+001,
7.956989247311829E+009,-3.048583389785292E+001,-7.060904581954443E+001,
7.960899315738026E+009,-3.046858854337696E+001,-8.655763053191311E+001,
7.964809384164223E+009,-3.042960970105904E+001,-1.020977588320275E+002,
7.968719452590420E+009,-3.032688401653602E+001,-1.158143226525729E+002,
7.972629521016618E+009,-2.990314920994818E+001,-1.308485539582605E+002,
7.976539589442816E+009,-2.948621503360474E+001,-1.500552105502253E+002,
7.980449657869013E+009,-2.928233010628494E+001,-1.690398476889160E+002,
7.984359726295210E+009,-2.923794493981002E+001,1.709943971225243E+002,
7.988269794721408E+009,-2.962647116239908E+001,1.515903043558019E+002,
7.992179863147605E+009,-3.014927117087389E+001,1.366174067000200E+002,
7.996089931573803E+009,-3.039047814856776E+001,1.222206582719397E+002,
8.000000000000000E+009,-3.016787834719151E+001,1.069053988012421E+002,
