% Version 1.00
%
%freq[Hz];db:Trc1_S21;ang:Trc1_S21;
4.000000000000000E+009,-2.545376095102943E+001,-1.161606571209482E+002,
4.003910068426198E+009,-2.569309882434382E+001,-1.354476688963603E+002,
4.007820136852395E+009,-2.592140983655354E+001,-1.550156149414478E+002,
4.011730205278593E+009,-2.624334304206623E+001,-1.735804198117478E+002,
4.015640273704790E+009,-2.646695090433195E+001,1.702909070018116E+002,
4.019550342130987E+009,-2.645405892507785E+001,1.535991182413559E+002,
4.023460410557185E+009,-2.594708672086098E+001,1.360138016888414E+002,
4.027370478983382E+009,-2.584878696736109E+001,1.158982089271973E+002,
4.031280547409580E+009,-2.568993721587826E+001,9.637337592358938E+001,
4.035190615835777E+009,-2.560480704316926E+001,7.567261079399393E+001,
4.039100684261975E+009,-2.556696066923727E+001,5.469001057795575E+001,
4.043010752688172E+009,-2.563859785455135E+001,3.395384215491593E+001,
4.046920821114369E+009,-2.598085205523097E+001,1.329759559350006E+001,
4.050830889540567E+009,-2.627064164707360E+001,-5.175576867539542E+000,
4.054740957966765E+009,-2.648085115899196E+001,-2.474439461286261E+001,
4.058651026392962E+009,-2.665270421856517E+001,-4.322370379538845E+001,
4.062561094819160E+009,-2.672445874140493E+001,-6.209647423345624E+001,
4.066471163245357E+009,-2.683302729174674E+001,-8.161414090623354E+001,
4.070381231671554E+009,-2.674268817384254E+001,-9.978651592196337E+001,
4.074291300097752E+009,-2.669622295396048E+001,-1.213173752744389E+002,
4.078201368523949E+009,-2.716967800518930E+001,-1.398464976699395E+002,
4.082111436950147E+009,-2.697047507635196E+001,-1.589285717109698E+002,
4.086021505376344E+009,-2.718344581912564E+001,-1.791703180979138E+002,
4.089931573802542E+009,-2.732746427610515E+001,1.602561544720469E+002,
4.093841642228739E+009,-2.759958615537431E+001,1.422144972422671E+002,
4.097751710654936E+009,-2.778814479583570E+001,1.248859944522342E+002,
4.101661779081134E+009,-2.752026602543725E+001,1.087410487449055E+002,
4.105571847507331E+009,-2.691976071014440E+001,8.961483010631001E+001,
4.109481915933529E+009,-2.661057878198875E+001,6.721013596031794E+001,
4.113391984359726E+009,-2.658794001390809E+001,4.450124900698808E+001,
4.117302052785924E+009,-2.684157592041128E+001,2.250043822990548E+001,
4.121212121212121E+009,-2.709145996455801E+001,3.652764646866971E+000,
4.125122189638319E+009,-2.724572798025535E+001,-1.584673603761417E+001,
4.129032258064516E+009,-2.732457613490367E+001,-3.568227656728137E+001,
4.132942326490714E+009,-2.712829221838826E+001,-5.508690573584401E+001,
4.136852394916911E+009,-2.732980309054296E+001,-7.620660246529235E+001,
4.140762463343109E+009,-2.766110602478033E+001,-9.359777174577553E+001,
4.144672531769306E+009,-2.729074644138444E+001,-1.122816779322306E+002,
4.148582600195503E+009,-2.698768659304239E+001,-1.325996685635868E+002,
4.152492668621701E+009,-2.678393706117458E+001,-1.547820698275356E+002,
4.156402737047898E+009,-2.694266260778460E+001,-1.775583093243732E+002,
4.160312805474096E+009,-2.749363641199451E+001,1.619540610146240E+002,
4.164222873900293E+009,-2.775133073650656E+001,1.423185232301987E+002,
4.168132942326491E+009,-2.831715860330124E+001,1.223814445959293E+002,
4.172043010752688E+009,-2.892363227151511E+001,1.054701105279575E+002,
4.175953079178886E+009,-2.924791089702068E+001,9.098174201114824E+001,
4.179863147605083E+009,-2.894079123380742E+001,7.782664435907999E+001,
4.183773216031281E+009,-2.814993275378543E+001,6.058084700719147E+001,
4.187683284457478E+009,-2.768002099746253E+001,4.064748624397345E+001,
4.191593352883676E+009,-2.724570838204237E+001,1.935218769243799E+001,
4.195503421309873E+009,-2.725255113856121E+001,-2.428403023272205E+000,
4.199413489736071E+009,-2.752388821116771E+001,-2.274553608074049E+001,
4.203323558162268E+009,-2.798389622749372E+001,-4.087952970449354E+001,
4.207233626588465E+009,-2.822162138261040E+001,-5.628045013515498E+001,
4.211143695014663E+009,-2.812447574827493E+001,-7.225911116603983E+001,
4.215053763440860E+009,-2.758167790145031E+001,-8.708503952091941E+001,
4.218963831867058E+009,-2.699393217077150E+001,-1.045290299038260E+002,
4.222873900293255E+009,-2.624747858041223E+001,-1.248182171241295E+002,
4.226783968719452E+009,-2.602206721385769E+001,-1.453271039317277E+002,
4.230694037145650E+009,-2.564365283215667E+001,-1.650287002640758E+002,
4.234604105571847E+009,-2.536562118688758E+001,1.726246513360651E+002,
4.238514173998045E+009,-2.553193114052999E+001,1.522749932411328E+002,
4.242424242424243E+009,-2.586735078777782E+001,1.334579304655303E+002,
4.246334310850440E+009,-2.581238394948127E+001,1.178404934891306E+002,
4.250244379276638E+009,-2.541605655927230E+001,1.006980279038103E+002,
4.254154447702835E+009,-2.504279183102792E+001,8.177652216898007E+001,
4.258064516129032E+009,-2.466199310866486E+001,6.189282367290552E+001,
4.261974584555230E+009,-2.435262530843622E+001,4.306796158793453E+001,
4.265884652981427E+009,-2.386615062216982E+001,2.299854755501959E+001,
4.269794721407625E+009,-2.360040902949214E+001,1.132525433839652E+000,
4.273704789833822E+009,-2.364383838538614E+001,-2.010622049436988E+001,
4.277614858260019E+009,-2.357364688400899E+001,-3.955953737881649E+001,
4.281524926686217E+009,-2.350780182989949E+001,-6.084296008481978E+001,
4.285434995112414E+009,-2.379253764333521E+001,-8.042585493910157E+001,
4.289345063538612E+009,-2.369710544633124E+001,-9.798905406827639E+001,
4.293255131964809E+009,-2.349322218480867E+001,-1.164815245642956E+002,
4.297165200391007E+009,-2.339210832170076E+001,-1.364512573943550E+002,
4.301075268817205E+009,-2.323142338066415E+001,-1.553712196716393E+002,
4.304985337243402E+009,-2.293632686335619E+001,-1.743218464420472E+002,
4.308895405669600E+009,-2.265317199588644E+001,1.648534927737717E+002,
4.312805474095797E+009,-2.248976473032950E+001,1.429351965627795E+002,
4.316715542521994E+009,-2.266993704216817E+001,1.214715379936819E+002,
4.320625610948192E+009,-2.275719004759420E+001,1.003516841003249E+002,
4.324535679374389E+009,-2.302206676075763E+001,7.956890005702788E+001,
4.328445747800587E+009,-2.333722652391300E+001,6.056657881949928E+001,
4.332355816226784E+009,-2.348006493994352E+001,4.132346088203973E+001,
4.336265884652982E+009,-2.368249473450469E+001,2.223900922428653E+001,
4.340175953079179E+009,-2.376618126591800E+001,4.236673123032895E+000,
4.344086021505377E+009,-2.386847511900006E+001,-1.450812935085689E+001,
4.347996089931574E+009,-2.385062858573479E+001,-3.385328561732031E+001,
4.351906158357771E+009,-2.388829059554648E+001,-5.295678485575588E+001,
4.355816226783969E+009,-2.398852043364484E+001,-7.267696476541046E+001,
4.359726295210166E+009,-2.412420834327865E+001,-9.258241054176102E+001,
4.363636363636364E+009,-2.435222184251780E+001,-1.117958884393481E+002,
4.367546432062561E+009,-2.465629164185915E+001,-1.309736566529803E+002,
4.371456500488758E+009,-2.497048720063610E+001,-1.493123380411720E+002,
4.375366568914956E+009,-2.523158862335422E+001,-1.670684317863828E+002,
4.379276637341153E+009,-2.539317714164299E+001,1.760160878990884E+002,
4.383186705767351E+009,-2.549548850451929E+001,1.597391745998943E+002,
4.387096774193548E+009,-2.523998330885335E+001,1.427422904881537E+002,
4.391006842619746E+009,-2.516368122103092E+001,1.243869138473432E+002,
4.394916911045943E+009,-2.500276359335238E+001,1.046272772919708E+002,
4.398826979472141E+009,-2.516862723660105E+001,8.568966805845848E+001,
4.402737047898338E+009,-2.526812202927975E+001,6.890710351871324E+001,
4.406647116324535E+009,-2.495500255755129E+001,5.098558973399323E+001,
4.410557184750733E+009,-2.478502108636701E+001,3.032943771969629E+001,
4.414467253176930E+009,-2.491521421214701E+001,1.101198861735863E+001,
4.418377321603128E+009,-2.495185467269355E+001,-7.749014347086228E+000,
4.422287390029326E+009,-2.515526875857079E+001,-2.694751740596496E+001,
4.426197458455523E+009,-2.506141449726621E+001,-4.297911120487942E+001,
4.430107526881721E+009,-2.496511957921391E+001,-6.140449483452644E+001,
4.434017595307918E+009,-2.461325270594490E+001,-7.943967267571507E+001,
4.437927663734116E+009,-2.438869922763629E+001,-9.962209942446268E+001,
4.441837732160313E+009,-2.422468376480578E+001,-1.209683726191178E+002,
4.445747800586511E+009,-2.440976099168213E+001,-1.419544008105544E+002,
4.449657869012708E+009,-2.472444356560819E+001,-1.610694400203678E+002,
4.453567937438905E+009,-2.469262413436304E+001,-1.797926429883594E+002,
4.457478005865103E+009,-2.492097449893058E+001,1.600563824041380E+002,
4.461388074291300E+009,-2.514957165280491E+001,1.424908832524354E+002,
4.465298142717498E+009,-2.530708800809024E+001,1.234250416685315E+002,
4.469208211143695E+009,-2.564594114049601E+001,1.071309684576607E+002,
4.473118279569893E+009,-2.528383231219903E+001,9.068200664357099E+001,
4.477028347996090E+009,-2.517780063983305E+001,7.147703206480250E+001,
4.480938416422287E+009,-2.466166919658900E+001,5.225740307004635E+001,
4.484848484848485E+009,-2.478409081867465E+001,3.117801160541213E+001,
4.488758553274682E+009,-2.495923951085853E+001,1.263652277933933E+001,
4.492668621700880E+009,-2.497522837399104E+001,-6.056656196018193E+000,
4.496578690127077E+009,-2.496690960781948E+001,-2.374307176604591E+001,
4.500488758553275E+009,-2.493400836360618E+001,-4.302330511181462E+001,
4.504398826979472E+009,-2.496252166852806E+001,-6.172384488062861E+001,
4.508308895405669E+009,-2.506584854856726E+001,-7.980114725149024E+001,
4.512218963831867E+009,-2.497308175255724E+001,-9.579945242058470E+001,
4.516129032258064E+009,-2.456248499153499E+001,-1.135949178535168E+002,
4.520039100684262E+009,-2.407691261975617E+001,-1.331011090367858E+002,
4.523949169110459E+009,-2.372779917645730E+001,-1.545845920462047E+002,
4.527859237536657E+009,-2.376207825765521E+001,-1.753649210540585E+002,
4.531769305962854E+009,-2.379283207301068E+001,1.649670555653482E+002,
4.535679374389051E+009,-2.374486576111307E+001,1.451785695713755E+002,
4.539589442815249E+009,-2.385376333800808E+001,1.246325364549914E+002,
4.543499511241447E+009,-2.405407945199542E+001,1.050577115667089E+002,
4.547409579667645E+009,-2.410804446516520E+001,8.744204977154830E+001,
4.551319648093842E+009,-2.395951148427326E+001,6.821757129928253E+001,
4.555229716520039E+009,-2.403413280891476E+001,4.884824538339496E+001,
4.559139784946237E+009,-2.394678555842056E+001,3.037737119920858E+001,
4.563049853372434E+009,-2.376808400208964E+001,1.047474417743293E+001,
4.566959921798632E+009,-2.374274748199743E+001,-9.972763260707797E+000,
4.570869990224829E+009,-2.399876906305535E+001,-2.976109164505572E+001,
4.574780058651027E+009,-2.407315593469644E+001,-4.722437072868351E+001,
4.578690127077224E+009,-2.402536011169107E+001,-6.497812270062264E+001,
4.582600195503422E+009,-2.384109807677907E+001,-8.400902272976424E+001,
4.586510263929619E+009,-2.366257743325835E+001,-1.037641688092696E+002,
4.590420332355816E+009,-2.374230005975251E+001,-1.240196153521639E+002,
4.594330400782014E+009,-2.383711798633242E+001,-1.422841385143977E+002,
4.598240469208211E+009,-2.380079212263574E+001,-1.600266092160302E+002,
4.602150537634409E+009,-2.364806263952995E+001,1.797809351359139E+002,
4.606060606060606E+009,-2.366882222417285E+001,1.606356444868221E+002,
4.609970674486803E+009,-2.351964537566431E+001,1.410207675086099E+002,
4.613880742913001E+009,-2.378664691884020E+001,1.208142336077258E+002,
4.617790811339198E+009,-2.397190995209901E+001,1.029010903944865E+002,
4.621700879765396E+009,-2.404332248973654E+001,8.413653675652837E+001,
4.625610948191593E+009,-2.413707198544761E+001,6.528950327140143E+001,
4.629521016617791E+009,-2.430461213964765E+001,4.746461838702183E+001,
4.633431085043988E+009,-2.439073717553352E+001,3.083753588550863E+001,
4.637341153470186E+009,-2.408490607401165E+001,1.348078744051511E+001,
4.641251221896383E+009,-2.389328513688629E+001,-5.392233210896070E+000,
4.645161290322580E+009,-2.383914612806115E+001,-2.572781606437589E+001,
4.649071358748778E+009,-2.397464437935409E+001,-4.441048822637326E+001,
4.652981427174975E+009,-2.393424226320132E+001,-6.244381240622234E+001,
4.656891495601173E+009,-2.395328318697533E+001,-8.182076037634725E+001,
4.660801564027371E+009,-2.395877769281124E+001,-9.969246191944349E+001,
4.664711632453568E+009,-2.404426756665046E+001,-1.180210477595030E+002,
4.668621700879766E+009,-2.408572808278784E+001,-1.363400383447539E+002,
4.672531769305963E+009,-2.423152881664835E+001,-1.543300693551020E+002,
4.676441837732161E+009,-2.429945523897354E+001,-1.704987346322928E+002,
4.680351906158358E+009,-2.405134939688600E+001,1.726746808453601E+002,
4.684261974584556E+009,-2.381639489776467E+001,1.549542891692772E+002,
4.688172043010753E+009,-2.364124645288494E+001,1.359333977328604E+002,
4.692082111436951E+009,-2.349724973623163E+001,1.173862523522732E+002,
4.695992179863148E+009,-2.341046623463535E+001,9.797259902258890E+001,
4.699902248289345E+009,-2.346356083018112E+001,7.955205032785091E+001,
4.703812316715543E+009,-2.353684513715001E+001,6.091949202187633E+001,
4.707722385141740E+009,-2.363437687036705E+001,4.347432067334626E+001,
4.711632453567938E+009,-2.353871905924885E+001,2.597182605748937E+001,
4.715542521994135E+009,-2.343432670117043E+001,8.759195158571183E+000,
4.719452590420332E+009,-2.314549289166509E+001,-8.891533794057050E+000,
4.723362658846530E+009,-2.298326359457965E+001,-2.785489351889502E+001,
4.727272727272727E+009,-2.283761042397284E+001,-4.659662831738987E+001,
4.731182795698925E+009,-2.275088698139316E+001,-6.550335942555964E+001,
4.735092864125122E+009,-2.262257527782312E+001,-8.491359396569877E+001,
4.739002932551320E+009,-2.269204419293482E+001,-1.040919517125832E+002,
4.742913000977517E+009,-2.275341084784899E+001,-1.221910936060146E+002,
4.746823069403714E+009,-2.281312052994279E+001,-1.399956725602298E+002,
4.750733137829912E+009,-2.282887441907655E+001,-1.586539303029638E+002,
4.754643206256109E+009,-2.281725996131712E+001,-1.760595487173837E+002,
4.758553274682307E+009,-2.271597358229514E+001,1.662737070497633E+002,
4.762463343108504E+009,-2.262507637578284E+001,1.482784499347256E+002,
4.766373411534702E+009,-2.260995036596246E+001,1.304532325816936E+002,
4.770283479960899E+009,-2.237764554546981E+001,1.126070959650173E+002,
4.774193548387096E+009,-2.217136887616399E+001,9.367893930932905E+001,
4.778103616813294E+009,-2.210014586158582E+001,7.396652552192342E+001,
4.782013685239492E+009,-2.224044908062166E+001,5.541148760081754E+001,
4.785923753665690E+009,-2.230174209545888E+001,3.710329611223025E+001,
4.789833822091887E+009,-2.231067257601229E+001,1.978352353769051E+001,
4.793743890518084E+009,-2.213414717829295E+001,2.103221405602196E+000,
4.797653958944282E+009,-2.202078148329039E+001,-1.628762091358309E+001,
4.801564027370479E+009,-2.177720932507608E+001,-3.484891815541697E+001,
4.805474095796677E+009,-2.174965604719574E+001,-5.491533032732139E+001,
4.809384164222874E+009,-2.185737528465055E+001,-7.411134277378643E+001,
4.813294232649072E+009,-2.200681093035396E+001,-9.233562312365336E+001,
4.817204301075269E+009,-2.188257039076704E+001,-1.102158938020355E+002,
4.821114369501467E+009,-2.189133043427298E+001,-1.289736112261923E+002,
4.825024437927664E+009,-2.186156326815571E+001,-1.478591298759288E+002,
4.828934506353861E+009,-2.187563096235760E+001,-1.667599687375271E+002,
4.832844574780059E+009,-2.193103948461747E+001,1.740135475049192E+002,
4.836754643206256E+009,-2.194472095035114E+001,1.552596981165466E+002,
4.840664711632454E+009,-2.197710787409880E+001,1.366818488259486E+002,
4.844574780058651E+009,-2.206106069835861E+001,1.173330711246764E+002,
4.848484848484848E+009,-2.230416871114957E+001,9.816636141343251E+001,
4.852394916911046E+009,-2.245370605129481E+001,8.014604064015653E+001,
4.856304985337243E+009,-2.254735279555899E+001,6.223876030937671E+001,
4.860215053763441E+009,-2.255801228908477E+001,4.404578006280767E+001,
4.864125122189638E+009,-2.260624361476065E+001,2.559267873600554E+001,
4.868035190615836E+009,-2.281623466210248E+001,6.993530225310626E+000,
4.871945259042033E+009,-2.283145213286517E+001,-1.017155715974172E+001,
4.875855327468231E+009,-2.281849090165122E+001,-2.857127003003215E+001,
4.879765395894428E+009,-2.275691294470828E+001,-4.808821043812928E+001,
4.883675464320625E+009,-2.277159525488376E+001,-6.708787211189467E+001,
4.887585532746823E+009,-2.294370469188350E+001,-8.713663206172843E+001,
4.891495601173020E+009,-2.327144731248781E+001,-1.051517587126738E+002,
4.895405669599218E+009,-2.345728773465688E+001,-1.236462850934847E+002,
4.899315738025415E+009,-2.358683114281169E+001,-1.418481289733922E+002,
4.903225806451613E+009,-2.380752337880582E+001,-1.604141078185979E+002,
4.907135874877811E+009,-2.395872712273412E+001,-1.789408091612320E+002,
4.911045943304008E+009,-2.421963577124597E+001,1.626696533425555E+002,
4.914956011730206E+009,-2.454018284800970E+001,1.453048340427035E+002,
4.918866080156403E+009,-2.476164491384489E+001,1.277377902542557E+002,
4.922776148582601E+009,-2.487251275735412E+001,1.095797936457536E+002,
4.926686217008798E+009,-2.522781615182576E+001,9.285787556100688E+001,
4.930596285434996E+009,-2.546576393998077E+001,7.664540546961307E+001,
4.934506353861193E+009,-2.555642613462787E+001,6.020953439365916E+001,
4.938416422287390E+009,-2.552435072646351E+001,4.397307562375744E+001,
4.942326490713588E+009,-2.547825025576729E+001,2.716850669932535E+001,
4.946236559139785E+009,-2.536146640551051E+001,9.771463537895087E+000,
4.950146627565983E+009,-2.526686513079924E+001,-7.523151071887618E+000,
4.954056695992180E+009,-2.520972297810543E+001,-2.527054036015287E+001,
4.957966764418377E+009,-2.497969069908152E+001,-4.422269428364165E+001,
4.961876832844575E+009,-2.503310504386562E+001,-6.325353705380397E+001,
4.965786901270772E+009,-2.514585820878899E+001,-8.167924907902574E+001,
4.969696969696970E+009,-2.527933226300736E+001,-9.984474642009481E+001,
4.973607038123167E+009,-2.551451184639819E+001,-1.175525455059877E+002,
4.977517106549365E+009,-2.554051893885122E+001,-1.336631728919425E+002,
4.981427174975562E+009,-2.530260254696684E+001,-1.501250717719304E+002,
4.985337243401759E+009,-2.498557446108040E+001,-1.679669389915557E+002,
4.989247311827957E+009,-2.467076298943734E+001,1.719087530785403E+002,
4.993157380254154E+009,-2.459984856081442E+001,1.521221363708171E+002,
4.997067448680352E+009,-2.474044748640744E+001,1.329606097377104E+002,
5.000977517106549E+009,-2.470348167608218E+001,1.139287642813334E+002,
5.004887585532747E+009,-2.486979862071670E+001,9.451660882215339E+001,
5.008797653958944E+009,-2.488862757620445E+001,7.623209173815337E+001,
5.012707722385141E+009,-2.481872725704437E+001,5.831642051436156E+001,
5.016617790811339E+009,-2.472284364198444E+001,3.887020739114703E+001,
5.020527859237536E+009,-2.472793953803146E+001,1.974822132894817E+001,
5.024437927663734E+009,-2.462622906516936E+001,1.376321313920784E+000,
5.028347996089932E+009,-2.447249344382224E+001,-1.854942851950395E+001,
5.032258064516129E+009,-2.444573246029275E+001,-3.854906903799336E+001,
5.036168132942327E+009,-2.451399641817197E+001,-5.853263946840781E+001,
5.040078201368524E+009,-2.457988713575246E+001,-7.824657206983778E+001,
5.043988269794722E+009,-2.472972225911715E+001,-9.859302057663146E+001,
5.047898338220919E+009,-2.494727318081781E+001,-1.172918235340651E+002,
5.051808406647117E+009,-2.493977939528559E+001,-1.368793644092538E+002,
5.055718475073314E+009,-2.501656867240298E+001,-1.566306141578088E+002,
5.059628543499512E+009,-2.521388198326921E+001,-1.758753669504126E+002,
5.063538611925709E+009,-2.546128929206015E+001,1.661443635981003E+002,
5.067448680351906E+009,-2.553640065870930E+001,1.490068093015821E+002,
5.071358748778104E+009,-2.526730052744765E+001,1.317123005459779E+002,
5.075268817204301E+009,-2.481654120822972E+001,1.123119810605025E+002,
5.079178885630499E+009,-2.457243547567036E+001,9.150265110342946E+001,
5.083088954056696E+009,-2.441557400330835E+001,7.037450917765436E+001,
5.086999022482893E+009,-2.428160424751559E+001,4.885654651036825E+001,
5.090909090909091E+009,-2.437656006800147E+001,2.679521052867508E+001,
5.094819159335288E+009,-2.456341795846885E+001,5.572181662295119E+000,
5.098729227761486E+009,-2.490812337861689E+001,-1.526478850517590E+001,
5.102639296187683E+009,-2.516076021713803E+001,-3.428959898086532E+001,
5.106549364613881E+009,-2.534548144083846E+001,-5.222047365222132E+001,
5.110459433040078E+009,-2.507202201103960E+001,-7.098712189655799E+001,
5.114369501466276E+009,-2.486830290773185E+001,-9.125121657889480E+001,
5.118279569892473E+009,-2.479187204644811E+001,-1.120954935379826E+002,
5.122189638318670E+009,-2.459821045704782E+001,-1.330559788072031E+002,
5.126099706744868E+009,-2.471386333510025E+001,-1.556844506931155E+002,
5.130009775171065E+009,-2.490442896871390E+001,-1.759127136742097E+002,
5.133919843597263E+009,-2.495437680517396E+001,1.635077910380239E+002,
5.137829912023460E+009,-2.514235268075085E+001,1.424639235003220E+002,
5.141739980449657E+009,-2.533458830946971E+001,1.233204972094233E+002,
5.145650048875855E+009,-2.529040671320987E+001,1.043783583745577E+002,
5.149560117302053E+009,-2.507934922229445E+001,8.406091761917946E+001,
5.153470185728251E+009,-2.500555544272713E+001,6.264381709999612E+001,
5.157380254154448E+009,-2.516812645130708E+001,4.138242163636100E+001,
5.161290322580645E+009,-2.521976056422404E+001,2.103852779696791E+001,
5.165200391006843E+009,-2.532523710757939E+001,-7.962031451806044E-002,
5.169110459433041E+009,-2.558008607813097E+001,-2.119780409043476E+001,
5.173020527859238E+009,-2.592593806740382E+001,-4.003358845482350E+001,
5.176930596285435E+009,-2.607506246156343E+001,-5.726828398748596E+001,
5.180840664711633E+009,-2.583273019170722E+001,-7.567185350257631E+001,
5.184750733137830E+009,-2.559632570362330E+001,-9.608227042953236E+001,
5.188660801564028E+009,-2.563894571768579E+001,-1.162408051583088E+002,
5.192570869990225E+009,-2.553125607414873E+001,-1.356387605931865E+002,
5.196480938416422E+009,-2.528228522806407E+001,-1.557609827021826E+002,
5.200391006842620E+009,-2.514178818716948E+001,-1.777241477397503E+002,
5.204301075268817E+009,-2.539369655394653E+001,1.610814512582180E+002,
5.208211143695015E+009,-2.555929905778040E+001,1.410862374241513E+002,
5.212121212121212E+009,-2.562839801857756E+001,1.211472482404125E+002,
5.216031280547409E+009,-2.584223291829999E+001,1.015869959418445E+002,
5.219941348973607E+009,-2.604258816554224E+001,8.161873653772770E+001,
5.223851417399805E+009,-2.619030240802843E+001,6.275277461362720E+001,
5.227761485826002E+009,-2.640908069634929E+001,4.396657334887121E+001,
5.231671554252199E+009,-2.640280945481775E+001,2.668307417361345E+001,
5.235581622678397E+009,-2.625383853198940E+001,8.497511301092795E+000,
5.239491691104594E+009,-2.613126937330467E+001,-1.032265476990958E+001,
5.243401759530792E+009,-2.601758377464335E+001,-2.988461763152228E+001,
5.247311827956989E+009,-2.602721713959106E+001,-5.038075862645337E+001,
5.251221896383186E+009,-2.612966638752556E+001,-7.033068732685172E+001,
5.255131964809384E+009,-2.633538477018702E+001,-8.840511014858406E+001,
5.259042033235581E+009,-2.629129387670014E+001,-1.078180099343115E+002,
5.262952101661779E+009,-2.646548656544377E+001,-1.274650799568500E+002,
5.266862170087977E+009,-2.680437993455641E+001,-1.455849920891330E+002,
5.270772238514174E+009,-2.691886677028768E+001,-1.625384479382229E+002,
5.274682306940372E+009,-2.708207500352160E+001,-1.798227406204744E+002,
5.278592375366570E+009,-2.694458950157456E+001,1.644305590076024E+002,
5.282502443792767E+009,-2.659231533739168E+001,1.480534402154708E+002,
5.286412512218964E+009,-2.619232119755207E+001,1.296821309618200E+002,
5.290322580645162E+009,-2.586824519781687E+001,1.097427127340312E+002,
5.294232649071359E+009,-2.575273418264635E+001,8.991868570442728E+001,
5.298142717497557E+009,-2.567757552187270E+001,6.943337536846647E+001,
5.302052785923754E+009,-2.601775202506672E+001,5.011056503713115E+001,
5.305962854349951E+009,-2.607367896679572E+001,3.284689803901844E+001,
5.309872922776149E+009,-2.601493754632637E+001,1.559730728578867E+001,
5.313782991202346E+009,-2.598000382918897E+001,-2.185881869185413E+000,
5.317693059628544E+009,-2.584246976118863E+001,-1.853341332729169E+001,
5.321603128054741E+009,-2.537903480402146E+001,-3.560716416240439E+001,
5.325513196480938E+009,-2.495213253741811E+001,-5.542677474236540E+001,
5.329423264907136E+009,-2.476686003366720E+001,-7.591270692418243E+001,
5.333333333333333E+009,-2.467113314686421E+001,-9.541538086988339E+001,
5.337243401759531E+009,-2.459298816239295E+001,-1.150820836353609E+002,
5.341153470185728E+009,-2.469776393788640E+001,-1.341105526551913E+002,
5.345063538611926E+009,-2.464192946720635E+001,-1.532633931180287E+002,
5.348973607038123E+009,-2.460968850290471E+001,-1.717050101711112E+002,
5.352883675464321E+009,-2.454107008576431E+001,1.690606815622124E+002,
5.356793743890518E+009,-2.467495430760027E+001,1.508719185329744E+002,
5.360703812316715E+009,-2.472407766326881E+001,1.324286967864927E+002,
5.364613880742913E+009,-2.461751405957317E+001,1.167390773047785E+002,
5.368523949169110E+009,-2.417588893253539E+001,9.824941206043847E+001,
5.372434017595308E+009,-2.386074353670657E+001,7.868269896143414E+001,
5.376344086021505E+009,-2.356053303458666E+001,5.837891273847433E+001,
5.380254154447702E+009,-2.355475498773826E+001,3.677680910338048E+001,
5.384164222873900E+009,-2.371446797117972E+001,1.723017350117916E+001,
5.388074291300098E+009,-2.388462156755674E+001,-1.225352829873621E+000,
5.391984359726296E+009,-2.373977421499521E+001,-2.000352053623601E+001,
5.395894428152493E+009,-2.365258060106210E+001,-3.901123032360906E+001,
5.399804496578690E+009,-2.353353446736091E+001,-5.935583799451682E+001,
5.403714565004888E+009,-2.354470670236337E+001,-7.887592677589204E+001,
5.407624633431086E+009,-2.366487152538048E+001,-9.961578561234948E+001,
5.411534701857283E+009,-2.398724018041578E+001,-1.189641308199618E+002,
5.415444770283480E+009,-2.429423057931742E+001,-1.367164533723784E+002,
5.419354838709678E+009,-2.420822619644791E+001,-1.534826631849745E+002,
5.423264907135875E+009,-2.393894521114950E+001,-1.719677977347273E+002,
5.427174975562073E+009,-2.384620127723011E+001,1.678826134902301E+002,
5.431085043988270E+009,-2.385141990854731E+001,1.480047870643891E+002,
5.434995112414467E+009,-2.397716376781645E+001,1.276881910822215E+002,
5.438905180840665E+009,-2.425987128828604E+001,1.080059814911636E+002,
5.442815249266862E+009,-2.461203510388977E+001,8.973758621919724E+001,
5.446725317693060E+009,-2.470048629307412E+001,7.321923752528944E+001,
5.450635386119257E+009,-2.451326415945927E+001,5.480623467236928E+001,
5.454545454545454E+009,-2.467941115068204E+001,3.546191444368705E+001,
5.458455522971652E+009,-2.477014817663375E+001,1.734270194785767E+001,
5.462365591397850E+009,-2.486564356371137E+001,-6.506352236672813E-001,
5.466275659824047E+009,-2.488583775208700E+001,-1.832584402586274E+001,
5.470185728250244E+009,-2.476839230919311E+001,-3.790278307397070E+001,
5.474095796676442E+009,-2.490956972444906E+001,-5.713384087983260E+001,
5.478005865102639E+009,-2.496065494559348E+001,-7.659456081573799E+001,
5.481915933528837E+009,-2.529612962179717E+001,-9.490886041874005E+001,
5.485826001955034E+009,-2.561161736688050E+001,-1.127382633403690E+002,
5.489736070381231E+009,-2.572725846798689E+001,-1.287974508501149E+002,
5.493646138807429E+009,-2.553293336750856E+001,-1.453458573701587E+002,
5.497556207233626E+009,-2.542226018161622E+001,-1.643582329094208E+002,
5.501466275659824E+009,-2.536377216979239E+001,1.774795293848818E+002,
5.505376344086021E+009,-2.524680103999331E+001,1.584403146532297E+002,
5.509286412512219E+009,-2.537834229823876E+001,1.387338040006988E+002,
5.513196480938417E+009,-2.561289860813764E+001,1.205725641508884E+002,
5.517106549364615E+009,-2.583882713030052E+001,1.039015725140489E+002,
5.521016617790812E+009,-2.570167807160063E+001,8.754257923668307E+001,
5.524926686217009E+009,-2.561824268566907E+001,7.026569818287311E+001,
5.528836754643207E+009,-2.553524681548531E+001,5.245525406106435E+001,
5.532746823069404E+009,-2.521997225587209E+001,3.496709870716327E+001,
5.536656891495602E+009,-2.501456444947545E+001,1.621086413982087E+001,
5.540566959921799E+009,-2.493581934209598E+001,-3.434551824762379E+000,
5.544477028347996E+009,-2.494155611966591E+001,-2.205488039986467E+001,
5.548387096774194E+009,-2.479781449441041E+001,-4.005812619537898E+001,
5.552297165200391E+009,-2.470482360231045E+001,-5.961631274897804E+001,
5.556207233626589E+009,-2.456412255522672E+001,-7.853355448378927E+001,
5.560117302052786E+009,-2.457952056462077E+001,-9.695200822399558E+001,
5.564027370478983E+009,-2.460072785508374E+001,-1.154937985525066E+002,
5.567937438905181E+009,-2.447687163077672E+001,-1.328741970526470E+002,
5.571847507331378E+009,-2.422548869012570E+001,-1.522948595026222E+002,
5.575757575757576E+009,-2.410682042306501E+001,-1.717090898479493E+002,
5.579667644183773E+009,-2.416628717470179E+001,1.689212816461707E+002,
5.583577712609971E+009,-2.397181570767996E+001,1.500810194094938E+002,
5.587487781036168E+009,-2.396699157637929E+001,1.300973896782313E+002,
5.591397849462366E+009,-2.397071171034496E+001,1.112919048143963E+002,
5.595307917888563E+009,-2.400790521434424E+001,9.185222748380961E+001,
5.599217986314760E+009,-2.394850962285669E+001,7.344004911258440E+001,
5.603128054740958E+009,-2.379066711412656E+001,5.507733497817471E+001,
5.607038123167155E+009,-2.373916576707772E+001,3.550045642637935E+001,
5.610948191593353E+009,-2.373390419956654E+001,1.615923081507740E+001,
5.614858260019550E+009,-2.353847016126820E+001,-3.648219179104334E+000,
5.618768328445747E+009,-2.354448015702075E+001,-2.344706757914898E+001,
5.622678396871945E+009,-2.354726873818155E+001,-4.300709215635642E+001,
5.626588465298142E+009,-2.364094189612331E+001,-6.333882825649494E+001,
5.630498533724340E+009,-2.371527260199336E+001,-8.301424518573920E+001,
5.634408602150538E+009,-2.392524243970090E+001,-1.023991159626882E+002,
5.638318670576735E+009,-2.407391933253734E+001,-1.217861270346838E+002,
5.642228739002933E+009,-2.425158785214349E+001,-1.406275989739378E+002,
5.646138807429131E+009,-2.446613417983194E+001,-1.591817873063616E+002,
5.650048875855328E+009,-2.462089740265212E+001,-1.774279816432714E+002,
5.653958944281525E+009,-2.475279127145822E+001,1.649453589918351E+002,
5.657869012707723E+009,-2.483790889774673E+001,1.475781772366373E+002,
5.661779081133920E+009,-2.476126545490324E+001,1.306430720056196E+002,
5.665689149560118E+009,-2.446370119108741E+001,1.122238439015601E+002,
5.669599217986315E+009,-2.413937585116353E+001,9.252789140647616E+001,
5.673509286412512E+009,-2.416314192996479E+001,7.065260237121423E+001,
5.677419354838710E+009,-2.452911855970086E+001,5.061794013573449E+001,
5.681329423264907E+009,-2.486290765233669E+001,3.123952934535272E+001,
5.685239491691105E+009,-2.530967619631981E+001,1.415100142407091E+001,
5.689149560117302E+009,-2.560563737091633E+001,-2.440809275245695E+000,
5.693059628543499E+009,-2.545680280691499E+001,-1.867558092476476E+001,
5.696969696969697E+009,-2.537719498127845E+001,-3.546200336263746E+001,
5.700879765395895E+009,-2.521097649522406E+001,-5.364484337671033E+001,
5.704789833822092E+009,-2.506277767217620E+001,-7.066755850564779E+001,
5.708699902248289E+009,-2.469154738489984E+001,-8.922475240918652E+001,
5.712609970674487E+009,-2.456355515592878E+001,-1.091167491206023E+002,
5.716520039100684E+009,-2.444001360833411E+001,-1.285092848563905E+002,
5.720430107526882E+009,-2.444699750744833E+001,-1.485613296374501E+002,
5.724340175953079E+009,-2.470335464919017E+001,-1.684152491263374E+002,
5.728250244379276E+009,-2.492089143359968E+001,1.742370700235012E+002,
5.732160312805474E+009,-2.466463784702849E+001,1.574479209908933E+002,
5.736070381231671E+009,-2.463304121994302E+001,1.370883755421031E+002,
5.739980449657869E+009,-2.476419395853493E+001,1.189298130565769E+002,
5.743890518084066E+009,-2.467097922000474E+001,1.023312925386994E+002,
5.747800586510263E+009,-2.446008364272029E+001,8.297454349959934E+001,
5.751710654936461E+009,-2.432498944478656E+001,6.359064101430995E+001,
5.755620723362660E+009,-2.420727355299768E+001,4.419001444933968E+001,
5.759530791788857E+009,-2.433730971931599E+001,2.367891252574777E+001,
5.763440860215054E+009,-2.464576459026264E+001,5.321310172942686E+000,
5.767350928641252E+009,-2.461893461213525E+001,-1.176813206803552E+001,
5.771260997067449E+009,-2.434904369768450E+001,-2.991214080043942E+001,
5.775171065493647E+009,-2.421177529972910E+001,-4.993173963732459E+001,
5.779081133919844E+009,-2.434391296821523E+001,-6.854772165522037E+001,
5.782991202346041E+009,-2.445905897652794E+001,-8.808510231982834E+001,
5.786901270772239E+009,-2.434515378372148E+001,-1.056343254706052E+002,
5.790811339198436E+009,-2.413976617440832E+001,-1.250965034757816E+002,
5.794721407624634E+009,-2.412523814760474E+001,-1.453226567110076E+002,
5.798631476050831E+009,-2.424490890789859E+001,-1.654912803067922E+002,
5.802541544477028E+009,-2.459874893362590E+001,1.750916813584930E+002,
5.806451612903226E+009,-2.473085561146979E+001,1.576041525543980E+002,
5.810361681329423E+009,-2.480964821960287E+001,1.396293517350783E+002,
5.814271749755621E+009,-2.469605540509949E+001,1.213836379637249E+002,
5.818181818181818E+009,-2.475127426253770E+001,1.039348224121688E+002,
5.822091886608016E+009,-2.465239169018573E+001,8.559103607647704E+001,
5.826001955034213E+009,-2.449598063445091E+001,6.697779489711063E+001,
5.829912023460411E+009,-2.446749326802950E+001,4.723088606084775E+001,
5.833822091886608E+009,-2.438958950397439E+001,2.856738999895483E+001,
5.837732160312805E+009,-2.437969059799272E+001,8.527033657203663E+000,
5.841642228739003E+009,-2.438103016095632E+001,-1.025519567798434E+001,
5.845552297165200E+009,-2.436947922877424E+001,-3.036576349377568E+001,
5.849462365591398E+009,-2.449874062311051E+001,-5.042747589985812E+001,
5.853372434017595E+009,-2.481520060843776E+001,-7.002999053453735E+001,
5.857282502443792E+009,-2.500565369626219E+001,-8.749712094148664E+001,
5.861192570869990E+009,-2.512657550586480E+001,-1.049788549865467E+002,
5.865102639296187E+009,-2.495226954294465E+001,-1.225604653123112E+002,
5.869012707722385E+009,-2.489830456490408E+001,-1.424266463423028E+002,
5.872922776148583E+009,-2.499767081124782E+001,-1.611041839656557E+002,
5.876832844574780E+009,-2.488460486915607E+001,-1.783486155644901E+002,
5.880742913000978E+009,-2.476926421722309E+001,1.623661779540978E+002,
5.884652981427176E+009,-2.464882645958132E+001,1.435500538970498E+002,
5.888563049853373E+009,-2.460476504843111E+001,1.235201910734827E+002,
5.892473118279570E+009,-2.452116261030725E+001,1.031470574099993E+002,
5.896383186705768E+009,-2.482168506328421E+001,8.265504294825657E+001,
5.900293255131965E+009,-2.513096960781182E+001,6.318944228296257E+001,
5.904203323558163E+009,-2.538927194721497E+001,4.564319715259252E+001,
5.908113391984360E+009,-2.545024249954541E+001,2.820383521889852E+001,
5.912023460410557E+009,-2.534423577432464E+001,1.061587169338476E+001,
5.915933528836755E+009,-2.516808496916407E+001,-8.319658148081111E+000,
5.919843597262952E+009,-2.521429084229264E+001,-2.756998092655729E+001,
5.923753665689150E+009,-2.520697914444984E+001,-4.689578926374467E+001,
5.927663734115347E+009,-2.525706041364330E+001,-6.562778877545762E+001,
5.931573802541544E+009,-2.511687128274577E+001,-8.469840175646510E+001,
5.935483870967742E+009,-2.531943094450319E+001,-1.039276027371353E+002,
5.939393939393940E+009,-2.526264019033694E+001,-1.220988938882863E+002,
5.943304007820137E+009,-2.518613976633339E+001,-1.417961607904420E+002,
5.947214076246334E+009,-2.541468168323893E+001,-1.615502780905467E+002,
5.951124144672532E+009,-2.569913797552719E+001,-1.799946449010745E+002,
5.955034213098729E+009,-2.556921643974722E+001,1.625922816871872E+002,
5.958944281524927E+009,-2.535443636052130E+001,1.432025103279246E+002,
5.962854349951124E+009,-2.540889727642802E+001,1.225640411923669E+002,
5.966764418377321E+009,-2.566497416981652E+001,1.020927175368929E+002,
5.970674486803519E+009,-2.588077666227729E+001,8.397410575954275E+001,
5.974584555229716E+009,-2.598624427784417E+001,6.550048179396846E+001,
5.978494623655914E+009,-2.612561322636829E+001,4.765530133747139E+001,
5.982404692082111E+009,-2.616306547547672E+001,2.962476515680805E+001,
5.986314760508308E+009,-2.619557677529448E+001,1.123428851568483E+001,
5.990224828934506E+009,-2.604124524798737E+001,-7.130679465179167E+000,
5.994134897360704E+009,-2.608766135243065E+001,-2.581091611502643E+001,
5.998044965786902E+009,-2.603685059364896E+001,-4.497790942267579E+001,
6.001955034213099E+009,-2.614139645426589E+001,-6.550908262810854E+001,
6.005865102639297E+009,-2.638827868364444E+001,-8.360807273219584E+001,
6.009775171065494E+009,-2.661158177906505E+001,-1.009700355027384E+002,
6.013685239491692E+009,-2.645423402986572E+001,-1.185168406098680E+002,
6.017595307917889E+009,-2.637278153176636E+001,-1.364508525227183E+002,
6.021505376344086E+009,-2.633750360797473E+001,-1.548934062604428E+002,
6.025415444770284E+009,-2.625542645612836E+001,-1.720709588639506E+002,
6.029325513196481E+009,-2.610338846822609E+001,1.696514087219470E+002,
6.033235581622679E+009,-2.577410808109443E+001,1.498303563305703E+002,
6.037145650048876E+009,-2.576308295261042E+001,1.314505777345651E+002,
6.041055718475073E+009,-2.555885679543297E+001,1.121277054423725E+002,
6.044965786901271E+009,-2.539566896993591E+001,9.225991122949878E+001,
6.048875855327468E+009,-2.541462123405581E+001,7.219821598897806E+001,
6.052785923753666E+009,-2.547056073411000E+001,5.381668252156293E+001,
6.056695992179863E+009,-2.521497360712416E+001,3.539266698757260E+001,
6.060606060606061E+009,-2.512332759487154E+001,1.526685275513238E+001,
6.064516129032258E+009,-2.508728108093159E+001,-3.811062271221638E+000,
6.068426197458456E+009,-2.481872069717063E+001,-2.287693218475523E+001,
6.072336265884653E+009,-2.461571233000380E+001,-4.288860381682229E+001,
6.076246334310850E+009,-2.439831915209835E+001,-6.340599682797195E+001,
6.080156402737048E+009,-2.431176570134822E+001,-8.579571220862171E+001,
6.084066471163245E+009,-2.442079518571990E+001,-1.061970336279439E+002,
6.087976539589443E+009,-2.453887360828547E+001,-1.261664035625510E+002,
6.091886608015640E+009,-2.464854850385898E+001,-1.459159572791805E+002,
6.095796676441837E+009,-2.472422180994539E+001,-1.651580427415164E+002,
6.099706744868035E+009,-2.475835062942692E+001,1.760517744844808E+002,
6.103616813294232E+009,-2.452867028555023E+001,1.567871214962416E+002,
6.107526881720430E+009,-2.439562764832310E+001,1.365050014513136E+002,
6.111436950146627E+009,-2.435356812069335E+001,1.159370221858509E+002,
6.115347018572825E+009,-2.429780486892669E+001,9.473580189594350E+001,
6.119257086999023E+009,-2.430734897378756E+001,7.347265565137373E+001,
6.123167155425221E+009,-2.450548089500506E+001,5.243671453773293E+001,
6.127077223851418E+009,-2.475155826081124E+001,3.253008803530807E+001,
6.130987292277615E+009,-2.501040779917943E+001,1.176721554873169E+001,
6.134897360703813E+009,-2.521627999316622E+001,-7.795153961476704E+000,
6.138807429130010E+009,-2.538721997340786E+001,-2.691644577413460E+001,
6.142717497556208E+009,-2.561401113899781E+001,-4.567574927266283E+001,
6.146627565982405E+009,-2.560309907588389E+001,-6.458178986046784E+001,
6.150537634408602E+009,-2.557788311088424E+001,-8.431642637155613E+001,
6.154447702834800E+009,-2.555853202741661E+001,-1.039004593824287E+002,
6.158357771260998E+009,-2.564994034868121E+001,-1.248540174561192E+002,
6.162267839687195E+009,-2.589612523779217E+001,-1.450374471326639E+002,
6.166177908113392E+009,-2.601438824576015E+001,-1.639085656340225E+002,
6.170087976539589E+009,-2.602784626599547E+001,1.755710979455425E+002,
6.173998044965787E+009,-2.623637648679307E+001,1.547052474233344E+002,
6.177908113391985E+009,-2.644056386434099E+001,1.351703951672498E+002,
6.181818181818182E+009,-2.678214354688183E+001,1.143901491084833E+002,
6.185728250244379E+009,-2.717092704850590E+001,9.457569326461943E+001,
6.189638318670576E+009,-2.771138737486086E+001,7.563784621324972E+001,
6.193548387096774E+009,-2.791565861510576E+001,5.838473767329925E+001,
6.197458455522972E+009,-2.806942529191827E+001,4.042878354344195E+001,
6.201368523949169E+009,-2.823996192172192E+001,2.069185809812671E+001,
6.205278592375366E+009,-2.870248140171282E+001,2.787447458318682E+000,
6.209188660801564E+009,-2.889261571692269E+001,-1.389694090736647E+001,
6.213098729227762E+009,-2.877646581495577E+001,-3.233295561580442E+001,
6.217008797653959E+009,-2.908538448447840E+001,-5.298863946900682E+001,
6.220918866080156E+009,-2.953464140886548E+001,-7.082893292054648E+001,
6.224828934506353E+009,-3.003254379466220E+001,-8.694164322368616E+001,
6.228739002932551E+009,-2.965035003665592E+001,-1.037922601104108E+002,
6.232649071358749E+009,-2.988570043528437E+001,-1.246056572101047E+002,
6.236559139784946E+009,-3.037144812480207E+001,-1.405914841383729E+002,
6.240469208211144E+009,-3.043494914188830E+001,-1.581687748804746E+002,
6.244379276637341E+009,-3.088688980691096E+001,-1.745131239290645E+002,
6.248289345063539E+009,-3.069929222980873E+001,1.699379331670634E+002,
6.252199413489737E+009,-3.066355884597595E+001,1.539110183785298E+002,
6.256109481915934E+009,-3.047269070879739E+001,1.358211527024719E+002,
6.260019550342131E+009,-3.045365366794027E+001,1.201963126080250E+002,
6.263929618768329E+009,-2.983508477789023E+001,1.014133085756509E+002,
6.267839687194526E+009,-2.980159658093238E+001,7.997482874226657E+001,
6.271749755620724E+009,-3.028881370481201E+001,6.252965689137275E+001,
6.275659824046921E+009,-3.034866155736465E+001,4.490658471452649E+001,
6.279569892473118E+009,-3.059023808494578E+001,2.856529896202653E+001,
6.283479960899316E+009,-3.033733648795416E+001,1.364520968911402E+001,
6.287390029325514E+009,-2.992295595844670E+001,-2.298311322704530E+000,
6.291300097751711E+009,-2.944564552698630E+001,-2.096552566993303E+001,
6.295210166177908E+009,-2.905243863114844E+001,-3.958402882289962E+001,
6.299120234604105E+009,-2.856529693387536E+001,-5.975098278827154E+001,
6.303030303030303E+009,-2.838955814205248E+001,-8.112971855899806E+001,
6.306940371456501E+009,-2.845874121235454E+001,-1.021942971481835E+002,
6.310850439882698E+009,-2.869343839588582E+001,-1.226296238675429E+002,
6.314760508308895E+009,-2.912762501938302E+001,-1.414479082605749E+002,
6.318670576735093E+009,-2.928369786450908E+001,-1.576490143041741E+002,
6.322580645161290E+009,-2.918389026654127E+001,-1.738767169091142E+002,
6.326490713587488E+009,-2.872905660272457E+001,1.680166759710422E+002,
6.330400782013685E+009,-2.843437556981475E+001,1.478849373621492E+002,
6.334310850439882E+009,-2.837263891347823E+001,1.271828098394799E+002,
6.338220918866080E+009,-2.831479607907156E+001,1.072074996156328E+002,
6.342130987292278E+009,-2.840187058264235E+001,8.694182681267891E+001,
6.346041055718475E+009,-2.860107361346656E+001,6.716372224833442E+001,
6.349951124144672E+009,-2.895730532329125E+001,4.818046578693970E+001,
6.353861192570869E+009,-2.902487579296958E+001,3.064136136597744E+001,
6.357771260997068E+009,-2.905533667025349E+001,1.127328360332638E+001,
6.361681329423266E+009,-2.925280668927888E+001,-6.650120519617965E+000,
6.365591397849463E+009,-2.922766057333547E+001,-2.515748950986522E+001,
6.369501466275660E+009,-2.904477879707418E+001,-4.371620282953637E+001,
6.373411534701857E+009,-2.927247443254839E+001,-6.472840217667624E+001,
6.377321603128055E+009,-2.965537302277377E+001,-8.295039461211647E+001,
6.381231671554253E+009,-2.981439059294080E+001,-1.006715994715894E+002,
6.385141739980450E+009,-2.997484456329140E+001,-1.177533076055335E+002,
6.389051808406647E+009,-2.986046271431186E+001,-1.355356122078829E+002,
6.392961876832845E+009,-2.998774477416582E+001,-1.552029975285859E+002,
6.396871945259043E+009,-3.032827298473395E+001,-1.714908861188351E+002,
6.400782013685240E+009,-3.012719285353278E+001,1.709117727137049E+002,
6.404692082111437E+009,-3.010395412839646E+001,1.525115892095384E+002,
6.408602150537634E+009,-3.019451227118412E+001,1.344480311400048E+002,
6.412512218963832E+009,-2.989761394979097E+001,1.166611920104391E+002,
6.416422287390030E+009,-2.979281944202650E+001,9.676533961085775E+001,
6.420332355816227E+009,-3.018317099106254E+001,7.784281228386317E+001,
6.424242424242424E+009,-3.019103198315401E+001,6.111374678833499E+001,
6.428152492668621E+009,-2.995001190079714E+001,4.428450840350917E+001,
6.432062561094819E+009,-2.966021123177726E+001,2.357844119103030E+001,
6.435972629521017E+009,-2.983038672468927E+001,4.918994805767198E+000,
6.439882697947214E+009,-2.971615297121648E+001,-1.355501555388237E+001,
6.443792766373411E+009,-2.968584258640449E+001,-3.370311880166632E+001,
6.447702834799609E+009,-2.991820852601833E+001,-5.284952654184791E+001,
6.451612903225807E+009,-3.020487508274126E+001,-7.185760828158173E+001,
6.455522971652004E+009,-3.052156704601234E+001,-8.636931327464782E+001,
6.459433040078201E+009,-3.014478069815424E+001,-1.032874052125295E+002,
6.463343108504398E+009,-2.970188440149144E+001,-1.223924863391735E+002,
6.467253176930596E+009,-2.951530070248861E+001,-1.426894744475499E+002,
6.471163245356794E+009,-2.955096051578117E+001,-1.640217565480721E+002,
6.475073313782991E+009,-2.985396924936829E+001,1.744032438467630E+002,
6.478983382209189E+009,-3.028609367550004E+001,1.570112504652822E+002,
6.482893450635386E+009,-3.063829186201308E+001,1.383285718899999E+002,
6.486803519061584E+009,-3.094833893327895E+001,1.219779093746015E+002,
6.490713587487782E+009,-3.082803021402338E+001,1.055295148315144E+002,
6.494623655913979E+009,-3.080105821790720E+001,9.050985818935133E+001,
6.498533724340176E+009,-3.033416716261451E+001,7.198892471784826E+001,
6.502443792766374E+009,-3.002050789100642E+001,5.203688102747714E+001,
6.506353861192571E+009,-2.990651605632920E+001,3.171849608919137E+001,
6.510263929618769E+009,-2.989944756759869E+001,9.563650983604958E+000,
6.514173998044966E+009,-3.083639950162013E+001,-1.022203881492747E+001,
6.518084066471163E+009,-3.133164034008051E+001,-2.505239863975797E+001,
6.521994134897361E+009,-3.129764752072924E+001,-4.013559162834561E+001,
6.525904203323559E+009,-3.110329849485650E+001,-5.515847505693068E+001,
6.529814271749756E+009,-3.078041032983543E+001,-7.146805862420317E+001,
6.533724340175953E+009,-3.023712344244618E+001,-8.824836819233585E+001,
6.537634408602150E+009,-2.980027236244379E+001,-1.087945202176530E+002,
6.541544477028348E+009,-2.973786811441971E+001,-1.301600291618360E+002,
6.545454545454546E+009,-2.976721542088295E+001,-1.500973985108976E+002,
6.549364613880743E+009,-2.987308270776247E+001,-1.698364284803012E+002,
6.553274682306940E+009,-3.018811080169232E+001,1.716069955270701E+002,
6.557184750733138E+009,-3.060570527395942E+001,1.548114827783766E+002,
6.561094819159335E+009,-3.045934065822404E+001,1.398320549820545E+002,
6.565004887585533E+009,-3.027309783298624E+001,1.248403990884986E+002,
6.568914956011730E+009,-2.945293953112241E+001,1.073851301281614E+002,
6.572825024437927E+009,-2.900128390337041E+001,8.784961148957952E+001,
6.576735092864125E+009,-2.845972832857264E+001,6.698206445896108E+001,
6.580645161290323E+009,-2.830207998120286E+001,4.483327248713776E+001,
6.584555229716520E+009,-2.832970813837708E+001,2.266552043636073E+001,
6.588465298142717E+009,-2.863918840408815E+001,2.705124352770220E+000,
6.592375366568914E+009,-2.891947144320337E+001,-1.642385475927300E+001,
6.596285434995112E+009,-2.893299506200365E+001,-3.415333374804042E+001,
6.600195503421310E+009,-2.898697723344629E+001,-5.140191642136552E+001,
6.604105571847508E+009,-2.874198702730669E+001,-6.746799620408983E+001,
6.608015640273705E+009,-2.814567307133376E+001,-8.570795381938792E+001,
6.611925708699902E+009,-2.761639104789790E+001,-1.065933051083669E+002,
6.615835777126100E+009,-2.713892224706168E+001,-1.280706217449271E+002,
6.619745845552298E+009,-2.685634161283329E+001,-1.516522686031930E+002,
6.623655913978495E+009,-2.729710411082174E+001,-1.764047831979269E+002,
6.627565982404692E+009,-2.791970562369668E+001,1.624978139151680E+002,
6.631476050830890E+009,-2.826101068552907E+001,1.428703698553856E+002,
6.635386119257088E+009,-2.862205509144002E+001,1.247981491912742E+002,
6.639296187683285E+009,-2.911675079288695E+001,1.076162538873905E+002,
6.643206256109482E+009,-2.923477739244203E+001,8.979579548709586E+001,
6.647116324535679E+009,-2.894856651814328E+001,7.283091564990076E+001,
6.651026392961877E+009,-2.879298683486090E+001,5.320992932960046E+001,
6.654936461388075E+009,-2.878056613988841E+001,3.536982330906606E+001,
6.658846529814272E+009,-2.838019949461438E+001,1.481144072165110E+001,
6.662756598240469E+009,-2.838070237041975E+001,-8.133345942939481E+000,
6.666666666666666E+009,-2.869831885513928E+001,-2.927134456169553E+001,
6.670576735092864E+009,-2.906855023779605E+001,-5.031226300360896E+001,
6.674486803519062E+009,-2.964889812816112E+001,-6.806096473829656E+001,
6.678396871945259E+009,-3.008017896291820E+001,-8.621530135123017E+001,
6.682306940371456E+009,-3.016403598826873E+001,-1.021631686618222E+002,
6.686217008797654E+009,-3.005136630195252E+001,-1.196198553814293E+002,
6.690127077223852E+009,-3.005853715669750E+001,-1.379762772420738E+002,
6.694037145650049E+009,-3.009324261733990E+001,-1.569988808329067E+002,
6.697947214076246E+009,-3.018098345411412E+001,-1.753124771655001E+002,
6.701857282502443E+009,-3.043910374027671E+001,1.673025187259426E+002,
6.705767350928641E+009,-3.012956167583028E+001,1.487069429572726E+002,
6.709677419354839E+009,-3.001176755601648E+001,1.296769864588417E+002,
6.713587487781036E+009,-3.025538664185752E+001,1.103122154096830E+002,
6.717497556207233E+009,-3.027352149335675E+001,9.080068285838034E+001,
6.721407624633431E+009,-3.056351142148648E+001,7.209085146465895E+001,
6.725317693059629E+009,-3.071080989039694E+001,5.696896556768481E+001,
6.729227761485827E+009,-3.032143059012004E+001,3.852020628733358E+001,
6.733137829912024E+009,-3.009871273356263E+001,2.034905153004339E+001,
6.737047898338221E+009,-2.996456280139629E+001,2.172013284279540E-001,
6.740957966764419E+009,-2.984419801638396E+001,-1.947378171581215E+001,
6.744868035190616E+009,-2.996918342594182E+001,-3.873594002584881E+001,
6.748778103616814E+009,-3.024915892532266E+001,-5.743207876921124E+001,
6.752688172043011E+009,-3.030769137237338E+001,-7.649285695267362E+001,
6.756598240469208E+009,-3.039192257297410E+001,-9.394779059386204E+001,
6.760508308895406E+009,-3.024809649329647E+001,-1.118359987311958E+002,
6.764418377321604E+009,-2.985739776425608E+001,-1.294950496355877E+002,
6.768328445747801E+009,-2.976748143014120E+001,-1.491340905465501E+002,
6.772238514173998E+009,-2.974779749204511E+001,-1.689515022273669E+002,
6.776148582600195E+009,-2.977445681575253E+001,1.720998442241719E+002,
6.780058651026393E+009,-2.961988039577743E+001,1.522273104174919E+002,
6.783968719452591E+009,-2.949972687449172E+001,1.311184950393730E+002,
6.787878787878788E+009,-2.999134154270938E+001,1.103368099267350E+002,
6.791788856304985E+009,-3.016216713672030E+001,9.251738302183175E+001,
6.795698924731183E+009,-3.025100251096275E+001,7.429141782603968E+001,
6.799608993157380E+009,-3.038533620372853E+001,5.691881807536208E+001,
6.803519061583578E+009,-3.040055205920708E+001,3.955475588764551E+001,
6.807429130009775E+009,-3.004417564155978E+001,2.031327861724398E+001,
6.811339198435972E+009,-2.983056704349720E+001,5.343408795268436E-001,
6.815249266862170E+009,-3.004633691388980E+001,-2.081606886048699E+001,
6.819159335288368E+009,-3.035722184698173E+001,-4.235370839812218E+001,
6.823069403714565E+009,-3.105300149657391E+001,-6.220569088465461E+001,
6.826979472140762E+009,-3.156267919452181E+001,-7.894452644184477E+001,
6.830889540566959E+009,-3.184410947769534E+001,-9.312687586461728E+001,
6.834799608993157E+009,-3.183140784695365E+001,-1.093867264388653E+002,
6.838709677419355E+009,-3.159654626402981E+001,-1.247834137564837E+002,
6.842619745845552E+009,-3.138379348965719E+001,-1.445675608755325E+002,
6.846529814271750E+009,-3.121912555530463E+001,-1.642189401617937E+002,
6.850439882697948E+009,-3.161019700955661E+001,1.761203011431242E+002,
6.854349951124145E+009,-3.166104362461250E+001,1.588299263228687E+002,
6.858260019550343E+009,-3.194901085868250E+001,1.391133848184638E+002,
6.862170087976540E+009,-3.231128925321337E+001,1.222512038092901E+002,
6.866080156402737E+009,-3.292025871303977E+001,1.046538485883278E+002,
6.869990224828935E+009,-3.326814421916171E+001,9.180677862564518E+001,
6.873900293255133E+009,-3.305918244768882E+001,7.703091209414251E+001,
6.877810361681330E+009,-3.305717492130014E+001,6.216982657280369E+001,
6.881720430107527E+009,-3.262164384098813E+001,4.881630275440165E+001,
6.885630498533724E+009,-3.191861572591919E+001,3.230645129540438E+001,
6.889540566959922E+009,-3.146078057015191E+001,1.334918884482340E+001,
6.893450635386120E+009,-3.117186792510562E+001,-3.457064478874337E+000,
6.897360703812317E+009,-3.048596026618300E+001,-2.133736230950531E+001,
6.901270772238514E+009,-2.987573617447371E+001,-4.203755818876531E+001,
6.905180840664711E+009,-2.970886188939575E+001,-6.435270537025301E+001,
6.909090909090909E+009,-2.992426195876586E+001,-8.471800630489528E+001,
6.913000977517107E+009,-3.007980924398772E+001,-1.027907549030080E+002,
6.916911045943304E+009,-3.029511536986620E+001,-1.192811900924200E+002,
6.920821114369501E+009,-2.980242253702027E+001,-1.339679868582560E+002,
6.924731182795699E+009,-2.899636955930068E+001,-1.529363500464956E+002,
6.928641251221897E+009,-2.852262505037112E+001,-1.741981318377040E+002,
6.932551319648094E+009,-2.842159372943162E+001,1.648909876988416E+002,
6.936461388074291E+009,-2.826362642713078E+001,1.438083360106614E+002,
6.940371456500488E+009,-2.822602678595676E+001,1.230440930818357E+002,
6.944281524926686E+009,-2.823205234712076E+001,1.029366523292947E+002,
6.948191593352884E+009,-2.820958952031923E+001,8.298211818624935E+001,
6.952101661779081E+009,-2.827774899588745E+001,6.297307032076598E+001,
6.956011730205278E+009,-2.850211039634732E+001,4.324310850395752E+001,
6.959921798631475E+009,-2.860270530926917E+001,2.439554097148268E+001,
6.963831867057674E+009,-2.857571411950029E+001,6.156317883764310E+000,
6.967741935483872E+009,-2.845773638374046E+001,-1.436990721810379E+001,
6.971652003910069E+009,-2.868253805293165E+001,-3.467198503537297E+001,
6.975562072336266E+009,-2.885421170869594E+001,-5.376100066992051E+001,
6.979472140762464E+009,-2.890224393117926E+001,-7.198529415449488E+001,
6.983382209188661E+009,-2.895135302036767E+001,-9.109423767890029E+001,
6.987292277614859E+009,-2.905234579857625E+001,-1.116524038723027E+002,
6.991202346041056E+009,-2.923423717966567E+001,-1.306648008356097E+002,
6.995112414467253E+009,-2.954454416489983E+001,-1.504429388170338E+002,
6.999022482893451E+009,-2.974140087041664E+001,-1.681011193131755E+002,
7.002932551319649E+009,-2.987448366910866E+001,1.745941020922170E+002,
7.006842619745846E+009,-2.997330942442373E+001,1.574952040867525E+002,
7.010752688172043E+009,-2.981033206746432E+001,1.386124640007019E+002,
7.014662756598240E+009,-2.974261416986702E+001,1.195729077293602E+002,
7.018572825024438E+009,-3.010122296600193E+001,9.994245513120096E+001,
7.022482893450636E+009,-3.029355276788875E+001,8.226295966299051E+001,
7.026392961876833E+009,-3.026833356679612E+001,6.403771422146086E+001,
7.030303030303030E+009,-3.046516907716919E+001,4.609035367386031E+001,
7.034213098729228E+009,-3.058316966357985E+001,2.773768358514854E+001,
7.038123167155425E+009,-3.066562207822059E+001,9.514978476619451E+000,
7.042033235581623E+009,-3.098251468428822E+001,-8.321827812320271E+000,
7.045943304007820E+009,-3.108076799470246E+001,-2.524363063209823E+001,
7.049853372434017E+009,-3.124307135892039E+001,-4.250970410912044E+001,
7.053763440860215E+009,-3.108271371597073E+001,-5.984845660648722E+001,
7.057673509286413E+009,-3.062747759072315E+001,-7.638087751262694E+001,
7.061583577712610E+009,-3.061613286209057E+001,-9.684123309796006E+001,
7.065493646138807E+009,-3.048608507231821E+001,-1.145315620608517E+002,
7.069403714565004E+009,-3.044310540968859E+001,-1.348306947382433E+002,
7.073313782991202E+009,-3.059805995345850E+001,-1.542813571687069E+002,
7.077223851417400E+009,-3.061250490556434E+001,-1.730590116487092E+002,
7.081133919843597E+009,-3.096322767010671E+001,1.685464360393677E+002,
7.085043988269795E+009,-3.102397116924297E+001,1.525062970079700E+002,
7.088954056695993E+009,-3.084301461378784E+001,1.346755114856119E+002,
7.092864125122190E+009,-3.067938591824205E+001,1.166403780665489E+002,
7.096774193548388E+009,-3.071125560506147E+001,9.771251525738614E+001,
7.100684261974585E+009,-3.060636226456371E+001,7.774855124751491E+001,
7.104594330400782E+009,-3.078899260664219E+001,5.760335499905482E+001,
7.108504398826980E+009,-3.083787130039010E+001,3.771734754150445E+001,
7.112414467253178E+009,-3.104591249480757E+001,1.909412560596475E+001,
7.116324535679375E+009,-3.146458534276191E+001,1.254642162968323E+000,
7.120234604105572E+009,-3.186298623961760E+001,-1.596776616455336E+001,
7.124144672531769E+009,-3.157972050646769E+001,-3.087753886997357E+001,
7.128054740957967E+009,-3.132561313519471E+001,-4.812842310055645E+001,
7.131964809384165E+009,-3.097801664304191E+001,-6.778470962457612E+001,
7.135874877810362E+009,-3.086931133249294E+001,-8.706630350179539E+001,
7.139784946236559E+009,-3.085116639929895E+001,-1.084080198202457E+002,
7.143695014662756E+009,-3.090836882162950E+001,-1.297671393254907E+002,
7.147605083088954E+009,-3.155361998498358E+001,-1.479018172863722E+002,
7.151515151515152E+009,-3.178968328455020E+001,-1.659739502059927E+002,
7.155425219941349E+009,-3.231816362197650E+001,1.761038844319017E+002,
7.159335288367546E+009,-3.285183668832615E+001,1.610241120473415E+002,
7.163245356793744E+009,-3.288922451596437E+001,1.488382212796037E+002,
7.167155425219942E+009,-3.211231698285194E+001,1.346774427822138E+002,
7.171065493646139E+009,-3.130496377013843E+001,1.153009886233631E+002,
7.174975562072336E+009,-3.095242430956436E+001,9.328701588832630E+001,
7.178885630498533E+009,-3.090049051474425E+001,7.124555883464284E+001,
7.182795698924731E+009,-3.118155292642651E+001,5.110979132301467E+001,
7.186705767350929E+009,-3.118893026369314E+001,3.171769830515128E+001,
7.190615835777126E+009,-3.141423549135953E+001,1.127250138420796E+001,
7.194525904203323E+009,-3.208967110772741E+001,-6.583687526106000E+000,
7.198435972629520E+009,-3.234278622721950E+001,-2.040813023824212E+001,
7.202346041055718E+009,-3.178037169944702E+001,-3.519889274234615E+001,
7.206256109481916E+009,-3.123108653608719E+001,-5.401458024258381E+001,
7.210166177908114E+009,-3.086924519834928E+001,-7.328273340159117E+001,
7.214076246334311E+009,-3.033230349399601E+001,-9.326329414940439E+001,
7.217986314760509E+009,-2.999889027135507E+001,-1.163203311677013E+002,
7.221896383186706E+009,-3.019181998978994E+001,-1.396281971107506E+002,
7.225806451612904E+009,-3.046335015293692E+001,-1.607916250816374E+002,
7.229716520039101E+009,-3.082584463861245E+001,1.789192610123785E+002,
7.233626588465298E+009,-3.122267015223669E+001,1.590114520947214E+002,
7.237536656891496E+009,-3.161483184860824E+001,1.416642444706965E+002,
7.241446725317694E+009,-3.168180367914283E+001,1.243734246892808E+002,
7.245356793743891E+009,-3.150363595494621E+001,1.068004657709412E+002,
7.249266862170088E+009,-3.137340417386040E+001,8.642842832790313E+001,
7.253176930596285E+009,-3.154349590295684E+001,6.644145150079751E+001,
7.257086999022483E+009,-3.164834713681342E+001,4.788318548491902E+001,
7.260997067448681E+009,-3.159171844957428E+001,2.920845308524886E+001,
7.264907135874878E+009,-3.160579715856521E+001,8.874272602566443E+000,
7.268817204301075E+009,-3.160238391283303E+001,-1.033164894364750E+001,
7.272727272727273E+009,-3.169307041318198E+001,-3.079193536112971E+001,
7.276637341153470E+009,-3.172981729162838E+001,-5.132510654523351E+001,
7.280547409579668E+009,-3.222548231254719E+001,-7.250183345752407E+001,
7.284457478005865E+009,-3.277855842015406E+001,-9.143282622885499E+001,
7.288367546432062E+009,-3.329467545495455E+001,-1.082077951091762E+002,
7.292277614858260E+009,-3.341426510070924E+001,-1.237569831553890E+002,
7.296187683284458E+009,-3.335395888301606E+001,-1.403960274057031E+002,
7.300097751710655E+009,-3.297344201000227E+001,-1.581202805659051E+002,
7.304007820136852E+009,-3.288536724679916E+001,-1.780248040452663E+002,
7.307917888563049E+009,-3.305414697248653E+001,1.625941064930426E+002,
7.311827956989247E+009,-3.321622308862337E+001,1.450232259843662E+002,
7.315738025415445E+009,-3.298443246208414E+001,1.267112454315840E+002,
7.319648093841642E+009,-3.266434274113472E+001,1.053466273118705E+002,
7.323558162267839E+009,-3.286633493530075E+001,8.215771491323444E+001,
7.327468230694037E+009,-3.377180996577170E+001,6.198692553661255E+001,
7.331378299120235E+009,-3.441823280958079E+001,4.575099848209644E+001,
7.335288367546433E+009,-3.472413707373818E+001,3.090374801330360E+001,
7.339198435972630E+009,-3.470777521742998E+001,1.732490136240477E+001,
7.343108504398827E+009,-3.438915012709819E+001,1.653730602730210E+000,
7.347018572825025E+009,-3.394423821784835E+001,-1.523440313550590E+001,
7.350928641251223E+009,-3.352063275342171E+001,-3.261532962230072E+001,
7.354838709677420E+009,-3.278767680289894E+001,-5.200874872580773E+001,
7.358748778103617E+009,-3.233524300189204E+001,-7.388699967190621E+001,
7.362658846529814E+009,-3.243780827220901E+001,-9.720259970842190E+001,
7.366568914956012E+009,-3.272083376146708E+001,-1.182167495990735E+002,
7.370478983382210E+009,-3.338217711373369E+001,-1.369954018822273E+002,
7.374389051808407E+009,-3.373984686298235E+001,-1.520563177744680E+002,
7.378299120234604E+009,-3.348574910744494E+001,-1.660938944713711E+002,
7.382209188660801E+009,-3.279625714036123E+001,1.771148805367700E+002,
7.386119257086999E+009,-3.228283140206440E+001,1.574950112947175E+002,
7.390029325513197E+009,-3.169961358366211E+001,1.366016791165404E+002,
7.393939393939394E+009,-3.168717272765832E+001,1.148528771946050E+002,
7.397849462365591E+009,-3.144371932773845E+001,9.518900169708051E+001,
7.401759530791789E+009,-3.143574890094831E+001,7.254560951200655E+001,
7.405669599217987E+009,-3.186176094028247E+001,5.321115413862474E+001,
7.409579667644184E+009,-3.157189810105265E+001,3.632521538751571E+001,
7.413489736070381E+009,-3.142704480093663E+001,1.541924201188540E+001,
7.417399804496578E+009,-3.143070732971179E+001,-4.399980272904878E+000,
7.421309872922776E+009,-3.117582225366565E+001,-2.411162922074637E+001,
7.425219941348974E+009,-3.106677068905418E+001,-4.596644544835294E+001,
7.429130009775171E+009,-3.129787020616682E+001,-6.788002492020593E+001,
7.433040078201368E+009,-3.174817162482754E+001,-8.742925536632451E+001,
7.436950146627565E+009,-3.193021892755079E+001,-1.052219362637332E+002,
7.440860215053763E+009,-3.184744245907098E+001,-1.235811794092659E+002,
7.444770283479961E+009,-3.178359872273602E+001,-1.437243470627730E+002,
7.448680351906158E+009,-3.212531644721290E+001,-1.629722686503227E+002,
7.452590420332356E+009,-3.197847551744944E+001,-1.798551067547185E+002,
7.456500488758554E+009,-3.164705906429386E+001,1.592426354300637E+002,
7.460410557184751E+009,-3.177587365424640E+001,1.374134963539289E+002,
7.464320625610949E+009,-3.204299497742671E+001,1.165047751519052E+002,
7.468230694037146E+009,-3.241850079116575E+001,9.654811796937732E+001,
7.472140762463343E+009,-3.277449929953590E+001,7.664739617942011E+001,
7.476050830889541E+009,-3.358959117141228E+001,5.864941083113971E+001,
7.479960899315739E+009,-3.403121673964017E+001,4.530586472102790E+001,
7.483870967741936E+009,-3.371103733047998E+001,3.081071125362690E+001,
7.487781036168133E+009,-3.323929521687337E+001,1.269599838232648E+001,
7.491691104594330E+009,-3.309999340921684E+001,-6.528890753959402E+000,
7.495601173020528E+009,-3.298844048480466E+001,-2.625365533528088E+001,
7.499511241446726E+009,-3.309881541480233E+001,-4.476692377432225E+001,
7.503421309872923E+009,-3.300428243138958E+001,-6.424837932179406E+001,
7.507331378299120E+009,-3.331333348380843E+001,-8.330190901968585E+001,
7.511241446725318E+009,-3.360194810621137E+001,-9.980360846251428E+001,
7.515151515151515E+009,-3.345199975850420E+001,-1.151169060369287E+002,
7.519061583577713E+009,-3.309485884002449E+001,-1.322732966436121E+002,
7.522971652003910E+009,-3.271050602411152E+001,-1.517476311941726E+002,
7.526881720430107E+009,-3.266548768650709E+001,-1.709417782150090E+002,
7.530791788856305E+009,-3.252241583988027E+001,1.707037833093201E+002,
7.534701857282503E+009,-3.237744215859149E+001,1.511140784203542E+002,
7.538611925708700E+009,-3.246346731572135E+001,1.319726572912766E+002,
7.542521994134897E+009,-3.243703517603618E+001,1.135571202255024E+002,
7.546432062561094E+009,-3.236480775274209E+001,9.540643495725620E+001,
7.550342130987292E+009,-3.240123319817371E+001,7.664169070465658E+001,
7.554252199413490E+009,-3.245495940748253E+001,5.894172208358577E+001,
7.558162267839687E+009,-3.222161134024707E+001,4.253458836071140E+001,
7.562072336265884E+009,-3.170592087151307E+001,2.350195231982441E+001,
7.565982404692082E+009,-3.149148795329015E+001,3.417486865087477E+000,
7.569892473118280E+009,-3.127566467976714E+001,-1.638094611129374E+001,
7.573802541544478E+009,-3.113136949358137E+001,-3.755025797265233E+001,
7.577712609970675E+009,-3.128815091447688E+001,-5.826121671350688E+001,
7.581622678396872E+009,-3.143565429479052E+001,-7.829246910370054E+001,
7.585532746823070E+009,-3.174339745253179E+001,-9.803015418514183E+001,
7.589442815249268E+009,-3.217889981148866E+001,-1.150373484792025E+002,
7.593352883675465E+009,-3.218161093706075E+001,-1.319695587449211E+002,
7.597262952101662E+009,-3.233126650334041E+001,-1.493831436929272E+002,
7.601173020527859E+009,-3.212067538848243E+001,-1.656360772290176E+002,
7.605083088954057E+009,-3.182704062955325E+001,1.769066014862593E+002,
7.608993157380255E+009,-3.145988851984104E+001,1.586697894926210E+002,
7.612903225806452E+009,-3.102598878241987E+001,1.383791533674703E+002,
7.616813294232649E+009,-3.102691006509060E+001,1.170149716728265E+002,
7.620723362658846E+009,-3.118185820334372E+001,9.670153635707348E+001,
7.624633431085044E+009,-3.128749875373313E+001,7.674390769346722E+001,
7.628543499511242E+009,-3.148632269235186E+001,5.700557596098344E+001,
7.632453567937439E+009,-3.188881273808761E+001,3.757622938202648E+001,
7.636363636363636E+009,-3.241907093947895E+001,2.137399364117002E+001,
7.640273704789834E+009,-3.247242269088603E+001,7.173964053154534E+000,
7.644183773216032E+009,-3.231586464265008E+001,-8.244191100689950E+000,
7.648093841642229E+009,-3.183218446122427E+001,-2.425712482532616E+001,
7.652003910068426E+009,-3.117825270116033E+001,-4.296809286648637E+001,
7.655913978494623E+009,-3.091673749038979E+001,-6.436679321322103E+001,
7.659824046920821E+009,-3.100716487027607E+001,-8.500157019213395E+001,
7.663734115347019E+009,-3.114917071861486E+001,-1.047883732474837E+002,
7.667644183773216E+009,-3.137161819019401E+001,-1.237052221422251E+002,
7.671554252199413E+009,-3.172530204916960E+001,-1.407805862757673E+002,
7.675464320625610E+009,-3.168948281244965E+001,-1.570916857861263E+002,
7.679374389051808E+009,-3.152813089703883E+001,-1.741664003791427E+002,
7.683284457478006E+009,-3.131073201213500E+001,1.685922245912502E+002,
7.687194525904203E+009,-3.112912675656299E+001,1.507484068831257E+002,
7.691104594330401E+009,-3.083286584358991E+001,1.329251080926454E+002,
7.695014662756599E+009,-3.038446214053753E+001,1.134715142791922E+002,
7.698924731182797E+009,-3.017456990573731E+001,9.232317339276854E+001,
7.702834799608994E+009,-3.028812304761570E+001,7.155845237468500E+001,
7.706744868035191E+009,-3.047557481810446E+001,5.172663032288862E+001,
7.710654936461388E+009,-3.076155763609606E+001,3.430236003725947E+001,
7.714565004887586E+009,-3.076973429036306E+001,1.659515283127448E+001,
7.718475073313784E+009,-3.071600306151089E+001,-1.210125747472844E+000,
7.722385141739981E+009,-3.071286579175169E+001,-1.867158471873993E+001,
7.726295210166178E+009,-3.058479703673722E+001,-3.654839263094856E+001,
7.730205278592375E+009,-3.053043299095528E+001,-5.427081671266550E+001,
7.734115347018573E+009,-3.031228490602860E+001,-7.117372952984273E+001,
7.738025415444771E+009,-2.974307657425381E+001,-9.057400055287972E+001,
7.741935483870968E+009,-2.956232855068758E+001,-1.123216415353580E+002,
7.745845552297165E+009,-2.984921680070399E+001,-1.332513020962145E+002,
7.749755620723363E+009,-3.010233922240423E+001,-1.516688850540026E+002,
7.753665689149560E+009,-3.014509451364190E+001,-1.688035587695439E+002,
7.757575757575758E+009,-3.000851066244970E+001,1.730341889926357E+002,
7.761485826001955E+009,-2.996555633837950E+001,1.536645486778396E+002,
7.765395894428152E+009,-3.007039243983662E+001,1.348968124756476E+002,
7.769305962854350E+009,-3.017292998661305E+001,1.166736231918146E+002,
7.773216031280548E+009,-3.014084330249020E+001,1.004371522266293E+002,
7.777126099706745E+009,-2.968282993468030E+001,8.224661392104085E+001,
7.781036168132942E+009,-2.939960507122128E+001,6.235309619139859E+001,
7.784946236559139E+009,-2.925235360174718E+001,4.187511777301049E+001,
7.788856304985337E+009,-2.935935168609841E+001,2.092932990462974E+001,
7.792766373411535E+009,-2.966167949269016E+001,4.140933567850709E-001,
7.796676441837732E+009,-3.012949158219110E+001,-1.733137104462925E+001,
7.800586510263929E+009,-3.026514405758707E+001,-3.381615390801324E+001,
7.804496578690127E+009,-3.008109209758538E+001,-5.085979865237486E+001,
7.808406647116324E+009,-2.999592677921095E+001,-6.934674372981156E+001,
7.812316715542522E+009,-3.000882886782128E+001,-8.791343149778632E+001,
7.816226783968720E+009,-2.985991088114304E+001,-1.061534838396528E+002,
7.820136852394917E+009,-2.973731665901661E+001,-1.254076771899103E+002,
7.824046920821115E+009,-2.964581065771871E+001,-1.440086281057332E+002,
7.827956989247313E+009,-2.948791196312786E+001,-1.637274935421804E+002,
7.831867057673510E+009,-2.958883173208116E+001,1.755937539284469E+002,
7.835777126099707E+009,-2.983732738987352E+001,1.562714855494087E+002,
7.839687194525904E+009,-3.008152451283985E+001,1.373235431772228E+002,
7.843597262952102E+009,-3.032926379193154E+001,1.200390949123040E+002,
7.847507331378300E+009,-3.024831826526416E+001,1.034136082546099E+002,
7.851417399804497E+009,-3.013989987743711E+001,8.540517347583544E+001,
7.855327468230694E+009,-3.001101223634104E+001,6.672669177310623E+001,
7.859237536656891E+009,-2.996824564296784E+001,4.666810594830205E+001,
7.863147605083089E+009,-3.018239238764330E+001,2.843537630757580E+001,
7.867057673509287E+009,-3.014878501644500E+001,1.138948755743477E+001,
7.870967741935484E+009,-2.991230361309328E+001,-7.304352490840717E+000,
7.874877810361681E+009,-2.985252299209790E+001,-2.679331030585447E+001,
7.878787878787879E+009,-2.975469505471233E+001,-4.627894082148283E+001,
7.882697947214077E+009,-2.982616154319869E+001,-6.644419161981760E+001,
7.886608015640274E+009,-3.005789678971892E+001,-8.609475139812993E+001,
7.890518084066471E+009,-3.025152477043399E+001,-1.039285914855993E+002,
7.894428152492668E+009,-3.026005980549038E+001,-1.219003548107164E+002,
7.898338220918866E+009,-3.025658135348789E+001,-1.397065717144342E+002,
7.902248289345064E+009,-3.020547092344508E+001,-1.579840555458488E+002,
7.906158357771261E+009,-3.010236399720769E+001,-1.770187566813972E+002,
7.910068426197458E+009,-2.992155235098081E+001,1.632966942924192E+002,
7.913978494623655E+009,-2.986517998972740E+001,1.419791448651094E+002,
7.917888563049853E+009,-3.024114943543779E+001,1.205806970425819E+002,
7.921798631476051E+009,-3.083186103644744E+001,1.018131725447081E+002,
7.925708699902248E+009,-3.123521078291919E+001,8.522671206088614E+001,
7.929618768328445E+009,-3.130735084416286E+001,6.864549590342517E+001,
7.933528836754643E+009,-3.125776772515181E+001,5.132956951985354E+001,
7.937438905180841E+009,-3.119772288078006E+001,3.304739532014750E+001,
7.941348973607039E+009,-3.110514236446943E+001,1.372696808403093E+001,
7.945259042033236E+009,-3.130030434299896E+001,-6.234266513155504E+000,
7.949169110459433E+009,-3.158728177051966E+001,-2.509134879598347E+001,
7.953079178885631E+009,-3.182151035357756E+001,-4.270410556588453E+001,
7.956989247311829E+009,-3.187782944827866E+001,-6.127304030904959E+001,
7.960899315738026E+009,-3.223387810971775E+001,-8.096560677622013E+001,
7.964809384164223E+009,-3.271249260378210E+001,-9.860416849626778E+001,
7.968719452590420E+009,-3.340695010368594E+001,-1.150894961892673E+002,
7.972629521016618E+009,-3.371114727714430E+001,-1.266589161135134E+002,
7.976539589442816E+009,-3.318917236536321E+001,-1.402893206610127E+002,
7.980449657869013E+009,-3.257542990398330E+001,-1.585812315098615E+002,
7.984359726295210E+009,-3.240750959590099E+001,-1.775996290801981E+002,
7.988269794721408E+009,-3.239765801808580E+001,1.626988096945906E+002,
7.992179863147605E+009,-3.264431766763528E+001,1.457311433281591E+002,
7.996089931573803E+009,-3.252513544732956E+001,1.285778638625363E+002,
8.000000000000000E+009,-3.243662944133344E+001,1.108068530176582E+002,
