% Version 1.00
%
%freq[Hz];db:Trc1_S21;ang:Trc1_S21;
4.000000000000000E+009,-2.594880000247633E+001,-1.156740145897934E+002,
4.003910068426198E+009,-2.618474009217238E+001,-1.336737979120960E+002,
4.007820136852395E+009,-2.612021232831781E+001,-1.510205437913152E+002,
4.011730205278593E+009,-2.606507510308791E+001,-1.694645014751975E+002,
4.015640273704790E+009,-2.592395109568844E+001,1.728571769488800E+002,
4.019550342130987E+009,-2.577465321890553E+001,1.534462435154903E+002,
4.023460410557185E+009,-2.537743663841405E+001,1.341611536019809E+002,
4.027370478983382E+009,-2.560610272913932E+001,1.132145542593592E+002,
4.031280547409580E+009,-2.544951939974617E+001,9.439882873680176E+001,
4.035190615835777E+009,-2.531485566734272E+001,7.329044005823025E+001,
4.039100684261975E+009,-2.535607251948153E+001,5.251829352072441E+001,
4.043010752688172E+009,-2.548665276071409E+001,3.150401662364600E+001,
4.046920821114369E+009,-2.593805377354779E+001,1.075065119204303E+001,
4.050830889540567E+009,-2.613705049457183E+001,-7.093905595205201E+000,
4.054740957966765E+009,-2.621138192387923E+001,-2.587803928273412E+001,
4.058651026392962E+009,-2.617778566226065E+001,-4.593675023458525E+001,
4.062561094819160E+009,-2.623090371522446E+001,-6.564945080579838E+001,
4.066471163245357E+009,-2.639739904371507E+001,-8.575668268975613E+001,
4.070381231671554E+009,-2.661247583149382E+001,-1.052110643623706E+002,
4.074291300097752E+009,-2.674989043164102E+001,-1.258033182116813E+002,
4.078201368523949E+009,-2.702585719846511E+001,-1.441222721312954E+002,
4.082111436950147E+009,-2.697464240910538E+001,-1.636572336001061E+002,
4.086021505376344E+009,-2.712417370667789E+001,1.767050863834336E+002,
4.089931573802542E+009,-2.749532509198479E+001,1.564381238269860E+002,
4.093841642228739E+009,-2.781691909151215E+001,1.392343227694507E+002,
4.097751710654936E+009,-2.797426274943346E+001,1.217990134150833E+002,
4.101661779081134E+009,-2.765770314216634E+001,1.059540425126915E+002,
4.105571847507331E+009,-2.723403397380494E+001,8.659180772377307E+001,
4.109481915933529E+009,-2.683775762179548E+001,6.450458522304061E+001,
4.113391984359726E+009,-2.693664744505982E+001,4.251699970122726E+001,
4.117302052785924E+009,-2.731834481519996E+001,2.173300479013064E+001,
4.121212121212121E+009,-2.742904564812730E+001,4.237099617057629E+000,
4.125122189638319E+009,-2.745451229340637E+001,-1.478635149150093E+001,
4.129032258064516E+009,-2.737412462846345E+001,-3.434800186587716E+001,
4.132942326490714E+009,-2.736166048062083E+001,-5.350633673340543E+001,
4.136852394916911E+009,-2.730014652093426E+001,-7.301170651776496E+001,
4.140762463343109E+009,-2.724634532170332E+001,-9.176898336602565E+001,
4.144672531769306E+009,-2.694362136996003E+001,-1.106249889481183E+002,
4.148582600195503E+009,-2.670349282454963E+001,-1.315363674966722E+002,
4.152492668621701E+009,-2.642780019254208E+001,-1.540663670701457E+002,
4.156402737047898E+009,-2.662346701040540E+001,-1.777330093700045E+002,
4.160312805474096E+009,-2.721459117838933E+001,1.619819390197733E+002,
4.164222873900293E+009,-2.735672007796435E+001,1.425848153287899E+002,
4.168132942326491E+009,-2.785802383524518E+001,1.219073086747929E+002,
4.172043010752688E+009,-2.860504614601577E+001,1.059549273349946E+002,
4.175953079178886E+009,-2.872086422611049E+001,9.152343919715561E+001,
4.179863147605083E+009,-2.835279641631342E+001,7.691873020011569E+001,
4.183773216031281E+009,-2.768602049906389E+001,5.867409862165684E+001,
4.187683284457478E+009,-2.734303377443603E+001,3.957164763947259E+001,
4.191593352883676E+009,-2.699093182614611E+001,1.903033252777143E+001,
4.195503421309873E+009,-2.677785237295563E+001,-2.547146203294282E+000,
4.199413489736071E+009,-2.688225228559256E+001,-2.411033018530936E+001,
4.203323558162268E+009,-2.742697018140349E+001,-4.441729543653415E+001,
4.207233626588465E+009,-2.783576260355247E+001,-5.982632804739747E+001,
4.211143695014663E+009,-2.782153279720142E+001,-7.594530225830773E+001,
4.215053763440860E+009,-2.762550102471811E+001,-9.119555233196469E+001,
4.218963831867058E+009,-2.724134634084745E+001,-1.065791859349870E+002,
4.222873900293255E+009,-2.650072671690096E+001,-1.253905408001838E+002,
4.226783968719452E+009,-2.621047029679953E+001,-1.452671117920956E+002,
4.230694037145650E+009,-2.560851804228428E+001,-1.638387156888640E+002,
4.234604105571847E+009,-2.517763818387677E+001,1.731723435828310E+002,
4.238514173998045E+009,-2.527916324386384E+001,1.519005789306858E+002,
4.242424242424243E+009,-2.560646518547068E+001,1.322570110993057E+002,
4.246334310850440E+009,-2.571860525017889E+001,1.158207839129199E+002,
4.250244379276638E+009,-2.551494664413418E+001,9.850884225583019E+001,
4.254154447702835E+009,-2.517275861894287E+001,8.082238678352907E+001,
4.258064516129032E+009,-2.469328246817439E+001,6.037353597620505E+001,
4.261974584555230E+009,-2.458003226381123E+001,4.154056692833378E+001,
4.265884652981427E+009,-2.417118682624144E+001,2.209454142486001E+001,
4.269794721407625E+009,-2.385855586185106E+001,1.136002182984462E+000,
4.273704789833822E+009,-2.379954709497684E+001,-1.911627927582142E+001,
4.277614858260019E+009,-2.370763723261997E+001,-3.892289291359281E+001,
4.281524926686217E+009,-2.356938700152949E+001,-5.970373521738217E+001,
4.285434995112414E+009,-2.382598307143869E+001,-7.973686930330162E+001,
4.289345063538612E+009,-2.384794114331028E+001,-9.764346671011607E+001,
4.293255131964809E+009,-2.366518529408758E+001,-1.162793806441790E+002,
4.297165200391007E+009,-2.342806812868442E+001,-1.354429529394259E+002,
4.301075268817205E+009,-2.335926727430406E+001,-1.550339118682638E+002,
4.304985337243402E+009,-2.306410314563991E+001,-1.742325543138202E+002,
4.308895405669600E+009,-2.289995675783736E+001,1.650233935618718E+002,
4.312805474095797E+009,-2.276696582833582E+001,1.437281657057862E+002,
4.316715542521994E+009,-2.290568280920817E+001,1.235392755354491E+002,
4.320625610948192E+009,-2.284458015494984E+001,1.029377400715603E+002,
4.324535679374389E+009,-2.297221499681312E+001,8.162642065305015E+001,
4.328445747800587E+009,-2.332973440185625E+001,6.202800209179401E+001,
4.332355816226784E+009,-2.352549620914422E+001,4.238991454812604E+001,
4.336265884652982E+009,-2.374997071713279E+001,2.368432945142829E+001,
4.340175953079179E+009,-2.388562146490050E+001,5.467016218515365E+000,
4.344086021505377E+009,-2.390519169209867E+001,-1.249966410057231E+001,
4.347996089931574E+009,-2.377507162829252E+001,-3.133927066454407E+001,
4.351906158357771E+009,-2.381396354568032E+001,-5.127487206911589E+001,
4.355816226783969E+009,-2.394416570179412E+001,-7.087757095253564E+001,
4.359726295210166E+009,-2.401544471403216E+001,-9.024987052140699E+001,
4.363636363636364E+009,-2.416441662630872E+001,-1.096780740149251E+002,
4.367546432062561E+009,-2.444585791474326E+001,-1.283218058329328E+002,
4.371456500488758E+009,-2.448624968758286E+001,-1.473757224514652E+002,
4.375366568914956E+009,-2.473878221876710E+001,-1.656310930539333E+002,
4.379276637341153E+009,-2.485280078079297E+001,1.759281953054949E+002,
4.383186705767351E+009,-2.508510352101307E+001,1.583275494376570E+002,
4.387096774193548E+009,-2.501299340273887E+001,1.407398630386202E+002,
4.391006842619746E+009,-2.493460655294154E+001,1.232911400290203E+002,
4.394916911045943E+009,-2.472067872794611E+001,1.032506069249597E+002,
4.398826979472141E+009,-2.494345878609665E+001,8.452916502061649E+001,
4.402737047898338E+009,-2.485189481430582E+001,6.656079370106788E+001,
4.406647116324535E+009,-2.470597353669571E+001,4.765117460896068E+001,
4.410557184750733E+009,-2.469154873532592E+001,2.691661730542147E+001,
4.414467253176930E+009,-2.499218069400921E+001,7.193053872435216E+000,
4.418377321603128E+009,-2.514876327308564E+001,-1.120495866366949E+001,
4.422287390029326E+009,-2.541625674564651E+001,-2.929122537666273E+001,
4.426197458455523E+009,-2.535876509632154E+001,-4.571533417561711E+001,
4.430107526881721E+009,-2.512169995791724E+001,-6.386839215503997E+001,
4.434017595307918E+009,-2.501827134411090E+001,-8.309686958177259E+001,
4.437927663734116E+009,-2.482556941817445E+001,-1.016838502329788E+002,
4.441837732160313E+009,-2.476089294634862E+001,-1.224047193011764E+002,
4.445747800586511E+009,-2.486659511427660E+001,-1.426793731027000E+002,
4.449657869012708E+009,-2.501411198243687E+001,-1.619532527289038E+002,
4.453567937438905E+009,-2.503218549996175E+001,1.781286294338256E+002,
4.457478005865103E+009,-2.543671703942218E+001,1.581245133648570E+002,
4.461388074291300E+009,-2.587402194714962E+001,1.404159610516919E+002,
4.465298142717498E+009,-2.605123119974362E+001,1.235630318259041E+002,
4.469208211143695E+009,-2.618497398411080E+001,1.082777443161727E+002,
4.473118279569893E+009,-2.575530424842648E+001,9.241340983368757E+001,
4.477028347996090E+009,-2.526720182308143E+001,7.375281929876402E+001,
4.480938416422287E+009,-2.484693786790981E+001,5.271915667452989E+001,
4.484848484848485E+009,-2.495149596915973E+001,3.132470747178319E+001,
4.488758553274682E+009,-2.520351179696793E+001,1.285911111168281E+001,
4.492668621700880E+009,-2.511494139907470E+001,-5.729859841019684E+000,
4.496578690127077E+009,-2.501214033211436E+001,-2.405550107818987E+001,
4.500488758553275E+009,-2.508772037941802E+001,-4.357536135325908E+001,
4.504398826979472E+009,-2.515017629015450E+001,-6.241737955208866E+001,
4.508308895405669E+009,-2.519072534769610E+001,-7.987964376544849E+001,
4.512218963831867E+009,-2.505212920675163E+001,-9.659474016705863E+001,
4.516129032258064E+009,-2.474781569744821E+001,-1.148911573174920E+002,
4.520039100684262E+009,-2.431234385937069E+001,-1.344760948535343E+002,
4.523949169110459E+009,-2.395572546126257E+001,-1.552367698475368E+002,
4.527859237536657E+009,-2.400680238160818E+001,-1.762042361629860E+002,
4.531769305962854E+009,-2.416757000623060E+001,1.640202066584819E+002,
4.535679374389051E+009,-2.403086720314456E+001,1.445409256751078E+002,
4.539589442815249E+009,-2.400478484266168E+001,1.245891966960771E+002,
4.543499511241447E+009,-2.432760208639453E+001,1.050342283489773E+002,
4.547409579667645E+009,-2.430102320850715E+001,8.747106120374593E+001,
4.551319648093842E+009,-2.413275357020551E+001,6.811872487357789E+001,
4.555229716520039E+009,-2.415448089853860E+001,4.903707504219482E+001,
4.559139784946237E+009,-2.389609794230623E+001,3.048506623900336E+001,
4.563049853372434E+009,-2.375068987265848E+001,9.607420018211856E+000,
4.566959921798632E+009,-2.384747371260836E+001,-1.133680091584589E+001,
4.570869990224829E+009,-2.414364988469353E+001,-3.116194128722082E+001,
4.574780058651027E+009,-2.433765671291285E+001,-4.823835261964897E+001,
4.578690127077224E+009,-2.424108006242190E+001,-6.543637751244208E+001,
4.582600195503422E+009,-2.398955359953126E+001,-8.410899386517468E+001,
4.586510263929619E+009,-2.384063599460823E+001,-1.038261549264224E+002,
4.590420332355816E+009,-2.382413630826274E+001,-1.235547266993363E+002,
4.594330400782014E+009,-2.384423752973846E+001,-1.423684202714951E+002,
4.598240469208211E+009,-2.362483844072620E+001,-1.612686801674871E+002,
4.602150537634409E+009,-2.359875289057950E+001,1.779876400280391E+002,
4.606060606060606E+009,-2.369868643100480E+001,1.589751291865016E+002,
4.609970674486803E+009,-2.364881193247749E+001,1.394795245227497E+002,
4.613880742913001E+009,-2.378128007419362E+001,1.199423189662779E+002,
4.617790811339198E+009,-2.393023440282061E+001,1.013235279530235E+002,
4.621700879765396E+009,-2.399743936036477E+001,8.196650657624029E+001,
4.625610948191593E+009,-2.419875950452583E+001,6.347190484472462E+001,
4.629521016617791E+009,-2.432313219312949E+001,4.575862661276594E+001,
4.633431085043988E+009,-2.447993420229908E+001,2.861474690016578E+001,
4.637341153470186E+009,-2.430685086021967E+001,1.137322474159843E+001,
4.641251221896383E+009,-2.405315645470061E+001,-7.046106474400268E+000,
4.645161290322580E+009,-2.393846287019954E+001,-2.644389995707505E+001,
4.649071358748778E+009,-2.401103025715486E+001,-4.587331676747017E+001,
4.652981427174975E+009,-2.404807535639547E+001,-6.391569387726988E+001,
4.656891495601173E+009,-2.403034017052130E+001,-8.352221965272909E+001,
4.660801564027371E+009,-2.416927802947414E+001,-1.014086438227466E+002,
4.664711632453568E+009,-2.420944741570025E+001,-1.201632705688721E+002,
4.668621700879766E+009,-2.434565120663619E+001,-1.377703369646816E+002,
4.672531769305963E+009,-2.454223034496102E+001,-1.550288967526876E+002,
4.676441837732161E+009,-2.442330084145389E+001,-1.704208445745832E+002,
4.680351906158358E+009,-2.394622175531172E+001,1.722917819591943E+002,
4.684261974584556E+009,-2.383159514159232E+001,1.525433040580965E+002,
4.688172043010753E+009,-2.371141073000497E+001,1.332992638169299E+002,
4.692082111436951E+009,-2.376792823576168E+001,1.150808368013268E+002,
4.695992179863148E+009,-2.375869434801540E+001,9.628821185174674E+001,
4.699902248289345E+009,-2.377498095789463E+001,7.889265841213688E+001,
4.703812316715543E+009,-2.375325908307315E+001,6.052368770889825E+001,
4.707722385141740E+009,-2.386448992469034E+001,4.294852020037551E+001,
4.711632453567938E+009,-2.375452908142050E+001,2.591657197921225E+001,
4.715542521994135E+009,-2.349690598917410E+001,9.022140648221283E+000,
4.719452590420332E+009,-2.316160819168395E+001,-9.111910165475223E+000,
4.723362658846530E+009,-2.299860048326734E+001,-2.908447976938103E+001,
4.727272727272727E+009,-2.297558343210503E+001,-4.765679557014040E+001,
4.731182795698925E+009,-2.289534709710836E+001,-6.683895163430248E+001,
4.735092864125122E+009,-2.293931762630696E+001,-8.616953675107945E+001,
4.739002932551320E+009,-2.311879793616258E+001,-1.045036495436033E+002,
4.742913000977517E+009,-2.315876437494390E+001,-1.214760819013012E+002,
4.746823069403714E+009,-2.291645916074481E+001,-1.389102212458853E+002,
4.750733137829912E+009,-2.294589228749966E+001,-1.576926399274654E+002,
4.754643206256109E+009,-2.295443712588936E+001,-1.752806493105821E+002,
4.758553274682307E+009,-2.277965952258181E+001,1.670696884087862E+002,
4.762463343108504E+009,-2.275641506310920E+001,1.486001653123425E+002,
4.766373411534702E+009,-2.272128432911697E+001,1.310413234793520E+002,
4.770283479960899E+009,-2.250760879965848E+001,1.140684639295196E+002,
4.774193548387096E+009,-2.214383861509027E+001,9.480485600839474E+001,
4.778103616813294E+009,-2.208305979034108E+001,7.478952535546841E+001,
4.782013685239492E+009,-2.223827508180438E+001,5.645646280888410E+001,
4.785923753665690E+009,-2.225700382507669E+001,3.881163258069894E+001,
4.789833822091887E+009,-2.217482460109894E+001,2.150557469460072E+001,
4.793743890518084E+009,-2.192796676690093E+001,3.630496146720780E+000,
4.797653958944282E+009,-2.162966528830446E+001,-1.557896648127395E+001,
4.801564027370479E+009,-2.157044417199090E+001,-3.529427254991640E+001,
4.805474095796677E+009,-2.155760114507292E+001,-5.507183102465752E+001,
4.809384164222874E+009,-2.170319071405498E+001,-7.438107179177611E+001,
4.813294232649072E+009,-2.184077687216561E+001,-9.258094427832911E+001,
4.817204301075269E+009,-2.180366289275504E+001,-1.106717226430901E+002,
4.821114369501467E+009,-2.178148849460693E+001,-1.292309318857421E+002,
4.825024437927664E+009,-2.176273903956852E+001,-1.478428166913249E+002,
4.828934506353861E+009,-2.172230155472001E+001,-1.664192351964098E+002,
4.832844574780059E+009,-2.169795679548966E+001,1.739780319941826E+002,
4.836754643206256E+009,-2.170607284058337E+001,1.546198689324432E+002,
4.840664711632454E+009,-2.181328181785280E+001,1.352855503113475E+002,
4.844574780058651E+009,-2.202174508357610E+001,1.158779444578052E+002,
4.848484848484848E+009,-2.232931155966315E+001,9.747538117599362E+001,
4.852394916911046E+009,-2.251610328604001E+001,8.022586929026122E+001,
4.856304985337243E+009,-2.253483380888687E+001,6.243213843156492E+001,
4.860215053763441E+009,-2.251317442451260E+001,4.390935747851833E+001,
4.864125122189638E+009,-2.256732993625633E+001,2.534460215789814E+001,
4.868035190615836E+009,-2.270172835940068E+001,6.824789818337034E+000,
4.871945259042033E+009,-2.278557882715499E+001,-1.049006594501592E+001,
4.875855327468231E+009,-2.272480521266274E+001,-2.924735987977634E+001,
4.879765395894428E+009,-2.279437715695901E+001,-4.869430774102437E+001,
4.883675464320625E+009,-2.296651515578556E+001,-6.722587084312966E+001,
4.887585532746823E+009,-2.316861724472565E+001,-8.638902349354706E+001,
4.891495601173020E+009,-2.341978202751898E+001,-1.036310186101453E+002,
4.895405669599218E+009,-2.347314687807344E+001,-1.220575475256360E+002,
4.899315738025415E+009,-2.363157947968486E+001,-1.397562177299189E+002,
4.903225806451613E+009,-2.366700461572371E+001,-1.576894233795761E+002,
4.907135874877811E+009,-2.365810921065538E+001,-1.763796819456505E+002,
4.911045943304008E+009,-2.389222154951890E+001,1.639400653262036E+002,
4.914956011730206E+009,-2.431574040716556E+001,1.455252471761751E+002,
4.918866080156403E+009,-2.456816586227751E+001,1.285738498485748E+002,
4.922776148582601E+009,-2.480886617097856E+001,1.110623630645044E+002,
4.926686217008798E+009,-2.507158574170812E+001,9.430833888918821E+001,
4.930596285434996E+009,-2.521008050488821E+001,7.860426559801120E+001,
4.934506353861193E+009,-2.520671142916897E+001,6.186360102387618E+001,
4.938416422287390E+009,-2.501840497330813E+001,4.558014164236361E+001,
4.942326490713588E+009,-2.492579044308412E+001,2.810134539842768E+001,
4.946236559139785E+009,-2.473879202012599E+001,9.425060660926651E+000,
4.950146627565983E+009,-2.470940648576079E+001,-8.881109869692896E+000,
4.954056695992180E+009,-2.468159727898555E+001,-2.694100728197834E+001,
4.957966764418377E+009,-2.469017371049967E+001,-4.629927174724764E+001,
4.961876832844575E+009,-2.478724789365824E+001,-6.501025443201944E+001,
4.965786901270772E+009,-2.492027535805574E+001,-8.362653001962971E+001,
4.969696969696970E+009,-2.518464089180964E+001,-1.015196875869730E+002,
4.973607038123167E+009,-2.540059047666995E+001,-1.185122709399952E+002,
4.977517106549365E+009,-2.528238772158964E+001,-1.336857796886293E+002,
4.981427174975562E+009,-2.506201521318018E+001,-1.518077503657469E+002,
4.985337243401759E+009,-2.483456967588625E+001,-1.700081736381049E+002,
4.989247311827957E+009,-2.460078691731020E+001,1.701978463673254E+002,
4.993157380254154E+009,-2.467074510961014E+001,1.502514631156736E+002,
4.997067448680352E+009,-2.482040293252140E+001,1.314266633170314E+002,
5.000977517106549E+009,-2.484711361663236E+001,1.130977689776220E+002,
5.004887585532747E+009,-2.483743132054963E+001,9.405091308060281E+001,
5.008797653958944E+009,-2.482314235567947E+001,7.598727963513281E+001,
5.012707722385141E+009,-2.470878658984527E+001,5.755754078246176E+001,
5.016617790811339E+009,-2.464428945540543E+001,3.735490476281599E+001,
5.020527859237536E+009,-2.477147061515894E+001,1.816667441836172E+001,
5.024437927663734E+009,-2.476895337069816E+001,-2.834371492847340E-001,
5.028347996089932E+009,-2.471699247299002E+001,-1.994262873270034E+001,
5.032258064516129E+009,-2.473799807191165E+001,-3.969788713904045E+001,
5.036168132942327E+009,-2.489568134113543E+001,-6.005403859266147E+001,
5.040078201368524E+009,-2.510640723154144E+001,-7.828320958993048E+001,
5.043988269794722E+009,-2.517615873291030E+001,-9.766882477608078E+001,
5.047898338220919E+009,-2.532376630930905E+001,-1.158418118829931E+002,
5.051808406647117E+009,-2.527596782165299E+001,-1.341107856626584E+002,
5.055718475073314E+009,-2.514010680913049E+001,-1.541295359609932E+002,
5.059628543499512E+009,-2.509710169885501E+001,-1.739049182507779E+002,
5.063538611925709E+009,-2.534489247880137E+001,1.663844295774535E+002,
5.067448680351906E+009,-2.553727070754016E+001,1.481957717533796E+002,
5.071358748778104E+009,-2.542011114561613E+001,1.312087374947967E+002,
5.075268817204301E+009,-2.507599459714725E+001,1.114859592687030E+002,
5.079178885630499E+009,-2.490537461241950E+001,9.083304753566335E+001,
5.083088954056696E+009,-2.489604153696576E+001,7.058799531834943E+001,
5.086999022482893E+009,-2.477618550147384E+001,4.993742311826949E+001,
5.090909090909091E+009,-2.481998991985287E+001,2.890481190930288E+001,
5.094819159335288E+009,-2.497303439093287E+001,8.031054863548482E+000,
5.098729227761486E+009,-2.509461299875115E+001,-1.207314251671833E+001,
5.102639296187683E+009,-2.532112608652293E+001,-3.197287258053073E+001,
5.106549364613881E+009,-2.527959280886351E+001,-5.050019156933669E+001,
5.110459433040078E+009,-2.510990824574683E+001,-7.048230400831505E+001,
5.114369501466276E+009,-2.506342225112253E+001,-9.156398232644817E+001,
5.118279569892473E+009,-2.515859431491203E+001,-1.119866755897780E+002,
5.122189638318670E+009,-2.514094160953772E+001,-1.322075217026498E+002,
5.126099706744868E+009,-2.516539095804404E+001,-1.524925435104840E+002,
5.130009775171065E+009,-2.512913509235017E+001,-1.731643696033096E+002,
5.133919843597263E+009,-2.513824501493572E+001,1.658362835367992E+002,
5.137829912023460E+009,-2.532740794481691E+001,1.443418107520104E+002,
5.141739980449657E+009,-2.555247485910794E+001,1.248823614356753E+002,
5.145650048875855E+009,-2.535213921434739E+001,1.049151517897831E+002,
5.149560117302053E+009,-2.525281430949537E+001,8.458325988900283E+001,
5.153470185728251E+009,-2.522602944147243E+001,6.276507410984233E+001,
5.157380254154448E+009,-2.548645384986247E+001,4.032202337459847E+001,
5.161290322580645E+009,-2.581560524874622E+001,2.061847620358051E+001,
5.165200391006843E+009,-2.603374367621276E+001,2.299495135764503E-001,
5.169110459433041E+009,-2.617640532097115E+001,-1.906581890130912E+001,
5.173020527859238E+009,-2.650584344657548E+001,-3.730695725730831E+001,
5.176930596285435E+009,-2.637053875378287E+001,-5.503799823159706E+001,
5.180840664711633E+009,-2.616696679981112E+001,-7.424215837428373E+001,
5.184750733137830E+009,-2.584392286450704E+001,-9.402964987940371E+001,
5.188660801564028E+009,-2.574927045646195E+001,-1.148105931406631E+002,
5.192570869990225E+009,-2.556040888109018E+001,-1.350363500786201E+002,
5.196480938416422E+009,-2.548479075457944E+001,-1.572179360026824E+002,
5.200391006842620E+009,-2.551958803755465E+001,-1.781907035281531E+002,
5.204301075268817E+009,-2.578533175459878E+001,1.601730153164887E+002,
5.208211143695015E+009,-2.607392800585998E+001,1.407562678990014E+002,
5.212121212121212E+009,-2.627737200010534E+001,1.222747840507667E+002,
5.216031280547409E+009,-2.636839772353265E+001,1.034841110403215E+002,
5.219941348973607E+009,-2.625223276980823E+001,8.344379053050160E+001,
5.223851417399805E+009,-2.658112725676360E+001,6.431782031980799E+001,
5.227761485826002E+009,-2.665258520673582E+001,4.633360920824497E+001,
5.231671554252199E+009,-2.655680012718457E+001,2.904001537996195E+001,
5.235581622678397E+009,-2.632730447824370E+001,9.362496223113883E+000,
5.239491691104594E+009,-2.629945644913264E+001,-1.000805775794502E+001,
5.243401759530792E+009,-2.610517447966082E+001,-2.933177843186558E+001,
5.247311827956989E+009,-2.614891558516346E+001,-4.957792774737412E+001,
5.251221896383186E+009,-2.625369046507982E+001,-6.966728720628417E+001,
5.255131964809384E+009,-2.636600451949179E+001,-8.891485043071756E+001,
5.259042033235581E+009,-2.630772584130156E+001,-1.080532231986509E+002,
5.262952101661779E+009,-2.645996610534195E+001,-1.278315973383116E+002,
5.266862170087977E+009,-2.686594512709162E+001,-1.465619478075098E+002,
5.270772238514174E+009,-2.713777199862298E+001,-1.626532103396072E+002,
5.274682306940372E+009,-2.700010770993238E+001,-1.781787106107251E+002,
5.278592375366570E+009,-2.669208613098871E+001,1.638253179678619E+002,
5.282502443792767E+009,-2.641193743995735E+001,1.452495500557378E+002,
5.286412512218964E+009,-2.617224257772094E+001,1.268752326484130E+002,
5.290322580645162E+009,-2.588966518905298E+001,1.068388955727127E+002,
5.294232649071359E+009,-2.583479735251300E+001,8.744693490739785E+001,
5.298142717497557E+009,-2.590077667406650E+001,6.805600741707498E+001,
5.302052785923754E+009,-2.596812214109464E+001,4.881604738451715E+001,
5.305962854349951E+009,-2.590025027995529E+001,3.181533902944313E+001,
5.309872922776149E+009,-2.572495973063102E+001,1.251843156727768E+001,
5.313782991202346E+009,-2.577696151307663E+001,-6.527566010457195E+000,
5.317693059628544E+009,-2.575469991567468E+001,-2.354061254043836E+001,
5.321603128054741E+009,-2.550049409414335E+001,-4.172261089888819E+001,
5.325513196480938E+009,-2.524574397175103E+001,-6.088341770077438E+001,
5.329423264907136E+009,-2.518761904128706E+001,-8.053754691690749E+001,
5.333333333333333E+009,-2.520781550757721E+001,-9.927655933602485E+001,
5.337243401759531E+009,-2.524177327241225E+001,-1.181122308646026E+002,
5.341153470185728E+009,-2.509574662663772E+001,-1.368759606412535E+002,
5.345063538611926E+009,-2.500401168407592E+001,-1.557040095248635E+002,
5.348973607038123E+009,-2.494548096520283E+001,-1.745028099198426E+002,
5.352883675464321E+009,-2.488130461463539E+001,1.667015448232709E+002,
5.356793743890518E+009,-2.496011538345460E+001,1.475509039882455E+002,
5.360703812316715E+009,-2.501268060995601E+001,1.295230274107312E+002,
5.364613880742913E+009,-2.485747409473039E+001,1.131467595216720E+002,
5.368523949169110E+009,-2.450693084632044E+001,9.517929755287383E+001,
5.372434017595308E+009,-2.422722591654723E+001,7.522586276394421E+001,
5.376344086021505E+009,-2.398244706416221E+001,5.497638784631505E+001,
5.380254154447702E+009,-2.399632901840050E+001,3.369534488980610E+001,
5.384164222873900E+009,-2.415583645790117E+001,1.427054370838472E+001,
5.388074291300098E+009,-2.420711979140788E+001,-3.872318404465133E+000,
5.391984359726296E+009,-2.411922948667985E+001,-2.248552571921194E+001,
5.395894428152493E+009,-2.409076133933218E+001,-4.190070182046612E+001,
5.399804496578690E+009,-2.407754028370625E+001,-6.112489487056441E+001,
5.403714565004888E+009,-2.402513644729111E+001,-8.071159655189115E+001,
5.407624633431086E+009,-2.406129189199322E+001,-1.012373780261732E+002,
5.411534701857283E+009,-2.440489286212330E+001,-1.205068516509112E+002,
5.415444770283480E+009,-2.460499186457812E+001,-1.380139337548339E+002,
5.419354838709678E+009,-2.452621315924471E+001,-1.543503354766748E+002,
5.423264907135875E+009,-2.431064325587617E+001,-1.726973988113538E+002,
5.427174975562073E+009,-2.415655260342227E+001,1.677179070638171E+002,
5.431085043988270E+009,-2.387831715659484E+001,1.481015991529678E+002,
5.434995112414467E+009,-2.391420385602214E+001,1.265284657526919E+002,
5.438905180840665E+009,-2.427784175629348E+001,1.060765891994381E+002,
5.442815249266862E+009,-2.462513123092239E+001,8.767727816836046E+001,
5.446725317693060E+009,-2.482606865176393E+001,7.045402490376739E+001,
5.450635386119257E+009,-2.481534982356045E+001,5.239796858714353E+001,
5.454545454545454E+009,-2.486667210870570E+001,3.404212390412563E+001,
5.458455522971652E+009,-2.488927834402638E+001,1.594726775136046E+001,
5.462365591397850E+009,-2.491417240154244E+001,-2.369181323306027E+000,
5.466275659824047E+009,-2.490905404175850E+001,-2.059499828227453E+001,
5.470185728250244E+009,-2.480749165916561E+001,-4.026433731592713E+001,
5.474095796676442E+009,-2.480604885027666E+001,-5.908808141894375E+001,
5.478005865102639E+009,-2.487038176609725E+001,-7.965384808431922E+001,
5.481915933528837E+009,-2.523017121693589E+001,-9.963588930079176E+001,
5.485826001955034E+009,-2.578687773212719E+001,-1.185047643884791E+002,
5.489736070381231E+009,-2.611455620449529E+001,-1.341559891335202E+002,
5.493646138807429E+009,-2.593242756731303E+001,-1.498141819417675E+002,
5.497556207233626E+009,-2.589829635711235E+001,-1.681799561539244E+002,
5.501466275659824E+009,-2.588006994614118E+001,1.744601217276995E+002,
5.505376344086021E+009,-2.585880286689164E+001,1.557038121434209E+002,
5.509286412512219E+009,-2.600391335442270E+001,1.372521938365050E+002,
5.513196480938417E+009,-2.611038295042910E+001,1.196443627640491E+002,
5.517106549364615E+009,-2.620818231518975E+001,1.020415273305723E+002,
5.521016617790812E+009,-2.625154946963172E+001,8.604095134931058E+001,
5.524926686217009E+009,-2.600702477381401E+001,6.871718066421049E+001,
5.528836754643207E+009,-2.591546864624452E+001,5.104760595538176E+001,
5.532746823069404E+009,-2.578167838688263E+001,3.345477195156350E+001,
5.536656891495602E+009,-2.563167018629200E+001,1.479700809730000E+001,
5.540566959921799E+009,-2.547915947781750E+001,-2.747067919737348E+000,
5.544477028347996E+009,-2.539056302038870E+001,-2.124619547789659E+001,
5.548387096774194E+009,-2.507603133472346E+001,-3.890466156229979E+001,
5.552297165200391E+009,-2.490931236959876E+001,-5.808985735310768E+001,
5.556207233626589E+009,-2.474583355402166E+001,-7.716245628962700E+001,
5.560117302052786E+009,-2.473314916596323E+001,-9.635650064608963E+001,
5.564027370478983E+009,-2.468850698376194E+001,-1.144220090096206E+002,
5.567937438905181E+009,-2.450512543993567E+001,-1.320960896996602E+002,
5.571847507331378E+009,-2.422451930523780E+001,-1.517225723572463E+002,
5.575757575757576E+009,-2.411167634243019E+001,-1.714720263202447E+002,
5.579667644183773E+009,-2.411642091629115E+001,1.690962998590692E+002,
5.583577712609971E+009,-2.401786536501371E+001,1.503325496817495E+002,
5.587487781036168E+009,-2.402663030530425E+001,1.301339278028049E+002,
5.591397849462366E+009,-2.401863707146387E+001,1.118212079880538E+002,
5.595307917888563E+009,-2.386989258897069E+001,9.314062849980495E+001,
5.599217986314760E+009,-2.381593715939722E+001,7.396088224016847E+001,
5.603128054740958E+009,-2.361495478820405E+001,5.465508585235061E+001,
5.607038123167155E+009,-2.360877330887787E+001,3.421272653150351E+001,
5.610948191593353E+009,-2.362999541631086E+001,1.469734489206883E+001,
5.614858260019550E+009,-2.361500901166421E+001,-4.906790025875234E+000,
5.618768328445747E+009,-2.359768450336821E+001,-2.459996252801918E+001,
5.622678396871945E+009,-2.365859690781975E+001,-4.447887507513184E+001,
5.626588465298142E+009,-2.376112994065205E+001,-6.476279366349301E+001,
5.630498533724340E+009,-2.403120514532052E+001,-8.401756915400050E+001,
5.634408602150538E+009,-2.418382577420410E+001,-1.021148038957954E+002,
5.638318670576735E+009,-2.422628092040318E+001,-1.210374494197959E+002,
5.642228739002933E+009,-2.441505663822169E+001,-1.402657336309061E+002,
5.646138807429131E+009,-2.463650314154283E+001,-1.585510331651044E+002,
5.650048875855328E+009,-2.471802031051455E+001,-1.762716352017767E+002,
5.653958944281525E+009,-2.480064452739156E+001,1.654701429671985E+002,
5.657869012707723E+009,-2.488594342184556E+001,1.477616923973152E+002,
5.661779081133920E+009,-2.487497607904223E+001,1.308846591910135E+002,
5.665689149560118E+009,-2.460835643591006E+001,1.130604648816633E+002,
5.669599217986315E+009,-2.436936698890609E+001,9.282140125796897E+001,
5.673509286412512E+009,-2.450210931739570E+001,7.178757294258850E+001,
5.677419354838710E+009,-2.479325440985619E+001,5.199729675891757E+001,
5.681329423264907E+009,-2.510027215395441E+001,3.382039720906899E+001,
5.685239491691105E+009,-2.554769089757118E+001,1.656960578687049E+001,
5.689149560117302E+009,-2.558088293784539E+001,6.637191011177771E-001,
5.693059628543499E+009,-2.542357316621083E+001,-1.591674103607226E+001,
5.696969696969697E+009,-2.526392430763461E+001,-3.270445322953557E+001,
5.700879765395895E+009,-2.507247843795852E+001,-5.061625093544051E+001,
5.704789833822092E+009,-2.471304013432800E+001,-6.833448696771410E+001,
5.708699902248289E+009,-2.448717657896690E+001,-8.766391175005349E+001,
5.712609970674487E+009,-2.432729017784141E+001,-1.082223914740066E+002,
5.716520039100684E+009,-2.439472589010056E+001,-1.277374665128452E+002,
5.720430107526882E+009,-2.453961120766062E+001,-1.465686296479476E+002,
5.724340175953079E+009,-2.459225994580028E+001,-1.650810100740440E+002,
5.728250244379276E+009,-2.462391815470847E+001,1.776338128600360E+002,
5.732160312805474E+009,-2.426172041983890E+001,1.587074468784719E+002,
5.736070381231671E+009,-2.423849609139801E+001,1.382887155081665E+002,
5.739980449657869E+009,-2.432943829748111E+001,1.187568429084719E+002,
5.743890518084066E+009,-2.438064504776071E+001,1.002821900719651E+002,
5.747800586510263E+009,-2.450922085964972E+001,8.118872773141108E+001,
5.751710654936461E+009,-2.461593347937731E+001,6.315788886632090E+001,
5.755620723362660E+009,-2.457095873719374E+001,4.468534949930650E+001,
5.759530791788857E+009,-2.466088485577770E+001,2.630651544554197E+001,
5.763440860215054E+009,-2.471875422706985E+001,8.589034503421940E+000,
5.767350928641252E+009,-2.463031854399652E+001,-9.309601017302027E+000,
5.771260997067449E+009,-2.441663397347494E+001,-2.766219035592187E+001,
5.775171065493647E+009,-2.423361208736213E+001,-4.702081219519091E+001,
5.779081133919844E+009,-2.423591149932026E+001,-6.785932198405352E+001,
5.782991202346041E+009,-2.436095691753238E+001,-8.681060303569859E+001,
5.786901270772239E+009,-2.437666175072019E+001,-1.048242010923792E+002,
5.790811339198436E+009,-2.440895178882106E+001,-1.238070580934948E+002,
5.794721407624634E+009,-2.441677033105642E+001,-1.429794555809701E+002,
5.798631476050831E+009,-2.457370356625752E+001,-1.621851533601228E+002,
5.802541544477028E+009,-2.480881135481545E+001,-1.798063576625671E+002,
5.806451612903226E+009,-2.472919895661547E+001,1.635411692492358E+002,
5.810361681329423E+009,-2.462816385571509E+001,1.450360239181434E+002,
5.814271749755621E+009,-2.459163164753107E+001,1.266430793962567E+002,
5.818181818181818E+009,-2.445178962843061E+001,1.088447777570551E+002,
5.822091886608016E+009,-2.430525981541196E+001,8.999691486435053E+001,
5.826001955034213E+009,-2.406439630910676E+001,7.028787657014861E+001,
5.829912023460411E+009,-2.407510597482380E+001,5.102243626140312E+001,
5.833822091886608E+009,-2.392188285503652E+001,3.245914183905700E+001,
5.837732160312805E+009,-2.387165824934740E+001,1.170514190654941E+001,
5.841642228739003E+009,-2.383256848644082E+001,-8.244140768729826E+000,
5.845552297165200E+009,-2.389882139353226E+001,-2.875996648999770E+001,
5.849462365591398E+009,-2.419520637961463E+001,-4.897216207497559E+001,
5.853372434017595E+009,-2.440560925440238E+001,-6.813538435592508E+001,
5.857282502443792E+009,-2.458653534922880E+001,-8.576663917199861E+001,
5.861192570869990E+009,-2.474178933937406E+001,-1.038036309460894E+002,
5.865102639296187E+009,-2.468322346523035E+001,-1.221708378212397E+002,
5.869012707722385E+009,-2.482639139517755E+001,-1.403294434217553E+002,
5.872922776148583E+009,-2.469916705821906E+001,-1.582809680024390E+002,
5.876832844574780E+009,-2.456423554639533E+001,-1.764983416424003E+002,
5.880742913000978E+009,-2.440985145061828E+001,1.638344402711149E+002,
5.884652981427176E+009,-2.427616658188024E+001,1.434114544963043E+002,
5.888563049853373E+009,-2.441412677301106E+001,1.234049006869474E+002,
5.892473118279570E+009,-2.451188524364414E+001,1.035447830879830E+002,
5.896383186705768E+009,-2.468033482370988E+001,8.370136316461094E+001,
5.900293255131965E+009,-2.497161554597614E+001,6.395835492091157E+001,
5.904203323558163E+009,-2.525246340057854E+001,4.594321488005104E+001,
5.908113391984360E+009,-2.539032309725904E+001,2.884580400829174E+001,
5.912023460410557E+009,-2.523502942993135E+001,1.093725825002053E+001,
5.915933528836755E+009,-2.514738190499941E+001,-8.476871744556341E+000,
5.919843597262952E+009,-2.524559241349342E+001,-2.739463440343782E+001,
5.923753665689150E+009,-2.536904704202054E+001,-4.683530481093215E+001,
5.927663734115347E+009,-2.545489155203272E+001,-6.496064903243426E+001,
5.931573802541544E+009,-2.534966465737970E+001,-8.373638935895868E+001,
5.935483870967742E+009,-2.541553312715077E+001,-1.027918674203386E+002,
5.939393939393940E+009,-2.536107316924310E+001,-1.213408945437217E+002,
5.943304007820137E+009,-2.524133792285564E+001,-1.418631125402103E+002,
5.947214076246334E+009,-2.552878208209602E+001,-1.620461804720036E+002,
5.951124144672532E+009,-2.596779402784820E+001,-1.799179664348401E+002,
5.955034213098729E+009,-2.584089999397560E+001,1.632248403327378E+002,
5.958944281524927E+009,-2.562848464511126E+001,1.441338673009146E+002,
5.962854349951124E+009,-2.566076572780661E+001,1.238883612790844E+002,
5.966764418377321E+009,-2.594957335968756E+001,1.043160561661550E+002,
5.970674486803519E+009,-2.610316993903539E+001,8.577961556166657E+001,
5.974584555229716E+009,-2.625428048075958E+001,6.784751758740836E+001,
5.978494623655914E+009,-2.632202488742245E+001,4.881822610704680E+001,
5.982404692082111E+009,-2.650220712596492E+001,3.141942840419689E+001,
5.986314760508308E+009,-2.637612471918401E+001,1.266967306840067E+001,
5.990224828934506E+009,-2.648152978685496E+001,-6.371121327911187E+000,
5.994134897360704E+009,-2.656252898916244E+001,-2.464667625582723E+001,
5.998044965786902E+009,-2.641128613354602E+001,-4.312155391565816E+001,
6.001955034213099E+009,-2.657191396591929E+001,-6.228716096154703E+001,
6.005865102639297E+009,-2.679718876701757E+001,-8.006073375956896E+001,
6.009775171065494E+009,-2.682007202785507E+001,-9.665527524828070E+001,
6.013685239491692E+009,-2.648028444480585E+001,-1.151882800321350E+002,
6.017595307917889E+009,-2.639131640106217E+001,-1.332611317349489E+002,
6.021505376344086E+009,-2.625802737727963E+001,-1.518664284480050E+002,
6.025415444770284E+009,-2.612294660087069E+001,-1.708625612629052E+002,
6.029325513196481E+009,-2.596724990184409E+001,1.700771928312023E+002,
6.033235581622679E+009,-2.580356317281338E+001,1.498658864425654E+002,
6.037145650048876E+009,-2.594922310759598E+001,1.307204617092312E+002,
6.041055718475073E+009,-2.598864741629850E+001,1.129853902858578E+002,
6.044965786901271E+009,-2.571989318296711E+001,9.471717906032939E+001,
6.048875855327468E+009,-2.545557350268418E+001,7.496331295908823E+001,
6.052785923753666E+009,-2.538998406056040E+001,5.530052387297407E+001,
6.056695992179863E+009,-2.516824619584859E+001,3.638193388513297E+001,
6.060606060606061E+009,-2.493428194066280E+001,1.531429924203105E+001,
6.064516129032258E+009,-2.504178634064093E+001,-4.694057837187301E+000,
6.068426197458456E+009,-2.492820954124326E+001,-2.395766680340577E+001,
6.072336265884653E+009,-2.480120071787837E+001,-4.433553395335378E+001,
6.076246334310850E+009,-2.470312993994306E+001,-6.461772176416247E+001,
6.080156402737048E+009,-2.475752146772281E+001,-8.593266039067099E+001,
6.084066471163245E+009,-2.490839308703935E+001,-1.054467813095174E+002,
6.087976539589443E+009,-2.485912503296977E+001,-1.248305357696876E+002,
6.091886608015640E+009,-2.488048649913816E+001,-1.450986849023261E+002,
6.095796676441837E+009,-2.494379541870769E+001,-1.643489357808325E+002,
6.099706744868035E+009,-2.489379090958888E+001,1.760254501069967E+002,
6.103616813294232E+009,-2.474650963834803E+001,1.564413218853618E+002,
6.107526881720430E+009,-2.470624414302730E+001,1.364260043596291E+002,
6.111436950146627E+009,-2.450112284247020E+001,1.154522374594460E+002,
6.115347018572825E+009,-2.449833730577225E+001,9.435259658100100E+001,
6.119257086999023E+009,-2.453243999650569E+001,7.223007949570341E+001,
6.123167155425221E+009,-2.482295709667667E+001,5.086914169503957E+001,
6.127077223851418E+009,-2.514035488486700E+001,3.086093863703504E+001,
6.130987292277615E+009,-2.552934245002402E+001,1.091746257851354E+001,
6.134897360703813E+009,-2.566527211794642E+001,-8.282331578838116E+000,
6.138807429130010E+009,-2.590338122829532E+001,-2.693913746935874E+001,
6.142717497556208E+009,-2.597496433630073E+001,-4.512376989817642E+001,
6.146627565982405E+009,-2.588323830263871E+001,-6.502320025196782E+001,
6.150537634408602E+009,-2.581900890226672E+001,-8.577964768458951E+001,
6.154447702834800E+009,-2.598280386298356E+001,-1.059288833804554E+002,
6.158357771260998E+009,-2.618429403928940E+001,-1.256829381507169E+002,
6.162267839687195E+009,-2.643483351867253E+001,-1.454830955191180E+002,
6.166177908113392E+009,-2.656866190993452E+001,-1.641065220703201E+002,
6.170087976539589E+009,-2.662065785462157E+001,1.751759579733005E+002,
6.173998044965787E+009,-2.697464613643955E+001,1.547612543771145E+002,
6.177908113391985E+009,-2.719145371796117E+001,1.357581773517692E+002,
6.181818181818182E+009,-2.740398411556711E+001,1.165218384866444E+002,
6.185728250244379E+009,-2.772241369855734E+001,9.679924392712597E+001,
6.189638318670576E+009,-2.797848035517739E+001,7.821806423953200E+001,
6.193548387096774E+009,-2.810819944375512E+001,5.929617953489181E+001,
6.197458455522972E+009,-2.842698822615321E+001,4.041764169872010E+001,
6.201368523949169E+009,-2.873866137743144E+001,2.276467830560333E+001,
6.205278592375366E+009,-2.913222643558830E+001,5.320694706362636E+000,
6.209188660801564E+009,-2.918863294744460E+001,-1.180646706268528E+001,
6.213098729227762E+009,-2.907617886974361E+001,-3.051165125891409E+001,
6.217008797653959E+009,-2.922657805904149E+001,-5.077101781931990E+001,
6.220918866080156E+009,-2.963753137102498E+001,-6.834598638333065E+001,
6.224828934506353E+009,-2.981672904771310E+001,-8.605385730042897E+001,
6.228739002932551E+009,-2.972564452677432E+001,-1.033880749688805E+002,
6.232649071358749E+009,-3.002845414637605E+001,-1.241009727645662E+002,
6.236559139784946E+009,-3.041095717166668E+001,-1.406269631992636E+002,
6.240469208211144E+009,-3.059677738327203E+001,-1.572935202672070E+002,
6.244379276637341E+009,-3.082759390730278E+001,-1.733007392276789E+002,
6.248289345063539E+009,-3.090324628496905E+001,1.708763700009031E+002,
6.252199413489737E+009,-3.062787493796386E+001,1.555082435558849E+002,
6.256109481915934E+009,-3.043442733211428E+001,1.376375756200419E+002,
6.260019550342131E+009,-3.023611789052256E+001,1.215886864576411E+002,
6.263929618768329E+009,-2.968988236105699E+001,1.015912137358732E+002,
6.267839687194526E+009,-2.970148286117509E+001,8.085900552671224E+001,
6.271749755620724E+009,-3.000213225086129E+001,6.191968529495664E+001,
6.275659824046921E+009,-3.014391271522256E+001,4.410706746892677E+001,
6.279569892473118E+009,-3.045731786411697E+001,2.782968629005976E+001,
6.283479960899316E+009,-3.023201325978237E+001,1.199755284139446E+001,
6.287390029325514E+009,-2.989281190892827E+001,-4.858546819389447E+000,
6.291300097751711E+009,-2.956364868808365E+001,-2.223645146319786E+001,
6.295210166177908E+009,-2.929963315805788E+001,-4.038099629369656E+001,
6.299120234604105E+009,-2.878703389150187E+001,-5.945417420613342E+001,
6.303030303030303E+009,-2.845727739631624E+001,-8.093370685959474E+001,
6.306940371456501E+009,-2.844727155492060E+001,-1.019034317961453E+002,
6.310850439882698E+009,-2.871340833203270E+001,-1.223428463736795E+002,
6.314760508308895E+009,-2.899225625309617E+001,-1.402961959350737E+002,
6.318670576735093E+009,-2.902712303119538E+001,-1.579154681700297E+002,
6.322580645161290E+009,-2.912165854291042E+001,-1.749230984871803E+002,
6.326490713587488E+009,-2.861869726270550E+001,1.677334289042099E+002,
6.330400782013685E+009,-2.834997338896830E+001,1.474242178554492E+002,
6.334310850439882E+009,-2.842441405703397E+001,1.268686786641490E+002,
6.338220918866080E+009,-2.836525853195357E+001,1.069912524066333E+002,
6.342130987292278E+009,-2.849838074932416E+001,8.679633122121169E+001,
6.346041055718475E+009,-2.877143865296509E+001,6.632185154020125E+001,
6.349951124144672E+009,-2.911656067154671E+001,4.779953409101562E+001,
6.353861192570869E+009,-2.925667890893064E+001,3.107930053577797E+001,
6.357771260997068E+009,-2.927629944791274E+001,1.341817056982282E+001,
6.361681329423266E+009,-2.929294828601619E+001,-4.494744749295914E+000,
6.365591397849463E+009,-2.922280877888248E+001,-2.209266270355488E+001,
6.369501466275660E+009,-2.902837972010292E+001,-4.102156369761708E+001,
6.373411534701857E+009,-2.887984078289124E+001,-6.194504917387211E+001,
6.377321603128055E+009,-2.932526914359898E+001,-8.219932137579906E+001,
6.381231671554253E+009,-2.971394719365939E+001,-9.902370382080839E+001,
6.385141739980450E+009,-2.981932620735057E+001,-1.163203858777036E+002,
6.389051808406647E+009,-2.989741827198812E+001,-1.348694046129724E+002,
6.392961876832845E+009,-3.019286500014234E+001,-1.521413405547797E+002,
6.396871945259043E+009,-3.014330624643661E+001,-1.679632680719473E+002,
6.400782013685240E+009,-2.976656848031492E+001,1.747818087029975E+002,
6.404692082111437E+009,-2.962380760023780E+001,1.555877642851769E+002,
6.408602150537634E+009,-2.964363479834446E+001,1.371659872455047E+002,
6.412512218963832E+009,-2.942101366228070E+001,1.194898803909214E+002,
6.416422287390030E+009,-2.916211898373021E+001,9.989214051720084E+001,
6.420332355816227E+009,-2.942755157602890E+001,7.952320260514077E+001,
6.424242424242424E+009,-2.949857879933649E+001,6.063281952442809E+001,
6.428152492668621E+009,-2.963538115503803E+001,4.469001628495621E+001,
6.432062561094819E+009,-2.946689051286932E+001,2.555759920890848E+001,
6.435972629521017E+009,-2.936777053033823E+001,6.073983666437860E+000,
6.439882697947214E+009,-2.935870316900115E+001,-1.341658061324483E+001,
6.443792766373411E+009,-2.941528069944991E+001,-3.244234138239994E+001,
6.447702834799609E+009,-2.965290395638750E+001,-5.203302481219915E+001,
6.451612903225807E+009,-2.988317850671965E+001,-6.937541101542404E+001,
6.455522971652004E+009,-2.995303349696045E+001,-8.590805804565510E+001,
6.459433040078201E+009,-2.966429635658693E+001,-1.025542841255939E+002,
6.463343108504398E+009,-2.938891944956030E+001,-1.232011740637536E+002,
6.467253176930596E+009,-2.934291738097755E+001,-1.425077818765725E+002,
6.471163245356794E+009,-2.932804070881716E+001,-1.633404185878478E+002,
6.475073313782991E+009,-2.982206372608791E+001,1.770036747071953E+002,
6.478983382209189E+009,-3.010243081583921E+001,1.600800358408881E+002,
6.482893450635386E+009,-3.013292414287628E+001,1.415427462709650E+002,
6.486803519061584E+009,-3.040093492914448E+001,1.246624060641654E+002,
6.490713587487782E+009,-3.042537286957455E+001,1.073654886802462E+002,
6.494623655913979E+009,-3.026045279880082E+001,9.230179099583722E+001,
6.498533724340176E+009,-2.979383827825801E+001,7.350445459489809E+001,
6.502443792766374E+009,-2.970867731923099E+001,5.280490614116272E+001,
6.506353861192571E+009,-2.975506485048202E+001,3.353227609524901E+001,
6.510263929618769E+009,-2.984952532203079E+001,1.052258430827768E+001,
6.514173998044966E+009,-3.079185583691875E+001,-8.073992551602826E+000,
6.518084066471163E+009,-3.133983920813392E+001,-2.074551861823697E+001,
6.521994134897361E+009,-3.122945000833124E+001,-3.419053778590610E+001,
6.525904203323559E+009,-3.078593171737897E+001,-4.977151586750779E+001,
6.529814271749756E+009,-3.033512483091960E+001,-6.673902211108722E+001,
6.533724340175953E+009,-2.978766972047870E+001,-8.581726667806034E+001,
6.537634408602150E+009,-2.939118236973411E+001,-1.062120398075271E+002,
6.541544477028348E+009,-2.943188256142932E+001,-1.266213195664808E+002,
6.545454545454546E+009,-2.936553122779296E+001,-1.467640090146549E+002,
6.549364613880743E+009,-2.959469598826093E+001,-1.663041607373758E+002,
6.553274682306940E+009,-2.992201028262364E+001,1.751996596212734E+002,
6.557184750733138E+009,-2.997004589367005E+001,1.587291661916970E+002,
6.561094819159335E+009,-2.998165910800499E+001,1.435337362514253E+002,
6.565004887585533E+009,-2.983530548705896E+001,1.279286480605383E+002,
6.568914956011730E+009,-2.887659424480576E+001,1.120354140111980E+002,
6.572825024437927E+009,-2.822712769774850E+001,9.136981997297885E+001,
6.576735092864125E+009,-2.772755665195469E+001,6.858190377847846E+001,
6.580645161290323E+009,-2.771658539965219E+001,4.557051396388852E+001,
6.584555229716520E+009,-2.806081250384162E+001,2.366709536384846E+001,
6.588465298142717E+009,-2.850557776016323E+001,4.643858548203205E+000,
6.592375366568914E+009,-2.872420711667351E+001,-1.154131135634232E+001,
6.596285434995112E+009,-2.842425344196679E+001,-2.818949134561838E+001,
6.600195503421310E+009,-2.830190340204407E+001,-4.613137753641372E+001,
6.604105571847508E+009,-2.795138943138383E+001,-6.446175779858054E+001,
6.608015640273705E+009,-2.761038027343705E+001,-8.374484237178638E+001,
6.611925708699902E+009,-2.716645620543264E+001,-1.037004865582058E+002,
6.615835777126100E+009,-2.662245380094782E+001,-1.249371796145667E+002,
6.619745845552298E+009,-2.640720948976966E+001,-1.494838171637862E+002,
6.623655913978495E+009,-2.680540441471462E+001,-1.741886710884258E+002,
6.627565982404692E+009,-2.739066963043211E+001,1.656902360140486E+002,
6.631476050830890E+009,-2.775086408039339E+001,1.464000175874395E+002,
6.635386119257088E+009,-2.813646634133639E+001,1.272443774088207E+002,
6.639296187683285E+009,-2.838522391968731E+001,1.101797497525028E+002,
6.643206256109482E+009,-2.835747602540193E+001,9.287510212774561E+001,
6.647116324535679E+009,-2.826900808086498E+001,7.284162744600933E+001,
6.651026392961877E+009,-2.829076714107502E+001,5.387749677545822E+001,
6.654936461388075E+009,-2.812469109676879E+001,3.476156132686791E+001,
6.658846529814272E+009,-2.799822683305932E+001,1.376471678702731E+001,
6.662756598240469E+009,-2.807377128720714E+001,-9.094014977521484E+000,
6.666666666666666E+009,-2.864886191979701E+001,-3.060234781904648E+001,
6.670576735092864E+009,-2.927913904868515E+001,-4.944926217760146E+001,
6.674486803519062E+009,-2.968132934174584E+001,-6.647406632425636E+001,
6.678396871945259E+009,-3.008481560821366E+001,-8.455887151262752E+001,
6.682306940371456E+009,-3.020978919770634E+001,-1.006296805019054E+002,
6.686217008797654E+009,-3.009688682456553E+001,-1.173461234346869E+002,
6.690127077223852E+009,-3.003256784595937E+001,-1.363052290105017E+002,
6.694037145650049E+009,-3.009738686089638E+001,-1.551737586871421E+002,
6.697947214076246E+009,-3.017102055442994E+001,-1.744578210857242E+002,
6.701857282502443E+009,-3.038275603742058E+001,1.680065044289143E+002,
6.705767350928641E+009,-3.038502702509170E+001,1.502733408016291E+002,
6.709677419354839E+009,-3.038857277827072E+001,1.310429635747522E+002,
6.713587487781036E+009,-3.051539050543413E+001,1.137132718317321E+002,
6.717497556207233E+009,-3.042135404348861E+001,9.554046090556889E+001,
6.721407624633431E+009,-3.054456861410134E+001,7.622030910168124E+001,
6.725317693059629E+009,-3.076219844743755E+001,5.992018727104724E+001,
6.729227761485827E+009,-3.069149521484240E+001,4.171320711200887E+001,
6.733137829912024E+009,-3.050207961651560E+001,2.513245538509479E+001,
6.737047898338221E+009,-3.020314922798541E+001,7.726331228807646E+000,
6.740957966764419E+009,-2.984915042391893E+001,-1.350203523661127E+001,
6.744868035190616E+009,-2.977424463896451E+001,-3.255810043742535E+001,
6.748778103616814E+009,-2.980700399582119E+001,-5.187724059076660E+001,
6.752688172043011E+009,-3.002884618834858E+001,-7.162967946763594E+001,
6.756598240469208E+009,-3.000622000800737E+001,-8.776341900662673E+001,
6.760508308895406E+009,-2.970262904473443E+001,-1.076774959450635E+002,
6.764418377321604E+009,-2.959810722191033E+001,-1.263995565520181E+002,
6.768328445747801E+009,-2.940642764721663E+001,-1.463019250095296E+002,
6.772238514173998E+009,-2.950320651554392E+001,-1.663813305667555E+002,
6.776148582600195E+009,-2.949920917695311E+001,1.752973095415192E+002,
6.780058651026393E+009,-2.938175938877915E+001,1.561024259975623E+002,
6.783968719452591E+009,-2.930037862588336E+001,1.349326339941060E+002,
6.787878787878788E+009,-2.951513517125620E+001,1.136582579721842E+002,
6.791788856304985E+009,-2.979470442598207E+001,9.456961623613957E+001,
6.795698924731183E+009,-3.003073364152847E+001,7.582473955432997E+001,
6.799608993157380E+009,-3.021635916083373E+001,5.968306205285601E+001,
6.803519061583578E+009,-3.000087278457335E+001,4.419277948455005E+001,
6.807429130009775E+009,-2.945282364694559E+001,2.361063875040236E+001,
6.811339198435972E+009,-2.930357558789103E+001,1.856908864892171E+000,
6.815249266862170E+009,-2.947079165098813E+001,-2.068049643685704E+001,
6.819159335288368E+009,-2.987501176560610E+001,-4.208327823339909E+001,
6.823069403714565E+009,-3.048396179787943E+001,-6.098485846352456E+001,
6.826979472140762E+009,-3.103313577261082E+001,-7.833499818315566E+001,
6.830889540566959E+009,-3.123383036724628E+001,-9.507510997140012E+001,
6.834799608993157E+009,-3.149782321857217E+001,-1.118264295513845E+002,
6.838709677419355E+009,-3.144944614925986E+001,-1.288646999013369E+002,
6.842619745845552E+009,-3.147043748117586E+001,-1.462937365007709E+002,
6.846529814271750E+009,-3.149342876323026E+001,-1.653744076896963E+002,
6.850439882697948E+009,-3.189445375684570E+001,1.759718498573879E+002,
6.854349951124145E+009,-3.201469651331442E+001,1.610030705862462E+002,
6.858260019550343E+009,-3.201753107127009E+001,1.424621261395166E+002,
6.862170087976540E+009,-3.239200017454846E+001,1.256679138732449E+002,
6.866080156402737E+009,-3.260366173143139E+001,1.091234441751454E+002,
6.869990224828935E+009,-3.257230579320694E+001,9.573628003291003E+001,
6.873900293255133E+009,-3.221184248547830E+001,7.913076845527836E+001,
6.877810361681330E+009,-3.207075946637792E+001,6.221175568244592E+001,
6.881720430107527E+009,-3.193446901171846E+001,4.597474508355332E+001,
6.885630498533724E+009,-3.157914535073056E+001,3.082310367584224E+001,
6.889540566959922E+009,-3.106507308924911E+001,1.365700326572299E+001,
6.893450635386120E+009,-3.057803249660940E+001,-3.122231196772590E+000,
6.897360703812317E+009,-2.964990899332251E+001,-2.107470986892044E+001,
6.901270772238514E+009,-2.910000754805484E+001,-4.368540980700620E+001,
6.905180840664711E+009,-2.897949348742129E+001,-6.569332351889723E+001,
6.909090909090909E+009,-2.901681841900691E+001,-8.568486828603099E+001,
6.913000977517107E+009,-2.900194824751982E+001,-1.041473240542178E+002,
6.916911045943304E+009,-2.903227624522095E+001,-1.240843001779665E+002,
6.920821114369501E+009,-2.875883014891640E+001,-1.406496189984200E+002,
6.924731182795699E+009,-2.828740791480572E+001,-1.613368573541856E+002,
6.928641251221897E+009,-2.810142879803460E+001,1.787461490320117E+002,
6.932551319648094E+009,-2.796860002675821E+001,1.587136728943013E+002,
6.936461388074291E+009,-2.789885573028117E+001,1.372334795521089E+002,
6.940371456500488E+009,-2.790871086482497E+001,1.160983321308792E+002,
6.944281524926686E+009,-2.792127647787861E+001,9.635043968866640E+001,
6.948191593352884E+009,-2.798722087651308E+001,7.619183610975063E+001,
6.952101661779081E+009,-2.811113975175495E+001,5.600411413039819E+001,
6.956011730205278E+009,-2.834341981132043E+001,3.594377168664036E+001,
6.959921798631475E+009,-2.855596036223360E+001,1.696223681840849E+001,
6.963831867057674E+009,-2.860682291132873E+001,-1.851136646396039E+000,
6.967741935483872E+009,-2.862852688618546E+001,-2.160085417565501E+001,
6.971652003910069E+009,-2.895324777274087E+001,-4.169306300865065E+001,
6.975562072336266E+009,-2.914008758221743E+001,-5.898944224201464E+001,
6.979472140762464E+009,-2.919933058851738E+001,-7.681119998036239E+001,
6.983382209188661E+009,-2.905024596527930E+001,-9.619047551057200E+001,
6.987292277614859E+009,-2.916796906082077E+001,-1.158821478734944E+002,
6.991202346041056E+009,-2.926954333237555E+001,-1.354524175635886E+002,
6.995112414467253E+009,-2.952016786118599E+001,-1.544557092570837E+002,
6.999022482893451E+009,-2.980821427533760E+001,-1.722233543982731E+002,
7.002932551319649E+009,-2.980682367020950E+001,1.701916560177227E+002,
7.006842619745846E+009,-2.994176106574901E+001,1.519341245284951E+002,
7.010752688172043E+009,-2.989957354539815E+001,1.334173233991687E+002,
7.014662756598240E+009,-3.022543384692145E+001,1.142534282122719E+002,
7.018572825024438E+009,-3.040154639605221E+001,9.729300490476604E+001,
7.022482893450636E+009,-3.040301737753037E+001,8.024214489359295E+001,
7.026392961876833E+009,-3.014366946037208E+001,6.243075793338967E+001,
7.030303030303030E+009,-3.017506976641399E+001,4.301407226202534E+001,
7.034213098729228E+009,-3.039321273496100E+001,2.386569391712976E+001,
7.038123167155425E+009,-3.034765748469482E+001,5.014628573346119E+000,
7.042033235581623E+009,-3.058470111271443E+001,-1.280453803784430E+001,
7.045943304007820E+009,-3.057300596582430E+001,-2.961576288897700E+001,
7.049853372434017E+009,-3.057606716496512E+001,-4.903796438474663E+001,
7.053763440860215E+009,-3.075991931797503E+001,-6.678707377562355E+001,
7.057673509286413E+009,-3.072957861404879E+001,-8.391147085023619E+001,
7.061583577712610E+009,-3.048872555732771E+001,-1.028429402640296E+002,
7.065493646138807E+009,-3.036432245069103E+001,-1.212687087770909E+002,
7.069403714565004E+009,-3.034506879888071E+001,-1.416054394078722E+002,
7.073313782991202E+009,-3.027312066825377E+001,-1.608991841367349E+002,
7.077223851417400E+009,-3.052888653311712E+001,1.791927966014739E+002,
7.081133919843597E+009,-3.082828378994053E+001,1.612761784084941E+002,
7.085043988269795E+009,-3.105965314944310E+001,1.441527024086724E+002,
7.088954056695993E+009,-3.113239358049721E+001,1.275183040488471E+002,
7.092864125122190E+009,-3.090706353344757E+001,1.093420261499879E+002,
7.096774193548388E+009,-3.090398520296453E+001,8.993313471704860E+001,
7.100684261974585E+009,-3.092623248626905E+001,7.264046731051448E+001,
7.104594330400782E+009,-3.095132009837544E+001,5.239970431548931E+001,
7.108504398826980E+009,-3.096270651048283E+001,3.346185890235179E+001,
7.112414467253178E+009,-3.104655062490274E+001,1.402930202624595E+001,
7.116324535679375E+009,-3.139732335665632E+001,-4.582435346278331E+000,
7.120234604105572E+009,-3.158493319118588E+001,-2.094355073632178E+001,
7.124144672531769E+009,-3.157640332463824E+001,-3.934962594508288E+001,
7.128054740957967E+009,-3.153677397879556E+001,-5.551455211580107E+001,
7.131964809384165E+009,-3.127885292649286E+001,-7.496403103595374E+001,
7.135874877810362E+009,-3.124365163423101E+001,-9.400638190185332E+001,
7.139784946236559E+009,-3.125379593773058E+001,-1.137001626401879E+002,
7.143695014662756E+009,-3.137639861933431E+001,-1.341248438643457E+002,
7.147605083088954E+009,-3.184564001126428E+001,-1.516732682569283E+002,
7.151515151515152E+009,-3.196955716264739E+001,-1.682562605518403E+002,
7.155425219941349E+009,-3.224243706667704E+001,1.725553008545974E+002,
7.159335288367546E+009,-3.275795714743101E+001,1.573253536951786E+002,
7.163245356793744E+009,-3.262414132331578E+001,1.441843090023372E+002,
7.167155425219942E+009,-3.184994603042179E+001,1.283246318057385E+002,
7.171065493646139E+009,-3.122274989703648E+001,1.083226714331752E+002,
7.174975562072336E+009,-3.112139470651730E+001,8.647547086017256E+001,
7.178885630498533E+009,-3.128467889400984E+001,6.582514724433864E+001,
7.182795698924731E+009,-3.156626824724226E+001,4.707741477570971E+001,
7.186705767350929E+009,-3.153820583994433E+001,2.865287125030810E+001,
7.190615835777126E+009,-3.175979771978504E+001,9.378664427917965E+000,
7.194525904203323E+009,-3.221497474992591E+001,-6.999407946511782E+000,
7.198435972629520E+009,-3.210665133055883E+001,-1.987001910449902E+001,
7.202346041055718E+009,-3.123817006753256E+001,-3.664794691503207E+001,
7.206256109481916E+009,-3.065267604434892E+001,-5.641660403406429E+001,
7.210166177908114E+009,-3.025569932583262E+001,-7.708087328537508E+001,
7.214076246334311E+009,-2.987772575047003E+001,-9.842868306467550E+001,
7.217986314760509E+009,-2.983903731584516E+001,-1.210357782752100E+002,
7.221896383186706E+009,-3.002114961671715E+001,-1.426743318128270E+002,
7.225806451612904E+009,-3.022333843765791E+001,-1.637042844281755E+002,
7.229716520039101E+009,-3.058631472868763E+001,1.762218001882319E+002,
7.233626588465298E+009,-3.101089720799141E+001,1.573099225597923E+002,
7.237536656891496E+009,-3.121942581385186E+001,1.405017920839151E+002,
7.241446725317694E+009,-3.120032900577311E+001,1.231901998301350E+002,
7.245356793743891E+009,-3.090246529191013E+001,1.056689610537028E+002,
7.249266862170088E+009,-3.058784726931969E+001,8.476371124842949E+001,
7.253176930596285E+009,-3.074967363128469E+001,6.318192644298741E+001,
7.257086999022483E+009,-3.093081671202788E+001,4.426449978641210E+001,
7.260997067448681E+009,-3.087238634349330E+001,2.487626661336875E+001,
7.264907135874878E+009,-3.102669937429027E+001,3.715458530997605E+000,
7.268817204301075E+009,-3.129077478137002E+001,-1.527660423181133E+001,
7.272727272727273E+009,-3.147194846520099E+001,-3.379378233857329E+001,
7.276637341153470E+009,-3.150427027636259E+001,-5.317216746849763E+001,
7.280547409579668E+009,-3.174088181342624E+001,-7.360986266064498E+001,
7.284457478005865E+009,-3.218496660187271E+001,-9.327169479307067E+001,
7.288367546432062E+009,-3.271118119552376E+001,-1.091780087763103E+002,
7.292277614858260E+009,-3.262482214415618E+001,-1.245850639172026E+002,
7.296187683284458E+009,-3.240136610956072E+001,-1.431805257690161E+002,
7.300097751710655E+009,-3.220923731472287E+001,-1.620023125418408E+002,
7.304007820136852E+009,-3.213536564154522E+001,1.774461138742045E+002,
7.307917888563049E+009,-3.248987367764724E+001,1.570333588625204E+002,
7.311827956989247E+009,-3.297346538685623E+001,1.394863265544174E+002,
7.315738025415445E+009,-3.300668711452188E+001,1.225352027801465E+002,
7.319648093841642E+009,-3.289489680391565E+001,1.038128381254971E+002,
7.323558162267839E+009,-3.301003843752390E+001,8.326635168881479E+001,
7.327468230694037E+009,-3.360051470583163E+001,6.478794008012298E+001,
7.331378299120235E+009,-3.379117000101498E+001,4.935829965379170E+001,
7.335288367546433E+009,-3.371718902237858E+001,3.335578901379948E+001,
7.339198435972630E+009,-3.352588051206153E+001,1.693140109330693E+001,
7.343108504398827E+009,-3.332232337432800E+001,-1.573091937206484E+000,
7.347018572825025E+009,-3.332725222364793E+001,-1.920007968611123E+001,
7.350928641251223E+009,-3.321511873647165E+001,-3.550065275733158E+001,
7.354838709677420E+009,-3.262462563129747E+001,-5.254717897354790E+001,
7.358748778103617E+009,-3.206306695700947E+001,-7.301827494303751E+001,
7.362658846529814E+009,-3.190056844975992E+001,-9.461330360155856E+001,
7.366568914956012E+009,-3.207712230558101E+001,-1.159950781455434E+002,
7.370478983382210E+009,-3.249430376487175E+001,-1.347612411783403E+002,
7.374389051808407E+009,-3.261902563998704E+001,-1.511392098823270E+002,
7.378299120234604E+009,-3.230653883566212E+001,-1.671848565169184E+002,
7.382209188660801E+009,-3.176956428269207E+001,1.741460067103016E+002,
7.386119257086999E+009,-3.154430424084680E+001,1.536407182637475E+002,
7.390029325513197E+009,-3.130859282732639E+001,1.333977069849120E+002,
7.393939393939394E+009,-3.135311186743957E+001,1.129327862920942E+002,
7.397849462365591E+009,-3.119817003725918E+001,9.463054302427604E+001,
7.401759530791789E+009,-3.107589319207903E+001,7.346154620108774E+001,
7.405669599217987E+009,-3.111368239887549E+001,5.351372835625021E+001,
7.409579667644184E+009,-3.091223853560733E+001,3.444163833094811E+001,
7.413489736070381E+009,-3.086139886350688E+001,1.324665843594830E+001,
7.417399804496578E+009,-3.097855102928696E+001,-7.230063996879670E+000,
7.421309872922776E+009,-3.106154665011280E+001,-2.666882614368580E+001,
7.425219941348974E+009,-3.100957467191486E+001,-4.684029589870178E+001,
7.429130009775171E+009,-3.112874159150705E+001,-6.844656892531444E+001,
7.433040078201368E+009,-3.159525551477076E+001,-8.875041314156849E+001,
7.436950146627565E+009,-3.190354594937556E+001,-1.062064085495407E+002,
7.440860215053763E+009,-3.194956425368216E+001,-1.243332654278541E+002,
7.444770283479961E+009,-3.201904892100244E+001,-1.431550423141763E+002,
7.448680351906158E+009,-3.228694091951466E+001,-1.607126162863100E+002,
7.452590420332356E+009,-3.194164306135248E+001,-1.778106650435405E+002,
7.456500488758554E+009,-3.161245431771402E+001,1.608431543182346E+002,
7.460410557184751E+009,-3.181519166796443E+001,1.384461909747602E+002,
7.464320625610949E+009,-3.230413648231958E+001,1.181272296053019E+002,
7.468230694037146E+009,-3.274358575370754E+001,9.988187550503199E+001,
7.472140762463343E+009,-3.303005482875493E+001,8.180225059984133E+001,
7.476050830889541E+009,-3.348384341899030E+001,6.458900033597787E+001,
7.479960899315739E+009,-3.381610065654270E+001,4.982336640263397E+001,
7.483870967741936E+009,-3.347821867399286E+001,3.509130811712491E+001,
7.487781036168133E+009,-3.308549519748577E+001,1.673803978159945E+001,
7.491691104594330E+009,-3.282412354632126E+001,-1.773495777181156E+000,
7.495601173020528E+009,-3.281178912796365E+001,-2.116325495458018E+001,
7.499511241446726E+009,-3.266604142602544E+001,-3.909424712480231E+001,
7.503421309872923E+009,-3.240159931584991E+001,-5.917435327714965E+001,
7.507331378299120E+009,-3.260298531391828E+001,-7.934189366986965E+001,
7.511241446725318E+009,-3.291398973744627E+001,-9.692655038591866E+001,
7.515151515151515E+009,-3.277273408084894E+001,-1.136585975630904E+002,
7.519061583577713E+009,-3.263576686769423E+001,-1.320923518502825E+002,
7.522971652003910E+009,-3.249386695753752E+001,-1.506232625667989E+002,
7.526881720430107E+009,-3.237650410738785E+001,-1.693168270549904E+002,
7.530791788856305E+009,-3.232947226696739E+001,1.723396719060634E+002,
7.534701857282503E+009,-3.223659758461307E+001,1.545616124313252E+002,
7.538611925708700E+009,-3.200169137845969E+001,1.359399840959202E+002,
7.542521994134897E+009,-3.182070483273460E+001,1.169308221411851E+002,
7.546432062561094E+009,-3.157479572426059E+001,9.720466753074140E+001,
7.550342130987292E+009,-3.155884637603494E+001,7.695081106086562E+001,
7.554252199413490E+009,-3.175854140886162E+001,5.700227030536158E+001,
7.558162267839687E+009,-3.196320879946845E+001,4.038161039958318E+001,
7.562072336265884E+009,-3.156366052972642E+001,2.291634933885477E+001,
7.565982404692082E+009,-3.128599345021669E+001,3.499681513524723E+000,
7.569892473118280E+009,-3.110265578772516E+001,-1.583148349729878E+001,
7.573802541544478E+009,-3.088279680600821E+001,-3.638500909508039E+001,
7.577712609970675E+009,-3.093039506679515E+001,-5.656559085949523E+001,
7.581622678396872E+009,-3.089100148858307E+001,-7.720633697660119E+001,
7.585532746823070E+009,-3.109940653918521E+001,-9.747745063666073E+001,
7.589442815249268E+009,-3.129994222145431E+001,-1.161506612054417E+002,
7.593352883675465E+009,-3.127801843970483E+001,-1.351928808898399E+002,
7.597262952101662E+009,-3.153872613477186E+001,-1.549155234307513E+002,
7.601173020527859E+009,-3.171496871256941E+001,-1.736632730247689E+002,
7.605083088954057E+009,-3.198824457882087E+001,1.686271631251776E+002,
7.608993157380255E+009,-3.195545512880532E+001,1.519690635234361E+002,
7.612903225806452E+009,-3.168071703767556E+001,1.337661854450715E+002,
7.616813294232649E+009,-3.167470741842044E+001,1.139761260527441E+002,
7.620723362658846E+009,-3.173172294417182E+001,9.585440877829987E+001,
7.624633431085044E+009,-3.172242368259803E+001,7.665887533141455E+001,
7.628543499511242E+009,-3.161338404300409E+001,5.755640384729185E+001,
7.632453567937439E+009,-3.163566628417961E+001,3.731043316002656E+001,
7.636363636363636E+009,-3.200252664601633E+001,1.793114079683170E+001,
7.640273704789834E+009,-3.236277027792146E+001,1.821523252867327E+000,
7.644183773216032E+009,-3.245254905111875E+001,-1.425876959454368E+001,
7.648093841642229E+009,-3.231018925000151E+001,-3.134454930715082E+001,
7.652003910068426E+009,-3.215107222654454E+001,-4.818024130818430E+001,
7.655913978494623E+009,-3.184571804688680E+001,-6.703668688761458E+001,
7.659824046920821E+009,-3.190245487517845E+001,-8.597475467731204E+001,
7.663734115347019E+009,-3.179944099067834E+001,-1.034157864823788E+002,
7.667644183773216E+009,-3.159278417031971E+001,-1.223051016047690E+002,
7.671554252199413E+009,-3.161675124952509E+001,-1.413643705002621E+002,
7.675464320625610E+009,-3.153979639928003E+001,-1.596780650396295E+002,
7.679374389051808E+009,-3.142829844972437E+001,-1.784845917979275E+002,
7.683284457478006E+009,-3.148323598388450E+001,1.622489537449543E+002,
7.687194525904203E+009,-3.154555933733676E+001,1.439590230492210E+002,
7.691104594330401E+009,-3.153245764080797E+001,1.260793189814368E+002,
7.695014662756599E+009,-3.129920860021527E+001,1.078255921124928E+002,
7.698924731182797E+009,-3.128560914120264E+001,8.870831429252084E+001,
7.702834799608994E+009,-3.120202941081033E+001,6.987953024026082E+001,
7.706744868035191E+009,-3.129893649425869E+001,5.077061903689035E+001,
7.710654936461388E+009,-3.147342729619000E+001,3.328270512034206E+001,
7.714565004887586E+009,-3.130005411768121E+001,1.610783592261799E+001,
7.718475073313784E+009,-3.102213641887957E+001,-2.414994725987855E+000,
7.722385141739981E+009,-3.091760315049905E+001,-2.126015670498139E+001,
7.726295210166178E+009,-3.081757945354569E+001,-4.021600882974691E+001,
7.730205278592375E+009,-3.083946739052586E+001,-5.977781204185957E+001,
7.734115347018573E+009,-3.086262058452074E+001,-7.781549103081242E+001,
7.738025415444771E+009,-3.070261946897730E+001,-9.649286699278768E+001,
7.741935483870968E+009,-3.067167095450790E+001,-1.159823544039107E+002,
7.745845552297165E+009,-3.080957368732405E+001,-1.353412109242111E+002,
7.749755620723363E+009,-3.100262778039306E+001,-1.531481003050899E+002,
7.753665689149560E+009,-3.083171416430552E+001,-1.696731756812505E+002,
7.757575757575758E+009,-3.059746825555877E+001,1.714066801088456E+002,
7.761485826001955E+009,-3.052516631950452E+001,1.520297551415580E+002,
7.765395894428152E+009,-3.065604932972927E+001,1.326579059645432E+002,
7.769305962854350E+009,-3.060405670840384E+001,1.146348803229007E+002,
7.773216031280548E+009,-3.060573908908720E+001,9.676484508152274E+001,
7.777126099706745E+009,-3.038466334021931E+001,7.834871022934247E+001,
7.781036168132942E+009,-3.029606488110733E+001,5.889975696519107E+001,
7.784946236559139E+009,-3.025561776361773E+001,3.971199842892293E+001,
7.788856304985337E+009,-3.031343796925670E+001,2.110970374673851E+001,
7.792766373411535E+009,-3.021562616064012E+001,1.877123942258992E+000,
7.796676441837732E+009,-3.036188183885016E+001,-1.667397949554376E+001,
7.800586510263929E+009,-3.028316981144052E+001,-3.438078905466320E+001,
7.804496578690127E+009,-3.006599442114004E+001,-5.318021886872961E+001,
7.808406647116324E+009,-2.996614593856802E+001,-7.270053816414870E+001,
7.812316715542522E+009,-3.002779689062469E+001,-9.276003617588602E+001,
7.816226783968720E+009,-3.009265621162559E+001,-1.117838509243740E+002,
7.820136852394917E+009,-3.005722680342883E+001,-1.309309634956342E+002,
7.824046920821115E+009,-3.015846198777315E+001,-1.501441521784057E+002,
7.827956989247313E+009,-3.026692033303634E+001,-1.689555483300838E+002,
7.831867057673510E+009,-3.033590599852481E+001,1.727263998089921E+002,
7.835777126099707E+009,-3.019995013336764E+001,1.537502874025291E+002,
7.839687194525904E+009,-3.034211928061035E+001,1.333994843657151E+002,
7.843597262952102E+009,-3.066139797012730E+001,1.152841395365188E+002,
7.847507331378300E+009,-3.066165969241528E+001,9.865710223131919E+001,
7.851417399804497E+009,-3.047411104413334E+001,7.945420458478770E+001,
7.855327468230694E+009,-3.047722228963899E+001,6.014567657343523E+001,
7.859237536656891E+009,-3.046171026617367E+001,3.991841671012515E+001,
7.863147605083089E+009,-3.089109985719463E+001,2.040695315717301E+001,
7.867057673509287E+009,-3.122316245804510E+001,3.499924785238513E+000,
7.870967741935484E+009,-3.122243583566856E+001,-1.307282631717391E+001,
7.874877810361681E+009,-3.114444979439151E+001,-3.068640070583463E+001,
7.878787878787879E+009,-3.095532725439616E+001,-4.868050014855219E+001,
7.882697947214077E+009,-3.078263518287054E+001,-6.792258555295975E+001,
7.886608015640274E+009,-3.089386054382590E+001,-8.780655111824784E+001,
7.890518084066471E+009,-3.096625022900422E+001,-1.063199652115932E+002,
7.894428152492668E+009,-3.102794104314942E+001,-1.248934433131729E+002,
7.898338220918866E+009,-3.110271387042367E+001,-1.434194537927669E+002,
7.902248289345064E+009,-3.117282330883484E+001,-1.614328110705306E+002,
7.906158357771261E+009,-3.125366971941546E+001,-1.798859909943523E+002,
7.910068426197458E+009,-3.115393051115838E+001,1.620322902384952E+002,
7.913978494623655E+009,-3.101293450959403E+001,1.421977056868329E+002,
7.917888563049853E+009,-3.130538468013939E+001,1.223106945800843E+002,
7.921798631476051E+009,-3.170903277411884E+001,1.046372365386870E+002,
7.925708699902248E+009,-3.175653898139003E+001,8.779913746696228E+001,
7.929618768328445E+009,-3.166098101570980E+001,7.047102786810477E+001,
7.933528836754643E+009,-3.153304103185648E+001,5.157590045979243E+001,
7.937438905180841E+009,-3.149723551596456E+001,3.263188246670895E+001,
7.941348973607039E+009,-3.150199877149304E+001,1.321304760071856E+001,
7.945259042033236E+009,-3.172148763517419E+001,-6.442392845052424E+000,
7.949169110459433E+009,-3.202871996786250E+001,-2.525746640802114E+001,
7.953079178885631E+009,-3.230230065128899E+001,-4.161724491725120E+001,
7.956989247311829E+009,-3.224384031576818E+001,-5.915989972924260E+001,
7.960899315738026E+009,-3.238615550393782E+001,-7.786827115551810E+001,
7.964809384164223E+009,-3.250715164418931E+001,-9.513068169104159E+001,
7.968719452590420E+009,-3.281808939240834E+001,-1.121012025636834E+002,
7.972629521016618E+009,-3.270708546416643E+001,-1.275918973073769E+002,
7.976539589442816E+009,-3.233241199791303E+001,-1.450626201798799E+002,
7.980449657869013E+009,-3.211343518724087E+001,-1.652627589932285E+002,
7.984359726295210E+009,-3.223492351889077E+001,1.751756285474999E+002,
7.988269794721408E+009,-3.260840566867116E+001,1.559746167854104E+002,
7.992179863147605E+009,-3.295462795549409E+001,1.399871156515092E+002,
7.996089931573803E+009,-3.282757930320865E+001,1.240240381644971E+002,
8.000000000000000E+009,-3.274898047399127E+001,1.066569883639288E+002,
