% Version 1.00
%
%freq[Hz];db:Trc1_S21;ang:Trc1_S21;
4.000000000000000E+009,-2.274062169731943E+001,-1.440296885120416E+002,
4.003910068426198E+009,-2.263263541541190E+001,-1.617336803739559E+002,
4.007820136852395E+009,-2.262617105136282E+001,1.787505430875222E+002,
4.011730205278593E+009,-2.271954003577745E+001,1.582507048434503E+002,
4.015640273704790E+009,-2.287058898011722E+001,1.382212135434653E+002,
4.019550342130987E+009,-2.306837164215658E+001,1.174194523787612E+002,
4.023460410557185E+009,-2.339554389588497E+001,9.730778274596376E+001,
4.027370478983382E+009,-2.399534450824296E+001,7.735000545265207E+001,
4.031280547409580E+009,-2.447181419600940E+001,6.064990241661969E+001,
4.035190615835777E+009,-2.459367028665384E+001,4.331392766590546E+001,
4.039100684261975E+009,-2.476253619442839E+001,2.423774098529124E+001,
4.043010752688172E+009,-2.486012132821288E+001,6.421028842337002E+000,
4.046920821114369E+009,-2.505865863059970E+001,-1.141322651145109E+001,
4.050830889540567E+009,-2.516610696069290E+001,-3.051450531136069E+001,
4.054740957966765E+009,-2.531921802271056E+001,-4.987365099122025E+001,
4.058651026392962E+009,-2.571809319470378E+001,-6.828929801645248E+001,
4.062561094819160E+009,-2.589743352213978E+001,-8.584906158067263E+001,
4.066471163245357E+009,-2.596927579936972E+001,-1.025789271644830E+002,
4.070381231671554E+009,-2.587892611154601E+001,-1.216580043835103E+002,
4.074291300097752E+009,-2.622574409727360E+001,-1.401717786847465E+002,
4.078201368523949E+009,-2.645915327051083E+001,-1.574630178427102E+002,
4.082111436950147E+009,-2.666080790137050E+001,-1.729474427245238E+002,
4.086021505376344E+009,-2.636572857720528E+001,1.700188627329175E+002,
4.089931573802542E+009,-2.617364829774441E+001,1.518084662754961E+002,
4.093841642228739E+009,-2.597459104798152E+001,1.334647494671259E+002,
4.097751710654936E+009,-2.586867429471245E+001,1.154046624030430E+002,
4.101661779081134E+009,-2.550230414641442E+001,9.716106235988721E+001,
4.105571847507331E+009,-2.536594177870583E+001,7.660248997107566E+001,
4.109481915933529E+009,-2.533961538678957E+001,5.750808133649034E+001,
4.113391984359726E+009,-2.526527990468807E+001,3.805182367025736E+001,
4.117302052785924E+009,-2.529424543631683E+001,1.842862419079471E+001,
4.121212121212121E+009,-2.524209773404713E+001,-7.629235914598900E-001,
4.125122189638319E+009,-2.528375024018353E+001,-2.077258879288511E+001,
4.129032258064516E+009,-2.538806943216790E+001,-3.906012924790242E+001,
4.132942326490714E+009,-2.532311649036154E+001,-5.670809509241690E+001,
4.136852394916911E+009,-2.503989296494921E+001,-7.413837592115750E+001,
4.140762463343109E+009,-2.469574802605753E+001,-9.489958403339469E+001,
4.144672531769306E+009,-2.460913277148692E+001,-1.152553019076536E+002,
4.148582600195503E+009,-2.467702511803858E+001,-1.364903295571471E+002,
4.152492668621701E+009,-2.483004138824930E+001,-1.563301584086396E+002,
4.156402737047898E+009,-2.504751474843456E+001,-1.744958854358444E+002,
4.160312805474096E+009,-2.521539113355752E+001,1.666933509151954E+002,
4.164222873900293E+009,-2.538496708820050E+001,1.500266999474892E+002,
4.168132942326491E+009,-2.504689066726255E+001,1.328083799811798E+002,
4.172043010752688E+009,-2.483826043497882E+001,1.147728825176868E+002,
4.175953079178886E+009,-2.459474064451998E+001,9.731732464399519E+001,
4.179863147605083E+009,-2.406972495117344E+001,7.866923082854227E+001,
4.183773216031281E+009,-2.351224619809512E+001,5.700591809040292E+001,
4.187683284457478E+009,-2.341080213396503E+001,3.417049589913169E+001,
4.191593352883676E+009,-2.368306051774198E+001,1.246920997942948E+001,
4.195503421309873E+009,-2.395955358447796E+001,-6.309369989990282E+000,
4.199413489736071E+009,-2.417750450743221E+001,-2.476219834271065E+001,
4.203323558162268E+009,-2.420571457067821E+001,-4.125766290493504E+001,
4.207233626588465E+009,-2.380103284103370E+001,-5.819789826005878E+001,
4.211143695014663E+009,-2.335072733846620E+001,-7.832068461190993E+001,
4.215053763440860E+009,-2.299276398008771E+001,-9.902199987710606E+001,
4.218963831867058E+009,-2.291998337894118E+001,-1.209257017136761E+002,
4.222873900293255E+009,-2.306674047155434E+001,-1.420907894390711E+002,
4.226783968719452E+009,-2.320304680486661E+001,-1.618668349242739E+002,
4.230694037145650E+009,-2.335829673135006E+001,1.785271377748913E+002,
4.234604105571847E+009,-2.332844688930014E+001,1.609687021616172E+002,
4.238514173998045E+009,-2.310615376372362E+001,1.407221103611929E+002,
4.242424242424243E+009,-2.315617223967108E+001,1.207911046813949E+002,
4.246334310850440E+009,-2.306049880489395E+001,1.004387194216450E+002,
4.250244379276638E+009,-2.298276345434763E+001,8.001087344865876E+001,
4.254154447702835E+009,-2.313071222239778E+001,5.813235097452646E+001,
4.258064516129032E+009,-2.347936725028620E+001,3.789928946790857E+001,
4.261974584555230E+009,-2.381738953628427E+001,1.939553258686597E+001,
4.265884652981427E+009,-2.381939372474665E+001,7.767778850033342E-001,
4.269794721407625E+009,-2.391190883654346E+001,-1.939920256785575E+001,
4.273704789833822E+009,-2.403997332244325E+001,-3.915359117427661E+001,
4.277614858260019E+009,-2.419304848363322E+001,-5.945131080407684E+001,
4.281524926686217E+009,-2.453818627617602E+001,-8.024492058143623E+001,
4.285434995112414E+009,-2.496486898311000E+001,-9.858008263287000E+001,
4.289345063538612E+009,-2.525053701989244E+001,-1.172214171211826E+002,
4.293255131964809E+009,-2.531063340363378E+001,-1.353798524688548E+002,
4.297165200391007E+009,-2.550793806303661E+001,-1.552589668473311E+002,
4.301075268817205E+009,-2.589546714111689E+001,-1.738548705633670E+002,
4.304985337243402E+009,-2.604374154723276E+001,1.673079955492660E+002,
4.308895405669600E+009,-2.623040615418663E+001,1.477007147068617E+002,
4.312805474095797E+009,-2.673066087314414E+001,1.278828758899380E+002,
4.316715542521994E+009,-2.734590458700610E+001,1.102716587671854E+002,
4.320625610948192E+009,-2.763258318874170E+001,9.299515960847326E+001,
4.324535679374389E+009,-2.806398387428867E+001,7.443606126157499E+001,
4.328445747800587E+009,-2.879009462135755E+001,5.765536814631342E+001,
4.332355816226784E+009,-2.908185072960936E+001,4.187512243765408E+001,
4.336265884652982E+009,-2.944249358617554E+001,2.874379675336896E+001,
4.340175953079179E+009,-2.906721719327486E+001,1.372557326282358E+001,
4.344086021505377E+009,-2.867280827315524E+001,-4.321043608523215E+000,
4.347996089931574E+009,-2.868003576557831E+001,-2.538278206001996E+001,
4.351906158357771E+009,-2.903902921340483E+001,-4.523726820887778E+001,
4.355816226783969E+009,-2.985884225597582E+001,-6.292039523374093E+001,
4.359726295210166E+009,-3.034189698344743E+001,-7.700172463416351E+001,
4.363636363636364E+009,-3.069026057638323E+001,-9.049823898647469E+001,
4.367546432062561E+009,-3.070153994229890E+001,-1.048770468571830E+002,
4.371456500488758E+009,-3.032641607465923E+001,-1.175098323959451E+002,
4.375366568914956E+009,-2.970859880017529E+001,-1.354289115567196E+002,
4.379276637341153E+009,-2.934406747970180E+001,-1.545460292501559E+002,
4.383186705767351E+009,-2.917275971319773E+001,-1.739215681384559E+002,
4.387096774193548E+009,-2.922873169868443E+001,1.671695693535441E+002,
4.391006842619746E+009,-2.928829939647990E+001,1.494316841366193E+002,
4.394916911045943E+009,-2.948907019813900E+001,1.310749373796383E+002,
4.398826979472141E+009,-2.945995586948200E+001,1.146752573507978E+002,
4.402737047898338E+009,-2.927734940939719E+001,9.685038169304764E+001,
4.406647116324535E+009,-2.950135751128894E+001,7.962351019385299E+001,
4.410557184750733E+009,-2.916631439207860E+001,6.345590349242189E+001,
4.414467253176930E+009,-2.903253912554021E+001,4.393875020465674E+001,
4.418377321603128E+009,-2.904327612369136E+001,2.615580723256064E+001,
4.422287390029326E+009,-2.898924649509712E+001,7.928967796829936E+000,
4.426197458455523E+009,-2.887414432302224E+001,-9.984034299764016E+000,
4.430107526881721E+009,-2.891091866616328E+001,-2.846000645726638E+001,
4.434017595307918E+009,-2.904633805761186E+001,-4.388243409637883E+001,
4.437927663734116E+009,-2.856648153327410E+001,-6.249760530117744E+001,
4.441837732160313E+009,-2.838441616312570E+001,-8.162154798716571E+001,
4.445747800586511E+009,-2.827834111313461E+001,-1.012807360488995E+002,
4.449657869012708E+009,-2.850291854586643E+001,-1.187124206218921E+002,
4.453567937438905E+009,-2.822151266574786E+001,-1.351241863539579E+002,
4.457478005865103E+009,-2.776733617066087E+001,-1.529972845774886E+002,
4.461388074291300E+009,-2.741978740992653E+001,-1.722654959086537E+002,
4.465298142717498E+009,-2.711604184753294E+001,1.674588842061445E+002,
4.469208211143695E+009,-2.691503422222599E+001,1.459275068316168E+002,
4.473118279569893E+009,-2.720257024870035E+001,1.264920147644426E+002,
4.477028347996090E+009,-2.695127233676438E+001,1.082536453273548E+002,
4.480938416422287E+009,-2.661605572177533E+001,9.013774099117934E+001,
4.484848484848485E+009,-2.623208351977682E+001,6.880644606174171E+001,
4.488758553274682E+009,-2.609299166644698E+001,4.738586466337389E+001,
4.492668621700880E+009,-2.623390435963497E+001,2.624096299787080E+001,
4.496578690127077E+009,-2.623155771585872E+001,7.265298236223834E+000,
4.500488758553275E+009,-2.608100090799871E+001,-1.330769131593581E+001,
4.504398826979472E+009,-2.604002849023676E+001,-3.312430327230832E+001,
4.508308895405669E+009,-2.596243017488676E+001,-5.324008386706685E+001,
4.512218963831867E+009,-2.591631157793330E+001,-7.313307002219392E+001,
4.516129032258064E+009,-2.582479167640591E+001,-9.165737226324164E+001,
4.520039100684262E+009,-2.546088363769616E+001,-1.132786337160437E+002,
4.523949169110459E+009,-2.537045667796982E+001,-1.352963664343699E+002,
4.527859237536657E+009,-2.538310619570551E+001,-1.563376347857000E+002,
4.531769305962854E+009,-2.546405486519180E+001,-1.777429140520602E+002,
4.535679374389051E+009,-2.572612083504194E+001,1.601727706826978E+002,
4.539589442815249E+009,-2.601789072043059E+001,1.418553330052027E+002,
4.543499511241447E+009,-2.576880751397831E+001,1.214282067425252E+002,
4.547409579667645E+009,-2.590782245744537E+001,1.003363921017210E+002,
4.551319648093842E+009,-2.613498190629409E+001,7.996046313240755E+001,
4.555229716520039E+009,-2.662804380684746E+001,6.050645057106139E+001,
4.559139784946237E+009,-2.668732003863716E+001,4.424917894686296E+001,
4.563049853372434E+009,-2.627694681608892E+001,2.538274374465889E+001,
4.566959921798632E+009,-2.597000961468146E+001,4.973848975514990E+000,
4.570869990224829E+009,-2.592674727099565E+001,-1.613928928380287E+001,
4.574780058651027E+009,-2.593400445619999E+001,-3.601452865211932E+001,
4.578690127077224E+009,-2.580975280166484E+001,-5.683651494348713E+001,
4.582600195503422E+009,-2.585933032024689E+001,-7.666395295403859E+001,
4.586510263929619E+009,-2.574667636645902E+001,-9.712850259106583E+001,
4.590420332355816E+009,-2.592443782214156E+001,-1.189922984354370E+002,
4.594330400782014E+009,-2.624010877056795E+001,-1.386948339413646E+002,
4.598240469208211E+009,-2.636727197707065E+001,-1.582736871414441E+002,
4.602150537634409E+009,-2.681190059002004E+001,-1.762270629272636E+002,
4.606060606060606E+009,-2.676780831597647E+001,1.669512347556793E+002,
4.609970674486803E+009,-2.652536161544199E+001,1.493226304548264E+002,
4.613880742913001E+009,-2.629366295129201E+001,1.309908237384218E+002,
4.617790811339198E+009,-2.593798369648034E+001,1.094293213359974E+002,
4.621700879765396E+009,-2.591090504550645E+001,8.836052402034815E+001,
4.625610948191593E+009,-2.626947824712380E+001,6.700516017328130E+001,
4.629521016617791E+009,-2.672696317798916E+001,4.840931511747527E+001,
4.633431085043988E+009,-2.682484653609226E+001,3.165136342211921E+001,
4.637341153470186E+009,-2.702345148708822E+001,1.463441306143822E+001,
4.641251221896383E+009,-2.696597833728603E+001,-2.693430072544560E+000,
4.645161290322580E+009,-2.675978690257955E+001,-1.929519025869860E+001,
4.649071358748778E+009,-2.652579536193272E+001,-3.628193042908946E+001,
4.652981427174975E+009,-2.600887405441945E+001,-5.488390662652806E+001,
4.656891495601173E+009,-2.582401607696317E+001,-7.461821532712416E+001,
4.660801564027371E+009,-2.569089034303948E+001,-9.341074923918745E+001,
4.664711632453568E+009,-2.552125264312007E+001,-1.129289454716473E+002,
4.668621700879766E+009,-2.564227450887293E+001,-1.324014213234358E+002,
4.672531769305963E+009,-2.560384916555834E+001,-1.503799647903367E+002,
4.676441837732161E+009,-2.540198600079155E+001,-1.677790341243350E+002,
4.680351906158358E+009,-2.529704984111964E+001,1.741823901189121E+002,
4.684261974584556E+009,-2.489247420477313E+001,1.549858784789367E+002,
4.688172043010753E+009,-2.478903561411490E+001,1.359977057398563E+002,
4.692082111436951E+009,-2.464591184884635E+001,1.176971234300862E+002,
4.695992179863148E+009,-2.438352305077967E+001,1.000217213450553E+002,
4.699902248289345E+009,-2.405790760595266E+001,8.007778187513334E+001,
4.703812316715543E+009,-2.387614520202418E+001,5.944631895318909E+001,
4.707722385141740E+009,-2.408641583210125E+001,3.949273780355851E+001,
4.711632453567938E+009,-2.411675858400863E+001,2.121952460928819E+001,
4.715542521994135E+009,-2.412036775342637E+001,3.232805042504647E+000,
4.719452590420332E+009,-2.391680960686958E+001,-1.463084629620896E+001,
4.723362658846530E+009,-2.366353786357098E+001,-3.297007276475743E+001,
4.727272727272727E+009,-2.355223036496875E+001,-5.265950435406508E+001,
4.731182795698925E+009,-2.348120969003542E+001,-7.155523276923941E+001,
4.735092864125122E+009,-2.330910452893957E+001,-8.990133671688750E+001,
4.739002932551320E+009,-2.310650764683060E+001,-1.086532526573997E+002,
4.742913000977517E+009,-2.283280309022781E+001,-1.288820135783454E+002,
4.746823069403714E+009,-2.284898811720387E+001,-1.496227949570190E+002,
4.750733137829912E+009,-2.310682210312756E+001,-1.682935660697635E+002,
4.754643206256109E+009,-2.301042519218822E+001,1.740670148009368E+002,
4.758553274682307E+009,-2.278180301585906E+001,1.554111616572814E+002,
4.762463343108504E+009,-2.270870727141157E+001,1.355408958752421E+002,
4.766373411534702E+009,-2.266592748785769E+001,1.158917459955040E+002,
4.770283479960899E+009,-2.277315199628842E+001,9.622645222270133E+001,
4.774193548387096E+009,-2.285428872046555E+001,7.785865449125282E+001,
4.778103616813294E+009,-2.278105423552814E+001,5.857373263971391E+001,
4.782013685239492E+009,-2.286679919573517E+001,3.941598634942250E+001,
4.785923753665690E+009,-2.291909822861600E+001,2.059869386601223E+001,
4.789833822091887E+009,-2.299889580460178E+001,1.940058217890270E+000,
4.793743890518084E+009,-2.295524248737955E+001,-1.708328312554707E+001,
4.797653958944282E+009,-2.312427317579279E+001,-3.679024222250681E+001,
4.801564027370479E+009,-2.334785877684026E+001,-5.473022342431403E+001,
4.805474095796677E+009,-2.334438660026618E+001,-7.350210310906084E+001,
4.809384164222874E+009,-2.344168647145060E+001,-9.254188177505002E+001,
4.813294232649072E+009,-2.360274998690415E+001,-1.112543940448015E+002,
4.817204301075269E+009,-2.378301793662936E+001,-1.289171042616069E+002,
4.821114369501467E+009,-2.392248044584875E+001,-1.468867334107939E+002,
4.825024437927664E+009,-2.390596240107043E+001,-1.656005334804620E+002,
4.828934506353861E+009,-2.408924232447085E+001,1.756420754501699E+002,
4.832844574780059E+009,-2.431748228235453E+001,1.580464466894406E+002,
4.836754643206256E+009,-2.437439419799464E+001,1.399073625875018E+002,
4.840664711632454E+009,-2.447659882544153E+001,1.217473604920513E+002,
4.844574780058651E+009,-2.471458200058752E+001,1.036529816663516E+002,
4.848484848484848E+009,-2.490011156224899E+001,8.629288693663794E+001,
4.852394916911046E+009,-2.495363198925789E+001,6.924147690503182E+001,
4.856304985337243E+009,-2.504570222825578E+001,5.147864284397571E+001,
4.860215053763441E+009,-2.501065052176787E+001,3.472454204644664E+001,
4.864125122189638E+009,-2.488822395104812E+001,1.597868534384972E+001,
4.868035190615836E+009,-2.507487702983927E+001,-2.178362629913720E+000,
4.871945259042033E+009,-2.509139894294378E+001,-1.996081020562604E+001,
4.875855327468231E+009,-2.515528385356985E+001,-3.760347828998449E+001,
4.879765395894428E+009,-2.515730991127470E+001,-5.514729459304576E+001,
4.883675464320625E+009,-2.508230319551687E+001,-7.306820014120844E+001,
4.887585532746823E+009,-2.508678923519451E+001,-9.107188076889479E+001,
4.891495601173020E+009,-2.500776326122372E+001,-1.089454641641074E+002,
4.895405669599218E+009,-2.491465168704765E+001,-1.277608453733362E+002,
4.899315738025415E+009,-2.501751513243760E+001,-1.472407362723748E+002,
4.903225806451613E+009,-2.515425617606363E+001,-1.660184879966663E+002,
4.907135874877811E+009,-2.544533902249707E+001,1.761009360574104E+002,
4.911045943304008E+009,-2.557491524189134E+001,1.591183980235853E+002,
4.914956011730206E+009,-2.542791407233557E+001,1.419908698469191E+002,
4.918866080156403E+009,-2.548543808828205E+001,1.228278632205454E+002,
4.922776148582601E+009,-2.547202466744258E+001,1.052385482929365E+002,
4.926686217008798E+009,-2.563054426149589E+001,8.696908834350086E+001,
4.930596285434996E+009,-2.565023649019551E+001,6.914898579658345E+001,
4.934506353861193E+009,-2.564149722576372E+001,5.110746357536691E+001,
4.938416422287390E+009,-2.568334118370599E+001,3.238967576579888E+001,
4.942326490713588E+009,-2.584876105719006E+001,1.437783350378496E+001,
4.946236559139785E+009,-2.583199298315993E+001,-2.980528668910743E+000,
4.950146627565983E+009,-2.586556974546958E+001,-2.158504285032182E+001,
4.954056695992180E+009,-2.590906790570226E+001,-3.987016381473805E+001,
4.957966764418377E+009,-2.598324410454872E+001,-5.790521859479894E+001,
4.961876832844575E+009,-2.589584970880442E+001,-7.656019128486777E+001,
4.965786901270772E+009,-2.614663833142649E+001,-9.426217657595777E+001,
4.969696969696970E+009,-2.623859664739531E+001,-1.121765717391799E+002,
4.973607038123167E+009,-2.617835262818132E+001,-1.291823520714951E+002,
4.977517106549365E+009,-2.611021884102468E+001,-1.475657744760004E+002,
4.981427174975562E+009,-2.610361035719702E+001,-1.657041881807815E+002,
4.985337243401759E+009,-2.624862819673945E+001,1.757023862529001E+002,
4.989247311827957E+009,-2.629420004936426E+001,1.602277399050433E+002,
4.993157380254154E+009,-2.584886645024388E+001,1.431839419413028E+002,
4.997067448680352E+009,-2.546344699474871E+001,1.254295478389858E+002,
5.000977517106549E+009,-2.512018434630853E+001,1.053689039928750E+002,
5.004887585532747E+009,-2.491850734250476E+001,8.505657669343195E+001,
5.008797653958944E+009,-2.473053109515195E+001,6.393193015689621E+001,
5.012707722385141E+009,-2.498430405739921E+001,4.321370208119433E+001,
5.016617790811339E+009,-2.509371395567326E+001,2.400060795563713E+001,
5.020527859237536E+009,-2.518986785627858E+001,3.918368791257633E+000,
5.024437927663734E+009,-2.546396089598881E+001,-1.473693908524112E+001,
5.028347996089932E+009,-2.534223900726003E+001,-3.177382565627860E+001,
5.032258064516129E+009,-2.506430891985422E+001,-5.112527017266649E+001,
5.036168132942327E+009,-2.500962998490633E+001,-7.151740921491093E+001,
5.040078201368524E+009,-2.504009487469233E+001,-9.128840016065760E+001,
5.043988269794722E+009,-2.504649678696241E+001,-1.117516429236477E+002,
5.047898338220919E+009,-2.519757780671432E+001,-1.306981626418878E+002,
5.051808406647117E+009,-2.515245250186406E+001,-1.499600924875293E+002,
5.055718475073314E+009,-2.502722511594130E+001,-1.703022103602583E+002,
5.059628543499512E+009,-2.517791372911603E+001,1.699944775573683E+002,
5.063538611925709E+009,-2.525464318470074E+001,1.506209536992057E+002,
5.067448680351906E+009,-2.512096018504629E+001,1.310456195578033E+002,
5.071358748778104E+009,-2.515194944191364E+001,1.095956418095787E+002,
5.075268817204301E+009,-2.543592071355160E+001,8.920171689692977E+001,
5.079178885630499E+009,-2.565762682586920E+001,7.008498594734624E+001,
5.083088954056696E+009,-2.577247898279240E+001,5.109276389575911E+001,
5.086999022482893E+009,-2.581793132430128E+001,3.201363766240899E+001,
5.090909090909091E+009,-2.594093684403738E+001,1.228734984792857E+001,
5.094819159335288E+009,-2.607749971698985E+001,-6.234065077553477E+000,
5.098729227761486E+009,-2.613074869965768E+001,-2.516729199075314E+001,
5.102639296187683E+009,-2.616320579350891E+001,-4.395802108948807E+001,
5.106549364613881E+009,-2.595289277496042E+001,-6.242886880795413E+001,
5.110459433040078E+009,-2.588186644522246E+001,-8.310996641083069E+001,
5.114369501466276E+009,-2.594254355481307E+001,-1.027981132117636E+002,
5.118279569892473E+009,-2.595223074287160E+001,-1.220109117914566E+002,
5.122189638318670E+009,-2.597067814133281E+001,-1.424687455739537E+002,
5.126099706744868E+009,-2.601520858162291E+001,-1.621213541869493E+002,
5.130009775171065E+009,-2.604325683510631E+001,1.776348442030762E+002,
5.133919843597263E+009,-2.618324248006777E+001,1.573409996596901E+002,
5.137829912023460E+009,-2.645148764563822E+001,1.368687875509132E+002,
5.141739980449657E+009,-2.671598980738020E+001,1.185365860329758E+002,
5.145650048875855E+009,-2.686217277319556E+001,1.005833475856360E+002,
5.149560117302053E+009,-2.684356258351933E+001,8.242419053947741E+001,
5.153470185728251E+009,-2.691623878965078E+001,6.377278792786475E+001,
5.157380254154448E+009,-2.686522661740195E+001,4.618176057566677E+001,
5.161290322580645E+009,-2.667123605951469E+001,2.867645505248499E+001,
5.165200391006843E+009,-2.617284502123452E+001,1.029147599929834E+001,
5.169110459433041E+009,-2.582063440068432E+001,-1.122313790945124E+001,
5.173020527859238E+009,-2.570925960566815E+001,-3.280205140072238E+001,
5.176930596285435E+009,-2.592131483821565E+001,-5.388748440112820E+001,
5.180840664711633E+009,-2.608380440343122E+001,-7.350629700303684E+001,
5.184750733137830E+009,-2.619917595269358E+001,-9.355549140307754E+001,
5.188660801564028E+009,-2.637178798552262E+001,-1.115704724317728E+002,
5.192570869990225E+009,-2.622682189568780E+001,-1.302453021113076E+002,
5.196480938416422E+009,-2.621408159213634E+001,-1.499926637688894E+002,
5.200391006842620E+009,-2.624954481162686E+001,-1.684581714520569E+002,
5.204301075268817E+009,-2.612474496331313E+001,1.719153464524675E+002,
5.208211143695015E+009,-2.623506498539099E+001,1.515855860490197E+002,
5.212121212121212E+009,-2.637009030660176E+001,1.315568959852248E+002,
5.216031280547409E+009,-2.656505211456464E+001,1.133531949859683E+002,
5.219941348973607E+009,-2.662645779131776E+001,9.512472771815990E+001,
5.223851417399805E+009,-2.671175232311247E+001,7.542683624790480E+001,
5.227761485826002E+009,-2.677390595721204E+001,5.751579526658773E+001,
5.231671554252199E+009,-2.683814452401356E+001,3.937448782402384E+001,
5.235581622678397E+009,-2.677982739078213E+001,2.181814575020035E+001,
5.239491691104594E+009,-2.656629420758520E+001,2.973915247939490E+000,
5.243401759530792E+009,-2.654879769472040E+001,-1.665001729455314E+001,
5.247311827956989E+009,-2.669390755345121E+001,-3.585082280283321E+001,
5.251221896383186E+009,-2.680514136336004E+001,-5.353998554125045E+001,
5.255131964809384E+009,-2.660551423725014E+001,-7.228079903310851E+001,
5.259042033235581E+009,-2.668961029943187E+001,-9.163911275926300E+001,
5.262952101661779E+009,-2.667310776708971E+001,-1.094249598066996E+002,
5.266862170087977E+009,-2.660758926844622E+001,-1.277843212407035E+002,
5.270772238514174E+009,-2.654580377494821E+001,-1.462450952477372E+002,
5.274682306940372E+009,-2.677053141403339E+001,-1.657958338129878E+002,
5.278592375366570E+009,-2.688302845064687E+001,1.762164693977177E+002,
5.282502443792767E+009,-2.696088873384138E+001,1.596574152119023E+002,
5.286412512218964E+009,-2.665619287228373E+001,1.426026859116654E+002,
5.290322580645162E+009,-2.637151476329025E+001,1.239700079266788E+002,
5.294232649071359E+009,-2.613579383945122E+001,1.045143183548568E+002,
5.298142717497557E+009,-2.608776154050197E+001,8.475660017640331E+001,
5.302052785923754E+009,-2.615622144167089E+001,6.481485850087431E+001,
5.305962854349951E+009,-2.641397378700077E+001,4.542568868444175E+001,
5.309872922776149E+009,-2.653678148150032E+001,2.880327454924174E+001,
5.313782991202346E+009,-2.651405190972988E+001,1.025294095266009E+001,
5.317693059628544E+009,-2.652889549797741E+001,-7.620492101542816E+000,
5.321603128054741E+009,-2.650644546806426E+001,-2.451489118966148E+001,
5.325513196480938E+009,-2.638423264385023E+001,-4.265375229967270E+001,
5.329423264907136E+009,-2.641837230632598E+001,-6.129352744329116E+001,
5.333333333333333E+009,-2.630903463078079E+001,-7.912883473573768E+001,
5.337243401759531E+009,-2.612702004030034E+001,-9.677826151450796E+001,
5.341153470185728E+009,-2.594443354257108E+001,-1.156081887911533E+002,
5.345063538611926E+009,-2.593443784046293E+001,-1.350590964571440E+002,
5.348973607038123E+009,-2.607258361702998E+001,-1.526701072941299E+002,
5.352883675464321E+009,-2.603207290848939E+001,-1.709097286136325E+002,
5.356793743890518E+009,-2.596336634040124E+001,1.712385844483315E+002,
5.360703812316715E+009,-2.584246870945314E+001,1.532854585991720E+002,
5.364613880742913E+009,-2.569092748753807E+001,1.347893129431396E+002,
5.368523949169110E+009,-2.557839219061458E+001,1.157843066976469E+002,
5.372434017595308E+009,-2.551609280465662E+001,9.718728242372346E+001,
5.376344086021505E+009,-2.549256557195679E+001,7.832681276995781E+001,
5.380254154447702E+009,-2.545769281821694E+001,5.931624702176212E+001,
5.384164222873900E+009,-2.546579314344460E+001,3.973837654042439E+001,
5.388074291300098E+009,-2.560243549083366E+001,2.185621886727488E+001,
5.391984359726296E+009,-2.564496939838656E+001,4.030896891930398E+000,
5.395894428152493E+009,-2.575352933756036E+001,-1.350302151035277E+001,
5.399804496578690E+009,-2.554456616863486E+001,-3.078516834027710E+001,
5.403714565004888E+009,-2.539926783395818E+001,-4.943080538612373E+001,
5.407624633431086E+009,-2.526848429835029E+001,-6.715434806171423E+001,
5.411534701857283E+009,-2.500463971486419E+001,-8.607848978965238E+001,
5.415444770283480E+009,-2.495261317984559E+001,-1.048170410538886E+002,
5.419354838709678E+009,-2.477329405517446E+001,-1.238595698054272E+002,
5.423264907135875E+009,-2.479604413457853E+001,-1.438027389073745E+002,
5.427174975562073E+009,-2.475494778645669E+001,-1.633020622499049E+002,
5.431085043988270E+009,-2.488362316423154E+001,1.771496636330614E+002,
5.434995112414467E+009,-2.515104100118228E+001,1.581041576917632E+002,
5.438905180840665E+009,-2.547288456877531E+001,1.417868821355662E+002,
5.442815249266862E+009,-2.538131981354673E+001,1.261789449252954E+002,
5.446725317693060E+009,-2.492870528204811E+001,1.101509556850883E+002,
5.450635386119257E+009,-2.440157443994342E+001,9.216981702830310E+001,
5.454545454545454E+009,-2.402283333045769E+001,7.143787545944718E+001,
5.458455522971652E+009,-2.387773405173976E+001,5.093218206796643E+001,
5.462365591397850E+009,-2.371216069407667E+001,3.035770958936859E+001,
5.466275659824047E+009,-2.379163703772855E+001,9.797837663755614E+000,
5.470185728250244E+009,-2.389399944291445E+001,-9.721430355418157E+000,
5.474095796676442E+009,-2.396763113230688E+001,-2.827259284779436E+001,
5.478005865102639E+009,-2.402358964097351E+001,-4.736202704037981E+001,
5.481915933528837E+009,-2.390496629997274E+001,-6.512582153097419E+001,
5.485826001955034E+009,-2.372550816125123E+001,-8.433124676945732E+001,
5.489736070381231E+009,-2.349043721413414E+001,-1.039469331047374E+002,
5.493646138807429E+009,-2.320445489979777E+001,-1.246866476156067E+002,
5.497556207233626E+009,-2.326163261403096E+001,-1.455987421678105E+002,
5.501466275659824E+009,-2.326263651789086E+001,-1.664027314736179E+002,
5.505376344086021E+009,-2.340626958244492E+001,1.730157583576217E+002,
5.509286412512219E+009,-2.360059621854058E+001,1.526183369160050E+002,
5.513196480938417E+009,-2.378780142731468E+001,1.329477476728129E+002,
5.517106549364615E+009,-2.395325132003383E+001,1.131263337084230E+002,
5.521016617790812E+009,-2.424557684737093E+001,9.318405576532356E+001,
5.524926686217009E+009,-2.446391292759810E+001,7.508622055930402E+001,
5.528836754643207E+009,-2.461380620343297E+001,5.649480424738447E+001,
5.532746823069404E+009,-2.475875135975378E+001,3.817244875036193E+001,
5.536656891495602E+009,-2.476052813642466E+001,1.978867144179225E+001,
5.540566959921799E+009,-2.461536173801164E+001,-5.129002688009399E-001,
5.544477028347996E+009,-2.477584943643333E+001,-2.051251679820768E+001,
5.548387096774194E+009,-2.487506132307738E+001,-4.101032069364734E+001,
5.552297165200391E+009,-2.519119109826058E+001,-6.087277892807856E+001,
5.556207233626589E+009,-2.539967381396712E+001,-7.936324146512132E+001,
5.560117302052786E+009,-2.575110372778281E+001,-9.880883521121373E+001,
5.564027370478983E+009,-2.617879354103852E+001,-1.166632931166338E+002,
5.567937438905181E+009,-2.642709009427594E+001,-1.337158081915138E+002,
5.571847507331378E+009,-2.648367198642783E+001,-1.500612783033957E+002,
5.575757575757576E+009,-2.640790595294877E+001,-1.687371551959675E+002,
5.579667644183773E+009,-2.646298824962418E+001,1.735279631545248E+002,
5.583577712609971E+009,-2.633780360919269E+001,1.547660970745811E+002,
5.587487781036168E+009,-2.646083304098037E+001,1.361784991549451E+002,
5.591397849462366E+009,-2.634358092236827E+001,1.168994210433290E+002,
5.595307917888563E+009,-2.646930961004594E+001,9.894998899676216E+001,
5.599217986314760E+009,-2.658446145737775E+001,7.912439805698256E+001,
5.603128054740958E+009,-2.675017480897420E+001,6.216120304810267E+001,
5.607038123167155E+009,-2.660889485236179E+001,4.440490361475720E+001,
5.610948191593353E+009,-2.657095248100373E+001,2.533525168142991E+001,
5.614858260019550E+009,-2.667799579939699E+001,6.169192288590011E+000,
5.618768328445747E+009,-2.680049757755185E+001,-1.058100391936055E+001,
5.622678396871945E+009,-2.643353803706114E+001,-2.764779198580978E+001,
5.626588465298142E+009,-2.608402050804149E+001,-4.783079195644722E+001,
5.630498533724340E+009,-2.624265893725902E+001,-6.851412945388445E+001,
5.634408602150538E+009,-2.639814654437803E+001,-8.628129579522300E+001,
5.638318670576735E+009,-2.600649006408285E+001,-1.049948896408635E+002,
5.642228739002933E+009,-2.609844260444928E+001,-1.257321219207574E+002,
5.646138807429131E+009,-2.609693846429492E+001,-1.448402632902753E+002,
5.650048875855328E+009,-2.620103573046402E+001,-1.633391383568801E+002,
5.653958944281525E+009,-2.621192864945901E+001,1.771464794044896E+002,
5.657869012707723E+009,-2.636852686268988E+001,1.587330740042386E+002,
5.661779081133920E+009,-2.646087457389582E+001,1.412928000834401E+002,
5.665689149560118E+009,-2.610751030791572E+001,1.240257194849042E+002,
5.669599217986315E+009,-2.571740476363698E+001,1.031086386126598E+002,
5.673509286412512E+009,-2.569866687823219E+001,8.230347922330100E+001,
5.677419354838710E+009,-2.590872537018079E+001,6.121507099409416E+001,
5.681329423264907E+009,-2.611631932234100E+001,4.270931799163054E+001,
5.685239491691105E+009,-2.613955810850796E+001,2.418262668986163E+001,
5.689149560117302E+009,-2.625139987999066E+001,4.950758629301594E+000,
5.693059628543499E+009,-2.639337790145406E+001,-1.358109781377687E+001,
5.696969696969697E+009,-2.650976781172224E+001,-3.084053810670390E+001,
5.700879765395895E+009,-2.626017155437651E+001,-4.770573428785566E+001,
5.704789833822092E+009,-2.589546024902758E+001,-6.754972708943801E+001,
5.708699902248289E+009,-2.578274889858360E+001,-8.661049181131857E+001,
5.712609970674487E+009,-2.558175655835083E+001,-1.062528057632465E+002,
5.716520039100684E+009,-2.547250179914446E+001,-1.266454897782513E+002,
5.720430107526882E+009,-2.551650980510784E+001,-1.475341914396805E+002,
5.724340175953079E+009,-2.572345548812993E+001,-1.674512270410927E+002,
5.728250244379276E+009,-2.587982838749923E+001,1.733170754879629E+002,
5.732160312805474E+009,-2.615419232046607E+001,1.546648269970594E+002,
5.736070381231671E+009,-2.613239682046066E+001,1.375200773662851E+002,
5.739980449657869E+009,-2.577699615027674E+001,1.193268185588223E+002,
5.743890518084066E+009,-2.560520071909252E+001,1.002123584813496E+002,
5.747800586510263E+009,-2.560298788495993E+001,8.057214058320477E+001,
5.751710654936461E+009,-2.526365820308422E+001,6.122744616454102E+001,
5.755620723362660E+009,-2.508327351638028E+001,3.987708746957219E+001,
5.759530791788857E+009,-2.513652951282835E+001,1.884690624437875E+001,
5.763440860215054E+009,-2.517985452072179E+001,-2.076992230569933E+000,
5.767350928641252E+009,-2.532922420012034E+001,-2.368643755928967E+001,
5.771260997067449E+009,-2.577843834150901E+001,-4.403787218701930E+001,
5.775171065493647E+009,-2.604673529466104E+001,-6.268170219848134E+001,
5.779081133919844E+009,-2.632120783788458E+001,-8.160001471894023E+001,
5.782991202346041E+009,-2.653058881420335E+001,-9.933841558384769E+001,
5.786901270772239E+009,-2.653182467525215E+001,-1.172687017185619E+002,
5.790811339198436E+009,-2.659609499714780E+001,-1.360909752472454E+002,
5.794721407624634E+009,-2.675170987533102E+001,-1.545992562275848E+002,
5.798631476050831E+009,-2.661597787540039E+001,-1.720714580386764E+002,
5.802541544477028E+009,-2.650570080762507E+001,1.687249106976640E+002,
5.806451612903226E+009,-2.648563450261086E+001,1.476131882966059E+002,
5.810361681329423E+009,-2.657159954876496E+001,1.273436935559091E+002,
5.814271749755621E+009,-2.686693723800805E+001,1.081277719273142E+002,
5.818181818181818E+009,-2.701964964217226E+001,8.956257145305715E+001,
5.822091886608016E+009,-2.710020536026992E+001,6.987032697679666E+001,
5.826001955034213E+009,-2.746507668524349E+001,5.114508560229675E+001,
5.829912023460411E+009,-2.777851384853435E+001,3.271410909336086E+001,
5.833822091886608E+009,-2.802524718212098E+001,1.582191582833638E+001,
5.837732160312805E+009,-2.812958324472110E+001,-1.544236120854670E+000,
5.841642228739003E+009,-2.799940472363980E+001,-1.909178812255732E+001,
5.845552297165200E+009,-2.800808382764615E+001,-3.895881793299313E+001,
5.849462365591398E+009,-2.809158340645866E+001,-5.569787985244241E+001,
5.853372434017595E+009,-2.795274614445122E+001,-7.429955000870943E+001,
5.857282502443792E+009,-2.810319146871500E+001,-9.331951155502534E+001,
5.861192570869990E+009,-2.820267530648827E+001,-1.124120852095744E+002,
5.865102639296187E+009,-2.827025795147300E+001,-1.300323548204568E+002,
5.869012707722385E+009,-2.832596920804621E+001,-1.480365852935297E+002,
5.872922776148583E+009,-2.840109416276722E+001,-1.657673334868346E+002,
5.876832844574780E+009,-2.816942046104810E+001,1.759614893772033E+002,
5.880742913000978E+009,-2.838507444304887E+001,1.564276227057258E+002,
5.884652981427176E+009,-2.848044412460560E+001,1.381989333827690E+002,
5.888563049853373E+009,-2.859356556831985E+001,1.212140604402632E+002,
5.892473118279570E+009,-2.867514111430498E+001,1.034140306444592E+002,
5.896383186705768E+009,-2.858834478569644E+001,8.665213651271931E+001,
5.900293255131965E+009,-2.825554259489068E+001,6.860183896323693E+001,
5.904203323558163E+009,-2.798600089986670E+001,4.893175940666036E+001,
5.908113391984360E+009,-2.787419352431703E+001,2.888796575021124E+001,
5.912023460410557E+009,-2.804898359187847E+001,8.819997103707635E+000,
5.915933528836755E+009,-2.821517672079438E+001,-8.502212021487802E+000,
5.919843597262952E+009,-2.842875292701350E+001,-2.627076652448942E+001,
5.923753665689150E+009,-2.827766682391404E+001,-4.226573874925948E+001,
5.927663734115347E+009,-2.817426107192384E+001,-6.068660747034601E+001,
5.931573802541544E+009,-2.790549776576114E+001,-7.978272866107839E+001,
5.935483870967742E+009,-2.765391956713900E+001,-1.000499097385991E+002,
5.939393939393940E+009,-2.801052115354142E+001,-1.191954009667819E+002,
5.943304007820137E+009,-2.799567314190093E+001,-1.367597503657192E+002,
5.947214076246334E+009,-2.796769505057866E+001,-1.550610310296112E+002,
5.951124144672532E+009,-2.793190352144281E+001,-1.729854077111335E+002,
5.955034213098729E+009,-2.797686909725412E+001,1.668802223429313E+002,
5.958944281524927E+009,-2.822207216263770E+001,1.498762249855338E+002,
5.962854349951124E+009,-2.816908684262716E+001,1.340534699592937E+002,
5.966764418377321E+009,-2.796971337580670E+001,1.166832519483278E+002,
5.970674486803519E+009,-2.749890737373482E+001,9.802894387905849E+001,
5.974584555229716E+009,-2.741152145132019E+001,7.768579912938364E+001,
5.978494623655914E+009,-2.737723185799943E+001,5.953743130235104E+001,
5.982404692082111E+009,-2.742731748515729E+001,4.046726185145771E+001,
5.986314760508308E+009,-2.756603757354635E+001,2.222485801806052E+001,
5.990224828934506E+009,-2.757220447108374E+001,5.164929603783342E+000,
5.994134897360704E+009,-2.741632214023952E+001,-1.047719683098674E+001,
5.998044965786902E+009,-2.694774076985311E+001,-2.922704263620295E+001,
6.001955034213099E+009,-2.667884464554381E+001,-4.856976034082346E+001,
6.005865102639297E+009,-2.654310334978205E+001,-6.767826281784782E+001,
6.009775171065494E+009,-2.627728990006801E+001,-8.601158961856234E+001,
6.013685239491692E+009,-2.616439166816722E+001,-1.053267828579654E+002,
6.017595307917889E+009,-2.583220690473103E+001,-1.236637449240726E+002,
6.021505376344086E+009,-2.558398801018393E+001,-1.434636009944116E+002,
6.025415444770284E+009,-2.544873282480588E+001,-1.633809775224880E+002,
6.029325513196481E+009,-2.552556944911577E+001,1.779108263880785E+002,
6.033235581622679E+009,-2.531314614928373E+001,1.603439760199095E+002,
6.037145650048876E+009,-2.486130074544499E+001,1.421346803337907E+002,
6.041055718475073E+009,-2.436255543783255E+001,1.217359435872505E+002,
6.044965786901271E+009,-2.404429644440445E+001,1.003145863987763E+002,
6.048875855327468E+009,-2.388284789202933E+001,7.876371350174654E+001,
6.052785923753666E+009,-2.385374775636592E+001,5.775795274049466E+001,
6.056695992179863E+009,-2.386841359153113E+001,3.654676865795145E+001,
6.060606060606061E+009,-2.385887963779217E+001,1.609059218541508E+001,
6.064516129032258E+009,-2.393266509744292E+001,-4.922976500862843E+000,
6.068426197458456E+009,-2.416470980999458E+001,-2.566906587600757E+001,
6.072336265884653E+009,-2.451866238354938E+001,-4.486740042738594E+001,
6.076246334310850E+009,-2.456598515191418E+001,-6.246847014705023E+001,
6.080156402737048E+009,-2.434579739860239E+001,-8.191260204561488E+001,
6.084066471163245E+009,-2.426422284165041E+001,-1.010717720739643E+002,
6.087976539589443E+009,-2.417992856401540E+001,-1.213879938932789E+002,
6.091886608015640E+009,-2.408561369020708E+001,-1.418859265448504E+002,
6.095796676441837E+009,-2.418556100062135E+001,-1.628477593578158E+002,
6.099706744868035E+009,-2.436262312864691E+001,1.771566213182305E+002,
6.103616813294232E+009,-2.437131412186400E+001,1.573062630182079E+002,
6.107526881720430E+009,-2.448324445555013E+001,1.359779274567932E+002,
6.111436950146627E+009,-2.490468876523381E+001,1.154385438875612E+002,
6.115347018572825E+009,-2.522564744914872E+001,9.629099249081213E+001,
6.119257086999023E+009,-2.568171532032909E+001,7.844774755512286E+001,
6.123167155425221E+009,-2.579154160391877E+001,6.086364988620316E+001,
6.127077223851418E+009,-2.578000779347288E+001,4.353688368768538E+001,
6.130987292277615E+009,-2.572029071739344E+001,2.514922964888677E+001,
6.134897360703813E+009,-2.561258445625634E+001,5.493921300080384E+000,
6.138807429130010E+009,-2.564502783234957E+001,-1.409268630093849E+001,
6.142717497556208E+009,-2.561128707440318E+001,-3.410558998955697E+001,
6.146627565982405E+009,-2.581348136855747E+001,-5.440351520514617E+001,
6.150537634408602E+009,-2.612201956122627E+001,-7.376910595685587E+001,
6.154447702834800E+009,-2.632011357386246E+001,-9.208596238118724E+001,
6.158357771260998E+009,-2.644490272911981E+001,-1.109112930534123E+002,
6.162267839687195E+009,-2.679841995669709E+001,-1.298795903942074E+002,
6.166177908113392E+009,-2.700079314799630E+001,-1.466577702878107E+002,
6.170087976539589E+009,-2.691251030025618E+001,-1.639258421523532E+002,
6.173998044965787E+009,-2.669784708595631E+001,1.765839132903281E+002,
6.177908113391985E+009,-2.675032447489839E+001,1.560863844224876E+002,
6.181818181818182E+009,-2.711552878982533E+001,1.372079616105430E+002,
6.185728250244379E+009,-2.720161231142951E+001,1.191718272729883E+002,
6.189638318670576E+009,-2.734946470142674E+001,1.014359001889458E+002,
6.193548387096774E+009,-2.735499120651395E+001,8.325872090327503E+001,
6.197458455522972E+009,-2.742235002557204E+001,6.364161751646037E+001,
6.201368523949169E+009,-2.755058568339503E+001,4.464859587715466E+001,
6.205278592375366E+009,-2.770511865717154E+001,2.607261980526196E+001,
6.209188660801564E+009,-2.800442257485209E+001,7.049375780240019E+000,
6.213098729227762E+009,-2.843326462329689E+001,-1.149429155823306E+001,
6.217008797653959E+009,-2.869368014784869E+001,-2.659209125475413E+001,
6.220918866080156E+009,-2.875990474113634E+001,-4.374450465111635E+001,
6.224828934506353E+009,-2.869504789686415E+001,-6.038295758115957E+001,
6.228739002932551E+009,-2.850318925037291E+001,-7.740804068914540E+001,
6.232649071358749E+009,-2.844663424499104E+001,-9.510245666855663E+001,
6.236559139784946E+009,-2.812995445853233E+001,-1.130565891270707E+002,
6.240469208211144E+009,-2.809544083731284E+001,-1.322932227283529E+002,
6.244379276637341E+009,-2.804524446478297E+001,-1.523686321101660E+002,
6.248289345063539E+009,-2.824770971546096E+001,-1.716931810215242E+002,
6.252199413489737E+009,-2.870201033423459E+001,1.699189679305305E+002,
6.256109481915934E+009,-2.891702233685608E+001,1.540069095240170E+002,
6.260019550342131E+009,-2.888606417659990E+001,1.372004977111265E+002,
6.263929618768329E+009,-2.902119482486298E+001,1.196291736922967E+002,
6.267839687194526E+009,-2.914431022925500E+001,1.051429430497726E+002,
6.271749755620724E+009,-2.854237002123273E+001,9.052337806885200E+001,
6.275659824046921E+009,-2.781124187242905E+001,7.122823234237195E+001,
6.279569892473118E+009,-2.769192080085706E+001,4.965571030274434E+001,
6.283479960899316E+009,-2.787047763642939E+001,3.010318377564305E+001,
6.287390029325514E+009,-2.785872606852829E+001,1.158659514770368E+001,
6.291300097751711E+009,-2.809141933221616E+001,-6.732037140340150E+000,
6.295210166177908E+009,-2.809699307965140E+001,-2.390391995875659E+001,
6.299120234604105E+009,-2.794515974188069E+001,-4.142150662558462E+001,
6.303030303030303E+009,-2.782280787225464E+001,-5.852967179566931E+001,
6.306940371456501E+009,-2.758178156049850E+001,-7.580452882774956E+001,
6.310850439882698E+009,-2.727578848065451E+001,-9.372044568623041E+001,
6.314760508308895E+009,-2.684987927764185E+001,-1.133772156973649E+002,
6.318670576735093E+009,-2.674187366315173E+001,-1.341743367181179E+002,
6.322580645161290E+009,-2.663111027672709E+001,-1.527979239590176E+002,
6.326490713587488E+009,-2.666353567130656E+001,-1.731077160100551E+002,
6.330400782013685E+009,-2.665603248490138E+001,1.677261905841995E+002,
6.334310850439882E+009,-2.670692265909279E+001,1.486073539829750E+002,
6.338220918866080E+009,-2.668478970042420E+001,1.300074471817661E+002,
6.342130987292278E+009,-2.667327589303428E+001,1.111753891721177E+002,
6.346041055718475E+009,-2.655628919869545E+001,9.194598890263406E+001,
6.349951124144672E+009,-2.657461141273602E+001,7.174851423234803E+001,
6.353861192570869E+009,-2.668114130792764E+001,5.323940724323035E+001,
6.357771260997068E+009,-2.656252276131209E+001,3.421367241087841E+001,
6.361681329423266E+009,-2.652630283152629E+001,1.411987216072075E+001,
6.365591397849463E+009,-2.671776746109366E+001,-6.522805664080307E+000,
6.369501466275660E+009,-2.706961409383625E+001,-2.493411648624336E+001,
6.373411534701857E+009,-2.725182209601095E+001,-4.203924537277162E+001,
6.377321603128055E+009,-2.711231703388666E+001,-5.916232965550836E+001,
6.381231671554253E+009,-2.690733198677683E+001,-7.859040048695498E+001,
6.385141739980450E+009,-2.686303861651739E+001,-9.863846395898980E+001,
6.389051808406647E+009,-2.696381602186082E+001,-1.177230513348851E+002,
6.392961876832845E+009,-2.694734773131256E+001,-1.370234401906946E+002,
6.396871945259043E+009,-2.713752731584956E+001,-1.574129396188805E+002,
6.400782013685240E+009,-2.740589477366386E+001,-1.754063169560912E+002,
6.404692082111437E+009,-2.756763477399235E+001,1.676292833739348E+002,
6.408602150537634E+009,-2.733423607064647E+001,1.492466977383974E+002,
6.412512218963832E+009,-2.725683483516675E+001,1.300538348126170E+002,
6.416422287390030E+009,-2.711858440404397E+001,1.106672995187204E+002,
6.420332355816227E+009,-2.699290041845564E+001,9.044598241641383E+001,
6.424242424242424E+009,-2.718400627587202E+001,6.851992884066658E+001,
6.428152492668621E+009,-2.764217469769944E+001,4.873998398299748E+001,
6.432062561094819E+009,-2.802957824950114E+001,3.070118743178317E+001,
6.435972629521017E+009,-2.808190509398162E+001,1.465471067869992E+001,
6.439882697947214E+009,-2.797673082626668E+001,-4.197762817520137E+000,
6.443792766373411E+009,-2.806981929432763E+001,-2.324856559132367E+001,
6.447702834799609E+009,-2.828592638919842E+001,-4.143024327284763E+001,
6.451612903225807E+009,-2.826563986002528E+001,-6.061048142001924E+001,
6.455522971652004E+009,-2.830105220853700E+001,-7.934267247463278E+001,
6.459433040078201E+009,-2.842231004662342E+001,-9.887882080849047E+001,
6.463343108504398E+009,-2.854238177110815E+001,-1.179273304043545E+002,
6.467253176930596E+009,-2.888893112173416E+001,-1.381423413927312E+002,
6.471163245356794E+009,-2.926316017040461E+001,-1.556843759678203E+002,
6.475073313782991E+009,-2.941273820057851E+001,-1.711427546721489E+002,
6.478983382209189E+009,-2.898792046350014E+001,1.733985045281103E+002,
6.482893450635386E+009,-2.888840050434727E+001,1.535223488746155E+002,
6.486803519061584E+009,-2.864493209751880E+001,1.354045939160139E+002,
6.490713587487782E+009,-2.844504272843217E+001,1.137631330031657E+002,
6.494623655913979E+009,-2.871493366140627E+001,9.196337257463462E+001,
6.498533724340176E+009,-2.912202296830683E+001,7.209523776737963E+001,
6.502443792766374E+009,-2.969977076422937E+001,5.334092937136874E+001,
6.506353861192571E+009,-3.006229016479141E+001,3.881950780534103E+001,
6.510263929618769E+009,-2.995292543079291E+001,2.301925381290468E+001,
6.514173998044966E+009,-2.947827688010765E+001,6.607381949894690E+000,
6.518084066471163E+009,-2.905329636770250E+001,-1.321098217448607E+001,
6.521994134897361E+009,-2.876736776260117E+001,-3.453330032395508E+001,
6.525904203323559E+009,-2.888516952994148E+001,-5.756666379225048E+001,
6.529814271749756E+009,-2.929222607164508E+001,-7.977404328603144E+001,
6.533724340175953E+009,-2.998791947795944E+001,-1.001293793670806E+002,
6.537634408602150E+009,-3.074573462991929E+001,-1.150435693955865E+002,
6.541544477028348E+009,-3.112897208500062E+001,-1.279931672385720E+002,
6.545454545454546E+009,-3.072242392868777E+001,-1.431204109238960E+002,
6.549364613880743E+009,-3.006208264042953E+001,-1.613129065445307E+002,
6.553274682306940E+009,-2.951705026028365E+001,1.777049410835637E+002,
6.557184750733138E+009,-2.962334053076926E+001,1.542114061966084E+002,
6.561094819159335E+009,-3.027856339669890E+001,1.336914757613432E+002,
6.565004887585533E+009,-3.051233455733933E+001,1.160808678046030E+002,
6.568914956011730E+009,-3.077720409830656E+001,9.716182694932783E+001,
6.572825024437927E+009,-3.129474332220326E+001,7.957673430498826E+001,
6.576735092864125E+009,-3.182248900997167E+001,6.513185387180165E+001,
6.580645161290323E+009,-3.143529705950084E+001,5.209526648672318E+001,
6.584555229716520E+009,-3.089291951012375E+001,3.375445742267584E+001,
6.588465298142717E+009,-3.027200233565473E+001,1.498340712647414E+001,
6.592375366568914E+009,-2.980645721302210E+001,-6.292497383388844E+000,
6.596285434995112E+009,-2.979461800983943E+001,-2.608730192203053E+001,
6.600195503421310E+009,-2.969803182611949E+001,-4.896156971145685E+001,
6.604105571847508E+009,-3.024877658760825E+001,-7.135844045245487E+001,
6.608015640273705E+009,-3.098926753293755E+001,-9.100327080628738E+001,
6.611925708699902E+009,-3.159485532300979E+001,-1.058552195113324E+002,
6.615835777126100E+009,-3.160278541031651E+001,-1.203347787942990E+002,
6.619745845552298E+009,-3.122196042184668E+001,-1.346481384752143E+002,
6.623655913978495E+009,-3.057944028454770E+001,-1.528360806217379E+002,
6.627565982404692E+009,-3.012811452652645E+001,-1.724897579429684E+002,
6.631476050830890E+009,-2.963950849040943E+001,1.666989684851160E+002,
6.635386119257088E+009,-2.946907419126014E+001,1.431999475344896E+002,
6.639296187683285E+009,-2.960849044578701E+001,1.211780404939224E+002,
6.643206256109482E+009,-3.014765858671879E+001,9.982469591405776E+001,
6.647116324535679E+009,-3.083908886477388E+001,8.104015871033528E+001,
6.651026392961877E+009,-3.122654365095883E+001,6.482806953236441E+001,
6.654936461388075E+009,-3.102441629387334E+001,4.910945292902055E+001,
6.658846529814272E+009,-3.091689828251630E+001,3.301055729525853E+001,
6.662756598240469E+009,-3.035161613754127E+001,1.326061602992057E+001,
6.666666666666666E+009,-3.024155826111788E+001,-6.401934975018767E+000,
6.670576735092864E+009,-3.020804424709393E+001,-2.639258237993686E+001,
6.674486803519062E+009,-3.002027989656090E+001,-4.744692658831769E+001,
6.678396871945259E+009,-3.018957767850051E+001,-6.884747076105333E+001,
6.682306940371456E+009,-3.056996065090311E+001,-8.857510112758907E+001,
6.686217008797654E+009,-3.090011680727990E+001,-1.063723339401046E+002,
6.690127077223852E+009,-3.105056422045310E+001,-1.238499451655289E+002,
6.694037145650049E+009,-3.103173099234382E+001,-1.411005138840543E+002,
6.697947214076246E+009,-3.057371371246488E+001,-1.594046953448714E+002,
6.701857282502443E+009,-3.044359202269131E+001,-1.799330995633407E+002,
6.705767350928641E+009,-3.032809920023742E+001,1.600863252503119E+002,
6.709677419354839E+009,-3.059092273966141E+001,1.400569981816470E+002,
6.713587487781036E+009,-3.052536772544709E+001,1.206669527558067E+002,
6.717497556207233E+009,-3.069277810361986E+001,1.008958667888925E+002,
6.721407624633431E+009,-3.098490025521580E+001,8.339995365789214E+001,
6.725317693059629E+009,-3.069131455391558E+001,6.636352003711150E+001,
6.729227761485827E+009,-3.036627215612489E+001,4.661903312644813E+001,
6.733137829912024E+009,-3.007476656755896E+001,2.518155661361062E+001,
6.737047898338221E+009,-3.041534914211877E+001,2.292740529464733E+000,
6.740957966764419E+009,-3.099041087033107E+001,-1.710077896345884E+001,
6.744868035190616E+009,-3.138839376043267E+001,-3.538565926378703E+001,
6.748778103616814E+009,-3.167485537927843E+001,-5.226739952480047E+001,
6.752688172043011E+009,-3.182768990067544E+001,-6.822062768987026E+001,
6.756598240469208E+009,-3.130516811843267E+001,-8.441496808444798E+001,
6.760508308895406E+009,-3.106437380171807E+001,-1.065635280244452E+002,
6.764418377321604E+009,-3.137567858700602E+001,-1.267140520721701E+002,
6.768328445747801E+009,-3.161238759681097E+001,-1.457423745223780E+002,
6.772238514173998E+009,-3.184764004867290E+001,-1.625984545582364E+002,
6.776148582600195E+009,-3.176403393578937E+001,1.792143142116412E+002,
6.780058651026393E+009,-3.172188079562024E+001,1.603157983305828E+002,
6.783968719452591E+009,-3.195344323443402E+001,1.421336880699265E+002,
6.787878787878788E+009,-3.213342968282655E+001,1.244313812140957E+002,
6.791788856304985E+009,-3.215245854697868E+001,1.077529950449788E+002,
6.795698924731183E+009,-3.255826834847885E+001,8.801460155479278E+001,
6.799608993157380E+009,-3.265684882638404E+001,7.259903980564070E+001,
6.803519061583578E+009,-3.263270315973860E+001,5.684696444752435E+001,
6.807429130009775E+009,-3.249373428750569E+001,4.067052423923577E+001,
6.811339198435972E+009,-3.240296896432123E+001,2.350099847769432E+001,
6.815249266862170E+009,-3.234080899901854E+001,6.896380448797131E+000,
6.819159335288368E+009,-3.222068416493289E+001,-9.180531852773962E+000,
6.823069403714565E+009,-3.187544929210447E+001,-2.377955376110622E+001,
6.826979472140762E+009,-3.111934583277566E+001,-4.101641177187064E+001,
6.830889540566959E+009,-3.046408459609729E+001,-6.102069709394063E+001,
6.834799608993157E+009,-3.025067193784847E+001,-8.201590999696666E+001,
6.838709677419355E+009,-3.026027767667322E+001,-1.018225842885506E+002,
6.842619745845552E+009,-3.028671493135424E+001,-1.203884469652438E+002,
6.846529814271750E+009,-3.026989541021934E+001,-1.374747363944269E+002,
6.850439882697948E+009,-3.002505384823452E+001,-1.554752227914101E+002,
6.854349951124145E+009,-2.990426070119929E+001,-1.730496155951745E+002,
6.858260019550343E+009,-2.947853030522494E+001,1.700174107249599E+002,
6.862170087976540E+009,-2.897595824376237E+001,1.518339120102854E+002,
6.866080156402737E+009,-2.865017188697597E+001,1.326676733890696E+002,
6.869990224828935E+009,-2.825393747468743E+001,1.134191423264934E+002,
6.873900293255133E+009,-2.777528615060909E+001,9.215191448164352E+001,
6.877810361681330E+009,-2.764251755312177E+001,7.075148704116327E+001,
6.881720430107527E+009,-2.774506684798069E+001,4.922560167062087E+001,
6.885630498533724E+009,-2.786413306025979E+001,2.986235345011141E+001,
6.889540566959922E+009,-2.801579127486707E+001,1.216624955214537E+001,
6.893450635386120E+009,-2.783290990182673E+001,-6.909842440354042E+000,
6.897360703812317E+009,-2.778022327136884E+001,-2.613134666248522E+001,
6.901270772238514E+009,-2.760884212583299E+001,-4.413618028235043E+001,
6.905180840664711E+009,-2.753705599814253E+001,-6.299851618792170E+001,
6.909090909090909E+009,-2.740524669317538E+001,-8.191567554937429E+001,
6.913000977517107E+009,-2.720624053532649E+001,-1.012720662173550E+002,
6.916911045943304E+009,-2.690237139215741E+001,-1.206997417447879E+002,
6.920821114369501E+009,-2.688288539937729E+001,-1.411753807996403E+002,
6.924731182795699E+009,-2.685155202300130E+001,-1.612304233602698E+002,
6.928641251221897E+009,-2.687477257763608E+001,1.789436445570443E+002,
6.932551319648094E+009,-2.691281960138893E+001,1.587275895776697E+002,
6.936461388074291E+009,-2.706648121177889E+001,1.390140763099743E+002,
6.940371456500488E+009,-2.715579395825780E+001,1.201178455990824E+002,
6.944281524926686E+009,-2.742703750804392E+001,1.029165277152374E+002,
6.948191593352884E+009,-2.726894375995262E+001,8.477914439677716E+001,
6.952101661779081E+009,-2.707126676008225E+001,6.633079718457090E+001,
6.956011730205278E+009,-2.681131316990403E+001,4.790062664633716E+001,
6.959921798631475E+009,-2.658082606583989E+001,2.679183952643249E+001,
6.963831867057674E+009,-2.663957377995658E+001,5.717732625973061E+000,
6.967741935483872E+009,-2.687036792635457E+001,-1.445728517451594E+001,
6.971652003910069E+009,-2.708256720038335E+001,-3.342556008258163E+001,
6.975562072336266E+009,-2.724872749379422E+001,-5.269627057063346E+001,
6.979472140762464E+009,-2.744244768196627E+001,-7.117386674356544E+001,
6.983382209188661E+009,-2.760111225629757E+001,-8.889485867115373E+001,
6.987292277614859E+009,-2.768846383144122E+001,-1.068981802861062E+002,
6.991202346041056E+009,-2.739093942604028E+001,-1.244205502221619E+002,
6.995112414467253E+009,-2.737749738203427E+001,-1.443461789008785E+002,
6.999022482893451E+009,-2.739447223146163E+001,-1.640965220011500E+002,
7.002932551319649E+009,-2.753533366407804E+001,1.770384131627605E+002,
7.006842619745846E+009,-2.751330696206739E+001,1.576978921215846E+002,
7.010752688172043E+009,-2.779633369262109E+001,1.380477369139653E+002,
7.014662756598240E+009,-2.782498295592144E+001,1.194310039074515E+002,
7.018572825024438E+009,-2.804231453939810E+001,1.008238458230668E+002,
7.022482893450636E+009,-2.812526616837561E+001,8.190819510686177E+001,
7.026392961876833E+009,-2.852069037785592E+001,6.360356494708773E+001,
7.030303030303030E+009,-2.883083630655356E+001,4.586490500911832E+001,
7.034213098729228E+009,-2.895205805997677E+001,2.987926804388027E+001,
7.038123167155425E+009,-2.887518645404163E+001,1.218939455475288E+001,
7.042033235581623E+009,-2.868940438587379E+001,-6.287347257021805E+000,
7.045943304007820E+009,-2.886343379893168E+001,-2.502664410775024E+001,
7.049853372434017E+009,-2.890107104409619E+001,-4.383451871131167E+001,
7.053763440860215E+009,-2.919842868630422E+001,-6.299675422380164E+001,
7.057673509286413E+009,-2.943703899713984E+001,-7.965040916079549E+001,
7.061583577712610E+009,-2.989891112677894E+001,-9.577092010132148E+001,
7.065493646138807E+009,-2.967832208754678E+001,-1.091976805654672E+002,
7.069403714565004E+009,-2.931953354869637E+001,-1.265957606220952E+002,
7.073313782991202E+009,-2.935092813181383E+001,-1.447804568556986E+002,
7.077223851417400E+009,-2.893747461529300E+001,-1.614180248642172E+002,
7.081133919843597E+009,-2.861232173615138E+001,-1.793812484915044E+002,
7.085043988269795E+009,-2.864732649097989E+001,1.613266995233372E+002,
7.088954056695993E+009,-2.851902499338469E+001,1.435862756197893E+002,
7.092864125122190E+009,-2.837640658909231E+001,1.259419976073554E+002,
7.096774193548388E+009,-2.829852534920367E+001,1.076598046574020E+002,
7.100684261974585E+009,-2.796153705607995E+001,8.905672650947594E+001,
7.104594330400782E+009,-2.783964219934711E+001,6.941457236961578E+001,
7.108504398826980E+009,-2.787006073167856E+001,5.148723385713259E+001,
7.112414467253178E+009,-2.771789188222655E+001,3.393905893665089E+001,
7.116324535679375E+009,-2.728003304494224E+001,1.672971001980584E+001,
7.120234604105572E+009,-2.692146108385474E+001,-3.718108159018529E+000,
7.124144672531769E+009,-2.668712861158025E+001,-2.443724934792926E+001,
7.128054740957967E+009,-2.658813850525068E+001,-4.617504363829112E+001,
7.131964809384165E+009,-2.683505202662454E+001,-6.706552018610474E+001,
7.135874877810362E+009,-2.703361111305939E+001,-8.530069999519057E+001,
7.139784946236559E+009,-2.711666428268953E+001,-1.042459111954047E+002,
7.143695014662756E+009,-2.712721362133757E+001,-1.217538692664109E+002,
7.147605083088954E+009,-2.704609258280124E+001,-1.411636398352202E+002,
7.151515151515152E+009,-2.697915831574175E+001,-1.594283194023007E+002,
7.155425219941349E+009,-2.675265688864038E+001,-1.774528123061333E+002,
7.159335288367546E+009,-2.642576031959764E+001,1.619363561864937E+002,
7.163245356793744E+009,-2.637741075280793E+001,1.408017731278926E+002,
7.167155425219942E+009,-2.662006542037087E+001,1.182913260800269E+002,
7.171065493646139E+009,-2.726446589390864E+001,9.807456760709232E+001,
7.174975562072336E+009,-2.775605599247276E+001,8.062470743282613E+001,
7.178885630498533E+009,-2.798884663948357E+001,6.373040262269352E+001,
7.182795698924731E+009,-2.784038584624262E+001,4.843128722822283E+001,
7.186705767350929E+009,-2.749529798593298E+001,3.054594675819342E+001,
7.190615835777126E+009,-2.714704583871228E+001,1.020010993439041E+001,
7.194525904203323E+009,-2.708266973506539E+001,-1.055347635854317E+001,
7.198435972629520E+009,-2.721109097074167E+001,-3.165023110559751E+001,
7.202346041055718E+009,-2.749097870220142E+001,-5.098060601603105E+001,
7.206256109481916E+009,-2.754141089421580E+001,-6.906554576505693E+001,
7.210166177908114E+009,-2.756630973302110E+001,-8.840448893911204E+001,
7.214076246334311E+009,-2.773509070315086E+001,-1.091963299001073E+002,
7.217986314760509E+009,-2.793597074873212E+001,-1.270392544586332E+002,
7.221896383186706E+009,-2.810162648789148E+001,-1.460442832500467E+002,
7.225806451612904E+009,-2.804977107276546E+001,-1.630036328542825E+002,
7.229716520039101E+009,-2.790171930204103E+001,1.774913901870730E+002,
7.233626588465298E+009,-2.783608235745319E+001,1.574589827441092E+002,
7.237536656891496E+009,-2.793911012661777E+001,1.367582982287901E+002,
7.241446725317694E+009,-2.814761666032365E+001,1.175127986455556E+002,
7.245356793743891E+009,-2.841808237096959E+001,9.769732839290164E+001,
7.249266862170088E+009,-2.855077712040513E+001,7.942383676975841E+001,
7.253176930596285E+009,-2.882105430277354E+001,6.049473117377897E+001,
7.257086999022483E+009,-2.896565321368469E+001,4.198251632626243E+001,
7.260997067448681E+009,-2.917964435552901E+001,2.415933347239781E+001,
7.264907135874878E+009,-2.904821656739280E+001,7.398104168702407E+000,
7.268817204301075E+009,-2.881175822342656E+001,-1.172997574800072E+001,
7.272727272727273E+009,-2.887568686116133E+001,-3.215238725323032E+001,
7.276637341153470E+009,-2.907086114102127E+001,-5.183739184994825E+001,
7.280547409579668E+009,-2.904990771521783E+001,-7.162739060022835E+001,
7.284457478005865E+009,-2.944289989154716E+001,-9.203238429636546E+001,
7.288367546432062E+009,-2.975341638209732E+001,-1.108452977472590E+002,
7.292277614858260E+009,-3.009867118802991E+001,-1.282371592226102E+002,
7.296187683284458E+009,-3.022770252775369E+001,-1.456358425276262E+002,
7.300097751710655E+009,-3.036894891357377E+001,-1.641935859302474E+002,
7.304007820136852E+009,-3.056170560647392E+001,1.793306934085332E+002,
7.307917888563049E+009,-3.041453282960551E+001,1.628616519852118E+002,
7.311827956989247E+009,-3.030679020826301E+001,1.439756199033839E+002,
7.315738025415445E+009,-3.056091899764862E+001,1.230849450394331E+002,
7.319648093841642E+009,-3.091037466018145E+001,1.059606624068690E+002,
7.323558162267839E+009,-3.091221174321237E+001,8.993317647490945E+001,
7.327468230694037E+009,-3.060844165894155E+001,7.122447594301390E+001,
7.331378299120235E+009,-3.063182156705826E+001,5.271437956606671E+001,
7.335288367546433E+009,-3.062962126376854E+001,3.495961651759060E+001,
7.339198435972630E+009,-3.048094195159197E+001,1.796450852527394E+001,
7.343108504398827E+009,-3.045248519148142E+001,-1.738299202742778E+000,
7.347018572825025E+009,-3.037517377714627E+001,-2.005891985032693E+001,
7.350928641251223E+009,-3.009433483542333E+001,-3.784013559466420E+001,
7.354838709677420E+009,-3.016435088959466E+001,-5.826343389187662E+001,
7.358748778103617E+009,-3.043692979772755E+001,-7.635115152908377E+001,
7.362658846529814E+009,-3.011347321684701E+001,-9.278783245757660E+001,
7.366568914956012E+009,-2.964720672661987E+001,-1.113242530695891E+002,
7.370478983382210E+009,-2.937383200198036E+001,-1.311035628329111E+002,
7.374389051808407E+009,-2.919947865180884E+001,-1.520516124077245E+002,
7.378299120234604E+009,-2.915106115197351E+001,-1.726126063594487E+002,
7.382209188660801E+009,-2.918485313549562E+001,1.669434296310209E+002,
7.386119257086999E+009,-2.919604848180745E+001,1.457746799135051E+002,
7.390029325513197E+009,-2.962210884023215E+001,1.265499520574971E+002,
7.393939393939394E+009,-2.973563120411514E+001,1.093902253690663E+002,
7.397849462365591E+009,-2.962332081753112E+001,9.115377333720794E+001,
7.401759530791789E+009,-2.940941064722670E+001,7.233663868771600E+001,
7.405669599217987E+009,-2.921173280281946E+001,5.275440615776926E+001,
7.409579667644184E+009,-2.911662824471103E+001,3.274887929851877E+001,
7.413489736070381E+009,-2.910790006523541E+001,1.230990893149642E+001,
7.417399804496578E+009,-2.914120140255983E+001,-9.598803430008200E+000,
7.421309872922776E+009,-2.947942670912681E+001,-3.104071087790647E+001,
7.425219941348974E+009,-3.013821225634199E+001,-4.848499755642942E+001,
7.429130009775171E+009,-3.021584789556663E+001,-6.532101563599925E+001,
7.433040078201368E+009,-2.992250985392622E+001,-8.196739008153664E+001,
7.436950146627565E+009,-2.972911468345885E+001,-1.007880374230525E+002,
7.440860215053763E+009,-2.928593199365130E+001,-1.201687360479966E+002,
7.444770283479961E+009,-2.917753920212668E+001,-1.424824213413345E+002,
7.448680351906158E+009,-2.941635884315835E+001,-1.648051775726040E+002,
7.452590420332356E+009,-2.972836273074343E+001,1.736430418453721E+002,
7.456500488758554E+009,-3.041794768325681E+001,1.537921493002577E+002,
7.460410557184751E+009,-3.075418502756525E+001,1.377061342785394E+002,
7.464320625610949E+009,-3.098888453905929E+001,1.205578393086759E+002,
7.468230694037146E+009,-3.093913293210267E+001,1.022398377449948E+002,
7.472140762463343E+009,-3.084948063329651E+001,8.443686069652077E+001,
7.476050830889541E+009,-3.078847926502512E+001,6.611109299603483E+001,
7.479960899315739E+009,-3.070493296084753E+001,4.662212532551179E+001,
7.483870967741936E+009,-3.053788551176605E+001,2.576650632573232E+001,
7.487781036168133E+009,-3.079158751160048E+001,4.916317847527879E+000,
7.491691104594330E+009,-3.112062476655522E+001,-1.491021562566477E+001,
7.495601173020528E+009,-3.163273855770615E+001,-3.314258870978087E+001,
7.499511241446726E+009,-3.194723167929023E+001,-4.965934875620280E+001,
7.503421309872923E+009,-3.206530650106951E+001,-6.693942186857358E+001,
7.507331378299120E+009,-3.210572340495312E+001,-8.377746379942981E+001,
7.511241446725318E+009,-3.213093571913519E+001,-1.013301769938161E+002,
7.515151515151515E+009,-3.202637775373511E+001,-1.182978308703160E+002,
7.519061583577713E+009,-3.173005835947373E+001,-1.366107564169466E+002,
7.522971652003910E+009,-3.148023008347698E+001,-1.567125784545069E+002,
7.526881720430107E+009,-3.152942689082206E+001,-1.778617820021308E+002,
7.530791788856305E+009,-3.185932086761464E+001,1.613352500346993E+002,
7.534701857282503E+009,-3.257777130391973E+001,1.429470532483241E+002,
7.538611925708700E+009,-3.303223970288762E+001,1.288859051361854E+002,
7.542521994134897E+009,-3.278796289367251E+001,1.146963979395692E+002,
7.546432062561094E+009,-3.236756441717777E+001,9.743886850274942E+001,
7.550342130987292E+009,-3.208547674202639E+001,7.847164908924114E+001,
7.554252199413490E+009,-3.192568989280762E+001,5.968608690835424E+001,
7.558162267839687E+009,-3.172096152095674E+001,3.964315867851251E+001,
7.562072336265884E+009,-3.192487517714687E+001,1.874114066897027E+001,
7.565982404692082E+009,-3.236432290904683E+001,3.116682463784062E-001,
7.569892473118280E+009,-3.265760130680532E+001,-1.618533413653206E+001,
7.573802541544478E+009,-3.266629578111611E+001,-3.204243835400619E+001,
7.577712609970675E+009,-3.245476056079129E+001,-4.878001147435104E+001,
7.581622678396872E+009,-3.234261779869604E+001,-6.686227913805283E+001,
7.585532746823070E+009,-3.230592478944612E+001,-8.436801714421512E+001,
7.589442815249268E+009,-3.234880921345471E+001,-1.012234255389791E+002,
7.593352883675465E+009,-3.211416612949834E+001,-1.172333095687041E+002,
7.597262952101662E+009,-3.168926747509180E+001,-1.347153283611146E+002,
7.601173020527859E+009,-3.133950216655756E+001,-1.543436545971898E+002,
7.605083088954057E+009,-3.136437669788437E+001,-1.731925755617632E+002,
7.608993157380255E+009,-3.119038947306116E+001,1.697623679383057E+002,
7.612903225806452E+009,-3.079194794034755E+001,1.513705753719234E+002,
7.616813294232649E+009,-3.037494920272279E+001,1.310588217490771E+002,
7.620723362658846E+009,-3.050620423806731E+001,1.105462233074956E+002,
7.624633431085044E+009,-3.061217830990278E+001,9.248589156592522E+001,
7.628543499511242E+009,-3.039285628862210E+001,7.455033979190496E+001,
7.632453567937439E+009,-3.032692197587588E+001,5.675054383320403E+001,
7.636363636363636E+009,-3.001109487177278E+001,3.931711474377213E+001,
7.640273704789834E+009,-2.965261410364137E+001,2.011868113948587E+001,
7.644183773216032E+009,-2.957050395590483E+001,1.063129357373338E+000,
7.648093841642229E+009,-2.920991247878528E+001,-1.789200753994323E+001,
7.652003910068426E+009,-2.895967907798009E+001,-3.810273212063471E+001,
7.655913978494623E+009,-2.899910017789106E+001,-5.881235732687057E+001,
7.659824046920821E+009,-2.904831529144445E+001,-7.838072552154411E+001,
7.663734115347019E+009,-2.922879972104447E+001,-9.660476590195128E+001,
7.667644183773216E+009,-2.892897299936474E+001,-1.147324535461648E+002,
7.671554252199413E+009,-2.868686285243426E+001,-1.348853074436640E+002,
7.675464320625610E+009,-2.876024968251325E+001,-1.553591886010347E+002,
7.679374389051808E+009,-2.885334403013129E+001,-1.737918501750976E+002,
7.683284457478006E+009,-2.892942558153421E+001,1.661613647684811E+002,
7.687194525904203E+009,-2.906208000111679E+001,1.479629853431331E+002,
7.691104594330401E+009,-2.880537026931837E+001,1.307579340860263E+002,
7.695014662756599E+009,-2.853343580356249E+001,1.109407134281026E+002,
7.698924731182797E+009,-2.858479542334402E+001,9.169836331119535E+001,
7.702834799608994E+009,-2.844638213058606E+001,7.153970341357160E+001,
7.706744868035191E+009,-2.858099435783479E+001,5.171467912444457E+001,
7.710654936461388E+009,-2.858624988009936E+001,3.252190206506872E+001,
7.714565004887586E+009,-2.869000610536346E+001,1.328828567540222E+001,
7.718475073313784E+009,-2.896462262269105E+001,-5.079496512722372E+000,
7.722385141739981E+009,-2.902139311728299E+001,-2.332661779030638E+001,
7.726295210166178E+009,-2.883399112538086E+001,-4.175638346504925E+001,
7.730205278592375E+009,-2.884413041064304E+001,-6.068756875100671E+001,
7.734115347018573E+009,-2.892133168007226E+001,-7.861622678311846E+001,
7.738025415444771E+009,-2.877297262987891E+001,-9.704676318968178E+001,
7.741935483870968E+009,-2.887529320046248E+001,-1.162461329661937E+002,
7.745845552297165E+009,-2.869938780355309E+001,-1.344783424689008E+002,
7.749755620723363E+009,-2.860637055331878E+001,-1.538413277113791E+002,
7.753665689149560E+009,-2.883002568772622E+001,-1.735488719394064E+002,
7.757575757575758E+009,-2.882107160206100E+001,1.686551163935494E+002,
7.761485826001955E+009,-2.902139622905356E+001,1.501487516504968E+002,
7.765395894428152E+009,-2.886093030952662E+001,1.315571465512490E+002,
7.769305962854350E+009,-2.878600960952261E+001,1.135576042837807E+002,
7.773216031280548E+009,-2.859603129144695E+001,9.338081616073934E+001,
7.777126099706745E+009,-2.879682048050057E+001,7.301552960312809E+001,
7.781036168132942E+009,-2.916619858059687E+001,5.498692318541246E+001,
7.784946236559139E+009,-2.922240008044503E+001,3.740890969889112E+001,
7.788856304985337E+009,-2.916287514237796E+001,1.933458417381446E+001,
7.792766373411535E+009,-2.935590041003137E+001,1.416700117128343E+000,
7.796676441837732E+009,-2.933795217677533E+001,-1.683087546867617E+001,
7.800586510263929E+009,-2.933293444890587E+001,-3.475579634129650E+001,
7.804496578690127E+009,-2.932649706964680E+001,-5.305068985411286E+001,
7.808406647116324E+009,-2.946927889011525E+001,-6.848922530622311E+001,
7.812316715542522E+009,-2.902139022636230E+001,-8.728536814269010E+001,
7.816226783968720E+009,-2.888830136089695E+001,-1.063716125124721E+002,
7.820136852394917E+009,-2.877923922780449E+001,-1.262965700807089E+002,
7.824046920821115E+009,-2.904898879832243E+001,-1.455041584527741E+002,
7.827956989247313E+009,-2.887446936581382E+001,-1.641698504771033E+002,
7.831867057673510E+009,-2.903580718344012E+001,1.782839425634871E+002,
7.835777126099707E+009,-2.911283598831770E+001,1.592306139682696E+002,
7.839687194525904E+009,-2.921341417427268E+001,1.414211718784515E+002,
7.843597262952102E+009,-2.900847996124505E+001,1.244296991235722E+002,
7.847507331378300E+009,-2.909661358082429E+001,1.058289365848647E+002,
7.851417399804497E+009,-2.889734389540682E+001,8.944891085142541E+001,
7.855327468230694E+009,-2.864160782641962E+001,7.035480538290996E+001,
7.859237536656891E+009,-2.854379069726452E+001,5.153777836374719E+001,
7.863147605083089E+009,-2.848445654751619E+001,3.294844946099526E+001,
7.867057673509287E+009,-2.832962454214628E+001,1.437267057704694E+001,
7.870967741935484E+009,-2.805598932557604E+001,-4.206378693380991E+000,
7.874877810361681E+009,-2.786003956590035E+001,-2.331245807856908E+001,
7.878787878787879E+009,-2.774994674366708E+001,-4.350368930519480E+001,
7.882697947214077E+009,-2.791577919165225E+001,-6.434461013933000E+001,
7.886608015640274E+009,-2.796201621472006E+001,-8.209459731542682E+001,
7.890518084066471E+009,-2.804813944491474E+001,-1.006510382239602E+002,
7.894428152492668E+009,-2.811880317734338E+001,-1.186705286354702E+002,
7.898338220918866E+009,-2.795943645100462E+001,-1.365863560347914E+002,
7.902248289345064E+009,-2.763673529175549E+001,-1.556052767000198E+002,
7.906158357771261E+009,-2.761709358527919E+001,-1.749398275862776E+002,
7.910068426197458E+009,-2.745324557255579E+001,1.667466227048277E+002,
7.913978494623655E+009,-2.733096663921186E+001,1.466703444488056E+002,
7.917888563049853E+009,-2.718489353508671E+001,1.263156089899001E+002,
7.921798631476051E+009,-2.717628535517536E+001,1.061331123535594E+002,
7.925708699902248E+009,-2.731134885895685E+001,8.590990838053990E+001,
7.929618768328445E+009,-2.749067050438454E+001,6.740004078851828E+001,
7.933528836754643E+009,-2.730255807364135E+001,4.793104237057235E+001,
7.937438905180841E+009,-2.744308048817556E+001,2.939591258603293E+001,
7.941348973607039E+009,-2.751615848209195E+001,1.023445150400214E+001,
7.945259042033236E+009,-2.744271319468729E+001,-8.942107319514349E+000,
7.949169110459433E+009,-2.737505916075871E+001,-2.715404943562774E+001,
7.953079178885631E+009,-2.725809432117372E+001,-4.760065832637862E+001,
7.956989247311829E+009,-2.720988078622245E+001,-6.786745339639106E+001,
7.960899315738026E+009,-2.732052738858464E+001,-8.898959177181811E+001,
7.964809384164223E+009,-2.767592626740317E+001,-1.093935292815820E+002,
7.968719452590420E+009,-2.790974646195993E+001,-1.289668564474718E+002,
7.972629521016618E+009,-2.834790015736644E+001,-1.473861274072913E+002,
7.976539589442816E+009,-2.878659287516424E+001,-1.642252966690047E+002,
7.980449657869013E+009,-2.868533949793147E+001,1.795388179212177E+002,
7.984359726295210E+009,-2.856432435198671E+001,1.612859440079316E+002,
7.988269794721408E+009,-2.844885125277427E+001,1.414932854703794E+002,
7.992179863147605E+009,-2.838924961335026E+001,1.226922632399305E+002,
7.996089931573803E+009,-2.842603288115420E+001,1.039803374781379E+002,
8.000000000000000E+009,-2.835147676385015E+001,8.309190579234523E+001,
