% Version 1.00
%
%freq[Hz];db:Trc1_S21;ang:Trc1_S21;
4.000000000000000E+009,-2.239187902426466E+001,-1.429881566671959E+002,
4.003910068426198E+009,-2.238076890514765E+001,-1.606819089735689E+002,
4.007820136852395E+009,-2.239534928714108E+001,1.799844816453848E+002,
4.011730205278593E+009,-2.245535381956588E+001,1.599200144383395E+002,
4.015640273704790E+009,-2.267898651978039E+001,1.409950510626689E+002,
4.019550342130987E+009,-2.277771161946894E+001,1.205917856485244E+002,
4.023460410557185E+009,-2.296085365941774E+001,1.007796328456386E+002,
4.027370478983382E+009,-2.322904449416303E+001,8.022625737341328E+001,
4.031280547409580E+009,-2.372073329300139E+001,6.173610167507191E+001,
4.035190615835777E+009,-2.395562629396281E+001,4.338363186621609E+001,
4.039100684261975E+009,-2.419046304089619E+001,2.496841897059357E+001,
4.043010752688172E+009,-2.438409864966639E+001,5.929626920560099E+000,
4.046920821114369E+009,-2.461589094873055E+001,-1.186605031114499E+001,
4.050830889540567E+009,-2.467502273451878E+001,-3.093278817950744E+001,
4.054740957966765E+009,-2.500408759279009E+001,-4.972282138255820E+001,
4.058651026392962E+009,-2.543929750938517E+001,-6.813855642381466E+001,
4.062561094819160E+009,-2.553495347781540E+001,-8.463936124825806E+001,
4.066471163245357E+009,-2.560629449551924E+001,-1.024556589714230E+002,
4.070381231671554E+009,-2.570223810829917E+001,-1.210486603501869E+002,
4.074291300097752E+009,-2.598898035765689E+001,-1.395439190475474E+002,
4.078201368523949E+009,-2.631521654528832E+001,-1.558141069926806E+002,
4.082111436950147E+009,-2.629982698334676E+001,-1.716684365978746E+002,
4.086021505376344E+009,-2.599298271478610E+001,1.721854919278096E+002,
4.089931573802542E+009,-2.578567524401184E+001,1.537797231099156E+002,
4.093841642228739E+009,-2.556736323017761E+001,1.355276060406002E+002,
4.097751710654936E+009,-2.549730339901072E+001,1.165912840362024E+002,
4.101661779081134E+009,-2.514661541888678E+001,9.833037374442088E+001,
4.105571847507331E+009,-2.503161071793935E+001,7.831316795228516E+001,
4.109481915933529E+009,-2.494902308637366E+001,5.820529043988785E+001,
4.113391984359726E+009,-2.494916836517538E+001,3.927575536907276E+001,
4.117302052785924E+009,-2.491479618368163E+001,1.986661206456880E+001,
4.121212121212121E+009,-2.494494907328209E+001,7.774162600275169E-001,
4.125122189638319E+009,-2.500265856584004E+001,-1.879185126861960E+001,
4.129032258064516E+009,-2.498630806729913E+001,-3.689232151955953E+001,
4.132942326490714E+009,-2.493131543069011E+001,-5.468924515220176E+001,
4.136852394916911E+009,-2.469258505008721E+001,-7.239399927041303E+001,
4.140762463343109E+009,-2.440014215662055E+001,-9.180773850311672E+001,
4.144672531769306E+009,-2.428219464648837E+001,-1.123674683878476E+002,
4.148582600195503E+009,-2.428912673559152E+001,-1.334227981453110E+002,
4.152492668621701E+009,-2.437864443267936E+001,-1.535940143303781E+002,
4.156402737047898E+009,-2.451523246688868E+001,-1.714026160945145E+002,
4.160312805474096E+009,-2.447356472898529E+001,1.693355277888662E+002,
4.164222873900293E+009,-2.463288338271523E+001,1.515089388476511E+002,
4.168132942326491E+009,-2.451256282716590E+001,1.346174194536410E+002,
4.172043010752688E+009,-2.430256017949995E+001,1.165824063541224E+002,
4.175953079178886E+009,-2.394134200727688E+001,9.876250292745024E+001,
4.179863147605083E+009,-2.342817610328011E+001,7.957405570072497E+001,
4.183773216031281E+009,-2.293500310573613E+001,5.695991188352841E+001,
4.187683284457478E+009,-2.292894495161396E+001,3.417847180181255E+001,
4.191593352883676E+009,-2.321990128068333E+001,1.265165875211336E+001,
4.195503421309873E+009,-2.352942263810378E+001,-6.148643062063419E+000,
4.199413489736071E+009,-2.361828987876388E+001,-2.448712595929396E+001,
4.203323558162268E+009,-2.365420463679152E+001,-4.186620293738142E+001,
4.207233626588465E+009,-2.338723435360560E+001,-5.991513518593715E+001,
4.211143695014663E+009,-2.310474760404128E+001,-7.940506487651663E+001,
4.215053763440860E+009,-2.283387318815299E+001,-9.964615561052995E+001,
4.218963831867058E+009,-2.265570677675955E+001,-1.213663027336829E+002,
4.222873900293255E+009,-2.280494692745605E+001,-1.426589010493948E+002,
4.226783968719452E+009,-2.314740813494276E+001,-1.624016914084443E+002,
4.230694037145650E+009,-2.328558695372639E+001,1.789603602000100E+002,
4.234604105571847E+009,-2.330192420698611E+001,1.609776452407215E+002,
4.238514173998045E+009,-2.309591297232163E+001,1.411115475979213E+002,
4.242424242424243E+009,-2.301885986509332E+001,1.216669902053247E+002,
4.246334310850440E+009,-2.298750590824388E+001,1.015063677475892E+002,
4.250244379276638E+009,-2.287087596665545E+001,8.071758826168055E+001,
4.254154447702835E+009,-2.307789488511655E+001,5.929688692463729E+001,
4.258064516129032E+009,-2.335913841399122E+001,3.862284951716356E+001,
4.261974584555230E+009,-2.364461726688269E+001,1.984363737097129E+001,
4.265884652981427E+009,-2.381440567977499E+001,-3.457151106791424E-002,
4.269794721407625E+009,-2.405020512186520E+001,-1.860697035188037E+001,
4.273704789833822E+009,-2.408851809551198E+001,-3.773494669103639E+001,
4.277614858260019E+009,-2.415094197163497E+001,-5.800678775926621E+001,
4.281524926686217E+009,-2.442241708603400E+001,-7.903891601260649E+001,
4.285434995112414E+009,-2.472798866823149E+001,-9.750552981906107E+001,
4.289345063538612E+009,-2.500505856501816E+001,-1.167951155657191E+002,
4.293255131964809E+009,-2.513913280922511E+001,-1.362677490548819E+002,
4.297165200391007E+009,-2.557330519447678E+001,-1.570306640054517E+002,
4.301075268817205E+009,-2.613042058599827E+001,-1.754749510904156E+002,
4.304985337243402E+009,-2.630963812549740E+001,1.664426156413615E+002,
4.308895405669600E+009,-2.657152602163426E+001,1.469183768148722E+002,
4.312805474095797E+009,-2.720033986547012E+001,1.274416240403213E+002,
4.316715542521994E+009,-2.775572580079121E+001,1.099423192622404E+002,
4.320625610948192E+009,-2.807568309802012E+001,9.434460255918248E+001,
4.324535679374389E+009,-2.852129678572244E+001,7.447624579189811E+001,
4.328445747800587E+009,-2.903419236126796E+001,5.778710818364093E+001,
4.332355816226784E+009,-2.942878876182335E+001,4.149637899790826E+001,
4.336265884652982E+009,-3.003323699142699E+001,2.682941124749121E+001,
4.340175953079179E+009,-2.993120752269238E+001,1.252415630624612E+001,
4.344086021505377E+009,-2.962955173578340E+001,-5.138540112807490E+000,
4.347996089931574E+009,-2.992933466780276E+001,-2.537453070031084E+001,
4.351906158357771E+009,-3.076839839001056E+001,-4.271383319775889E+001,
4.355816226783969E+009,-3.134488783346763E+001,-5.633144863084521E+001,
4.359726295210166E+009,-3.148080394397960E+001,-7.063800523166590E+001,
4.363636363636364E+009,-3.185199974644419E+001,-8.488033290643303E+001,
4.367546432062561E+009,-3.137831567306277E+001,-9.590333523126171E+001,
4.371456500488758E+009,-3.091617362810085E+001,-1.108899713700424E+002,
4.375366568914956E+009,-3.023045318775869E+001,-1.287544712398680E+002,
4.379276637341153E+009,-2.993673805580743E+001,-1.490991878730590E+002,
4.383186705767351E+009,-3.001234581200875E+001,-1.684319108180247E+002,
4.387096774193548E+009,-3.019126554812935E+001,1.739565220977983E+002,
4.391006842619746E+009,-3.024038545869437E+001,1.581998596428734E+002,
4.394916911045943E+009,-3.035187487866174E+001,1.417066464722985E+002,
4.398826979472141E+009,-2.987163158298066E+001,1.268364141119005E+002,
4.402737047898338E+009,-2.947220641697411E+001,1.081259653977951E+002,
4.406647116324535E+009,-2.940304996960174E+001,8.824013946057492E+001,
4.410557184750733E+009,-2.928568852481046E+001,6.984660649866535E+001,
4.414467253176930E+009,-2.953992711811290E+001,5.050405275084924E+001,
4.418377321603128E+009,-2.961665988964119E+001,3.528824414044021E+001,
4.422287390029326E+009,-2.916624987265666E+001,1.834851007666283E+001,
4.426197458455523E+009,-2.911039820070576E+001,2.100717314591260E-001,
4.430107526881721E+009,-2.901980497584682E+001,-1.720390466237089E+001,
4.434017595307918E+009,-2.863329562144715E+001,-3.443803057020600E+001,
4.437927663734116E+009,-2.846756228565609E+001,-5.318550642129490E+001,
4.441837732160313E+009,-2.810968874456358E+001,-7.166611666965821E+001,
4.445747800586511E+009,-2.799732950243061E+001,-9.145081215068089E+001,
4.449657869012708E+009,-2.785590300385883E+001,-1.099224307127100E+002,
4.453567937438905E+009,-2.772029311973481E+001,-1.279821444871515E+002,
4.457478005865103E+009,-2.739682269296226E+001,-1.465251736836016E+002,
4.461388074291300E+009,-2.697019842167022E+001,-1.652409605182240E+002,
4.465298142717498E+009,-2.662430135834219E+001,1.733792001147672E+002,
4.469208211143695E+009,-2.639439154616754E+001,1.520127181386219E+002,
4.473118279569893E+009,-2.661574576697018E+001,1.319774255520842E+002,
4.477028347996090E+009,-2.648009693852874E+001,1.137008312522872E+002,
4.480938416422287E+009,-2.590135878708108E+001,9.392896363719086E+001,
4.484848484848485E+009,-2.574328058550218E+001,7.141283119442645E+001,
4.488758553274682E+009,-2.573716358924919E+001,4.957496449810549E+001,
4.492668621700880E+009,-2.593867949914847E+001,2.790199159964395E+001,
4.496578690127077E+009,-2.607106205421589E+001,9.798729670779524E+000,
4.500488758553275E+009,-2.586918598868275E+001,-9.972981216914103E+000,
4.504398826979472E+009,-2.583604404433769E+001,-3.019611516288101E+001,
4.508308895405669E+009,-2.571880173525721E+001,-5.077181997228394E+001,
4.512218963831867E+009,-2.582458804641081E+001,-7.166496724345160E+001,
4.516129032258064E+009,-2.573943787497844E+001,-9.114223106027043E+001,
4.520039100684262E+009,-2.540611948443233E+001,-1.116409792142982E+002,
4.523949169110459E+009,-2.527703775606934E+001,-1.341510216107691E+002,
4.527859237536657E+009,-2.530319768395193E+001,-1.565417577968446E+002,
4.531769305962854E+009,-2.553739025237352E+001,-1.791048415073921E+002,
4.535679374389051E+009,-2.590122092178737E+001,1.595633897521124E+002,
4.539589442815249E+009,-2.636392824818007E+001,1.400139137882927E+002,
4.543499511241447E+009,-2.640042738479745E+001,1.206479642931787E+002,
4.547409579667645E+009,-2.661285932334762E+001,1.003499223763223E+002,
4.551319648093842E+009,-2.667983242232653E+001,8.041390873366539E+001,
4.555229716520039E+009,-2.706645560221687E+001,6.046793578140468E+001,
4.559139784946237E+009,-2.716971832999873E+001,4.335890624686807E+001,
4.563049853372434E+009,-2.686976142217476E+001,2.456510635793045E+001,
4.566959921798632E+009,-2.662029261420480E+001,3.828286022354367E+000,
4.570869990224829E+009,-2.676813704339557E+001,-1.679099796827396E+001,
4.574780058651027E+009,-2.674334926902523E+001,-3.643103351840635E+001,
4.578690127077224E+009,-2.684888498190585E+001,-5.723956442333103E+001,
4.582600195503422E+009,-2.702055202076110E+001,-7.679307623647073E+001,
4.586510263929619E+009,-2.693763746055982E+001,-9.577924820390284E+001,
4.590420332355816E+009,-2.700749804922917E+001,-1.169481746444513E+002,
4.594330400782014E+009,-2.731344324271114E+001,-1.361438139050345E+002,
4.598240469208211E+009,-2.761385658974191E+001,-1.548161903426029E+002,
4.602150537634409E+009,-2.789705929821045E+001,-1.716699642949732E+002,
4.606060606060606E+009,-2.751344383309750E+001,1.723087912321863E+002,
4.609970674486803E+009,-2.717266662560876E+001,1.544031869963488E+002,
4.613880742913001E+009,-2.682290923428354E+001,1.346469729208269E+002,
4.617790811339198E+009,-2.661018959741195E+001,1.137280064887896E+002,
4.621700879765396E+009,-2.637986830912584E+001,9.325291705888033E+001,
4.625610948191593E+009,-2.652616652838226E+001,7.184382397555704E+001,
4.629521016617791E+009,-2.695214845370746E+001,5.298300240367887E+001,
4.633431085043988E+009,-2.690813718761641E+001,3.472739452442352E+001,
4.637341153470186E+009,-2.704242616719934E+001,1.647722317109793E+001,
4.641251221896383E+009,-2.712949555880875E+001,-1.226958694886140E+000,
4.645161290322580E+009,-2.701875826710555E+001,-1.784957143642486E+001,
4.649071358748778E+009,-2.683387033621030E+001,-3.449965112484819E+001,
4.652981427174975E+009,-2.624841172250328E+001,-5.313871415506095E+001,
4.656891495601173E+009,-2.608924539650202E+001,-7.282053166667376E+001,
4.660801564027371E+009,-2.593123487559205E+001,-9.171393075152666E+001,
4.664711632453568E+009,-2.574183611329307E+001,-1.110535520733929E+002,
4.668621700879766E+009,-2.566977129024433E+001,-1.301709731200984E+002,
4.672531769305963E+009,-2.567905573748746E+001,-1.488020505671036E+002,
4.676441837732161E+009,-2.548796596906773E+001,-1.663739457320466E+002,
4.680351906158358E+009,-2.524139757367432E+001,1.754081913367398E+002,
4.684261974584556E+009,-2.484524763366620E+001,1.566440005833915E+002,
4.688172043010753E+009,-2.469707803886273E+001,1.368532081873099E+002,
4.692082111436951E+009,-2.457299775306948E+001,1.178749597196374E+002,
4.695992179863148E+009,-2.442885991319461E+001,9.917175592572524E+001,
4.699902248289345E+009,-2.412613545226861E+001,7.939352580758070E+001,
4.703812316715543E+009,-2.399598780526157E+001,5.960877225367644E+001,
4.707722385141740E+009,-2.408200803649569E+001,4.015800071069187E+001,
4.711632453567938E+009,-2.402938979602414E+001,2.152673919999895E+001,
4.715542521994135E+009,-2.391891147945131E+001,3.001520623294943E+000,
4.719452590420332E+009,-2.380348019661339E+001,-1.580034132545394E+001,
4.723362658846530E+009,-2.366105684063176E+001,-3.467887487533329E+001,
4.727272727272727E+009,-2.361808009447551E+001,-5.352578760080478E+001,
4.731182795698925E+009,-2.342999094640074E+001,-7.175863698594489E+001,
4.735092864125122E+009,-2.335324380749398E+001,-9.104718842050333E+001,
4.739002932551320E+009,-2.318286767179289E+001,-1.098955034886396E+002,
4.742913000977517E+009,-2.300162368433783E+001,-1.298753729829665E+002,
4.746823069403714E+009,-2.302108503505932E+001,-1.490726979664435E+002,
4.750733137829912E+009,-2.319061179400443E+001,-1.678087884495028E+002,
4.754643206256109E+009,-2.288630928861911E+001,1.743690092755898E+002,
4.758553274682307E+009,-2.268621738143804E+001,1.552586869398996E+002,
4.762463343108504E+009,-2.256326452264611E+001,1.351527818248499E+002,
4.766373411534702E+009,-2.248986004616123E+001,1.154782447503153E+002,
4.770283479960899E+009,-2.258536791682756E+001,9.597573089391065E+001,
4.774193548387096E+009,-2.256473099347311E+001,7.674179188733621E+001,
4.778103616813294E+009,-2.254653213751297E+001,5.707801038306548E+001,
4.782013685239492E+009,-2.266654825241343E+001,3.768925635707544E+001,
4.785923753665690E+009,-2.279939816847468E+001,1.884175861628523E+001,
4.789833822091887E+009,-2.284417918550737E+001,2.111288129518057E-001,
4.793743890518084E+009,-2.280579452096060E+001,-1.922930489988008E+001,
4.797653958944282E+009,-2.298743993390202E+001,-3.893265314864861E+001,
4.801564027370479E+009,-2.315079851839076E+001,-5.697949032150859E+001,
4.805474095796677E+009,-2.324805183927598E+001,-7.579117283652576E+001,
4.809384164222874E+009,-2.328554180599090E+001,-9.501733230654493E+001,
4.813294232649072E+009,-2.347632390591134E+001,-1.139287152718882E+002,
4.817204301075269E+009,-2.366552820986407E+001,-1.320194569786673E+002,
4.821114369501467E+009,-2.374664348495011E+001,-1.501110634822938E+002,
4.825024437927664E+009,-2.386851931442267E+001,-1.688718159297835E+002,
4.828934506353861E+009,-2.410106239156573E+001,1.724895697613618E+002,
4.832844574780059E+009,-2.434758350843412E+001,1.541901577087959E+002,
4.836754643206256E+009,-2.448246207863046E+001,1.366008326864046E+002,
4.840664711632454E+009,-2.462927177318081E+001,1.183021420257852E+002,
4.844574780058651E+009,-2.483152733186397E+001,1.003272751923743E+002,
4.848484848484848E+009,-2.505862400932526E+001,8.307335265179529E+001,
4.852394916911046E+009,-2.521825265138532E+001,6.580614273062703E+001,
4.856304985337243E+009,-2.525935731735549E+001,4.937570660875850E+001,
4.860215053763441E+009,-2.517416459647338E+001,3.215177333515322E+001,
4.864125122189638E+009,-2.512412143397963E+001,1.411635339995407E+001,
4.868035190615836E+009,-2.518131086425635E+001,-3.395055969751630E+000,
4.871945259042033E+009,-2.529958722812983E+001,-2.207801385204452E+001,
4.875855327468231E+009,-2.532355477145723E+001,-3.959134041219915E+001,
4.879765395894428E+009,-2.535400637921113E+001,-5.724047309159045E+001,
4.883675464320625E+009,-2.535413419830486E+001,-7.519969515992916E+001,
4.887585532746823E+009,-2.542092831718174E+001,-9.317099931603096E+001,
4.891495601173020E+009,-2.542788400731836E+001,-1.104158335457660E+002,
4.895405669599218E+009,-2.541013735088252E+001,-1.288413154379037E+002,
4.899315738025415E+009,-2.553395850979884E+001,-1.471701897680135E+002,
4.903225806451613E+009,-2.552702604790078E+001,-1.647764891119684E+002,
4.907135874877811E+009,-2.566195212838699E+001,1.772050181228352E+002,
4.911045943304008E+009,-2.570297642690111E+001,1.601633419808930E+002,
4.914956011730206E+009,-2.567864674233454E+001,1.428362069855901E+002,
4.918866080156403E+009,-2.551286757919363E+001,1.251123808990540E+002,
4.922776148582601E+009,-2.552250982736894E+001,1.063835434734192E+002,
4.926686217008798E+009,-2.551740089237406E+001,8.774710674020774E+001,
4.930596285434996E+009,-2.568205723998148E+001,6.998334584936498E+001,
4.934506353861193E+009,-2.574745583278892E+001,5.272886501515767E+001,
4.938416422287390E+009,-2.562738914639597E+001,3.503189304689329E+001,
4.942326490713588E+009,-2.558735562540443E+001,1.701497518538223E+001,
4.946236559139785E+009,-2.546987810883268E+001,-1.279678187810154E+000,
4.950146627565983E+009,-2.542826189135991E+001,-1.950023599680513E+001,
4.954056695992180E+009,-2.529875443645948E+001,-3.791059127782992E+001,
4.957966764418377E+009,-2.527068323025118E+001,-5.659932140799803E+001,
4.961876832844575E+009,-2.527963819518615E+001,-7.585826143013323E+001,
4.965786901270772E+009,-2.548483070198261E+001,-9.470785079977233E+001,
4.969696969696970E+009,-2.555677283812198E+001,-1.126600391696405E+002,
4.973607038123167E+009,-2.558533689902557E+001,-1.296773089096462E+002,
4.977517106549365E+009,-2.539943091963211E+001,-1.483830080300444E+002,
4.981427174975562E+009,-2.536911064519524E+001,-1.664549998138483E+002,
4.985337243401759E+009,-2.541386031080151E+001,1.750978005277174E+002,
4.989247311827957E+009,-2.530618193204143E+001,1.570985743681116E+002,
4.993157380254154E+009,-2.518566680539177E+001,1.392921465103516E+002,
4.997067448680352E+009,-2.491718105778503E+001,1.209005513868128E+002,
5.000977517106549E+009,-2.473624242659077E+001,1.013663318163724E+002,
5.004887585532747E+009,-2.448015055891389E+001,8.123846585279328E+001,
5.008797653958944E+009,-2.445160668461618E+001,6.035855906719598E+001,
5.012707722385141E+009,-2.453497341119927E+001,4.013282370337440E+001,
5.016617790811339E+009,-2.450737323903587E+001,2.106279747515836E+001,
5.020527859237536E+009,-2.460185601157417E+001,7.626073677747532E-001,
5.024437927663734E+009,-2.479401811421983E+001,-1.827576435194453E+001,
5.028347996089932E+009,-2.475692557617598E+001,-3.676700211742408E+001,
5.032258064516129E+009,-2.463312995177237E+001,-5.624793689529160E+001,
5.036168132942327E+009,-2.461251184060947E+001,-7.601869280987090E+001,
5.040078201368524E+009,-2.470048327074497E+001,-9.734300924206123E+001,
5.043988269794722E+009,-2.489157275602269E+001,-1.170809060845873E+002,
5.047898338220919E+009,-2.501364400917570E+001,-1.357485127529681E+002,
5.051808406647117E+009,-2.508132818258815E+001,-1.553445221622637E+002,
5.055718475073314E+009,-2.519344802754210E+001,-1.748732151194026E+002,
5.059628543499512E+009,-2.524102785377083E+001,1.658123578888221E+002,
5.063538611925709E+009,-2.531402731384951E+001,1.469818400591965E+002,
5.067448680351906E+009,-2.517627552495092E+001,1.278743887307778E+002,
5.071358748778104E+009,-2.516650753014783E+001,1.062199052488106E+002,
5.075268817204301E+009,-2.547783318127626E+001,8.544377502744406E+001,
5.079178885630499E+009,-2.571901172846604E+001,6.637082937587225E+001,
5.083088954056696E+009,-2.604957670987065E+001,4.714723522933378E+001,
5.086999022482893E+009,-2.631626856610855E+001,2.886268202296714E+001,
5.090909090909091E+009,-2.643918394014126E+001,1.059048383368813E+001,
5.094819159335288E+009,-2.659428804778649E+001,-7.027043138838085E+000,
5.098729227761486E+009,-2.654075869733252E+001,-2.533504513320707E+001,
5.102639296187683E+009,-2.660676181622818E+001,-4.279964501777931E+001,
5.106549364613881E+009,-2.634025614157167E+001,-6.105070737739879E+001,
5.110459433040078E+009,-2.607660032241680E+001,-8.072934357725883E+001,
5.114369501466276E+009,-2.601272849225337E+001,-1.018502324464934E+002,
5.118279569892473E+009,-2.614335608317005E+001,-1.215548231394663E+002,
5.122189638318670E+009,-2.616812012891588E+001,-1.406369317999883E+002,
5.126099706744868E+009,-2.621212775251622E+001,-1.601790186232911E+002,
5.130009775171065E+009,-2.624289348001929E+001,-1.793770698587053E+002,
5.133919843597263E+009,-2.620869941975529E+001,1.609534943084856E+002,
5.137829912023460E+009,-2.631586807249342E+001,1.405940300009614E+002,
5.141739980449657E+009,-2.662128240727915E+001,1.217302228875603E+002,
5.145650048875855E+009,-2.658028208393839E+001,1.031861508507841E+002,
5.149560117302053E+009,-2.666964093017832E+001,8.459170573502752E+001,
5.153470185728251E+009,-2.674366539714670E+001,6.625822392971676E+001,
5.157380254154448E+009,-2.669521447629824E+001,4.826602290987292E+001,
5.161290322580645E+009,-2.656310485375044E+001,3.085912448748711E+001,
5.165200391006843E+009,-2.608431079131159E+001,1.273418587298939E+001,
5.169110459433041E+009,-2.565999901230630E+001,-8.303357011507037E+000,
5.173020527859238E+009,-2.558211453474835E+001,-3.009272032287150E+001,
5.176930596285435E+009,-2.574049507283089E+001,-5.049695213516078E+001,
5.180840664711633E+009,-2.589325797043008E+001,-7.079454020902280E+001,
5.184750733137830E+009,-2.603693412314324E+001,-9.009645654381107E+001,
5.188660801564028E+009,-2.612327377179032E+001,-1.085976618471746E+002,
5.192570869990225E+009,-2.609510000396647E+001,-1.274239344989455E+002,
5.196480938416422E+009,-2.601398792104472E+001,-1.463784337856418E+002,
5.200391006842620E+009,-2.596851882936410E+001,-1.659287583866102E+002,
5.204301075268817E+009,-2.580901261393662E+001,1.746384966214927E+002,
5.208211143695015E+009,-2.599577687530800E+001,1.539191549661292E+002,
5.212121212121212E+009,-2.616930768146917E+001,1.348504275708444E+002,
5.216031280547409E+009,-2.618584713352503E+001,1.176428408268007E+002,
5.219941348973607E+009,-2.604605930354370E+001,9.725641409301417E+001,
5.223851417399805E+009,-2.627961858705725E+001,7.698604194304606E+001,
5.227761485826002E+009,-2.660340833004558E+001,5.786773433811502E+001,
5.231671554252199E+009,-2.670123050520904E+001,4.039602031603739E+001,
5.235581622678397E+009,-2.679249272192048E+001,2.313709473283028E+001,
5.239491691104594E+009,-2.662879529276108E+001,4.731242015748371E+000,
5.243401759530792E+009,-2.660331716034689E+001,-1.432561039299522E+001,
5.247311827956989E+009,-2.679196078534994E+001,-3.298883959289735E+001,
5.251221896383186E+009,-2.682728065875415E+001,-5.069605569734634E+001,
5.255131964809384E+009,-2.672557743520476E+001,-6.905824524456043E+001,
5.259042033235581E+009,-2.678089854999287E+001,-8.685338697933089E+001,
5.262952101661779E+009,-2.656554766855518E+001,-1.045423195865010E+002,
5.266862170087977E+009,-2.652482780324933E+001,-1.243854905818845E+002,
5.270772238514174E+009,-2.659801408047830E+001,-1.435004661823147E+002,
5.274682306940372E+009,-2.678224273589024E+001,-1.615423323163664E+002,
5.278592375366570E+009,-2.676928159138832E+001,-1.791669962547578E+002,
5.282502443792767E+009,-2.682702346089928E+001,1.637147542502280E+002,
5.286412512218964E+009,-2.663513849456502E+001,1.466429532841861E+002,
5.290322580645162E+009,-2.643883275886814E+001,1.287267805898755E+002,
5.294232649071359E+009,-2.620618445508906E+001,1.106387405695660E+002,
5.298142717497557E+009,-2.597260451455426E+001,9.054498261387899E+001,
5.302052785923754E+009,-2.598957815823830E+001,7.034489596571989E+001,
5.305962854349951E+009,-2.620508227184063E+001,5.159484074720665E+001,
5.309872922776149E+009,-2.624164641231951E+001,3.464830732579809E+001,
5.313782991202346E+009,-2.615692604673679E+001,1.654245338630035E+001,
5.317693059628544E+009,-2.615993791253418E+001,-1.688880443851195E+000,
5.321603128054741E+009,-2.612680103248818E+001,-1.894392564254903E+001,
5.325513196480938E+009,-2.589023724324699E+001,-3.710385063521951E+001,
5.329423264907136E+009,-2.593914720826696E+001,-5.502994128272395E+001,
5.333333333333333E+009,-2.570804288825325E+001,-7.305490745524092E+001,
5.337243401759531E+009,-2.541294498010148E+001,-9.158037479172695E+001,
5.341153470185728E+009,-2.527985297266074E+001,-1.113369550041440E+002,
5.345063538611926E+009,-2.537838781421687E+001,-1.307491836403258E+002,
5.348973607038123E+009,-2.531527145363542E+001,-1.488468401770181E+002,
5.352883675464321E+009,-2.515798357998498E+001,-1.672439100378788E+002,
5.356793743890518E+009,-2.507517280282123E+001,1.737630963633837E+002,
5.360703812316715E+009,-2.502347135280754E+001,1.552863874890151E+002,
5.364613880742913E+009,-2.490578699142081E+001,1.359339413873850E+002,
5.368523949169110E+009,-2.498562167798880E+001,1.168628687520010E+002,
5.372434017595308E+009,-2.488536507867568E+001,9.811396049726945E+001,
5.376344086021505E+009,-2.490939010206085E+001,7.967263242417138E+001,
5.380254154447702E+009,-2.485356711581228E+001,6.039592230930349E+001,
5.384164222873900E+009,-2.497045185267766E+001,4.120560776962984E+001,
5.388074291300098E+009,-2.490297638181841E+001,2.308271948206265E+001,
5.391984359726296E+009,-2.494246418693134E+001,3.723279838205477E+000,
5.395894428152493E+009,-2.512636757009686E+001,-1.402875416741927E+001,
5.399804496578690E+009,-2.508148508376147E+001,-3.178441766088115E+001,
5.403714565004888E+009,-2.503036886403157E+001,-5.048452458722162E+001,
5.407624633431086E+009,-2.488517061467860E+001,-6.805977952217951E+001,
5.411534701857283E+009,-2.472999756524485E+001,-8.693578524121011E+001,
5.415444770283480E+009,-2.467438440459416E+001,-1.056718073135666E+002,
5.419354838709678E+009,-2.452838006240096E+001,-1.256035356358942E+002,
5.423264907135875E+009,-2.465572375869477E+001,-1.450980657602229E+002,
5.427174975562073E+009,-2.470609043041971E+001,-1.645098965948615E+002,
5.431085043988270E+009,-2.483068327760045E+001,1.764473008820788E+002,
5.434995112414467E+009,-2.505572573318304E+001,1.576388175759395E+002,
5.438905180840665E+009,-2.536341543769254E+001,1.409488011630116E+002,
5.442815249266862E+009,-2.534274199324337E+001,1.254410983281830E+002,
5.446725317693060E+009,-2.505640025531239E+001,1.092442058190748E+002,
5.450635386119257E+009,-2.457225624416432E+001,9.115651575995918E+001,
5.454545454545454E+009,-2.422116954037485E+001,7.120879516519179E+001,
5.458455522971652E+009,-2.402635955759457E+001,5.084219658971095E+001,
5.462365591397850E+009,-2.402502243910970E+001,3.072131343440509E+001,
5.466275659824047E+009,-2.394285008402263E+001,1.080444727208723E+001,
5.470185728250244E+009,-2.412741939260790E+001,-9.003326046290646E+000,
5.474095796676442E+009,-2.424580760521656E+001,-2.681839176781576E+001,
5.478005865102639E+009,-2.421349102716207E+001,-4.511954706657114E+001,
5.481915933528837E+009,-2.396454174168829E+001,-6.279548843162511E+001,
5.485826001955034E+009,-2.368694254339031E+001,-8.242312346235715E+001,
5.489736070381231E+009,-2.349249428475019E+001,-1.023904650732440E+002,
5.493646138807429E+009,-2.338153333189798E+001,-1.234551726675031E+002,
5.497556207233626E+009,-2.343044677611235E+001,-1.438681145328762E+002,
5.501466275659824E+009,-2.329471232680859E+001,-1.642121095026663E+002,
5.505376344086021E+009,-2.344910599345021E+001,1.749252355957333E+002,
5.509286412512219E+009,-2.353933775698744E+001,1.545294093036196E+002,
5.513196480938417E+009,-2.372002772220080E+001,1.345166548981383E+002,
5.517106549364615E+009,-2.388281236834560E+001,1.146590712892424E+002,
5.521016617790812E+009,-2.405319399937867E+001,9.511368776093617E+001,
5.524926686217009E+009,-2.421918043073788E+001,7.565155836283800E+001,
5.528836754643207E+009,-2.440068609350069E+001,5.654454224447918E+001,
5.532746823069404E+009,-2.453372952472887E+001,3.708086208252919E+001,
5.536656891495602E+009,-2.456475903965168E+001,1.873638214547923E+001,
5.540566959921799E+009,-2.457320913729429E+001,-1.570377921738307E+000,
5.544477028347996E+009,-2.473645384674803E+001,-2.149584701560272E+001,
5.548387096774194E+009,-2.481998308444206E+001,-4.225901123835842E+001,
5.552297165200391E+009,-2.518444033496015E+001,-6.163398665000428E+001,
5.556207233626589E+009,-2.540226012760078E+001,-8.087342048494361E+001,
5.560117302052786E+009,-2.565152618726363E+001,-1.006781912827985E+002,
5.564027370478983E+009,-2.598672278353301E+001,-1.195310127055842E+002,
5.567937438905181E+009,-2.640600852599471E+001,-1.367530566996298E+002,
5.571847507331378E+009,-2.653054292187381E+001,-1.546723790206319E+002,
5.575757575757576E+009,-2.657990841668864E+001,-1.734866241020964E+002,
5.579667644183773E+009,-2.689575016245998E+001,1.685761735921199E+002,
5.583577712609971E+009,-2.691768683603341E+001,1.499853668973509E+002,
5.587487781036168E+009,-2.713897699982198E+001,1.313096095052293E+002,
5.591397849462366E+009,-2.728242704373563E+001,1.130230067912359E+002,
5.595307917888563E+009,-2.753854518112567E+001,9.535205947129329E+001,
5.599217986314760E+009,-2.760468138613563E+001,7.781393693938476E+001,
5.603128054740958E+009,-2.774597928360557E+001,6.063671586259160E+001,
5.607038123167155E+009,-2.758859469782609E+001,4.343407017030573E+001,
5.610948191593353E+009,-2.757725433972219E+001,2.363739404756549E+001,
5.614858260019550E+009,-2.759402151181038E+001,5.184491433304331E+000,
5.618768328445747E+009,-2.793075695964435E+001,-1.168909384437783E+001,
5.622678396871945E+009,-2.758029120065405E+001,-2.694430928882770E+001,
5.626588465298142E+009,-2.722606543634465E+001,-4.750236474918091E+001,
5.630498533724340E+009,-2.747465139252174E+001,-6.866520945162957E+001,
5.634408602150538E+009,-2.754920254649145E+001,-8.432365849649648E+001,
5.638318670576735E+009,-2.710052446201351E+001,-1.020361475390793E+002,
5.642228739002933E+009,-2.702822731180797E+001,-1.226515526068701E+002,
5.646138807429131E+009,-2.702805802216887E+001,-1.418260122390378E+002,
5.650048875855328E+009,-2.712256242500039E+001,-1.597866800693417E+002,
5.653958944281525E+009,-2.692589783735285E+001,-1.784957037694610E+002,
5.657869012707723E+009,-2.690043781602945E+001,1.614769667772764E+002,
5.661779081133920E+009,-2.700805111359927E+001,1.433566500053186E+002,
5.665689149560118E+009,-2.665179577416904E+001,1.267478684354799E+002,
5.669599217986315E+009,-2.626550243233354E+001,1.054238649598622E+002,
5.673509286412512E+009,-2.622571483498797E+001,8.472851755458301E+001,
5.677419354838710E+009,-2.647896637303076E+001,6.383186629475523E+001,
5.681329423264907E+009,-2.662595596869608E+001,4.500699048617544E+001,
5.685239491691105E+009,-2.675093082012964E+001,2.600705144560985E+001,
5.689149560117302E+009,-2.683472649628626E+001,8.165634418249271E+000,
5.693059628543499E+009,-2.678953437564332E+001,-1.042676855115538E+001,
5.696969696969697E+009,-2.669970329468296E+001,-2.768857755096367E+001,
5.700879765395895E+009,-2.634069486597175E+001,-4.573969916922727E+001,
5.704789833822092E+009,-2.613714329200745E+001,-6.640751382117391E+001,
5.708699902248289E+009,-2.607031492968359E+001,-8.646274240335683E+001,
5.712609970674487E+009,-2.585651036887658E+001,-1.061590682223231E+002,
5.716520039100684E+009,-2.587879137171122E+001,-1.265912746060478E+002,
5.720430107526882E+009,-2.595607325642938E+001,-1.471959079866082E+002,
5.724340175953079E+009,-2.615618625102634E+001,-1.658173181873549E+002,
5.728250244379276E+009,-2.615480500526814E+001,1.746060002202419E+002,
5.732160312805474E+009,-2.623296137786145E+001,1.553935685766281E+002,
5.736070381231671E+009,-2.625984213176065E+001,1.377240389709943E+002,
5.739980449657869E+009,-2.593194633152507E+001,1.192386547249774E+002,
5.743890518084066E+009,-2.585599021794217E+001,9.939019248416948E+001,
5.747800586510263E+009,-2.566826756249611E+001,7.951259589587816E+001,
5.751710654936461E+009,-2.546803427995826E+001,5.898955102817661E+001,
5.755620723362660E+009,-2.536517076487585E+001,3.727608355493673E+001,
5.759530791788857E+009,-2.539941581318093E+001,1.601283949069890E+001,
5.763440860215054E+009,-2.561289976576020E+001,-4.354039727315742E+000,
5.767350928641252E+009,-2.576028152343070E+001,-2.480760843107990E+001,
5.771260997067449E+009,-2.607144629826262E+001,-4.501424621961684E+001,
5.775171065493647E+009,-2.632092751048092E+001,-6.458476151803517E+001,
5.779081133919844E+009,-2.657953491225086E+001,-8.426559554194535E+001,
5.782991202346041E+009,-2.687078019268245E+001,-1.022856268914120E+002,
5.786901270772239E+009,-2.680909899998290E+001,-1.215470592322333E+002,
5.790811339198436E+009,-2.698929705219576E+001,-1.417240087016738E+002,
5.794721407624634E+009,-2.743113833868983E+001,-1.599464450759161E+002,
5.798631476050831E+009,-2.746702004634869E+001,-1.768453936164937E+002,
5.802541544477028E+009,-2.733009113878227E+001,1.642275520352102E+002,
5.806451612903226E+009,-2.747684078084432E+001,1.447528603884304E+002,
5.810361681329423E+009,-2.764420585395275E+001,1.258186422199876E+002,
5.814271749755621E+009,-2.779800538816341E+001,1.062939841056872E+002,
5.818181818181818E+009,-2.797257753367644E+001,8.804999686725547E+001,
5.822091886608016E+009,-2.796102701029339E+001,6.913957350178519E+001,
5.826001955034213E+009,-2.833169763687241E+001,4.896625441117081E+001,
5.829912023460411E+009,-2.884399673298756E+001,3.184622072585651E+001,
5.833822091886608E+009,-2.898449958812176E+001,1.544381360095461E+001,
5.837732160312805E+009,-2.905011510569136E+001,-1.410109533700001E+000,
5.841642228739003E+009,-2.898385028544892E+001,-1.921286026703940E+001,
5.845552297165200E+009,-2.897966750169643E+001,-3.805439077830029E+001,
5.849462365591398E+009,-2.906893023898176E+001,-5.408735115299155E+001,
5.853372434017595E+009,-2.877313754159611E+001,-7.171611220758449E+001,
5.857282502443792E+009,-2.847198597513980E+001,-9.099445266663462E+001,
5.861192570869990E+009,-2.856674716653725E+001,-1.105524175822452E+002,
5.865102639296187E+009,-2.859423068205128E+001,-1.293047455422584E+002,
5.869012707722385E+009,-2.878334169922344E+001,-1.474783268818928E+002,
5.872922776148583E+009,-2.855566413298089E+001,-1.649639524821995E+002,
5.876832844574780E+009,-2.839230060119515E+001,1.755760374916563E+002,
5.880742913000978E+009,-2.851582104472173E+001,1.557345236719593E+002,
5.884652981427176E+009,-2.859930340332608E+001,1.369997553554215E+002,
5.888563049853373E+009,-2.881847710132372E+001,1.187930065670490E+002,
5.892473118279570E+009,-2.901731068112614E+001,1.010510927416838E+002,
5.896383186705768E+009,-2.901393572251241E+001,8.491571053311417E+001,
5.900293255131965E+009,-2.851350482269112E+001,6.823379682989804E+001,
5.904203323558163E+009,-2.813596913932489E+001,4.733716834033549E+001,
5.908113391984360E+009,-2.814956936509185E+001,2.694692211813694E+001,
5.912023460410557E+009,-2.848034440099278E+001,6.376348731636986E+000,
5.915933528836755E+009,-2.880606826606375E+001,-1.182956774752319E+001,
5.919843597262952E+009,-2.905653528690228E+001,-2.868886323143652E+001,
5.923753665689150E+009,-2.879738019851834E+001,-4.518359983405291E+001,
5.927663734115347E+009,-2.878403337537122E+001,-6.416632216573349E+001,
5.931573802541544E+009,-2.871390591362718E+001,-8.197577883782840E+001,
5.935483870967742E+009,-2.861037511079212E+001,-1.008377220290434E+002,
5.939393939393940E+009,-2.870284417526655E+001,-1.186424425887216E+002,
5.943304007820137E+009,-2.872405655422525E+001,-1.359133713400220E+002,
5.947214076246334E+009,-2.838817017890071E+001,-1.539836162154233E+002,
5.951124144672532E+009,-2.820062680485045E+001,-1.739231098975917E+002,
5.955034213098729E+009,-2.832028582804864E+001,1.654311114185853E+002,
5.958944281524927E+009,-2.876398787915614E+001,1.472794952561718E+002,
5.962854349951124E+009,-2.876819422758387E+001,1.307923465765122E+002,
5.966764418377321E+009,-2.867033020360445E+001,1.152457744667731E+002,
5.970674486803519E+009,-2.826320110097406E+001,9.606842867112934E+001,
5.974584555229716E+009,-2.845177120210757E+001,7.737821809521013E+001,
5.978494623655914E+009,-2.830492451967717E+001,6.044687432176734E+001,
5.982404692082111E+009,-2.810484212348734E+001,4.215801170608918E+001,
5.986314760508308E+009,-2.820601931423861E+001,2.364409109906466E+001,
5.990224828934506E+009,-2.809645776284926E+001,6.880219346506915E+000,
5.994134897360704E+009,-2.766940940535959E+001,-9.620713487617330E+000,
5.998044965786902E+009,-2.721087395050003E+001,-2.841958532508035E+001,
6.001955034213099E+009,-2.703882351765307E+001,-4.875302032934702E+001,
6.005865102639297E+009,-2.698100082154716E+001,-6.732085788449479E+001,
6.009775171065494E+009,-2.675118324401349E+001,-8.571520114610583E+001,
6.013685239491692E+009,-2.659229768606195E+001,-1.039831068267501E+002,
6.017595307917889E+009,-2.628364347390460E+001,-1.225058114796809E+002,
6.021505376344086E+009,-2.597430184972810E+001,-1.417619796904489E+002,
6.025415444770284E+009,-2.588603521115692E+001,-1.612756064463635E+002,
6.029325513196481E+009,-2.565653813782930E+001,1.799329290836641E+002,
6.033235581622679E+009,-2.542205827445843E+001,1.619504235608605E+002,
6.037145650048876E+009,-2.490959321138040E+001,1.437724077076367E+002,
6.041055718475073E+009,-2.438527039603414E+001,1.222328917990058E+002,
6.044965786901271E+009,-2.412479998634946E+001,1.000583336846376E+002,
6.048875855327468E+009,-2.409683517180307E+001,7.879994618406873E+001,
6.052785923753666E+009,-2.406904126063848E+001,5.770474300523185E+001,
6.056695992179863E+009,-2.408610927730760E+001,3.727550605741536E+001,
6.060606060606061E+009,-2.408790663170210E+001,1.736347044717003E+001,
6.064516129032258E+009,-2.403137791522223E+001,-3.764067662554652E+000,
6.068426197458456E+009,-2.425524447353585E+001,-2.413331821827749E+001,
6.072336265884653E+009,-2.447560111355998E+001,-4.411691453427365E+001,
6.076246334310850E+009,-2.450694358959657E+001,-6.229212550622123E+001,
6.080156402737048E+009,-2.433139856360246E+001,-8.180394006120098E+001,
6.084066471163245E+009,-2.427362548684522E+001,-1.015376896479634E+002,
6.087976539589443E+009,-2.423059481689482E+001,-1.222267149738356E+002,
6.091886608015640E+009,-2.428634344626038E+001,-1.425108600545187E+002,
6.095796676441837E+009,-2.443860845306199E+001,-1.623669302118692E+002,
6.099706744868035E+009,-2.454935525402358E+001,1.782263573137969E+002,
6.103616813294232E+009,-2.442933545941830E+001,1.590472415557397E+002,
6.107526881720430E+009,-2.436678007815982E+001,1.382610603711400E+002,
6.111436950146627E+009,-2.457220293176725E+001,1.172142682869805E+002,
6.115347018572825E+009,-2.492460203270991E+001,9.749453075656916E+001,
6.119257086999023E+009,-2.521169498610058E+001,7.850792469632353E+001,
6.123167155425221E+009,-2.535820365278816E+001,6.065979220385579E+001,
6.127077223851418E+009,-2.533748645966858E+001,4.185418534050594E+001,
6.130987292277615E+009,-2.530434296518467E+001,2.253741371880554E+001,
6.134897360703813E+009,-2.537211239898234E+001,2.675962962335214E+000,
6.138807429130010E+009,-2.546398286657537E+001,-1.709834083212407E+001,
6.142717497556208E+009,-2.548835782568910E+001,-3.637203307983346E+001,
6.146627565982405E+009,-2.565226761516222E+001,-5.642628893054689E+001,
6.150537634408602E+009,-2.584681795570522E+001,-7.687874443126329E+001,
6.154447702834800E+009,-2.623268206108886E+001,-9.565551673789325E+001,
6.158357771260998E+009,-2.645626854248058E+001,-1.148909704774256E+002,
6.162267839687195E+009,-2.678231396609896E+001,-1.329654167081607E+002,
6.166177908113392E+009,-2.706955030631141E+001,-1.501372555308983E+002,
6.170087976539589E+009,-2.705695011986774E+001,-1.678725024345570E+002,
6.173998044965787E+009,-2.696262523512519E+001,1.736787224518286E+002,
6.177908113391985E+009,-2.703241589375295E+001,1.540298949546590E+002,
6.181818181818182E+009,-2.728928539298743E+001,1.352594136100508E+002,
6.185728250244379E+009,-2.740666887355666E+001,1.166906379769545E+002,
6.189638318670576E+009,-2.772938219319631E+001,9.917759629655973E+001,
6.193548387096774E+009,-2.762350228716781E+001,8.081638195806157E+001,
6.197458455522972E+009,-2.773304922606243E+001,6.216908691592311E+001,
6.201368523949169E+009,-2.784312423619533E+001,4.336065782567594E+001,
6.205278592375366E+009,-2.795842727790162E+001,2.479210896532721E+001,
6.209188660801564E+009,-2.818661665331447E+001,5.256103981841403E+000,
6.213098729227762E+009,-2.859340097195231E+001,-1.310989836463452E+001,
6.217008797653959E+009,-2.899508152727388E+001,-2.961417599362796E+001,
6.220918866080156E+009,-2.914689309872230E+001,-4.506991642509157E+001,
6.224828934506353E+009,-2.907646782991181E+001,-6.093812779797217E+001,
6.228739002932551E+009,-2.894067995892607E+001,-7.794150569541802E+001,
6.232649071358749E+009,-2.882415366043038E+001,-9.533579560824317E+001,
6.236559139784946E+009,-2.852742883673745E+001,-1.145370885151226E+002,
6.240469208211144E+009,-2.841286417221432E+001,-1.317589372662453E+002,
6.244379276637341E+009,-2.827363770377708E+001,-1.520309171340204E+002,
6.248289345063539E+009,-2.838003383426440E+001,-1.717898350370033E+002,
6.252199413489737E+009,-2.873776555083517E+001,1.685484452928696E+002,
6.256109481915934E+009,-2.911328615660287E+001,1.521892819057529E+002,
6.260019550342131E+009,-2.915045608543913E+001,1.352976851951544E+002,
6.263929618768329E+009,-2.958018306017327E+001,1.183087746318973E+002,
6.267839687194526E+009,-2.951584331837427E+001,1.054879001979995E+002,
6.271749755620724E+009,-2.879362226044682E+001,8.938172835866031E+001,
6.275659824046921E+009,-2.836092782590936E+001,6.983262756297512E+001,
6.279569892473118E+009,-2.822667876768065E+001,4.919604413023579E+001,
6.283479960899316E+009,-2.833044889191796E+001,2.969183514894462E+001,
6.287390029325514E+009,-2.829076602588718E+001,1.179695436195471E+001,
6.291300097751711E+009,-2.850813105677393E+001,-7.493360672072710E+000,
6.295210166177908E+009,-2.857957339882803E+001,-2.469121971727079E+001,
6.299120234604105E+009,-2.849848085933541E+001,-4.122010323768925E+001,
6.303030303030303E+009,-2.848829932971241E+001,-5.811334133083508E+001,
6.306940371456501E+009,-2.812844123290608E+001,-7.479827987224657E+001,
6.310850439882698E+009,-2.781890545747281E+001,-9.356910474164880E+001,
6.314760508308895E+009,-2.748759588798209E+001,-1.121408934665122E+002,
6.318670576735093E+009,-2.722260059884651E+001,-1.322730876418638E+002,
6.322580645161290E+009,-2.714512397227802E+001,-1.520228978271206E+002,
6.326490713587488E+009,-2.724736931702303E+001,-1.715595902359261E+002,
6.330400782013685E+009,-2.719111331987759E+001,1.694092765921582E+002,
6.334310850439882E+009,-2.724912601905629E+001,1.504162777985391E+002,
6.338220918866080E+009,-2.723539948946569E+001,1.312486125925570E+002,
6.342130987292278E+009,-2.727435093083129E+001,1.136151740443358E+002,
6.346041055718475E+009,-2.709788968345676E+001,9.406703830535190E+001,
6.349951124144672E+009,-2.717615199246729E+001,7.451954191169236E+001,
6.353861192570869E+009,-2.729870853335290E+001,5.594390927690857E+001,
6.357771260997068E+009,-2.711352965588155E+001,3.746545208602677E+001,
6.361681329423266E+009,-2.709461536717744E+001,1.639918980408572E+001,
6.365591397849463E+009,-2.727807114990348E+001,-3.146900646967985E+000,
6.369501466275660E+009,-2.761493940959745E+001,-2.172262133437610E+001,
6.373411534701857E+009,-2.770534944035649E+001,-3.837792125400234E+001,
6.377321603128055E+009,-2.763499843028157E+001,-5.549820067563512E+001,
6.381231671554253E+009,-2.738154872316056E+001,-7.361050114100065E+001,
6.385141739980450E+009,-2.730550390451620E+001,-9.378968312147187E+001,
6.389051808406647E+009,-2.722535283622100E+001,-1.130999997677307E+002,
6.392961876832845E+009,-2.718039059852374E+001,-1.329489263185108E+002,
6.396871945259043E+009,-2.739384958661276E+001,-1.536957500911247E+002,
6.400782013685240E+009,-2.784767549518186E+001,-1.727901794248948E+002,
6.404692082111437E+009,-2.782734814932518E+001,1.716297473576781E+002,
6.408602150537634E+009,-2.757046358204307E+001,1.533493716400303E+002,
6.412512218963832E+009,-2.738140838181607E+001,1.333935711963100E+002,
6.416422287390030E+009,-2.747491570054861E+001,1.130438695079710E+002,
6.420332355816227E+009,-2.745725313447203E+001,9.324202573237824E+001,
6.424242424242424E+009,-2.753126708376878E+001,7.271953029130090E+001,
6.428152492668621E+009,-2.791853575937159E+001,5.192808829211493E+001,
6.432062561094819E+009,-2.850426566430891E+001,3.473657741272144E+001,
6.435972629521017E+009,-2.856288073889481E+001,1.811001760873955E+001,
6.439882697947214E+009,-2.841527021296486E+001,-1.270595319778130E+000,
6.443792766373411E+009,-2.866306400523218E+001,-2.013622680388274E+001,
6.447702834799609E+009,-2.879495546726406E+001,-3.828462032420337E+001,
6.451612903225807E+009,-2.898407973898557E+001,-5.708820982541808E+001,
6.455522971652004E+009,-2.890872098728473E+001,-7.476294520967987E+001,
6.459433040078201E+009,-2.901866694061825E+001,-9.329586235909899E+001,
6.463343108504398E+009,-2.905172674667988E+001,-1.137748303707274E+002,
6.467253176930596E+009,-2.944867394815131E+001,-1.320548888346163E+002,
6.471163245356794E+009,-2.985711420668628E+001,-1.493694665693860E+002,
6.475073313782991E+009,-2.995748167380132E+001,-1.634105638302642E+002,
6.478983382209189E+009,-2.950026498360006E+001,1.792901840831187E+002,
6.482893450635386E+009,-2.938566914115007E+001,1.593333190270273E+002,
6.486803519061584E+009,-2.914739247504628E+001,1.416704364720895E+002,
6.490713587487782E+009,-2.901884932210916E+001,1.201937986319715E+002,
6.494623655913979E+009,-2.922733758813663E+001,1.003483144152557E+002,
6.498533724340176E+009,-2.958921716608624E+001,7.961715160003196E+001,
6.502443792766374E+009,-3.007580268377104E+001,6.145099060026772E+001,
6.506353861192571E+009,-3.034237637869209E+001,4.680228695013282E+001,
6.510263929618769E+009,-3.034449968280372E+001,3.262734856989781E+001,
6.514173998044966E+009,-2.967965309159694E+001,1.496270982580509E+001,
6.518084066471163E+009,-2.920417705693973E+001,-5.487260982999741E+000,
6.521994134897361E+009,-2.898228736532952E+001,-2.717785545492709E+001,
6.525904203323559E+009,-2.894386805682524E+001,-4.946318232484791E+001,
6.529814271749756E+009,-2.943607149301564E+001,-7.057256214808039E+001,
6.533724340175953E+009,-2.997739593568995E+001,-9.044408218968941E+001,
6.537634408602150E+009,-3.058580707095247E+001,-1.070436650165252E+002,
6.541544477028348E+009,-3.080202112053877E+001,-1.217984237844060E+002,
6.545454545454546E+009,-3.072782649502329E+001,-1.359949261693773E+002,
6.549364613880743E+009,-3.019721008461080E+001,-1.533197253283554E+002,
6.553274682306940E+009,-2.938686460665574E+001,-1.746091320420551E+002,
6.557184750733138E+009,-2.926361263454669E+001,1.620515565849823E+002,
6.561094819159335E+009,-2.991459899861582E+001,1.400534223503908E+002,
6.565004887585533E+009,-3.020819805659339E+001,1.202455756793990E+002,
6.568914956011730E+009,-3.071735860992210E+001,1.010082619525169E+002,
6.572825024437927E+009,-3.151456391217069E+001,8.484103568041113E+001,
6.576735092864125E+009,-3.179012894936225E+001,7.107386611288251E+001,
6.580645161290323E+009,-3.128365737185538E+001,5.765949041473984E+001,
6.584555229716520E+009,-3.093054981624753E+001,3.857742708211141E+001,
6.588465298142717E+009,-3.037635079581948E+001,1.916383504774800E+001,
6.592375366568914E+009,-3.010024860573600E+001,-2.133287504686118E+000,
6.596285434995112E+009,-3.015246931680397E+001,-2.174622083439591E+001,
6.600195503421310E+009,-2.998094299138510E+001,-4.378349392383650E+001,
6.604105571847508E+009,-3.034079650233954E+001,-6.611002667014934E+001,
6.608015640273705E+009,-3.127849869600972E+001,-8.633585089836109E+001,
6.611925708699902E+009,-3.173939861328975E+001,-1.016409667881290E+002,
6.615835777126100E+009,-3.227631751931405E+001,-1.167325300190761E+002,
6.619745845552298E+009,-3.206466466663763E+001,-1.301595113376480E+002,
6.623655913978495E+009,-3.105569446192082E+001,-1.451174632612722E+002,
6.627565982404692E+009,-3.057187807710726E+001,-1.639976574820205E+002,
6.631476050830890E+009,-2.982967257217595E+001,1.740495106712421E+002,
6.635386119257088E+009,-2.969392125125982E+001,1.501427454734059E+002,
6.639296187683285E+009,-2.976184481626875E+001,1.278112505125105E+002,
6.643206256109482E+009,-3.020082447632245E+001,1.068015397170654E+002,
6.647116324535679E+009,-3.070180957613786E+001,8.690647025927763E+001,
6.651026392961877E+009,-3.117552928737765E+001,6.870197788453822E+001,
6.654936461388075E+009,-3.152357735104262E+001,5.390687242211501E+001,
6.658846529814272E+009,-3.115315549974853E+001,3.711874195633595E+001,
6.662756598240469E+009,-3.099950804383516E+001,1.786274637164064E+001,
6.666666666666666E+009,-3.076931297373036E+001,-1.229456822187571E+000,
6.670576735092864E+009,-3.050239255383439E+001,-2.121652540061652E+001,
6.674486803519062E+009,-3.030274779837404E+001,-4.169912163911684E+001,
6.678396871945259E+009,-3.042782704518261E+001,-6.333740770162729E+001,
6.682306940371456E+009,-3.060450429915076E+001,-8.368562631080705E+001,
6.686217008797654E+009,-3.104999392239207E+001,-1.028960957204906E+002,
6.690127077223852E+009,-3.124319018064610E+001,-1.207900143723130E+002,
6.694037145650049E+009,-3.117928195137361E+001,-1.384379969066450E+002,
6.697947214076246E+009,-3.089959744590424E+001,-1.581100680825946E+002,
6.701857282502443E+009,-3.082280785370697E+001,-1.780899567687217E+002,
6.705767350928641E+009,-3.089656489950666E+001,1.614657746187742E+002,
6.709677419354839E+009,-3.130222619629234E+001,1.413457582254116E+002,
6.713587487781036E+009,-3.139743061703234E+001,1.230685289779899E+002,
6.717497556207233E+009,-3.159063502981376E+001,1.043450966762511E+002,
6.721407624633431E+009,-3.168035983625282E+001,8.579184855337807E+001,
6.725317693059629E+009,-3.153004240662598E+001,6.873238450587003E+001,
6.729227761485827E+009,-3.150590043284868E+001,4.964027531255257E+001,
6.733137829912024E+009,-3.118565340839624E+001,2.719597467668586E+001,
6.737047898338221E+009,-3.167172721032584E+001,5.493644059878991E+000,
6.740957966764419E+009,-3.234877966136322E+001,-1.367397134336278E+001,
6.744868035190616E+009,-3.268538637120849E+001,-2.892272738438580E+001,
6.748778103616814E+009,-3.278222725883841E+001,-4.538704801276690E+001,
6.752688172043011E+009,-3.291863764195519E+001,-6.188864324353081E+001,
6.756598240469208E+009,-3.254855801479646E+001,-7.829034553843789E+001,
6.760508308895406E+009,-3.231376245852565E+001,-9.770326544033556E+001,
6.764418377321604E+009,-3.223327504546204E+001,-1.174666703750696E+002,
6.768328445747801E+009,-3.249679525508515E+001,-1.352565152813858E+002,
6.772238514173998E+009,-3.232907586610084E+001,-1.532367552402403E+002,
6.776148582600195E+009,-3.229872513791887E+001,-1.715968602005746E+002,
6.780058651026393E+009,-3.223756970673813E+001,1.687545748176565E+002,
6.783968719452591E+009,-3.239814538721548E+001,1.500673202265222E+002,
6.787878787878788E+009,-3.252465367526439E+001,1.311967028316194E+002,
6.791788856304985E+009,-3.273191330653174E+001,1.140642423247852E+002,
6.795698924731183E+009,-3.296186300649563E+001,9.600551494076677E+001,
6.799608993157380E+009,-3.314692829509034E+001,8.121238859534185E+001,
6.803519061583578E+009,-3.297090168601508E+001,6.525541310531455E+001,
6.807429130009775E+009,-3.258436758214397E+001,4.944232170199908E+001,
6.811339198435972E+009,-3.222463831571888E+001,3.021227104068655E+001,
6.815249266862170E+009,-3.220013108815562E+001,1.187954839273162E+001,
6.819159335288368E+009,-3.229682439497849E+001,-4.848216103333425E+000,
6.823069403714565E+009,-3.205583333981884E+001,-1.979160695902472E+001,
6.826979472140762E+009,-3.144439211425112E+001,-3.651169164868675E+001,
6.830889540566959E+009,-3.085189045902512E+001,-5.587609216639474E+001,
6.834799608993157E+009,-3.054162862451778E+001,-7.650702731849340E+001,
6.838709677419355E+009,-3.052899612863928E+001,-9.627453456552345E+001,
6.842619745845552E+009,-3.050469854389387E+001,-1.144628469340278E+002,
6.846529814271750E+009,-3.035201221070189E+001,-1.312708996531515E+002,
6.850439882697948E+009,-2.994627101874084E+001,-1.494565199403584E+002,
6.854349951124145E+009,-2.970959887316716E+001,-1.682674354984187E+002,
6.858260019550343E+009,-2.933791802731118E+001,1.733553895573856E+002,
6.862170087976540E+009,-2.919749044826695E+001,1.544583533271639E+002,
6.866080156402737E+009,-2.891627492434423E+001,1.353301678487372E+002,
6.869990224828935E+009,-2.847422469496635E+001,1.167134212146810E+002,
6.873900293255133E+009,-2.795295871999180E+001,9.613790615888897E+001,
6.877810361681330E+009,-2.785114836990584E+001,7.374780461447851E+001,
6.881720430107527E+009,-2.792341394939648E+001,5.371422026826274E+001,
6.885630498533724E+009,-2.810933785007796E+001,3.439225851756422E+001,
6.889540566959922E+009,-2.805274591812616E+001,1.717230199409780E+001,
6.893450635386120E+009,-2.764746680697625E+001,-1.494831360084822E+000,
6.897360703812317E+009,-2.744506664247896E+001,-2.196788674183947E+001,
6.901270772238514E+009,-2.733153160536534E+001,-4.274527977759604E+001,
6.905180840664711E+009,-2.748559761871665E+001,-6.145493577027226E+001,
6.909090909090909E+009,-2.748153881192545E+001,-8.053721769264526E+001,
6.913000977517107E+009,-2.740701500955970E+001,-9.917045702973717E+001,
6.916911045943304E+009,-2.714699152361926E+001,-1.181633052984354E+002,
6.920821114369501E+009,-2.696206816287587E+001,-1.377462824797270E+002,
6.924731182795699E+009,-2.670891203138830E+001,-1.584314553750121E+002,
6.928641251221897E+009,-2.672247455799002E+001,-1.788834412404931E+002,
6.932551319648094E+009,-2.685339719521220E+001,1.604849121737810E+002,
6.936461388074291E+009,-2.709874251926007E+001,1.410907823324932E+002,
6.940371456500488E+009,-2.717101245598268E+001,1.225237841829475E+002,
6.944281524926686E+009,-2.730276360046112E+001,1.034233933581556E+002,
6.948191593352884E+009,-2.735752001537833E+001,8.667878020213247E+001,
6.952101661779081E+009,-2.710113353190233E+001,6.805466102621682E+001,
6.956011730205278E+009,-2.699415737509463E+001,4.901742098437522E+001,
6.959921798631475E+009,-2.689598822078393E+001,2.899642760785466E+001,
6.963831867057674E+009,-2.688362162389861E+001,9.082976720626354E+000,
6.967741935483872E+009,-2.699548001344117E+001,-1.157103541660464E+001,
6.971652003910069E+009,-2.715454131999908E+001,-3.077014229821128E+001,
6.975562072336266E+009,-2.719870704730726E+001,-4.932704645914387E+001,
6.979472140762464E+009,-2.746273099036383E+001,-6.850178399856198E+001,
6.983382209188661E+009,-2.746628717426015E+001,-8.659677090859340E+001,
6.987292277614859E+009,-2.735096163836101E+001,-1.049337829035764E+002,
6.991202346041056E+009,-2.734774212813954E+001,-1.237808390695239E+002,
6.995112414467253E+009,-2.737108795504218E+001,-1.436414414295057E+002,
6.999022482893451E+009,-2.745814518154997E+001,-1.622347190382898E+002,
7.002932551319649E+009,-2.755945459977239E+001,1.787183688381527E+002,
7.006842619745846E+009,-2.769662455178471E+001,1.595097621663523E+002,
7.010752688172043E+009,-2.781755149839191E+001,1.407034776387963E+002,
7.014662756598240E+009,-2.784856958379999E+001,1.223661802618434E+002,
7.018572825024438E+009,-2.796005940532956E+001,1.021300940600636E+002,
7.022482893450636E+009,-2.820051885567683E+001,8.313983506203871E+001,
7.026392961876833E+009,-2.862919628139879E+001,6.449484856105903E+001,
7.030303030303030E+009,-2.899895303055036E+001,4.755726974455900E+001,
7.034213098729228E+009,-2.921969423993837E+001,3.242900270069661E+001,
7.038123167155425E+009,-2.916567640649052E+001,1.617473961540310E+001,
7.042033235581623E+009,-2.886540508044705E+001,-2.074822071213193E+000,
7.045943304007820E+009,-2.867106753913000E+001,-2.075262248478470E+001,
7.049853372434017E+009,-2.886799345490873E+001,-4.028038945582101E+001,
7.053763440860215E+009,-2.907367997890852E+001,-5.829222717189529E+001,
7.057673509286413E+009,-2.920885212730754E+001,-7.678960522941368E+001,
7.061583577712610E+009,-2.956637025427155E+001,-9.281975063301054E+001,
7.065493646138807E+009,-2.959366042309257E+001,-1.077512543194328E+002,
7.069403714565004E+009,-2.928418122733412E+001,-1.245090210606223E+002,
7.073313782991202E+009,-2.933256093430050E+001,-1.420650835209932E+002,
7.077223851417400E+009,-2.917422927897603E+001,-1.583193376160417E+002,
7.081133919843597E+009,-2.884680853342256E+001,-1.758512684144947E+002,
7.085043988269795E+009,-2.877468075933869E+001,1.668053345318394E+002,
7.088954056695993E+009,-2.848294827193589E+001,1.496001828643041E+002,
7.092864125122190E+009,-2.805143512453892E+001,1.312787406580399E+002,
7.096774193548388E+009,-2.776458744688392E+001,1.122400630697219E+002,
7.100684261974585E+009,-2.773010838024800E+001,9.375515851479467E+001,
7.104594330400782E+009,-2.745807915669935E+001,7.387318366341542E+001,
7.108504398826980E+009,-2.752512559969816E+001,5.568583308268607E+001,
7.112414467253178E+009,-2.732105609381587E+001,3.881343348638025E+001,
7.116324535679375E+009,-2.682228932928597E+001,2.029754921358705E+001,
7.120234604105572E+009,-2.654567208227954E+001,9.707803193301066E-001,
7.124144672531769E+009,-2.615356308504204E+001,-1.902186724622361E+001,
7.128054740957967E+009,-2.597030593842683E+001,-4.068006848703012E+001,
7.131964809384165E+009,-2.594195863659622E+001,-6.199701329676167E+001,
7.135874877810362E+009,-2.605018941674904E+001,-8.162155700640359E+001,
7.139784946236559E+009,-2.613580122348253E+001,-1.009671034910012E+002,
7.143695014662756E+009,-2.620485276901631E+001,-1.203902483209080E+002,
7.147605083088954E+009,-2.623702233789808E+001,-1.398471446636198E+002,
7.151515151515152E+009,-2.624323557158986E+001,-1.579430195330058E+002,
7.155425219941349E+009,-2.611371658742762E+001,-1.773664515536616E+002,
7.159335288367546E+009,-2.593682865867649E+001,1.629456209176317E+002,
7.163245356793744E+009,-2.585504716368233E+001,1.414171914352880E+002,
7.167155425219942E+009,-2.605060013996535E+001,1.192455446765571E+002,
7.171065493646139E+009,-2.671609948651460E+001,9.937761235129563E+001,
7.174975562072336E+009,-2.714971991671110E+001,8.137443554780671E+001,
7.178885630498533E+009,-2.752570273250224E+001,6.393180542333627E+001,
7.182795698924731E+009,-2.756237198926361E+001,4.835497388713100E+001,
7.186705767350929E+009,-2.719317979105913E+001,3.034608827622238E+001,
7.190615835777126E+009,-2.693352116121977E+001,1.085692053654516E+001,
7.194525904203323E+009,-2.691460456437646E+001,-9.879468211838823E+000,
7.198435972629520E+009,-2.708751283870527E+001,-3.051163958089637E+001,
7.202346041055718E+009,-2.743070688164577E+001,-4.907437142287010E+001,
7.206256109481916E+009,-2.769910294120898E+001,-6.699934478846765E+001,
7.210166177908114E+009,-2.757100191521618E+001,-8.598188893442467E+001,
7.214076246334311E+009,-2.771500160808523E+001,-1.049526969910307E+002,
7.217986314760509E+009,-2.797554131188353E+001,-1.226877438512162E+002,
7.221896383186706E+009,-2.805272465285952E+001,-1.398899352696857E+002,
7.225806451612904E+009,-2.769291996508565E+001,-1.580498052105064E+002,
7.229716520039101E+009,-2.762054861851330E+001,-1.771399930241895E+002,
7.233626588465298E+009,-2.748859721309009E+001,1.635479780728203E+002,
7.237536656891496E+009,-2.755456798813358E+001,1.423994857008943E+002,
7.241446725317694E+009,-2.761094771600726E+001,1.220917969806358E+002,
7.245356793743891E+009,-2.800994107077146E+001,1.015562085601591E+002,
7.249266862170088E+009,-2.823668057461133E+001,8.302150109839585E+001,
7.253176930596285E+009,-2.853187045199280E+001,6.498942140205662E+001,
7.257086999022483E+009,-2.868562030562014E+001,4.715493076735458E+001,
7.260997067448681E+009,-2.887086460449119E+001,2.992491322142237E+001,
7.264907135874878E+009,-2.866876891791129E+001,1.440647410506437E+001,
7.268817204301075E+009,-2.839464627942382E+001,-4.822931582941109E+000,
7.272727272727273E+009,-2.829589908998695E+001,-2.547972202064788E+001,
7.276637341153470E+009,-2.839897942420624E+001,-4.562148752558546E+001,
7.280547409579668E+009,-2.843045466249888E+001,-6.626334786223011E+001,
7.284457478005865E+009,-2.879915294657625E+001,-8.555354833445765E+001,
7.288367546432062E+009,-2.919323995688868E+001,-1.042480601109195E+002,
7.292277614858260E+009,-2.930033492348687E+001,-1.210814089367535E+002,
7.296187683284458E+009,-2.944976493322184E+001,-1.385645772199020E+002,
7.300097751710655E+009,-2.944653254765084E+001,-1.572593071074121E+002,
7.304007820136852E+009,-2.949095191932184E+001,-1.740542759570969E+002,
7.307917888563049E+009,-2.943442065496166E+001,1.676044853145388E+002,
7.311827956989247E+009,-2.947723575634059E+001,1.479968997096283E+002,
7.315738025415445E+009,-2.973013177289722E+001,1.285120795941651E+002,
7.319648093841642E+009,-3.008628990583126E+001,1.113587398832495E+002,
7.323558162267839E+009,-2.983788090530149E+001,9.465574092580354E+001,
7.327468230694037E+009,-2.960420029304510E+001,7.673386182413005E+001,
7.331378299120235E+009,-2.980744622143200E+001,5.642121368916608E+001,
7.335288367546433E+009,-2.985364156774300E+001,3.817066519975642E+001,
7.339198435972630E+009,-2.971861059921407E+001,2.169084096979041E+001,
7.343108504398827E+009,-2.971487219862350E+001,2.992242722359517E+000,
7.347018572825025E+009,-2.956840484831931E+001,-1.405866608953602E+001,
7.350928641251223E+009,-2.923343311336965E+001,-3.354680623301168E+001,
7.354838709677420E+009,-2.938362151080431E+001,-5.364467278076990E+001,
7.358748778103617E+009,-2.949093408455094E+001,-7.149679914793163E+001,
7.362658846529814E+009,-2.935973325768505E+001,-8.826829877999778E+001,
7.366568914956012E+009,-2.902277444338868E+001,-1.067679213740602E+002,
7.370478983382210E+009,-2.870945020735755E+001,-1.272038498808438E+002,
7.374389051808407E+009,-2.862589523966683E+001,-1.469502484864392E+002,
7.378299120234604E+009,-2.854495779228267E+001,-1.676495683494417E+002,
7.382209188660801E+009,-2.858719079960006E+001,1.724906154944967E+002,
7.386119257086999E+009,-2.863388953786000E+001,1.524327110527381E+002,
7.390029325513197E+009,-2.875834622351356E+001,1.325660842993830E+002,
7.393939393939394E+009,-2.881271534124286E+001,1.150274018877375E+002,
7.397849462365591E+009,-2.859692655441156E+001,9.547077501656013E+001,
7.401759530791789E+009,-2.851911787172547E+001,7.563459606618054E+001,
7.405669599217987E+009,-2.845344280424658E+001,5.651351870011125E+001,
7.409579667644184E+009,-2.842498327704741E+001,3.638162407929110E+001,
7.413489736070381E+009,-2.832956822967174E+001,1.514805799751628E+001,
7.417399804496578E+009,-2.839517109467142E+001,-5.660252737544841E+000,
7.421309872922776E+009,-2.887460453674220E+001,-2.652995993006426E+001,
7.425219941348974E+009,-2.930254119883866E+001,-4.422720013646606E+001,
7.429130009775171E+009,-2.947742140512347E+001,-6.141886984297176E+001,
7.433040078201368E+009,-2.928377469635950E+001,-7.856610825538773E+001,
7.436950146627565E+009,-2.899595559198589E+001,-9.689005972879031E+001,
7.440860215053763E+009,-2.869202461335955E+001,-1.177715694960791E+002,
7.444770283479961E+009,-2.864935610488294E+001,-1.401345793673724E+002,
7.448680351906158E+009,-2.888363801606976E+001,-1.620463621195662E+002,
7.452590420332356E+009,-2.944775107208340E+001,1.759651291133272E+002,
7.456500488758554E+009,-3.026153433870296E+001,1.578868455594329E+002,
7.460410557184751E+009,-3.042020650097350E+001,1.427652718632244E+002,
7.464320625610949E+009,-3.038172871092410E+001,1.246955386546792E+002,
7.468230694037146E+009,-3.035323821278371E+001,1.078231305849076E+002,
7.472140762463343E+009,-3.033790968659266E+001,8.912805804525419E+001,
7.476050830889541E+009,-3.021737865155863E+001,7.035937499156171E+001,
7.479960899315739E+009,-2.991951581848422E+001,5.176153587914193E+001,
7.483870967741936E+009,-2.980411353285300E+001,2.974844505222778E+001,
7.487781036168133E+009,-3.010448901543168E+001,8.112521028498049E+000,
7.491691104594330E+009,-3.039148970914444E+001,-1.172705980676997E+001,
7.495601173020528E+009,-3.083961742385047E+001,-3.184935005757232E+001,
7.499511241446726E+009,-3.120981078454944E+001,-4.865625518245247E+001,
7.503421309872923E+009,-3.162388458868977E+001,-6.620045427871916E+001,
7.507331378299120E+009,-3.166381432070934E+001,-8.245158254884890E+001,
7.511241446725318E+009,-3.166140663388958E+001,-9.875253534699245E+001,
7.515151515151515E+009,-3.127786615641499E+001,-1.158913802643380E+002,
7.519061583577713E+009,-3.101417028533432E+001,-1.350987133257339E+002,
7.522971652003910E+009,-3.097290058946388E+001,-1.566214016452110E+002,
7.526881720430107E+009,-3.100693787217935E+001,-1.775923646218147E+002,
7.530791788856305E+009,-3.111646258800739E+001,1.620464352569623E+002,
7.534701857282503E+009,-3.200913325230710E+001,1.406545191673837E+002,
7.538611925708700E+009,-3.271200414588473E+001,1.263981132064477E+002,
7.542521994134897E+009,-3.274751825710115E+001,1.122168241755748E+002,
7.546432062561094E+009,-3.244858174544711E+001,9.683183149993708E+001,
7.550342130987292E+009,-3.207450631377402E+001,7.892042343035773E+001,
7.554252199413490E+009,-3.186909434105672E+001,6.004075101753155E+001,
7.558162267839687E+009,-3.155601995698678E+001,3.958877571323836E+001,
7.562072336265884E+009,-3.184973238975398E+001,1.796887307331600E+001,
7.565982404692082E+009,-3.241703991167071E+001,-6.826242561536479E-001,
7.569892473118280E+009,-3.279101249580459E+001,-1.635886394793063E+001,
7.573802541544478E+009,-3.288290406210994E+001,-3.165758796838010E+001,
7.577712609970675E+009,-3.263253103176850E+001,-4.802908977864319E+001,
7.581622678396872E+009,-3.248745609526891E+001,-6.578001210321440E+001,
7.585532746823070E+009,-3.247203559036952E+001,-8.314035333857507E+001,
7.589442815249268E+009,-3.238668615828799E+001,-9.874832007761376E+001,
7.593352883675465E+009,-3.207029030737188E+001,-1.160904577372360E+002,
7.597262952101662E+009,-3.167567403492472E+001,-1.332908488071320E+002,
7.601173020527859E+009,-3.128884370808580E+001,-1.525545632214316E+002,
7.605083088954057E+009,-3.121417351368519E+001,-1.709957421173885E+002,
7.608993157380255E+009,-3.092426649156132E+001,1.712072653258267E+002,
7.612903225806452E+009,-3.053961078731394E+001,1.518377607559572E+002,
7.616813294232649E+009,-3.022419942138546E+001,1.313479364973852E+002,
7.620723362658846E+009,-3.038748295412017E+001,1.108254949374374E+002,
7.624633431085044E+009,-3.045120292415181E+001,9.371159617420582E+001,
7.628543499511242E+009,-3.015694362987062E+001,7.577880671442566E+001,
7.632453567937439E+009,-2.994737249516490E+001,5.694353098057891E+001,
7.636363636363636E+009,-2.962813246238927E+001,3.833675995878841E+001,
7.640273704789834E+009,-2.937118047809145E+001,1.892119551888010E+001,
7.644183773216032E+009,-2.924504608467355E+001,-9.395786950460590E-001,
7.648093841642229E+009,-2.903172654658327E+001,-2.046831470359522E+001,
7.652003910068426E+009,-2.887710899183114E+001,-4.057114934819123E+001,
7.655913978494623E+009,-2.882551314458397E+001,-6.164519225553975E+001,
7.659824046920821E+009,-2.896297585367386E+001,-8.144610429837984E+001,
7.663734115347019E+009,-2.912025757195793E+001,-9.966146520950808E+001,
7.667644183773216E+009,-2.915989455997473E+001,-1.175272167586192E+002,
7.671554252199413E+009,-2.903187693318358E+001,-1.375049757847193E+002,
7.675464320625610E+009,-2.900122947735849E+001,-1.567988449506994E+002,
7.679374389051808E+009,-2.904945283572626E+001,-1.760602760911433E+002,
7.683284457478006E+009,-2.910651418898551E+001,1.657146610693993E+002,
7.687194525904203E+009,-2.891981297247506E+001,1.463107884698461E+002,
7.691104594330401E+009,-2.885846733433466E+001,1.276019959483756E+002,
7.695014662756599E+009,-2.876298206850811E+001,1.088786395959361E+002,
7.698924731182797E+009,-2.885687235483393E+001,8.821973008062291E+001,
7.702834799608994E+009,-2.890033861181895E+001,6.957670212752913E+001,
7.706744868035191E+009,-2.891081107817428E+001,5.044128773567213E+001,
7.710654936461388E+009,-2.898987995569891E+001,3.172942262059678E+001,
7.714565004887586E+009,-2.895524288454482E+001,1.276429750849694E+001,
7.718475073313784E+009,-2.897215927903835E+001,-5.076451671139661E+000,
7.722385141739981E+009,-2.902056639420066E+001,-2.328649434337653E+001,
7.726295210166178E+009,-2.879778094738971E+001,-4.299807690396786E+001,
7.730205278592375E+009,-2.886069549777144E+001,-6.150958693338145E+001,
7.734115347018573E+009,-2.888565480218497E+001,-8.005228313403296E+001,
7.738025415444771E+009,-2.892960128849848E+001,-1.001724283407090E+002,
7.741935483870968E+009,-2.897558316413776E+001,-1.181940680732232E+002,
7.745845552297165E+009,-2.905771790247507E+001,-1.355271951156117E+002,
7.749755620723363E+009,-2.884649773431055E+001,-1.545713407886343E+002,
7.753665689149560E+009,-2.908711118030437E+001,-1.731934665138374E+002,
7.757575757575758E+009,-2.889619744360627E+001,1.688675352462826E+002,
7.761485826001955E+009,-2.883660129517498E+001,1.493421847364597E+002,
7.765395894428152E+009,-2.874896389301263E+001,1.318191408681053E+002,
7.769305962854350E+009,-2.869171504450094E+001,1.124349867627918E+002,
7.773216031280548E+009,-2.854195788915151E+001,9.250522315256073E+001,
7.777126099706745E+009,-2.865117807038055E+001,7.240056439017688E+001,
7.781036168132942E+009,-2.890001407755815E+001,5.347135200831031E+001,
7.784946236559139E+009,-2.906183873973001E+001,3.501145617165725E+001,
7.788856304985337E+009,-2.926809272811926E+001,1.666649328442509E+001,
7.792766373411535E+009,-2.921628582595234E+001,-3.242754178987858E-001,
7.796676441837732E+009,-2.921491889806080E+001,-1.843358801265974E+001,
7.800586510263929E+009,-2.922367652221730E+001,-3.641218781157796E+001,
7.804496578690127E+009,-2.921264063139062E+001,-5.427696403759252E+001,
7.808406647116324E+009,-2.912631642932757E+001,-7.126480472571568E+001,
7.812316715542522E+009,-2.873271710568682E+001,-8.894185854753462E+001,
7.816226783968720E+009,-2.853725602423553E+001,-1.078085011246035E+002,
7.820136852394917E+009,-2.867866748562555E+001,-1.287708009301865E+002,
7.824046920821115E+009,-2.877260225514834E+001,-1.482848172930888E+002,
7.827956989247313E+009,-2.878066447170861E+001,-1.668814283894516E+002,
7.831867057673510E+009,-2.890860495462087E+001,1.746259607297452E+002,
7.835777126099707E+009,-2.899532095707344E+001,1.565894764394178E+002,
7.839687194525904E+009,-2.897373314204234E+001,1.390006283407397E+002,
7.843597262952102E+009,-2.897151199004554E+001,1.204098332928545E+002,
7.847507331378300E+009,-2.899176883696587E+001,1.023115153047806E+002,
7.851417399804497E+009,-2.881267344595629E+001,8.536179022766014E+001,
7.855327468230694E+009,-2.869714962312968E+001,6.715054652537981E+001,
7.859237536656891E+009,-2.867105907145009E+001,4.819642036486437E+001,
7.863147605083089E+009,-2.855673431976069E+001,2.988595928342964E+001,
7.867057673509287E+009,-2.849284633355438E+001,1.213231882652218E+001,
7.870967741935484E+009,-2.821300430251378E+001,-6.387072936913630E+000,
7.874877810361681E+009,-2.803144489705587E+001,-2.581963463644234E+001,
7.878787878787879E+009,-2.792736254125100E+001,-4.542269148343900E+001,
7.882697947214077E+009,-2.805609109341422E+001,-6.514013519448649E+001,
7.886608015640274E+009,-2.818778634572421E+001,-8.348743894276595E+001,
7.890518084066471E+009,-2.813941110067916E+001,-1.013189227199493E+002,
7.894428152492668E+009,-2.815077296039856E+001,-1.189761872135942E+002,
7.898338220918866E+009,-2.787872670385761E+001,-1.370768000383312E+002,
7.902248289345064E+009,-2.764488246200728E+001,-1.562628606560397E+002,
7.906158357771261E+009,-2.759085326473861E+001,-1.748712021139781E+002,
7.910068426197458E+009,-2.739648353500779E+001,1.666771558712134E+002,
7.913978494623655E+009,-2.720629597002279E+001,1.460365517923279E+002,
7.917888563049853E+009,-2.715041130376175E+001,1.271655461992716E+002,
7.921798631476051E+009,-2.721432662355591E+001,1.075161764265078E+002,
7.925708699902248E+009,-2.710524011769357E+001,8.773132198362923E+001,
7.929618768328445E+009,-2.727426305134611E+001,6.954271756073571E+001,
7.933528836754643E+009,-2.723512480555647E+001,5.146467017913885E+001,
7.937438905180841E+009,-2.698863581870286E+001,3.228752099896938E+001,
7.941348973607039E+009,-2.691437610402901E+001,1.304363359484062E+001,
7.945259042033236E+009,-2.671011460375523E+001,-5.759850824072805E+000,
7.949169110459433E+009,-2.666125263708448E+001,-2.569717888803379E+001,
7.953079178885631E+009,-2.644595162599137E+001,-4.568283141152149E+001,
7.956989247311829E+009,-2.647880110925469E+001,-6.731490812274916E+001,
7.960899315738026E+009,-2.663354668333633E+001,-8.814791518137905E+001,
7.964809384164223E+009,-2.699374122002097E+001,-1.073540521554918E+002,
7.968719452590420E+009,-2.710728377626862E+001,-1.261884731672503E+002,
7.972629521016618E+009,-2.737365511405593E+001,-1.449284462471156E+002,
7.976539589442816E+009,-2.760586031197663E+001,-1.616731479225133E+002,
7.980449657869013E+009,-2.728510390062160E+001,-1.791048336972319E+002,
7.984359726295210E+009,-2.713152646204264E+001,1.611236219069271E+002,
7.988269794721408E+009,-2.688404417332088E+001,1.411852854956332E+002,
7.992179863147605E+009,-2.702434780993568E+001,1.213735426607696E+002,
7.996089931573803E+009,-2.709450736429709E+001,1.009623799352716E+002,
8.000000000000000E+009,-2.729979978266388E+001,8.169369237915980E+001,
