% Version 1.00
%
%freq[Hz];db:Trc1_S21;ang:Trc1_S21;
4.000000000000000E+009,-2.220173551232981E+001,-1.410293817797922E+002,
4.003910068426198E+009,-2.235260192443461E+001,-1.589334467763269E+002,
4.007820136852395E+009,-2.238506926160289E+001,-1.779435213682844E+002,
4.011730205278593E+009,-2.257534994257835E+001,1.628451463193579E+002,
4.015640273704790E+009,-2.265010511364741E+001,1.447613467102636E+002,
4.019550342130987E+009,-2.260585624953654E+001,1.244538651991705E+002,
4.023460410557185E+009,-2.274787622918467E+001,1.044915335660047E+002,
4.027370478983382E+009,-2.307832046567186E+001,8.378682945695901E+001,
4.031280547409580E+009,-2.357505040866694E+001,6.608690519141804E+001,
4.035190615835777E+009,-2.365222612496595E+001,4.872599308547434E+001,
4.039100684261975E+009,-2.378196796675645E+001,2.891652826341920E+001,
4.043010752688172E+009,-2.393770602097019E+001,1.051178874367491E+001,
4.046920821114369E+009,-2.405476321010891E+001,-8.488284076965609E+000,
4.050830889540567E+009,-2.430885147389116E+001,-2.767020226659645E+001,
4.054740957966765E+009,-2.457993251094579E+001,-4.561259304253486E+001,
4.058651026392962E+009,-2.483468251961533E+001,-6.427665975314069E+001,
4.062561094819160E+009,-2.511599774642821E+001,-8.118796997964172E+001,
4.066471163245357E+009,-2.510890241871126E+001,-9.849450034931131E+001,
4.070381231671554E+009,-2.506649323502639E+001,-1.162491901361932E+002,
4.074291300097752E+009,-2.522214553433634E+001,-1.354033072456633E+002,
4.078201368523949E+009,-2.541683044325076E+001,-1.532497230346028E+002,
4.082111436950147E+009,-2.548073614555793E+001,-1.707120074072602E+002,
4.086021505376344E+009,-2.553666609664166E+001,1.714355841965097E+002,
4.089931573802542E+009,-2.550556428009448E+001,1.545083286358197E+002,
4.093841642228739E+009,-2.539057602676538E+001,1.370045233340977E+002,
4.097751710654936E+009,-2.524031936854595E+001,1.193603439920407E+002,
4.101661779081134E+009,-2.485890841575290E+001,1.025503584770386E+002,
4.105571847507331E+009,-2.452377841014001E+001,8.209358786091107E+001,
4.109481915933529E+009,-2.448621417258632E+001,6.102286165973402E+001,
4.113391984359726E+009,-2.449073217275354E+001,4.213971748789732E+001,
4.117302052785924E+009,-2.449961319564924E+001,2.214295684858939E+001,
4.121212121212121E+009,-2.455528069525757E+001,3.030019417650498E+000,
4.125122189638319E+009,-2.462793880666800E+001,-1.589082178795033E+001,
4.129032258064516E+009,-2.468238356770681E+001,-3.411899017534989E+001,
4.132942326490714E+009,-2.471964875420955E+001,-5.220109050284195E+001,
4.136852394916911E+009,-2.449423686731795E+001,-6.904498890876390E+001,
4.140762463343109E+009,-2.418434798843950E+001,-8.712472338219902E+001,
4.144672531769306E+009,-2.372662976618653E+001,-1.076021968627685E+002,
4.148582600195503E+009,-2.346633531052019E+001,-1.289473305574742E+002,
4.152492668621701E+009,-2.359166117478139E+001,-1.513162652629946E+002,
4.156402737047898E+009,-2.391088725382418E+001,-1.707425481925585E+002,
4.160312805474096E+009,-2.410447167824551E+001,1.708307199952283E+002,
4.164222873900293E+009,-2.421575640546811E+001,1.525572387837410E+002,
4.168132942326491E+009,-2.416955725426595E+001,1.341918406595204E+002,
4.172043010752688E+009,-2.432762777533014E+001,1.164013092800258E+002,
4.175953079178886E+009,-2.426704064207777E+001,1.009607615052326E+002,
4.179863147605083E+009,-2.353285740130017E+001,8.402926873365146E+001,
4.183773216031281E+009,-2.292273778150691E+001,6.263553350506528E+001,
4.187683284457478E+009,-2.270490670046053E+001,4.033914209415417E+001,
4.191593352883676E+009,-2.260912259576360E+001,1.864154829572189E+001,
4.195503421309873E+009,-2.278989170733280E+001,-2.699008211013406E+000,
4.199413489736071E+009,-2.306864209981271E+001,-2.215091159479386E+001,
4.203323558162268E+009,-2.323855249752688E+001,-4.062024314444980E+001,
4.207233626588465E+009,-2.323741885816026E+001,-5.853948486771026E+001,
4.211143695014663E+009,-2.302248240001812E+001,-7.673074208643476E+001,
4.215053763440860E+009,-2.266804364228689E+001,-9.508390468054851E+001,
4.218963831867058E+009,-2.231758750795902E+001,-1.163240188135570E+002,
4.222873900293255E+009,-2.209405849570771E+001,-1.385959599022059E+002,
4.226783968719452E+009,-2.233358552719194E+001,-1.605776858999366E+002,
4.230694037145650E+009,-2.257791680488676E+001,1.799006286384152E+002,
4.234604105571847E+009,-2.264806766802384E+001,1.601392558984601E+002,
4.238514173998045E+009,-2.277096668015309E+001,1.393831032800803E+002,
4.242424242424243E+009,-2.293385859776531E+001,1.199046937004491E+002,
4.246334310850440E+009,-2.321298924301782E+001,1.007678884099942E+002,
4.250244379276638E+009,-2.308116702250637E+001,8.273966652036732E+001,
4.254154447702835E+009,-2.306061747533942E+001,6.186692221679122E+001,
4.258064516129032E+009,-2.301673730051863E+001,4.149415255164514E+001,
4.261974584555230E+009,-2.330184936991573E+001,2.044006993913866E+001,
4.265884652981427E+009,-2.341997202670425E+001,2.278848435380550E-002,
4.269794721407625E+009,-2.376686740819865E+001,-2.031804331181734E+001,
4.273704789833822E+009,-2.413577467359236E+001,-4.001791768244610E+001,
4.277614858260019E+009,-2.434196502824163E+001,-5.928860444296551E+001,
4.281524926686217E+009,-2.463690197566572E+001,-7.946807359474826E+001,
4.285434995112414E+009,-2.495335535202059E+001,-9.863483183447531E+001,
4.289345063538612E+009,-2.535702853299224E+001,-1.189694268628600E+002,
4.293255131964809E+009,-2.586488343808107E+001,-1.378067124844584E+002,
4.297165200391007E+009,-2.639717067570086E+001,-1.560550380692868E+002,
4.301075268817205E+009,-2.688579698357787E+001,-1.739794764227287E+002,
4.304985337243402E+009,-2.706887508810989E+001,1.692265575042971E+002,
4.308895405669600E+009,-2.739978447977977E+001,1.502971073350603E+002,
4.312805474095797E+009,-2.762066887343325E+001,1.326933385477943E+002,
4.316715542521994E+009,-2.810039012783371E+001,1.126367980620622E+002,
4.320625610948192E+009,-2.867095040046001E+001,9.489633762137898E+001,
4.324535679374389E+009,-2.930177639925037E+001,7.722064594936701E+001,
4.328445747800587E+009,-3.002776646251457E+001,6.155555419909387E+001,
4.332355816226784E+009,-3.042858684192211E+001,4.605105772888725E+001,
4.336265884652982E+009,-3.098501639838694E+001,3.344129040514459E+001,
4.340175953079179E+009,-3.082998024866534E+001,1.885960143213376E+001,
4.344086021505377E+009,-3.064290344608978E+001,4.478404720428639E+000,
4.347996089931574E+009,-3.069883050935683E+001,-1.392718997166183E+001,
4.351906158357771E+009,-3.077051858341551E+001,-3.088834502722385E+001,
4.355816226783969E+009,-3.106282779914760E+001,-4.556865815966331E+001,
4.359726295210166E+009,-3.092621901550089E+001,-6.085411888478378E+001,
4.363636363636364E+009,-3.111886704003993E+001,-7.800996490290089E+001,
4.367546432062561E+009,-3.105474536414013E+001,-9.171029705251918E+001,
4.371456500488758E+009,-3.073047134246635E+001,-1.079478384383480E+002,
4.375366568914956E+009,-3.036673452058110E+001,-1.251930704183494E+002,
4.379276637341153E+009,-3.047358006879485E+001,-1.441767799987512E+002,
4.383186705767351E+009,-3.058768823233248E+001,-1.595174453839130E+002,
4.387096774193548E+009,-3.034549580192404E+001,-1.742612569980201E+002,
4.391006842619746E+009,-2.962276680708783E+001,1.692943663810378E+002,
4.394916911045943E+009,-2.940319053786796E+001,1.490685632837158E+002,
4.398826979472141E+009,-2.915106079914643E+001,1.315924288821120E+002,
4.402737047898338E+009,-2.888772617165994E+001,1.122052059573946E+002,
4.406647116324535E+009,-2.886613720610146E+001,9.236136507598741E+001,
4.410557184750733E+009,-2.903895311274819E+001,7.337332348031519E+001,
4.414467253176930E+009,-2.916488487431821E+001,5.636759728413683E+001,
4.418377321603128E+009,-2.900830422403953E+001,4.039995216594819E+001,
4.422287390029326E+009,-2.846363831934016E+001,2.313809071469630E+001,
4.426197458455523E+009,-2.808761025647036E+001,3.631047212860736E+000,
4.430107526881721E+009,-2.773226315950353E+001,-1.627784591994444E+001,
4.434017595307918E+009,-2.769612469239255E+001,-3.684373702758870E+001,
4.437927663734116E+009,-2.773052330162502E+001,-5.629332618628676E+001,
4.441837732160313E+009,-2.771626861958881E+001,-7.608373314720606E+001,
4.445747800586511E+009,-2.774444303445964E+001,-9.487931410783943E+001,
4.449657869012708E+009,-2.769806208401409E+001,-1.132041397793298E+002,
4.453567937438905E+009,-2.766379339820089E+001,-1.319593470083984E+002,
4.457478005865103E+009,-2.774701946760558E+001,-1.508863564204316E+002,
4.461388074291300E+009,-2.744306521125158E+001,-1.681229629331079E+002,
4.465298142717498E+009,-2.719339745774052E+001,1.721493610746425E+002,
4.469208211143695E+009,-2.694833949688619E+001,1.522219797873205E+002,
4.473118279569893E+009,-2.664402785159437E+001,1.314534788511839E+002,
4.477028347996090E+009,-2.649744461538819E+001,1.111346081103281E+002,
4.480938416422287E+009,-2.632151919344988E+001,8.913567434117142E+001,
4.484848484848485E+009,-2.655222933910246E+001,6.815167582436983E+001,
4.488758553274682E+009,-2.641400944287302E+001,4.728868144526592E+001,
4.492668621700880E+009,-2.687429540744926E+001,2.562900838701859E+001,
4.496578690127077E+009,-2.701093331829896E+001,8.371206457098628E+000,
4.500488758553275E+009,-2.685609734340754E+001,-1.171505209222118E+001,
4.504398826979472E+009,-2.700777292197695E+001,-3.088629693049328E+001,
4.508308895405669E+009,-2.680732483432735E+001,-5.098849434930320E+001,
4.512218963831867E+009,-2.679764719247091E+001,-7.051881908631815E+001,
4.516129032258064E+009,-2.688238102877792E+001,-9.018208999017615E+001,
4.520039100684262E+009,-2.666630176903045E+001,-1.094368941927341E+002,
4.523949169110459E+009,-2.639945013154304E+001,-1.307691716592429E+002,
4.527859237536657E+009,-2.625377979987575E+001,-1.532979601366129E+002,
4.531769305962854E+009,-2.655214696099030E+001,-1.758019072013069E+002,
4.535679374389051E+009,-2.695921029866744E+001,1.634719555913320E+002,
4.539589442815249E+009,-2.723071070909901E+001,1.453159730571433E+002,
4.543499511241447E+009,-2.706798767668825E+001,1.264465356686008E+002,
4.547409579667645E+009,-2.684425814776786E+001,1.046597767873890E+002,
4.551319648093842E+009,-2.694553172248806E+001,8.277772225725464E+001,
4.555229716520039E+009,-2.748863746345440E+001,6.320661744748352E+001,
4.559139784946237E+009,-2.746745343496503E+001,4.543710910799483E+001,
4.563049853372434E+009,-2.721813438810122E+001,2.560326661426160E+001,
4.566959921798632E+009,-2.735121198974117E+001,4.806947508141807E+000,
4.570869990224829E+009,-2.731194680298056E+001,-1.406217564649579E+001,
4.574780058651027E+009,-2.723140039034654E+001,-3.366766745713996E+001,
4.578690127077224E+009,-2.715344618436815E+001,-5.404437395113327E+001,
4.582600195503422E+009,-2.722863932986616E+001,-7.469113904566726E+001,
4.586510263929619E+009,-2.716662844689447E+001,-9.375790528427017E+001,
4.590420332355816E+009,-2.716425379783418E+001,-1.142429591738902E+002,
4.594330400782014E+009,-2.738245101967457E+001,-1.346410827385082E+002,
4.598240469208211E+009,-2.754790783846790E+001,-1.526343160575167E+002,
4.602150537634409E+009,-2.738882126037225E+001,-1.713983698678084E+002,
4.606060606060606E+009,-2.744993201616415E+001,1.706442825875238E+002,
4.609970674486803E+009,-2.725672468621846E+001,1.518831102445505E+002,
4.613880742913001E+009,-2.707391439469177E+001,1.330103373813686E+002,
4.617790811339198E+009,-2.693491523454044E+001,1.135309820517271E+002,
4.621700879765396E+009,-2.667575343609874E+001,9.384292746472229E+001,
4.625610948191593E+009,-2.657899259595109E+001,7.243516270541178E+001,
4.629521016617791E+009,-2.681462843391704E+001,5.347094169129028E+001,
4.633431085043988E+009,-2.680411041800129E+001,3.551780856665217E+001,
4.637341153470186E+009,-2.664287364650278E+001,1.695451373689269E+001,
4.641251221896383E+009,-2.658938995369667E+001,-1.470529303145581E+000,
4.645161290322580E+009,-2.644896268653313E+001,-2.031747719819056E+001,
4.649071358748778E+009,-2.638290445433253E+001,-3.774521977792368E+001,
4.652981427174975E+009,-2.598385209773117E+001,-5.654441771025035E+001,
4.656891495601173E+009,-2.569352837954472E+001,-7.665089761291232E+001,
4.660801564027371E+009,-2.566052473680293E+001,-9.618051215134254E+001,
4.664711632453568E+009,-2.557347400356177E+001,-1.149501414798117E+002,
4.668621700879766E+009,-2.555226287065718E+001,-1.344372337983097E+002,
4.672531769305963E+009,-2.568651536993518E+001,-1.527711681738419E+002,
4.676441837732161E+009,-2.552555572112913E+001,-1.697072160277175E+002,
4.680351906158358E+009,-2.506269352653888E+001,1.732717759314943E+002,
4.684261974584556E+009,-2.449814388385006E+001,1.537757090528986E+002,
4.688172043010753E+009,-2.427330063112613E+001,1.328477541526611E+002,
4.692082111436951E+009,-2.419909476053054E+001,1.130919828893355E+002,
4.695992179863148E+009,-2.416307212292972E+001,9.351430647970165E+001,
4.699902248289345E+009,-2.404306835519311E+001,7.412438346574700E+001,
4.703812316715543E+009,-2.404682366142513E+001,5.470170619849648E+001,
4.707722385141740E+009,-2.410960889637536E+001,3.641691220961914E+001,
4.711632453567938E+009,-2.387013961101403E+001,1.807141225466215E+001,
4.715542521994135E+009,-2.370183500162942E+001,-7.396087610516685E-001,
4.719452590420332E+009,-2.346134968221457E+001,-1.972206637778692E+001,
4.723362658846530E+009,-2.337442442074180E+001,-3.906747774869914E+001,
4.727272727272727E+009,-2.324951622418601E+001,-5.766274879903525E+001,
4.731182795698925E+009,-2.294941410187555E+001,-7.714149628269760E+001,
4.735092864125122E+009,-2.285878322026786E+001,-9.767860512759329E+001,
4.739002932551320E+009,-2.281964519919097E+001,-1.170647841526592E+002,
4.742913000977517E+009,-2.275890148998276E+001,-1.370735587493709E+002,
4.746823069403714E+009,-2.267977158794844E+001,-1.571065584146149E+002,
4.750733137829912E+009,-2.286687169796308E+001,-1.769685042133527E+002,
4.754643206256109E+009,-2.296784552291491E+001,1.649260167291105E+002,
4.758553274682307E+009,-2.291100722457263E+001,1.472591777393700E+002,
4.762463343108504E+009,-2.274120054490007E+001,1.274313681483858E+002,
4.766373411534702E+009,-2.275110630131760E+001,1.077838514146614E+002,
4.770283479960899E+009,-2.287189215942654E+001,8.873744880547115E+001,
4.774193548387096E+009,-2.281097025483291E+001,6.996221641848679E+001,
4.778103616813294E+009,-2.272466840452342E+001,4.962033127274288E+001,
4.782013685239492E+009,-2.284943515783225E+001,3.045675998688739E+001,
4.785923753665690E+009,-2.299240372054047E+001,1.080262764706107E+001,
4.789833822091887E+009,-2.325696518197543E+001,-8.075609313518857E+000,
4.793743890518084E+009,-2.338219332046057E+001,-2.646604920525679E+001,
4.797653958944282E+009,-2.356398347172588E+001,-4.513422456268949E+001,
4.801564027370479E+009,-2.373692054028771E+001,-6.384181277346815E+001,
4.805474095796677E+009,-2.390091436347930E+001,-8.189217144546603E+001,
4.809384164222874E+009,-2.400184476614412E+001,-1.003189051503272E+002,
4.813294232649072E+009,-2.424825487379254E+001,-1.182310154871983E+002,
4.817204301075269E+009,-2.436450654695365E+001,-1.349481142177788E+002,
4.821114369501467E+009,-2.434543758993208E+001,-1.533627994209203E+002,
4.825024437927664E+009,-2.449982700033415E+001,-1.723317517910406E+002,
4.828934506353861E+009,-2.476211601368101E+001,1.701762938837049E+002,
4.832844574780059E+009,-2.478207450062609E+001,1.530425074934693E+002,
4.836754643206256E+009,-2.473730786960346E+001,1.350903143668944E+002,
4.840664711632454E+009,-2.480240937787155E+001,1.162335179884630E+002,
4.844574780058651E+009,-2.495666064226491E+001,9.720693510495084E+001,
4.848484848484848E+009,-2.531936173775794E+001,8.007133639548063E+001,
4.852394916911046E+009,-2.552883217632827E+001,6.298716716349334E+001,
4.856304985337243E+009,-2.540423290796919E+001,4.667599876685944E+001,
4.860215053763441E+009,-2.547663649444555E+001,2.895659598496195E+001,
4.864125122189638E+009,-2.549564307049924E+001,1.217125268219010E+001,
4.868035190615836E+009,-2.543405692377190E+001,-4.456667366466518E+000,
4.871945259042033E+009,-2.531304181900792E+001,-2.195076762593318E+001,
4.875855327468231E+009,-2.507988259003422E+001,-3.961049161363016E+001,
4.879765395894428E+009,-2.484716778875940E+001,-5.861623423578917E+001,
4.883675464320625E+009,-2.483548154252613E+001,-7.828453898540957E+001,
4.887585532746823E+009,-2.490368339938743E+001,-9.677565014862667E+001,
4.891495601173020E+009,-2.515862536140010E+001,-1.150995046862248E+002,
4.895405669599218E+009,-2.499549545472604E+001,-1.330009400404900E+002,
4.899315738025415E+009,-2.514923874103408E+001,-1.513112589897093E+002,
4.903225806451613E+009,-2.508176343903691E+001,-1.688969096972137E+002,
4.907135874877811E+009,-2.517932068051358E+001,1.720669864029557E+002,
4.911045943304008E+009,-2.518562113811068E+001,1.543166138871657E+002,
4.914956011730206E+009,-2.515117639957527E+001,1.360679981150715E+002,
4.918866080156403E+009,-2.517329174814680E+001,1.178158643197665E+002,
4.922776148582601E+009,-2.508628051740433E+001,9.935464858700921E+001,
4.926686217008798E+009,-2.503124150751081E+001,8.001207637002895E+001,
4.930596285434996E+009,-2.522677512919332E+001,6.143341369448113E+001,
4.934506353861193E+009,-2.538287928556843E+001,4.326292482413502E+001,
4.938416422287390E+009,-2.545475593179945E+001,2.539841894823283E+001,
4.942326490713588E+009,-2.559004495384453E+001,7.654038280087406E+000,
4.946236559139785E+009,-2.552223655009631E+001,-1.035961997460960E+001,
4.950146627565983E+009,-2.552910315522275E+001,-2.814630158149355E+001,
4.954056695992180E+009,-2.541543117180602E+001,-4.698628158068256E+001,
4.957966764418377E+009,-2.553148092532830E+001,-6.581978872112131E+001,
4.961876832844575E+009,-2.535394097082182E+001,-8.431470549056733E+001,
4.965786901270772E+009,-2.554833660744357E+001,-1.040063662177706E+002,
4.969696969696970E+009,-2.578314648560215E+001,-1.222260049749674E+002,
4.973607038123167E+009,-2.594706490946722E+001,-1.396094110109057E+002,
4.977517106549365E+009,-2.598810450265266E+001,-1.576400579748691E+002,
4.981427174975562E+009,-2.586483831247764E+001,-1.744475402110148E+002,
4.985337243401759E+009,-2.581776679045964E+001,1.674411057062738E+002,
4.989247311827957E+009,-2.574691971359031E+001,1.495536223934212E+002,
4.993157380254154E+009,-2.560815045699874E+001,1.310223280726136E+002,
4.997067448680352E+009,-2.562827249948953E+001,1.132595798832864E+002,
5.000977517106549E+009,-2.540072908230382E+001,9.442120048245951E+001,
5.004887585532747E+009,-2.507524458272931E+001,7.541196729018826E+001,
5.008797653958944E+009,-2.486761895192327E+001,5.471736419821198E+001,
5.012707722385141E+009,-2.487027167086237E+001,3.486313888838666E+001,
5.016617790811339E+009,-2.483489354494590E+001,1.442494340714596E+001,
5.020527859237536E+009,-2.508534666180321E+001,-6.425354098193662E+000,
5.024437927663734E+009,-2.538124436991091E+001,-2.516688387185923E+001,
5.028347996089932E+009,-2.546233379646433E+001,-4.250152953641236E+001,
5.032258064516129E+009,-2.520104973239945E+001,-6.011072129573342E+001,
5.036168132942327E+009,-2.505667171569935E+001,-7.983081807874252E+001,
5.040078201368524E+009,-2.503818225306873E+001,-1.006792933396667E+002,
5.043988269794722E+009,-2.510226475620967E+001,-1.204804969749480E+002,
5.047898338220919E+009,-2.521045193755924E+001,-1.397450109929853E+002,
5.051808406647117E+009,-2.519506785897429E+001,-1.585068336621476E+002,
5.055718475073314E+009,-2.526064599587105E+001,-1.787102495974665E+002,
5.059628543499512E+009,-2.526723030383805E+001,1.611545323495900E+002,
5.063538611925709E+009,-2.551381413877934E+001,1.426670721524967E+002,
5.067448680351906E+009,-2.541308806815032E+001,1.239575001781272E+002,
5.071358748778104E+009,-2.537106083110554E+001,1.043889367552454E+002,
5.075268817204301E+009,-2.545157186793858E+001,8.462051764371194E+001,
5.079178885630499E+009,-2.543437532603623E+001,6.547188721715456E+001,
5.083088954056696E+009,-2.551158359853719E+001,4.587607397999992E+001,
5.086999022482893E+009,-2.549646365213548E+001,2.649398654604474E+001,
5.090909090909091E+009,-2.548170754733403E+001,5.950887734454118E+000,
5.094819159335288E+009,-2.569982957962111E+001,-1.463177241521749E+001,
5.098729227761486E+009,-2.605442734492345E+001,-3.421971955268015E+001,
5.102639296187683E+009,-2.645959202028111E+001,-5.138166115084988E+001,
5.106549364613881E+009,-2.637504485289789E+001,-6.671787808107933E+001,
5.110459433040078E+009,-2.575053628257905E+001,-8.439005495371524E+001,
5.114369501466276E+009,-2.541303692156560E+001,-1.061370530961349E+002,
5.118279569892473E+009,-2.552759921957758E+001,-1.277830987530906E+002,
5.122189638318670E+009,-2.567895736906984E+001,-1.478797940268249E+002,
5.126099706744868E+009,-2.581077696860304E+001,-1.674232298230655E+002,
5.130009775171065E+009,-2.595907020947026E+001,1.735785242622188E+002,
5.133919843597263E+009,-2.594485265102618E+001,1.545718714109871E+002,
5.137829912023460E+009,-2.605099694598881E+001,1.347799614859963E+002,
5.141739980449657E+009,-2.620337347472398E+001,1.163312365723954E+002,
5.145650048875855E+009,-2.621691123914255E+001,9.814568858553831E+001,
5.149560117302053E+009,-2.603697338555330E+001,7.975954744896684E+001,
5.153470185728251E+009,-2.591265586509172E+001,5.932418594839494E+001,
5.157380254154448E+009,-2.605176030844721E+001,3.973146361696981E+001,
5.161290322580645E+009,-2.624940351038147E+001,2.076756843695873E+001,
5.165200391006843E+009,-2.609620949264661E+001,3.349762136158156E+000,
5.169110459433041E+009,-2.599484398479891E+001,-1.644719736281533E+001,
5.173020527859238E+009,-2.586567337210964E+001,-3.548417473118098E+001,
5.176930596285435E+009,-2.593195389630847E+001,-5.453884617612776E+001,
5.180840664711633E+009,-2.573892309234466E+001,-7.426518484094351E+001,
5.184750733137830E+009,-2.570109258450332E+001,-9.450910256480547E+001,
5.188660801564028E+009,-2.589863702138275E+001,-1.141817730625637E+002,
5.192570869990225E+009,-2.581829620868433E+001,-1.328772990812333E+002,
5.196480938416422E+009,-2.577085692222766E+001,-1.529118439065636E+002,
5.200391006842620E+009,-2.591514847648134E+001,-1.719765510244201E+002,
5.204301075268817E+009,-2.584181628064308E+001,1.684907488191650E+002,
5.208211143695015E+009,-2.604505512581541E+001,1.487646581278055E+002,
5.212121212121212E+009,-2.623629095219180E+001,1.297725534588298E+002,
5.216031280547409E+009,-2.648614593246261E+001,1.117426341898737E+002,
5.219941348973607E+009,-2.655859404791004E+001,9.374282381857802E+001,
5.223851417399805E+009,-2.643727289719847E+001,7.459598525479672E+001,
5.227761485826002E+009,-2.658339543107175E+001,5.577002748777622E+001,
5.231671554252199E+009,-2.674005620733110E+001,3.771769000034045E+001,
5.235581622678397E+009,-2.672148396110807E+001,1.981702320978404E+001,
5.239491691104594E+009,-2.680070547879129E+001,2.008210520445034E+000,
5.243401759530792E+009,-2.680596397810010E+001,-1.553252009436330E+001,
5.247311827956989E+009,-2.685764485095738E+001,-3.354326440964709E+001,
5.251221896383186E+009,-2.670404046568472E+001,-5.185879671472657E+001,
5.255131964809384E+009,-2.679599517180092E+001,-7.039690749412763E+001,
5.259042033235581E+009,-2.690259473897406E+001,-8.846629484523970E+001,
5.262952101661779E+009,-2.683852599720360E+001,-1.057353310440790E+002,
5.266862170087977E+009,-2.680385551416981E+001,-1.232145761147260E+002,
5.270772238514174E+009,-2.677695923123295E+001,-1.411933908671653E+002,
5.274682306940372E+009,-2.663133295242124E+001,-1.585970958218087E+002,
5.278592375366570E+009,-2.651290842582447E+001,-1.765712442586095E+002,
5.282502443792767E+009,-2.640962277138878E+001,1.656866782648173E+002,
5.286412512218964E+009,-2.615329898962500E+001,1.474645308607720E+002,
5.290322580645162E+009,-2.587751068404930E+001,1.294788736403101E+002,
5.294232649071359E+009,-2.566086878919711E+001,1.103794630098997E+002,
5.298142717497557E+009,-2.554863291792213E+001,9.096768200446583E+001,
5.302052785923754E+009,-2.552663639061766E+001,7.135554297351131E+001,
5.305962854349951E+009,-2.566288106474085E+001,5.250822110056318E+001,
5.309872922776149E+009,-2.564092238599932E+001,3.459952618563954E+001,
5.313782991202346E+009,-2.560607033289352E+001,1.649102529400849E+001,
5.317693059628544E+009,-2.554897607784442E+001,-3.757835713827363E-001,
5.321603128054741E+009,-2.528769435085336E+001,-1.859311931834757E+001,
5.325513196480938E+009,-2.501209892876187E+001,-3.775234641817197E+001,
5.329423264907136E+009,-2.496421155226741E+001,-5.689784456047597E+001,
5.333333333333333E+009,-2.496607417732081E+001,-7.643339365965299E+001,
5.337243401759531E+009,-2.496599177530506E+001,-9.469006912449872E+001,
5.341153470185728E+009,-2.486905350329435E+001,-1.132458168259125E+002,
5.345063538611926E+009,-2.485511148313887E+001,-1.321283351220071E+002,
5.348973607038123E+009,-2.480216135856848E+001,-1.496167652403594E+002,
5.352883675464321E+009,-2.458535994527137E+001,-1.682198275934179E+002,
5.356793743890518E+009,-2.440616176899029E+001,1.728480820493479E+002,
5.360703812316715E+009,-2.427902710141341E+001,1.528474324059975E+002,
5.364613880742913E+009,-2.418865213003411E+001,1.333252077766805E+002,
5.368523949169110E+009,-2.433691467418495E+001,1.129759238735274E+002,
5.372434017595308E+009,-2.451141718717635E+001,9.531729753309344E+001,
5.376344086021505E+009,-2.439989146723335E+001,7.729917277508015E+001,
5.380254154447702E+009,-2.429370706069673E+001,5.763678149880028E+001,
5.384164222873900E+009,-2.442988675938712E+001,3.836224545001524E+001,
5.388074291300098E+009,-2.433374276885182E+001,2.014925562155975E+001,
5.391984359726296E+009,-2.431477041908981E+001,4.105651801927561E-001,
5.395894428152493E+009,-2.446456862064046E+001,-1.882883440319384E+001,
5.399804496578690E+009,-2.456356441829992E+001,-3.749493977479733E+001,
5.403714565004888E+009,-2.472026477446951E+001,-5.640002821348509E+001,
5.407624633431086E+009,-2.492387998834920E+001,-7.348126323518891E+001,
5.411534701857283E+009,-2.471788604063347E+001,-9.083228721526834E+001,
5.415444770283480E+009,-2.461971728321787E+001,-1.094984111322402E+002,
5.419354838709678E+009,-2.456151679564679E+001,-1.281671201403729E+002,
5.423264907135875E+009,-2.439720377913549E+001,-1.464998461830549E+002,
5.427174975562073E+009,-2.435358435113184E+001,-1.667297980394199E+002,
5.431085043988270E+009,-2.440675766023276E+001,1.732308514953079E+002,
5.434995112414467E+009,-2.468777568565631E+001,1.538780172074989E+002,
5.438905180840665E+009,-2.502926919502338E+001,1.366892645381517E+002,
5.442815249266862E+009,-2.514592970988060E+001,1.206099751160761E+002,
5.446725317693060E+009,-2.483405099735442E+001,1.037807643468695E+002,
5.450635386119257E+009,-2.453579807525841E+001,8.601936677558402E+001,
5.454545454545454E+009,-2.416391953987077E+001,6.722533820142957E+001,
5.458455522971652E+009,-2.380163874481625E+001,4.793835869289527E+001,
5.462365591397850E+009,-2.363216070849435E+001,2.649776729097902E+001,
5.466275659824047E+009,-2.361166194581775E+001,5.153989351653549E+000,
5.470185728250244E+009,-2.379473772985515E+001,-1.550683874171229E+001,
5.474095796676442E+009,-2.406011742293467E+001,-3.491929432946670E+001,
5.478005865102639E+009,-2.419609504335988E+001,-5.332082799061124E+001,
5.481915933528837E+009,-2.412140408881392E+001,-7.164957417069431E+001,
5.485826001955034E+009,-2.408100577957815E+001,-9.111670845744077E+001,
5.489736070381231E+009,-2.401327212404746E+001,-1.106382748733762E+002,
5.493646138807429E+009,-2.398730726063663E+001,-1.308061913023053E+002,
5.497556207233626E+009,-2.408611672005254E+001,-1.491487921724415E+002,
5.501466275659824E+009,-2.402920145734632E+001,-1.686304663683690E+002,
5.505376344086021E+009,-2.396761019723817E+001,1.708084728077183E+002,
5.509286412512219E+009,-2.392654157647350E+001,1.502271243306645E+002,
5.513196480938417E+009,-2.400888166749837E+001,1.293350102849786E+002,
5.517106549364615E+009,-2.416453428392352E+001,1.089442670357533E+002,
5.521016617790812E+009,-2.446059852037255E+001,8.856166402591352E+001,
5.524926686217009E+009,-2.456165942106363E+001,6.825191030496019E+001,
5.528836754643207E+009,-2.495611412134148E+001,4.869608897197489E+001,
5.532746823069404E+009,-2.535586002310333E+001,3.015216283420313E+001,
5.536656891495602E+009,-2.544145999978414E+001,1.136783347272217E+001,
5.540566959921799E+009,-2.551171475367665E+001,-6.642831986775710E+000,
5.544477028347996E+009,-2.554513816730772E+001,-2.652054525280602E+001,
5.548387096774194E+009,-2.547332837835917E+001,-4.630436327719944E+001,
5.552297165200391E+009,-2.564750981419360E+001,-6.724679629219841E+001,
5.556207233626589E+009,-2.586935842726467E+001,-8.802187928882054E+001,
5.560117302052786E+009,-2.631669514313839E+001,-1.072153895582005E+002,
5.564027370478983E+009,-2.664618566065771E+001,-1.270629029327311E+002,
5.567937438905181E+009,-2.685937452988437E+001,-1.459675355712453E+002,
5.571847507331378E+009,-2.725854889227926E+001,-1.663370725366432E+002,
5.575757575757576E+009,-2.786007125898522E+001,1.741971239116463E+002,
5.579667644183773E+009,-2.827682958778215E+001,1.578575183071203E+002,
5.583577712609971E+009,-2.823406937241710E+001,1.405828819119719E+002,
5.587487781036168E+009,-2.851819564059611E+001,1.211676412032499E+002,
5.591397849462366E+009,-2.905709722242280E+001,1.028346581155292E+002,
5.595307917888563E+009,-2.948642115500239E+001,8.694332295033850E+001,
5.599217986314760E+009,-2.931199983805210E+001,7.227226104456916E+001,
5.603128054740958E+009,-2.922108355334311E+001,5.278959739181008E+001,
5.607038123167155E+009,-2.927875140694501E+001,3.428869952672815E+001,
5.610948191593353E+009,-2.932440197088317E+001,1.437997928973978E+001,
5.614858260019550E+009,-2.973844445681021E+001,-4.791548886943280E+000,
5.618768328445747E+009,-3.026822058349335E+001,-2.071530063967051E+001,
5.622678396871945E+009,-3.012189022832136E+001,-3.559611839828212E+001,
5.626588465298142E+009,-2.985419732695174E+001,-5.410102428026337E+001,
5.630498533724340E+009,-2.993328323270889E+001,-7.362188098118159E+001,
5.634408602150538E+009,-3.006478093179076E+001,-9.069672611636450E+001,
5.638318670576735E+009,-2.996676203123394E+001,-1.077386585933153E+002,
5.642228739002933E+009,-3.014392639629801E+001,-1.256441825740816E+002,
5.646138807429131E+009,-2.987067154360714E+001,-1.426158309491155E+002,
5.650048875855328E+009,-2.971418624416176E+001,-1.613760234325848E+002,
5.653958944281525E+009,-2.990480518926872E+001,-1.794064135498186E+002,
5.657869012707723E+009,-2.961402200214231E+001,1.657936844079987E+002,
5.661779081133920E+009,-2.912872870105042E+001,1.479091521667222E+002,
5.665689149560118E+009,-2.860232308838901E+001,1.286482557263896E+002,
5.669599217986315E+009,-2.822534073688185E+001,1.072338767343729E+002,
5.673509286412512E+009,-2.817167395615206E+001,8.469484134139472E+001,
5.677419354838710E+009,-2.854262917457744E+001,6.438360505905619E+001,
5.681329423264907E+009,-2.888979750936708E+001,4.501418645520607E+001,
5.685239491691105E+009,-2.888363879330417E+001,2.853041268052185E+001,
5.689149560117302E+009,-2.880758990521098E+001,1.229631292013416E+001,
5.693059628543499E+009,-2.826556679685718E+001,-5.248654465202447E+000,
5.696969696969697E+009,-2.809232553958793E+001,-2.419023216954681E+001,
5.700879765395895E+009,-2.758560740161899E+001,-4.285964179675158E+001,
5.704789833822092E+009,-2.712527430987498E+001,-6.427105313448595E+001,
5.708699902248289E+009,-2.690106386704125E+001,-8.538032459547431E+001,
5.712609970674487E+009,-2.657075724049717E+001,-1.078388226200787E+002,
5.716520039100684E+009,-2.678728358916183E+001,-1.314505376342626E+002,
5.720430107526882E+009,-2.726289764259209E+001,-1.528355270827608E+002,
5.724340175953079E+009,-2.771798029508842E+001,-1.700344318492759E+002,
5.728250244379276E+009,-2.759405055957737E+001,1.725143391421969E+002,
5.732160312805474E+009,-2.730379620211924E+001,1.534506316709889E+002,
5.736070381231671E+009,-2.719891017248433E+001,1.322341072947986E+002,
5.739980449657869E+009,-2.715150526060787E+001,1.121696689050371E+002,
5.743890518084066E+009,-2.719070717001156E+001,9.140359259840560E+001,
5.747800586510263E+009,-2.739531549211954E+001,7.130745034526433E+001,
5.751710654936461E+009,-2.733771034001263E+001,5.297390133364571E+001,
5.755620723362660E+009,-2.723372421482824E+001,3.114206753088327E+001,
5.759530791788857E+009,-2.749579621035574E+001,1.032690772576597E+001,
5.763440860215054E+009,-2.770790902450277E+001,-9.281963702688142E+000,
5.767350928641252E+009,-2.777447535220488E+001,-2.856031510540887E+001,
5.771260997067449E+009,-2.787503618149803E+001,-4.954893225139909E+001,
5.775171065493647E+009,-2.815669521643746E+001,-6.986356209624793E+001,
5.779081133919844E+009,-2.845228143017589E+001,-8.875503852430803E+001,
5.782991202346041E+009,-2.879426269080453E+001,-1.081401745150120E+002,
5.786901270772239E+009,-2.902731819936721E+001,-1.284315307202176E+002,
5.790811339198436E+009,-2.954556983146631E+001,-1.465111380831904E+002,
5.794721407624634E+009,-2.998765977555209E+001,-1.640610980367735E+002,
5.798631476050831E+009,-3.022246233027979E+001,-1.787620070905044E+002,
5.802541544477028E+009,-2.998602475403192E+001,1.654452965183399E+002,
5.806451612903226E+009,-2.991729965514013E+001,1.474724497378293E+002,
5.810361681329423E+009,-2.940406459684571E+001,1.286951523936585E+002,
5.814271749755621E+009,-2.952064099681871E+001,1.076875516891692E+002,
5.818181818181818E+009,-2.943620776819766E+001,8.822967091318722E+001,
5.822091886608016E+009,-2.972880671765846E+001,6.836322932259324E+001,
5.826001955034213E+009,-3.010524180707635E+001,4.835265846059118E+001,
5.829912023460411E+009,-3.066217015819210E+001,3.058784248262644E+001,
5.833822091886608E+009,-3.119413568098806E+001,1.675059941984606E+001,
5.837732160312805E+009,-3.087130195063435E+001,3.241966948022425E+000,
5.841642228739003E+009,-3.032385163694604E+001,-1.329475994289455E+001,
5.845552297165200E+009,-3.005005755522712E+001,-3.201606355015051E+001,
5.849462365591398E+009,-2.969077314621458E+001,-4.989131182021801E+001,
5.853372434017595E+009,-2.917352281899469E+001,-7.059068749491415E+001,
5.857282502443792E+009,-2.937789815205207E+001,-9.178865719211879E+001,
5.861192570869990E+009,-2.963025727825435E+001,-1.098720208884184E+002,
5.865102639296187E+009,-2.960415307688832E+001,-1.279443640210535E+002,
5.869012707722385E+009,-2.944748663316279E+001,-1.450144300393769E+002,
5.872922776148583E+009,-2.904369055448344E+001,-1.643792993073170E+002,
5.876832844574780E+009,-2.904346130609042E+001,1.751170596159889E+002,
5.880742913000978E+009,-2.930914593415105E+001,1.564963872118767E+002,
5.884652981427176E+009,-2.908152946058704E+001,1.385299702044443E+002,
5.888563049853373E+009,-2.897008154668365E+001,1.200219162760912E+002,
5.892473118279570E+009,-2.894046006542204E+001,9.987012440579724E+001,
5.896383186705768E+009,-2.912674875468646E+001,8.238070859810965E+001,
5.900293255131965E+009,-2.882096586477740E+001,6.268098917920916E+001,
5.904203323558163E+009,-2.891796618002562E+001,4.315053665980410E+001,
5.908113391984360E+009,-2.895169165131806E+001,2.582390073853359E+001,
5.912023460410557E+009,-2.861502125539690E+001,5.643525622716519E+000,
5.915933528836755E+009,-2.863304656503102E+001,-1.420211397307985E+001,
5.919843597262952E+009,-2.877079845879375E+001,-3.391050077213154E+001,
5.923753665689150E+009,-2.901752915895786E+001,-5.389768553204440E+001,
5.927663734115347E+009,-2.934575147628103E+001,-7.223407480095267E+001,
5.931573802541544E+009,-2.945542859556941E+001,-8.847581467793025E+001,
5.935483870967742E+009,-2.965302127033655E+001,-1.037946752305658E+002,
5.939393939393940E+009,-2.933238278772038E+001,-1.206319772408327E+002,
5.943304007820137E+009,-2.890647793686361E+001,-1.377374348669716E+002,
5.947214076246334E+009,-2.840440306374514E+001,-1.584638014716048E+002,
5.951124144672532E+009,-2.835990631326446E+001,-1.796605562871502E+002,
5.955034213098729E+009,-2.845017486901019E+001,1.605699585571328E+002,
5.958944281524927E+009,-2.872120759643058E+001,1.406418125025201E+002,
5.962854349951124E+009,-2.924742077282605E+001,1.222201641116460E+002,
5.966764418377321E+009,-2.939918133160368E+001,1.075922291690730E+002,
5.970674486803519E+009,-2.917920670919554E+001,9.083816838307062E+001,
5.974584555229716E+009,-2.906850769805201E+001,7.350935220301825E+001,
5.978494623655914E+009,-2.859443548182430E+001,5.632544956986680E+001,
5.982404692082111E+009,-2.842595802788450E+001,3.739138871755421E+001,
5.986314760508308E+009,-2.834409977295394E+001,1.877584794856399E+001,
5.990224828934506E+009,-2.819112779714449E+001,-7.776920720382627E-001,
5.994134897360704E+009,-2.821294980463297E+001,-1.719879767124824E+001,
5.998044965786902E+009,-2.792952162545899E+001,-3.529406837175101E+001,
6.001955034213099E+009,-2.785310790672623E+001,-5.449064729136320E+001,
6.005865102639297E+009,-2.771692229663937E+001,-7.113346725581206E+001,
6.009775171065494E+009,-2.730904450507880E+001,-8.937998166522976E+001,
6.013685239491692E+009,-2.688461418753641E+001,-1.088569043736416E+002,
6.017595307917889E+009,-2.683064079539090E+001,-1.275685087448062E+002,
6.021505376344086E+009,-2.652259814190405E+001,-1.461581781363200E+002,
6.025415444770284E+009,-2.605533719025094E+001,-1.654905901808699E+002,
6.029325513196481E+009,-2.588266795590222E+001,1.739840457771828E+002,
6.033235581622679E+009,-2.583260363280395E+001,1.551438334052210E+002,
6.037145650048876E+009,-2.547926335322612E+001,1.368961064781011E+002,
6.041055718475073E+009,-2.501791647171465E+001,1.161165995067274E+002,
6.044965786901271E+009,-2.493335174547807E+001,9.526812249472434E+001,
6.048875855327468E+009,-2.478570737466073E+001,7.473177760191257E+001,
6.052785923753666E+009,-2.456780876833957E+001,5.443089399978711E+001,
6.056695992179863E+009,-2.459980239186609E+001,3.375012694802280E+001,
6.060606060606061E+009,-2.461137534919061E+001,1.350575147731488E+001,
6.064516129032258E+009,-2.460147515217898E+001,-6.552309607205806E+000,
6.068426197458456E+009,-2.451116789097446E+001,-2.676088016654265E+001,
6.072336265884653E+009,-2.461233295814773E+001,-4.735934867966756E+001,
6.076246334310850E+009,-2.467888514944374E+001,-6.669977736997552E+001,
6.080156402737048E+009,-2.455743348574064E+001,-8.704382677586517E+001,
6.084066471163245E+009,-2.462046364045015E+001,-1.075083763445293E+002,
6.087976539589443E+009,-2.465300707178167E+001,-1.277827888843121E+002,
6.091886608015640E+009,-2.483850051688569E+001,-1.478554416203114E+002,
6.095796676441837E+009,-2.496517511785182E+001,-1.669167139602941E+002,
6.099706744868035E+009,-2.493927541142187E+001,1.735498820693136E+002,
6.103616813294232E+009,-2.485174158844547E+001,1.539400873090628E+002,
6.107526881720430E+009,-2.485447359779571E+001,1.325906643029155E+002,
6.111436950146627E+009,-2.515276330864267E+001,1.122887420898223E+002,
6.115347018572825E+009,-2.548845117202710E+001,9.227638784120180E+001,
6.119257086999023E+009,-2.581896362653081E+001,7.256220546929828E+001,
6.123167155425221E+009,-2.609065666284378E+001,5.451403860549436E+001,
6.127077223851418E+009,-2.626883791185197E+001,3.631329317056481E+001,
6.130987292277615E+009,-2.634286126809055E+001,1.776808388551712E+001,
6.134897360703813E+009,-2.647471131792315E+001,-9.155401328540139E-001,
6.138807429130010E+009,-2.649910717318729E+001,-1.925767935545089E+001,
6.142717497556208E+009,-2.652638629179480E+001,-3.806112630793179E+001,
6.146627565982405E+009,-2.661366795270771E+001,-5.738714102658885E+001,
6.150537634408602E+009,-2.654454463849944E+001,-7.671772763307540E+001,
6.154447702834800E+009,-2.667694117941617E+001,-9.698177459005365E+001,
6.158357771260998E+009,-2.697868874734036E+001,-1.181235252681815E+002,
6.162267839687195E+009,-2.748953771233976E+001,-1.375371517176430E+002,
6.166177908113392E+009,-2.814676147927628E+001,-1.548538113438364E+002,
6.170087976539589E+009,-2.833745504302271E+001,-1.705420868413151E+002,
6.173998044965787E+009,-2.830706538017754E+001,1.733099006141150E+002,
6.177908113391985E+009,-2.815649246070576E+001,1.554357401619861E+002,
6.181818181818182E+009,-2.810330922881710E+001,1.358138264190131E+002,
6.185728250244379E+009,-2.827105441593023E+001,1.169453628994581E+002,
6.189638318670576E+009,-2.854082250079289E+001,9.818802389913275E+001,
6.193548387096774E+009,-2.849770875108476E+001,8.023295950822106E+001,
6.197458455522972E+009,-2.870183655606035E+001,6.103543430814771E+001,
6.201368523949169E+009,-2.910970152115846E+001,4.258694391826314E+001,
6.205278592375366E+009,-2.934279405685119E+001,2.539113859828475E+001,
6.209188660801564E+009,-2.941199386395062E+001,8.243867590684324E+000,
6.213098729227762E+009,-2.957883342574141E+001,-1.034234272099332E+001,
6.217008797653959E+009,-2.964310547772342E+001,-2.784006539748557E+001,
6.220918866080156E+009,-3.008659561345462E+001,-4.594241703789899E+001,
6.224828934506353E+009,-3.041602703218196E+001,-6.197588119759694E+001,
6.228739002932551E+009,-3.029978173957620E+001,-7.835260086647601E+001,
6.232649071358749E+009,-3.070559725407601E+001,-9.711787780211007E+001,
6.236559139784946E+009,-3.096669549756089E+001,-1.097067569894320E+002,
6.240469208211144E+009,-3.056522552031588E+001,-1.222544555091241E+002,
6.244379276637341E+009,-2.975354651709645E+001,-1.402515951896406E+002,
6.248289345063539E+009,-2.957878496974793E+001,-1.624813578618550E+002,
6.252199413489737E+009,-2.989445126219200E+001,1.793054539878334E+002,
6.256109481915934E+009,-3.010726330968910E+001,1.618768852940416E+002,
6.260019550342131E+009,-2.993466643009130E+001,1.447084519881843E+002,
6.263929618768329E+009,-3.031911541349906E+001,1.270727099964354E+002,
6.267839687194526E+009,-3.053201205853462E+001,1.144064623404289E+002,
6.271749755620724E+009,-2.975704775069989E+001,9.952530939977061E+001,
6.275659824046921E+009,-2.931174661089965E+001,8.092683704414442E+001,
6.279569892473118E+009,-2.913909387504162E+001,6.210679618510206E+001,
6.283479960899316E+009,-2.878272127255642E+001,4.458360675687390E+001,
6.287390029325514E+009,-2.837587307512911E+001,2.542221267068012E+001,
6.291300097751711E+009,-2.833240479530587E+001,4.608223115084728E+000,
6.295210166177908E+009,-2.828139610180492E+001,-1.443196546554385E+001,
6.299120234604105E+009,-2.846239609983685E+001,-3.355409595977652E+001,
6.303030303030303E+009,-2.862492257523583E+001,-5.058268413064446E+001,
6.306940371456501E+009,-2.834653612831693E+001,-6.674361269053017E+001,
6.310850439882698E+009,-2.807157833579755E+001,-8.420429911167993E+001,
6.314760508308895E+009,-2.773645291628279E+001,-1.022550078528729E+002,
6.318670576735093E+009,-2.736123626128364E+001,-1.223395777143339E+002,
6.322580645161290E+009,-2.706053124484597E+001,-1.417722212821660E+002,
6.326490713587488E+009,-2.696420497282848E+001,-1.626084007145917E+002,
6.330400782013685E+009,-2.712241991103283E+001,1.755193071061627E+002,
6.334310850439882E+009,-2.751321453155295E+001,1.556608081297804E+002,
6.338220918866080E+009,-2.771575744562161E+001,1.389989109152647E+002,
6.342130987292278E+009,-2.765308563751072E+001,1.218144974582304E+002,
6.346041055718475E+009,-2.767919925293146E+001,1.036437855988200E+002,
6.349951124144672E+009,-2.754388926733640E+001,8.594775744525448E+001,
6.353861192570869E+009,-2.714910815711587E+001,6.727983906925530E+001,
6.357771260997068E+009,-2.684180264632920E+001,4.723349011865642E+001,
6.361681329423266E+009,-2.687613777934021E+001,2.603759158190118E+001,
6.365591397849463E+009,-2.704146471520847E+001,5.851731156358769E+000,
6.369501466275660E+009,-2.717873109066236E+001,-1.470418875236112E+001,
6.373411534701857E+009,-2.749128881792503E+001,-3.430082972776335E+001,
6.377321603128055E+009,-2.773571021170117E+001,-5.244933649722040E+001,
6.381231671554253E+009,-2.804202345092484E+001,-6.946103754314824E+001,
6.385141739980450E+009,-2.793968414514249E+001,-8.681003467628685E+001,
6.389051808406647E+009,-2.786114901991753E+001,-1.058405039919804E+002,
6.392961876832845E+009,-2.789019567649157E+001,-1.252735633024309E+002,
6.396871945259043E+009,-2.804067262843514E+001,-1.443274978864329E+002,
6.400782013685240E+009,-2.813980812365418E+001,-1.621671674550644E+002,
6.404692082111437E+009,-2.806466142744618E+001,1.797171005677506E+002,
6.408602150537634E+009,-2.791920682428015E+001,1.615813369789740E+002,
6.412512218963832E+009,-2.793862309553026E+001,1.399963023703475E+002,
6.416422287390030E+009,-2.823919302951508E+001,1.198443631199335E+002,
6.420332355816227E+009,-2.853759092170844E+001,1.008936722601822E+002,
6.424242424242424E+009,-2.886170261578088E+001,8.302696519828928E+001,
6.428152492668621E+009,-2.914016494776936E+001,6.505873289433264E+001,
6.432062561094819E+009,-2.942244756290217E+001,4.695324977067975E+001,
6.435972629521017E+009,-2.950460664656900E+001,2.876818442749581E+001,
6.439882697947214E+009,-2.985561970376546E+001,1.135589306944567E+001,
6.443792766373411E+009,-3.030372435928795E+001,-3.653670801755605E+000,
6.447702834799609E+009,-3.001054672496465E+001,-1.947357860643198E+001,
6.451612903225807E+009,-2.966579825796861E+001,-3.687779964637722E+001,
6.455522971652004E+009,-2.925661682534027E+001,-5.547551490022070E+001,
6.459433040078201E+009,-2.915627053594930E+001,-7.686436980760115E+001,
6.463343108504398E+009,-2.954521066465773E+001,-9.705441419508441E+001,
6.467253176930596E+009,-2.983367956209173E+001,-1.143774066741377E+002,
6.471163245356794E+009,-3.015011903766277E+001,-1.337680592135620E+002,
6.475073313782991E+009,-3.054912434518803E+001,-1.494220330894748E+002,
6.478983382209189E+009,-3.036115453995414E+001,-1.632563259727258E+002,
6.482893450635386E+009,-3.010097420667722E+001,1.799695610029745E+002,
6.486803519061584E+009,-2.973136616914147E+001,1.613999267887307E+002,
6.490713587487782E+009,-2.952931352400291E+001,1.426451501178916E+002,
6.494623655913979E+009,-2.925127867055295E+001,1.232015114323265E+002,
6.498533724340176E+009,-2.920818376340203E+001,1.041011943632337E+002,
6.502443792766374E+009,-2.933443917073277E+001,8.370819603289830E+001,
6.506353861192571E+009,-2.958326653525619E+001,6.534669355455554E+001,
6.510263929618769E+009,-2.956422428341334E+001,4.789936029710563E+001,
6.514173998044966E+009,-2.931721205458738E+001,2.997988980513872E+001,
6.518084066471163E+009,-2.904459506264527E+001,1.059974373555496E+001,
6.521994134897361E+009,-2.922876257949677E+001,-9.168259208015630E+000,
6.525904203323559E+009,-2.913467366706306E+001,-2.769697253067383E+001,
6.529814271749756E+009,-2.886878623603044E+001,-4.840470657933349E+001,
6.533724340175953E+009,-2.907787023705430E+001,-6.985202350380190E+001,
6.537634408602150E+009,-2.938880713767836E+001,-8.979999986923752E+001,
6.541544477028348E+009,-3.005661177145779E+001,-1.088076607568052E+002,
6.545454545454546E+009,-3.039637277668736E+001,-1.230726986569741E+002,
6.549364613880743E+009,-2.991034378207444E+001,-1.388696724679960E+002,
6.553274682306940E+009,-2.949744195263048E+001,-1.582345056298523E+002,
6.557184750733138E+009,-2.950761764612570E+001,1.790971228310409E+002,
6.561094819159335E+009,-3.013231062227874E+001,1.591171961587230E+002,
6.565004887585533E+009,-3.029550391162277E+001,1.433964634467378E+002,
6.568914956011730E+009,-2.995923390236639E+001,1.235609098775754E+002,
6.572825024437927E+009,-3.035307921571274E+001,1.045220691663679E+002,
6.576735092864125E+009,-3.056757655606620E+001,8.807385678029850E+001,
6.580645161290323E+009,-3.061819123273087E+001,7.078694887647515E+001,
6.584555229716520E+009,-3.064317269153516E+001,5.202818690854527E+001,
6.588465298142717E+009,-3.067419147425150E+001,3.562587986888685E+001,
6.592375366568914E+009,-3.024312203775614E+001,1.809312265954458E+001,
6.596285434995112E+009,-3.002631638898817E+001,-2.697435725850663E-001,
6.600195503421310E+009,-2.977358960808564E+001,-1.921302370062086E+001,
6.604105571847508E+009,-2.985134489470877E+001,-3.933142601783000E+001,
6.608015640273705E+009,-2.975167647068215E+001,-5.859853118660613E+001,
6.611925708699902E+009,-2.975476887282301E+001,-7.777783484477831E+001,
6.615835777126100E+009,-2.988350740624566E+001,-9.861093204797857E+001,
6.619745845552298E+009,-3.011229390177205E+001,-1.161845373115792E+002,
6.623655913978495E+009,-3.008131091058829E+001,-1.336368853543604E+002,
6.627565982404692E+009,-2.967791423271891E+001,-1.510623708142180E+002,
6.631476050830890E+009,-2.925800011163248E+001,-1.716221185422316E+002,
6.635386119257088E+009,-2.917354592274929E+001,1.678950034143232E+002,
6.639296187683285E+009,-2.887061685453505E+001,1.469325281701476E+002,
6.643206256109482E+009,-2.885426783764164E+001,1.249073695569935E+002,
6.647116324535679E+009,-2.916287321308995E+001,1.032098002475459E+002,
6.651026392961877E+009,-2.962188272158868E+001,8.393333709755997E+001,
6.654936461388075E+009,-2.978227192635604E+001,6.702632936368582E+001,
6.658846529814272E+009,-2.956290572090622E+001,4.835448600608413E+001,
6.662756598240469E+009,-2.964731372807246E+001,2.861175734588404E+001,
6.666666666666666E+009,-2.959860935700788E+001,1.006179802523201E+001,
6.670576735092864E+009,-2.971495674295579E+001,-9.079330556235172E+000,
6.674486803519062E+009,-2.957852087181930E+001,-2.743366531559641E+001,
6.678396871945259E+009,-2.952569811039158E+001,-4.817272063834620E+001,
6.682306940371456E+009,-2.934956051167765E+001,-6.743434303618706E+001,
6.686217008797654E+009,-2.909968158326606E+001,-8.923207196698245E+001,
6.690127077223852E+009,-2.948270129377251E+001,-1.133025718813477E+002,
6.694037145650049E+009,-3.011296842189838E+001,-1.300516406999770E+002,
6.697947214076246E+009,-3.005350310162041E+001,-1.477925992709139E+002,
6.701857282502443E+009,-3.014294935260178E+001,-1.675071770809782E+002,
6.705767350928641E+009,-3.032205031169371E+001,1.741124885293516E+002,
6.709677419354839E+009,-3.034078335763994E+001,1.567595134702625E+002,
6.713587487781036E+009,-2.988479412048744E+001,1.385863014879379E+002,
6.717497556207233E+009,-2.974224948776404E+001,1.172074926759230E+002,
6.721407624633431E+009,-2.995469462771712E+001,9.569796890584139E+001,
6.725317693059629E+009,-3.002483243149614E+001,7.769118127207420E+001,
6.729227761485827E+009,-2.999923134809388E+001,5.773824626016103E+001,
6.733137829912024E+009,-3.013222614416819E+001,3.709146501043823E+001,
6.737047898338221E+009,-3.042018187163073E+001,1.724213679202291E+001,
6.740957966764419E+009,-3.061370833483027E+001,-1.909870080166824E+000,
6.744868035190616E+009,-3.070016612902406E+001,-1.862901975102099E+001,
6.748778103616814E+009,-3.072074007558741E+001,-3.654288088980054E+001,
6.752688172043011E+009,-3.060469177828879E+001,-5.548797645229833E+001,
6.756598240469208E+009,-3.043511770369212E+001,-7.409511404071986E+001,
6.760508308895406E+009,-3.038921966085582E+001,-9.485484874899915E+001,
6.764418377321604E+009,-3.066127330554693E+001,-1.134812431986624E+002,
6.768328445747801E+009,-3.072000709106963E+001,-1.324477614708816E+002,
6.772238514173998E+009,-3.062227964281050E+001,-1.506640235429627E+002,
6.776148582600195E+009,-3.051839706763531E+001,-1.689669492905151E+002,
6.780058651026393E+009,-3.054146305441664E+001,1.707697988688125E+002,
6.783968719452591E+009,-3.038545105437967E+001,1.508083871570165E+002,
6.787878787878788E+009,-3.078906502716194E+001,1.308199234642294E+002,
6.791788856304985E+009,-3.084567827131156E+001,1.138205908234603E+002,
6.795698924731183E+009,-3.095912215388960E+001,9.536312454379437E+001,
6.799608993157380E+009,-3.091302435494529E+001,7.625174438354006E+001,
6.803519061583578E+009,-3.100920375551225E+001,5.727932195158878E+001,
6.807429130009775E+009,-3.127607460435186E+001,3.822417246328497E+001,
6.811339198435972E+009,-3.139958609957434E+001,2.149500418054017E+001,
6.815249266862170E+009,-3.139394193495023E+001,3.596544795753137E+000,
6.819159335288368E+009,-3.169166074433745E+001,-1.367988769658531E+001,
6.823069403714565E+009,-3.165835119680811E+001,-2.972712799633713E+001,
6.826979472140762E+009,-3.150929107035073E+001,-4.740850038735184E+001,
6.830889540566959E+009,-3.132845669928051E+001,-6.110675647559259E+001,
6.834799608993157E+009,-3.102145914662862E+001,-7.908999064920818E+001,
6.838709677419355E+009,-3.056851047605645E+001,-9.758585122278913E+001,
6.842619745845552E+009,-3.028726496759191E+001,-1.158723229812746E+002,
6.846529814271750E+009,-3.005405857563477E+001,-1.360430689516924E+002,
6.850439882697948E+009,-3.015102201786772E+001,-1.546330692998990E+002,
6.854349951124145E+009,-3.006551890916257E+001,-1.725390690409968E+002,
6.858260019550343E+009,-2.995544153737485E+001,1.702037843887534E+002,
6.862170087976540E+009,-2.977071793668869E+001,1.521074412482200E+002,
6.866080156402737E+009,-2.941437601596152E+001,1.355875206689549E+002,
6.869990224828935E+009,-2.915110053320301E+001,1.167251421819370E+002,
6.873900293255133E+009,-2.873532037300504E+001,9.739470694969232E+001,
6.877810361681330E+009,-2.848208010342167E+001,7.809401854162906E+001,
6.881720430107527E+009,-2.818621870584444E+001,6.002953575940945E+001,
6.885630498533724E+009,-2.793245354351763E+001,3.992400253262145E+001,
6.889540566959922E+009,-2.759819259205017E+001,2.052661828621039E+001,
6.893450635386120E+009,-2.737999620017645E+001,1.036399205320980E-001,
6.897360703812317E+009,-2.743720081329282E+001,-1.961781967634357E+001,
6.901270772238514E+009,-2.735182601746377E+001,-3.835296793563074E+001,
6.905180840664711E+009,-2.730418094286956E+001,-5.739048449066352E+001,
6.909090909090909E+009,-2.710902035269109E+001,-7.634404592895794E+001,
6.913000977517107E+009,-2.689844507190399E+001,-9.633645814371776E+001,
6.916911045943304E+009,-2.675009035582412E+001,-1.148145577544637E+002,
6.920821114369501E+009,-2.651999005338345E+001,-1.353559073232788E+002,
6.924731182795699E+009,-2.655164247081451E+001,-1.550449027204299E+002,
6.928641251221897E+009,-2.651723610654333E+001,-1.742690698862591E+002,
6.932551319648094E+009,-2.641049404125280E+001,1.670964807763489E+002,
6.936461388074291E+009,-2.629959561861114E+001,1.468226026976639E+002,
6.940371456500488E+009,-2.618299951113876E+001,1.256516611833415E+002,
6.944281524926686E+009,-2.642539698423622E+001,1.064165548272944E+002,
6.948191593352884E+009,-2.651332636805072E+001,8.792137217053104E+001,
6.952101661779081E+009,-2.637987199167451E+001,6.810437122148974E+001,
6.956011730205278E+009,-2.648382626936241E+001,4.933595416426238E+001,
6.959921798631475E+009,-2.647086454762459E+001,3.041633072431380E+001,
6.963831867057674E+009,-2.640417351141682E+001,1.143102193828679E+001,
6.967741935483872E+009,-2.642715151483937E+001,-8.315696616111405E+000,
6.971652003910069E+009,-2.652910090760536E+001,-2.698658274196851E+001,
6.975562072336266E+009,-2.645339816497938E+001,-4.670984466102052E+001,
6.979472140762464E+009,-2.649211587290751E+001,-6.625645137553971E+001,
6.983382209188661E+009,-2.660259919844295E+001,-8.579979126397574E+001,
6.987292277614859E+009,-2.696054264723195E+001,-1.052031279536343E+002,
6.991202346041056E+009,-2.713604006074942E+001,-1.227280240857339E+002,
6.995112414467253E+009,-2.742517960525222E+001,-1.400943437681573E+002,
6.999022482893451E+009,-2.731544070574538E+001,-1.564981533714376E+002,
7.002932551319649E+009,-2.701782579095671E+001,-1.746160256978435E+002,
7.006842619745846E+009,-2.678963396027812E+001,1.655237721551964E+002,
7.010752688172043E+009,-2.697134461014986E+001,1.447661462086367E+002,
7.014662756598240E+009,-2.706964073315902E+001,1.261234071302053E+002,
7.018572825024438E+009,-2.745005850857844E+001,1.073391440026132E+002,
7.022482893450636E+009,-2.765924072030210E+001,8.933017332114098E+001,
7.026392961876833E+009,-2.794445462759218E+001,7.232599669757431E+001,
7.030303030303030E+009,-2.805562564825895E+001,5.525284326062680E+001,
7.034213098729228E+009,-2.808035940843470E+001,3.856290385198835E+001,
7.038123167155425E+009,-2.790121067877713E+001,2.211703760153314E+001,
7.042033235581623E+009,-2.780111064817660E+001,3.540203094827375E+000,
7.045943304007820E+009,-2.780325320924488E+001,-1.449580446313109E+001,
7.049853372434017E+009,-2.790250777327999E+001,-3.272704783018510E+001,
7.053763440860215E+009,-2.782695921338858E+001,-4.971209364722492E+001,
7.057673509286413E+009,-2.767165590751326E+001,-6.604346569214222E+001,
7.061583577712610E+009,-2.759378489012054E+001,-8.476231034968539E+001,
7.065493646138807E+009,-2.746715244106774E+001,-1.032191020297766E+002,
7.069403714565004E+009,-2.752498830387217E+001,-1.215747063201273E+002,
7.073313782991202E+009,-2.753343449685484E+001,-1.385842073452188E+002,
7.077223851417400E+009,-2.752485277914700E+001,-1.551163606071673E+002,
7.081133919843597E+009,-2.733684961264296E+001,-1.720185691505490E+002,
7.085043988269795E+009,-2.706354566345319E+001,1.712455771150304E+002,
7.088954056695993E+009,-2.664444586898749E+001,1.530844527530710E+002,
7.092864125122190E+009,-2.623019135768787E+001,1.342637992033919E+002,
7.096774193548388E+009,-2.602785569836978E+001,1.147402426729529E+002,
7.100684261974585E+009,-2.585326212062860E+001,9.555891702047258E+001,
7.104594330400782E+009,-2.593746734342730E+001,7.580725493121607E+001,
7.108504398826980E+009,-2.590082451870619E+001,5.833643872076996E+001,
7.112414467253178E+009,-2.563798496430274E+001,3.997208204789141E+001,
7.116324535679375E+009,-2.534809481628345E+001,2.087143413324673E+001,
7.120234604105572E+009,-2.520469416057620E+001,2.167685369037905E+000,
7.124144672531769E+009,-2.504984586316355E+001,-1.716443374825655E+001,
7.128054740957967E+009,-2.480487475622752E+001,-3.655329323032412E+001,
7.131964809384165E+009,-2.462128295353537E+001,-5.608592822672640E+001,
7.135874877810362E+009,-2.451275889946140E+001,-7.623028615582648E+001,
7.139784946236559E+009,-2.440052974302668E+001,-9.613146106993105E+001,
7.143695014662756E+009,-2.451660372444323E+001,-1.163951328881412E+002,
7.147605083088954E+009,-2.453201689304177E+001,-1.361480314054132E+002,
7.151515151515152E+009,-2.470304109023136E+001,-1.547379902426074E+002,
7.155425219941349E+009,-2.472939062632909E+001,-1.728084676807339E+002,
7.159335288367546E+009,-2.459380198086157E+001,1.687787145698212E+002,
7.163245356793744E+009,-2.450726686528067E+001,1.492449459683666E+002,
7.167155425219942E+009,-2.449039972280816E+001,1.299326042002049E+002,
7.171065493646139E+009,-2.445494515353632E+001,1.105812287846149E+002,
7.174975562072336E+009,-2.441668915283293E+001,8.993229996038377E+001,
7.178885630498533E+009,-2.465558583618533E+001,7.034293768034227E+001,
7.182795698924731E+009,-2.480571133459163E+001,5.167984046747296E+001,
7.186705767350929E+009,-2.485439389197786E+001,3.330877292094630E+001,
7.190615835777126E+009,-2.487503432833899E+001,1.433486679517673E+001,
7.194525904203323E+009,-2.487053137260059E+001,-3.126608901554418E+000,
7.198435972629520E+009,-2.470621283204927E+001,-2.131632490252128E+001,
7.202346041055718E+009,-2.447774560810294E+001,-4.084273099782890E+001,
7.206256109481916E+009,-2.443187834346960E+001,-6.158521769869307E+001,
7.210166177908114E+009,-2.442176835227988E+001,-8.130024502529047E+001,
7.214076246334311E+009,-2.450245707381320E+001,-1.018676295921279E+002,
7.217986314760509E+009,-2.472993545857865E+001,-1.210366260129993E+002,
7.221896383186706E+009,-2.484891258750654E+001,-1.397816075735843E+002,
7.225806451612904E+009,-2.492937015329765E+001,-1.581938862224651E+002,
7.229716520039101E+009,-2.481301626406271E+001,-1.762883203042995E+002,
7.233626588465298E+009,-2.473185801806920E+001,1.641577096155446E+002,
7.237536656891496E+009,-2.467053528387211E+001,1.435406676350635E+002,
7.241446725317694E+009,-2.471670599002096E+001,1.230964076519617E+002,
7.245356793743891E+009,-2.484502395166170E+001,1.025405451425748E+002,
7.249266862170088E+009,-2.510857112795687E+001,8.303213857053962E+001,
7.253176930596285E+009,-2.531474837365675E+001,6.421778356297807E+001,
7.257086999022483E+009,-2.540919202398347E+001,4.571104156592004E+001,
7.260997067448681E+009,-2.559622800871520E+001,2.631453906812980E+001,
7.264907135874878E+009,-2.575317548325966E+001,7.394565683285809E+000,
7.268817204301075E+009,-2.578207553545609E+001,-1.101830177637089E+001,
7.272727272727273E+009,-2.587362616335144E+001,-3.077860502357414E+001,
7.276637341153470E+009,-2.610586984130780E+001,-4.928253686191884E+001,
7.280547409579668E+009,-2.614693432395099E+001,-6.842265355208285E+001,
7.284457478005865E+009,-2.646764827935641E+001,-8.669568859769811E+001,
7.288367546432062E+009,-2.660369049340203E+001,-1.061335738486836E+002,
7.292277614858260E+009,-2.660459848587952E+001,-1.238991533766827E+002,
7.296187683284458E+009,-2.658792624053039E+001,-1.426753963890316E+002,
7.300097751710655E+009,-2.672591523703131E+001,-1.621589310942703E+002,
7.304007820136852E+009,-2.707576878567616E+001,1.789573023058675E+002,
7.307917888563049E+009,-2.723545959478806E+001,1.619626641755897E+002,
7.311827956989247E+009,-2.737580380666383E+001,1.435309503657871E+002,
7.315738025415445E+009,-2.752057918844702E+001,1.251829355981638E+002,
7.319648093841642E+009,-2.756991365368296E+001,1.069700183798198E+002,
7.323558162267839E+009,-2.755681291271848E+001,8.855468997174565E+001,
7.327468230694037E+009,-2.757614234738533E+001,7.042462158982947E+001,
7.331378299120235E+009,-2.762373018126905E+001,5.164698181965056E+001,
7.335288367546433E+009,-2.760257993258333E+001,3.391077021527543E+001,
7.339198435972630E+009,-2.772584874847134E+001,1.642899590421481E+001,
7.343108504398827E+009,-2.763190970977517E+001,-1.614908638536537E+000,
7.347018572825025E+009,-2.746246282293164E+001,-2.020804958261346E+001,
7.350928641251223E+009,-2.726384647257610E+001,-4.027230171065186E+001,
7.354838709677420E+009,-2.724427505272729E+001,-6.041578336038193E+001,
7.358748778103617E+009,-2.761098290582677E+001,-7.925889084141203E+001,
7.362658846529814E+009,-2.787124734237422E+001,-9.645649792483188E+001,
7.366568914956012E+009,-2.766579931170515E+001,-1.142960960298257E+002,
7.370478983382210E+009,-2.755835086010613E+001,-1.325282855410351E+002,
7.374389051808407E+009,-2.731242627274654E+001,-1.517489141173608E+002,
7.378299120234604E+009,-2.730171465975609E+001,-1.718338777295950E+002,
7.382209188660801E+009,-2.720225691006800E+001,1.695156608691859E+002,
7.386119257086999E+009,-2.716011625279724E+001,1.492098103443925E+002,
7.390029325513197E+009,-2.731153429452214E+001,1.280064028273344E+002,
7.393939393939394E+009,-2.753660803760343E+001,1.089360512708143E+002,
7.397849462365591E+009,-2.782122334212669E+001,9.113972890318144E+001,
7.401759530791789E+009,-2.832308819330999E+001,7.320556109258702E+001,
7.405669599217987E+009,-2.801448843058132E+001,5.820729548379869E+001,
7.409579667644184E+009,-2.751639387159843E+001,4.005922939314924E+001,
7.413489736070381E+009,-2.720374658458631E+001,1.911609847876045E+001,
7.417399804496578E+009,-2.718110407031457E+001,-1.210431354697105E+000,
7.421309872922776E+009,-2.728114738584436E+001,-2.198547059818484E+001,
7.425219941348974E+009,-2.736971179210275E+001,-4.193844974757661E+001,
7.429130009775171E+009,-2.763096704291561E+001,-6.167149302809004E+001,
7.433040078201368E+009,-2.778742722574020E+001,-7.951685874147952E+001,
7.436950146627565E+009,-2.776941250531347E+001,-9.692015513265781E+001,
7.440860215053763E+009,-2.753404458893197E+001,-1.158017607696099E+002,
7.444770283479961E+009,-2.730413062775894E+001,-1.349730275122578E+002,
7.448680351906158E+009,-2.718454974851098E+001,-1.554449446629575E+002,
7.452590420332356E+009,-2.724167462403074E+001,-1.763498502566227E+002,
7.456500488758554E+009,-2.743337518595421E+001,1.625616711525804E+002,
7.460410557184751E+009,-2.767221919490765E+001,1.423378188383552E+002,
7.464320625610949E+009,-2.801087735841556E+001,1.224598108362222E+002,
7.468230694037146E+009,-2.826244127426904E+001,1.050960612634444E+002,
7.472140762463343E+009,-2.825130301765068E+001,8.823631695610757E+001,
7.476050830889541E+009,-2.789637034441146E+001,6.946635382968515E+001,
7.479960899315739E+009,-2.774378044245820E+001,4.842139022998175E+001,
7.483870967741936E+009,-2.791072608720798E+001,2.753257601012384E+001,
7.487781036168133E+009,-2.815438447154890E+001,7.272370693577366E+000,
7.491691104594330E+009,-2.822917029535462E+001,-1.295657253593041E+001,
7.495601173020528E+009,-2.856174024004498E+001,-3.313385536839439E+001,
7.499511241446726E+009,-2.904356539950982E+001,-5.210220520997309E+001,
7.503421309872923E+009,-2.947559921191850E+001,-7.050460063953889E+001,
7.507331378299120E+009,-2.958950989929509E+001,-8.657044069261548E+001,
7.511241446725318E+009,-2.964010301251491E+001,-1.037036006062649E+002,
7.515151515151515E+009,-2.948824227471053E+001,-1.204140254282814E+002,
7.519061583577713E+009,-2.924547342990667E+001,-1.387890018805231E+002,
7.522971652003910E+009,-2.906897360862690E+001,-1.602794123842217E+002,
7.526881720430107E+009,-2.899510382633139E+001,1.797359785030776E+002,
7.530791788856305E+009,-2.924034175929860E+001,1.593793839401859E+002,
7.534701857282503E+009,-2.958500731621788E+001,1.389750117458667E+002,
7.538611925708700E+009,-3.001476615509859E+001,1.213203633305212E+002,
7.542521994134897E+009,-3.029996670484408E+001,1.038278074107215E+002,
7.546432062561094E+009,-3.043826709849363E+001,8.781112853511642E+001,
7.550342130987292E+009,-3.034554083590232E+001,7.222698729739555E+001,
7.554252199413490E+009,-3.015349105818413E+001,5.455354116731366E+001,
7.558162267839687E+009,-2.993593394039603E+001,3.618296474491573E+001,
7.562072336265884E+009,-2.968377589958984E+001,1.628714266705477E+001,
7.565982404692082E+009,-2.969684061928203E+001,-3.769803033654570E+000,
7.569892473118280E+009,-2.975708914888642E+001,-2.200198085797461E+001,
7.573802541544478E+009,-2.978965530120699E+001,-4.108046543725716E+001,
7.577712609970675E+009,-2.992270543920926E+001,-5.967467746061038E+001,
7.581622678396872E+009,-3.003916510142938E+001,-7.882681712851149E+001,
7.585532746823070E+009,-2.990632084257467E+001,-9.655285056580823E+001,
7.589442815249268E+009,-2.998822007840916E+001,-1.136945024395757E+002,
7.593352883675465E+009,-2.988000550968586E+001,-1.320593609887027E+002,
7.597262952101662E+009,-2.983020516509086E+001,-1.493222784705167E+002,
7.601173020527859E+009,-2.941081656308825E+001,-1.678974668501147E+002,
7.605083088954057E+009,-2.924811740076651E+001,1.729204693042972E+002,
7.608993157380255E+009,-2.920077555925273E+001,1.530285576740397E+002,
7.612903225806452E+009,-2.899377958579274E+001,1.339940312217666E+002,
7.616813294232649E+009,-2.895287351022262E+001,1.134598169308567E+002,
7.620723362658846E+009,-2.918962290508767E+001,9.206907817898289E+001,
7.624633431085044E+009,-2.946960872169182E+001,7.377765095436745E+001,
7.628543499511242E+009,-2.945093240280946E+001,5.633094670387011E+001,
7.632453567937439E+009,-2.946835245991353E+001,3.857353370354107E+001,
7.636363636363636E+009,-2.962585443057157E+001,2.067479997598234E+001,
7.640273704789834E+009,-2.943724355829456E+001,3.468742410460298E+000,
7.644183773216032E+009,-2.917426436418106E+001,-1.375188028995140E+001,
7.648093841642229E+009,-2.890757300676506E+001,-3.247976776263196E+001,
7.652003910068426E+009,-2.863199089390869E+001,-5.128096976200393E+001,
7.655913978494623E+009,-2.822327645215641E+001,-7.169931873705929E+001,
7.659824046920821E+009,-2.817569518636859E+001,-9.282785532967755E+001,
7.663734115347019E+009,-2.855554998672870E+001,-1.123473608981107E+002,
7.667644183773216E+009,-2.865728405879753E+001,-1.313965995218346E+002,
7.671554252199413E+009,-2.882011831453029E+001,-1.494057811488514E+002,
7.675464320625610E+009,-2.888097278429975E+001,-1.669261036310166E+002,
7.679374389051808E+009,-2.871718703425495E+001,1.763752210383898E+002,
7.683284457478006E+009,-2.822427672570137E+001,1.573811267758214E+002,
7.687194525904203E+009,-2.803744651005678E+001,1.379387185566126E+002,
7.691104594330401E+009,-2.780509233048662E+001,1.175544902557765E+002,
7.695014662756599E+009,-2.764614107601281E+001,9.742103060956579E+001,
7.698924731182797E+009,-2.755870999694994E+001,7.710058696033089E+001,
7.702834799608994E+009,-2.760184271357574E+001,5.669644789480282E+001,
7.706744868035191E+009,-2.781027020295920E+001,3.571966760567677E+001,
7.710654936461388E+009,-2.802892527141083E+001,1.820192285801229E+001,
7.714565004887586E+009,-2.785514273056485E+001,-6.547249810106541E-001,
7.718475073313784E+009,-2.786003520746530E+001,-2.051379990959024E+001,
7.722385141739981E+009,-2.804254157816772E+001,-3.765643801042823E+001,
7.726295210166178E+009,-2.777114433057819E+001,-5.707638844733663E+001,
7.730205278592375E+009,-2.777102515587751E+001,-7.675994591378397E+001,
7.734115347018573E+009,-2.767121904772055E+001,-9.672691448599733E+001,
7.738025415444771E+009,-2.796460198748143E+001,-1.162304446952886E+002,
7.741935483870968E+009,-2.802538229668725E+001,-1.350858415634073E+002,
7.745845552297165E+009,-2.803557915422316E+001,-1.539291825532278E+002,
7.749755620723363E+009,-2.813544221482174E+001,-1.738171112810194E+002,
7.753665689149560E+009,-2.847290572534664E+001,1.672305797665742E+002,
7.757575757575758E+009,-2.848129036550237E+001,1.500411935624078E+002,
7.761485826001955E+009,-2.862764973338354E+001,1.320401077842427E+002,
7.765395894428152E+009,-2.871652470309223E+001,1.154956747605744E+002,
7.769305962854350E+009,-2.854674786204952E+001,9.760901979352160E+001,
7.773216031280548E+009,-2.827399931127760E+001,7.732333261277174E+001,
7.777126099706745E+009,-2.835497686940338E+001,5.775648960940877E+001,
7.781036168132942E+009,-2.855313304555791E+001,3.763712373384045E+001,
7.784946236559139E+009,-2.876851179707471E+001,2.051345353185209E+001,
7.788856304985337E+009,-2.880970363306514E+001,3.146745985431698E+000,
7.792766373411535E+009,-2.881845400781550E+001,-1.513563722184242E+001,
7.796676441837732E+009,-2.883795306687698E+001,-3.341138214848311E+001,
7.800586510263929E+009,-2.879904438065757E+001,-5.132078246843019E+001,
7.804496578690127E+009,-2.871157413260703E+001,-6.949047552635172E+001,
7.808406647116324E+009,-2.871559605718840E+001,-8.661850778842411E+001,
7.812316715542522E+009,-2.859489331921753E+001,-1.035399080272985E+002,
7.816226783968720E+009,-2.826868723666443E+001,-1.232872021577524E+002,
7.820136852394917E+009,-2.822085500652543E+001,-1.438425372973198E+002,
7.824046920821115E+009,-2.831869416109358E+001,-1.623895472178319E+002,
7.827956989247313E+009,-2.836284657852731E+001,1.787257609688703E+002,
7.831867057673510E+009,-2.824669504861809E+001,1.606417585130265E+002,
7.835777126099707E+009,-2.814151089535573E+001,1.419205959683112E+002,
7.839687194525904E+009,-2.813658432295707E+001,1.224045016910592E+002,
7.843597262952102E+009,-2.806545666240900E+001,1.034469933055659E+002,
7.847507331378300E+009,-2.807686316213576E+001,8.420847315156891E+001,
7.851417399804497E+009,-2.807172143437602E+001,6.505454998308360E+001,
7.855327468230694E+009,-2.832183029742764E+001,4.686890678972277E+001,
7.859237536656891E+009,-2.832138274226110E+001,2.924009223913840E+001,
7.863147605083089E+009,-2.827332979408591E+001,1.054137011862599E+001,
7.867057673509287E+009,-2.822473140249431E+001,-8.343695189929992E+000,
7.870967741935484E+009,-2.821911819449916E+001,-2.687755937135852E+001,
7.874877810361681E+009,-2.830962000237811E+001,-4.531254311784316E+001,
7.878787878787879E+009,-2.827499622310680E+001,-6.319276557964253E+001,
7.882697947214077E+009,-2.836972038196530E+001,-8.327149500800688E+001,
7.886608015640274E+009,-2.839099998733154E+001,-1.016330575249402E+002,
7.890518084066471E+009,-2.844805092771428E+001,-1.193149569640689E+002,
7.894428152492668E+009,-2.850867541368887E+001,-1.381914822163605E+002,
7.898338220918866E+009,-2.869887004515940E+001,-1.553040867365530E+002,
7.902248289345064E+009,-2.864202810365026E+001,-1.730260502835964E+002,
7.906158357771261E+009,-2.861242078877271E+001,1.689262300411570E+002,
7.910068426197458E+009,-2.846719156000145E+001,1.518489025347967E+002,
7.913978494623655E+009,-2.833720038734724E+001,1.345168045874801E+002,
7.917888563049853E+009,-2.809439526927385E+001,1.168049549517149E+002,
7.921798631476051E+009,-2.802403875267770E+001,9.664306731062764E+001,
7.925708699902248E+009,-2.812619953306891E+001,7.798111826683763E+001,
7.929618768328445E+009,-2.796022114815049E+001,6.065500067445340E+001,
7.933528836754643E+009,-2.787917800750293E+001,4.358457622159196E+001,
7.937438905180841E+009,-2.758363357557679E+001,2.541489994036231E+001,
7.941348973607039E+009,-2.728515775926839E+001,5.965469539447732E+000,
7.945259042033236E+009,-2.707999258861705E+001,-1.447192731428837E+001,
7.949169110459433E+009,-2.705069932805649E+001,-3.317908617222793E+001,
7.953079178885631E+009,-2.694517100870042E+001,-5.273710750543982E+001,
7.956989247311829E+009,-2.681226021854459E+001,-7.243862784867780E+001,
7.960899315738026E+009,-2.684984386788141E+001,-9.251624068973190E+001,
7.964809384164223E+009,-2.692382777806214E+001,-1.115740561060395E+002,
7.968719452590420E+009,-2.701282657893108E+001,-1.292179720971363E+002,
7.972629521016618E+009,-2.680994081598124E+001,-1.472566606079872E+002,
7.976539589442816E+009,-2.672157133975011E+001,-1.657911607839197E+002,
7.980449657869013E+009,-2.646422481614884E+001,1.749033321945928E+002,
7.984359726295210E+009,-2.623715587899514E+001,1.552471932490224E+002,
7.988269794721408E+009,-2.620762563172364E+001,1.345876179067536E+002,
7.992179863147605E+009,-2.632062027416055E+001,1.146923158755414E+002,
7.996089931573803E+009,-2.628909319388662E+001,9.566284775898653E+001,
8.000000000000000E+009,-2.634508718268086E+001,7.610809569100127E+001,
