% Version 1.00
%
%freq[Hz];db:Trc1_S21;ang:Trc1_S21;
4.000000000000000E+009,-2.228657233820342E+001,-1.399369269761352E+002,
4.003910068426198E+009,-2.230137904908324E+001,-1.578068239799862E+002,
4.007820136852395E+009,-2.229399014577677E+001,-1.776997337796610E+002,
4.011730205278593E+009,-2.252341666792994E+001,1.631698645476012E+002,
4.015640273704790E+009,-2.259733581498537E+001,1.441188747878652E+002,
4.019550342130987E+009,-2.275944139389981E+001,1.237608507539353E+002,
4.023460410557185E+009,-2.295903602051103E+001,1.043918041988562E+002,
4.027370478983382E+009,-2.333472905230433E+001,8.453100458441368E+001,
4.031280547409580E+009,-2.368849046996635E+001,6.638350312992429E+001,
4.035190615835777E+009,-2.380773678558708E+001,4.870495163098986E+001,
4.039100684261975E+009,-2.402802345232646E+001,3.020986882655943E+001,
4.043010752688172E+009,-2.407832027826801E+001,1.166757793418251E+001,
4.046920821114369E+009,-2.425633698849190E+001,-7.305543846556954E+000,
4.050830889540567E+009,-2.451451390876110E+001,-2.617034520149055E+001,
4.054740957966765E+009,-2.476091453822786E+001,-4.489645933622344E+001,
4.058651026392962E+009,-2.509029814271679E+001,-6.283642604197467E+001,
4.062561094819160E+009,-2.533992140836455E+001,-7.913241973412532E+001,
4.066471163245357E+009,-2.529804801706319E+001,-9.589754987893312E+001,
4.070381231671554E+009,-2.510646264339392E+001,-1.138632795159036E+002,
4.074291300097752E+009,-2.515163196907044E+001,-1.329086658743567E+002,
4.078201368523949E+009,-2.536248818652224E+001,-1.512443478806265E+002,
4.082111436950147E+009,-2.543680110515895E+001,-1.691225227941432E+002,
4.086021505376344E+009,-2.546389296642884E+001,1.731234954316106E+002,
4.089931573802542E+009,-2.545258919802831E+001,1.561896602042289E+002,
4.093841642228739E+009,-2.526387137834435E+001,1.383759097629472E+002,
4.097751710654936E+009,-2.511802789047569E+001,1.207322601988124E+002,
4.101661779081134E+009,-2.477115322009160E+001,1.025550636523958E+002,
4.105571847507331E+009,-2.450035820776193E+001,8.246879945537604E+001,
4.109481915933529E+009,-2.444020817971664E+001,6.229842773098002E+001,
4.113391984359726E+009,-2.430172555441851E+001,4.356907887068942E+001,
4.117302052785924E+009,-2.434082713113875E+001,2.243592362701762E+001,
4.121212121212121E+009,-2.440252972415445E+001,2.685173522298990E+000,
4.125122189638319E+009,-2.458515071742955E+001,-1.613562410798252E+001,
4.129032258064516E+009,-2.470912911994935E+001,-3.516628950595611E+001,
4.132942326490714E+009,-2.482248390944343E+001,-5.169820687486511E+001,
4.136852394916911E+009,-2.464892660402802E+001,-6.818243375296176E+001,
4.140762463343109E+009,-2.415110310121925E+001,-8.627758359939827E+001,
4.144672531769306E+009,-2.366318847825442E+001,-1.065812612400930E+002,
4.148582600195503E+009,-2.340969298410252E+001,-1.292398492917868E+002,
4.152492668621701E+009,-2.360789867578140E+001,-1.513371285186677E+002,
4.156402737047898E+009,-2.388416715230673E+001,-1.714706060130297E+002,
4.160312805474096E+009,-2.431012146690364E+001,1.698224314348189E+002,
4.164222873900293E+009,-2.448295086203200E+001,1.532295052077494E+002,
4.168132942326491E+009,-2.437675652198049E+001,1.351926030944701E+002,
4.172043010752688E+009,-2.444816078984088E+001,1.174531885498003E+002,
4.175953079178886E+009,-2.431009379096949E+001,1.015199363521863E+002,
4.179863147605083E+009,-2.356838629538394E+001,8.463663711984513E+001,
4.183773216031281E+009,-2.295908961339501E+001,6.304406652437093E+001,
4.187683284457478E+009,-2.268161939746036E+001,4.045912209224101E+001,
4.191593352883676E+009,-2.263478294100523E+001,1.818841738870026E+001,
4.195503421309873E+009,-2.287005462570154E+001,-3.121309484933120E+000,
4.199413489736071E+009,-2.319783342222971E+001,-2.270917664147707E+001,
4.203323558162268E+009,-2.338895766156142E+001,-3.995553032105408E+001,
4.207233626588465E+009,-2.346010859710265E+001,-5.741015424667744E+001,
4.211143695014663E+009,-2.321160292588829E+001,-7.507267789280276E+001,
4.215053763440860E+009,-2.269503571994001E+001,-9.404725441020271E+001,
4.218963831867058E+009,-2.234483834646537E+001,-1.151692775810796E+002,
4.222873900293255E+009,-2.210433318368322E+001,-1.375125308038950E+002,
4.226783968719452E+009,-2.228117952502957E+001,-1.592292411608143E+002,
4.230694037145650E+009,-2.245185952481306E+001,-1.799355819066151E+002,
4.234604105571847E+009,-2.260795338024614E+001,1.605571526655054E+002,
4.238514173998045E+009,-2.274084815405167E+001,1.400121325169156E+002,
4.242424242424243E+009,-2.302574915032706E+001,1.204831021857315E+002,
4.246334310850440E+009,-2.323090700233706E+001,1.012960081067190E+002,
4.250244379276638E+009,-2.305302269271219E+001,8.329192000318709E+001,
4.254154447702835E+009,-2.307014559515176E+001,6.257378233854252E+001,
4.258064516129032E+009,-2.309029402058759E+001,4.191397011012916E+001,
4.261974584555230E+009,-2.328177996013449E+001,2.135510209708779E+001,
4.265884652981427E+009,-2.342158404762106E+001,1.467153766586108E+000,
4.269794721407625E+009,-2.364834526224272E+001,-1.875003624759759E+001,
4.273704789833822E+009,-2.384266795240235E+001,-3.899337739985290E+001,
4.277614858260019E+009,-2.398728958945574E+001,-6.008097490279583E+001,
4.281524926686217E+009,-2.445545084587429E+001,-8.103790222569222E+001,
4.285434995112414E+009,-2.497215321932728E+001,-1.011229452570487E+002,
4.289345063538612E+009,-2.556792123443121E+001,-1.198982772246055E+002,
4.293255131964809E+009,-2.610214008871957E+001,-1.386814533055848E+002,
4.297165200391007E+009,-2.669018792322449E+001,-1.563455430223975E+002,
4.301075268817205E+009,-2.708488017698074E+001,-1.727118954012570E+002,
4.304985337243402E+009,-2.724924640127201E+001,1.703329107568693E+002,
4.308895405669600E+009,-2.741212294378474E+001,1.521442910496295E+002,
4.312805474095797E+009,-2.759919682989992E+001,1.333877458745600E+002,
4.316715542521994E+009,-2.792813955871916E+001,1.139939576810315E+002,
4.320625610948192E+009,-2.852568491718204E+001,9.399971116603061E+001,
4.324535679374389E+009,-2.946498234770327E+001,7.521130681761804E+001,
4.328445747800587E+009,-3.037778597740142E+001,6.110848163820482E+001,
4.332355816226784E+009,-3.107956244757226E+001,4.633589627570763E+001,
4.336265884652982E+009,-3.145273370271611E+001,3.785751760826447E+001,
4.340175953079179E+009,-3.104174849776527E+001,2.587357176133056E+001,
4.344086021505377E+009,-3.048625583890235E+001,8.251242106052755E+000,
4.347996089931574E+009,-3.054422968172161E+001,-1.027467366692389E+001,
4.351906158357771E+009,-3.044411603365283E+001,-2.740578335658142E+001,
4.355816226783969E+009,-3.079301547455518E+001,-4.421407015165852E+001,
4.359726295210166E+009,-3.078643493943422E+001,-6.066946251926091E+001,
4.363636363636364E+009,-3.099178441958149E+001,-7.675787969681080E+001,
4.367546432062561E+009,-3.096281569203880E+001,-9.062689211013760E+001,
4.371456500488758E+009,-3.065763648703392E+001,-1.070464471272791E+002,
4.375366568914956E+009,-3.068812335803606E+001,-1.238685788545086E+002,
4.379276637341153E+009,-3.060830996403436E+001,-1.386864339243429E+002,
4.383186705767351E+009,-3.042627961398787E+001,-1.530775443245282E+002,
4.387096774193548E+009,-2.974074403677115E+001,-1.691432070303096E+002,
4.391006842619746E+009,-2.901236761318237E+001,1.718580623046907E+002,
4.394916911045943E+009,-2.879800363978034E+001,1.513602625240971E+002,
4.398826979472141E+009,-2.867820180707881E+001,1.328743524808446E+002,
4.402737047898338E+009,-2.855667174361479E+001,1.148899348489917E+002,
4.406647116324535E+009,-2.841523809503930E+001,9.424697869981317E+001,
4.410557184750733E+009,-2.838517822493692E+001,7.510192044711964E+001,
4.414467253176930E+009,-2.867543558613135E+001,5.759834392662581E+001,
4.418377321603128E+009,-2.854671287924594E+001,4.375149802745277E+001,
4.422287390029326E+009,-2.789555290962499E+001,2.690981190149032E+001,
4.426197458455523E+009,-2.727924583653611E+001,6.894639920542717E+000,
4.430107526881721E+009,-2.699984005615820E+001,-1.436065715884412E+001,
4.434017595307918E+009,-2.684964221463732E+001,-3.480579285572556E+001,
4.437927663734116E+009,-2.680545359296442E+001,-5.525178840982023E+001,
4.441837732160313E+009,-2.672873875097278E+001,-7.588648769315644E+001,
4.445747800586511E+009,-2.703508349033988E+001,-9.608674340382329E+001,
4.449657869012708E+009,-2.720649741964802E+001,-1.147084206311824E+002,
4.453567937438905E+009,-2.723032421461856E+001,-1.314816679560272E+002,
4.457478005865103E+009,-2.709384416429543E+001,-1.494512800011839E+002,
4.461388074291300E+009,-2.681606659260778E+001,-1.672393182705562E+002,
4.465298142717498E+009,-2.650385145678502E+001,1.724634925386073E+002,
4.469208211143695E+009,-2.616686284413726E+001,1.524767302829080E+002,
4.473118279569893E+009,-2.594037401010142E+001,1.312208385284878E+002,
4.477028347996090E+009,-2.590112643096195E+001,1.096290535808796E+002,
4.480938416422287E+009,-2.580536477699998E+001,8.849247848521799E+001,
4.484848484848485E+009,-2.608961778983341E+001,6.698500864584449E+001,
4.488758553274682E+009,-2.606050341790935E+001,4.720422041306654E+001,
4.492668621700880E+009,-2.637872199399706E+001,2.594265454133312E+001,
4.496578690127077E+009,-2.663750581837487E+001,8.740085992056997E+000,
4.500488758553275E+009,-2.636636482011060E+001,-1.003669426788759E+001,
4.504398826979472E+009,-2.643993729551768E+001,-2.990854441505399E+001,
4.508308895405669E+009,-2.625954206551266E+001,-4.988670006326816E+001,
4.512218963831867E+009,-2.616445003151179E+001,-6.982119108359417E+001,
4.516129032258064E+009,-2.598286280393823E+001,-9.059072264303674E+001,
4.520039100684262E+009,-2.583110264094337E+001,-1.111664880196919E+002,
4.523949169110459E+009,-2.591390106275711E+001,-1.331683155570982E+002,
4.527859237536657E+009,-2.587912080504524E+001,-1.541356618553894E+002,
4.531769305962854E+009,-2.620263863754442E+001,-1.765137295632425E+002,
4.535679374389051E+009,-2.655880401535899E+001,1.635577429468953E+002,
4.539589442815249E+009,-2.666956463161388E+001,1.447094095731934E+002,
4.543499511241447E+009,-2.652981599738180E+001,1.258870311261362E+002,
4.547409579667645E+009,-2.638671180923513E+001,1.042654669036493E+002,
4.551319648093842E+009,-2.660010116437655E+001,8.236951423647768E+001,
4.555229716520039E+009,-2.711052513873895E+001,6.219150911408195E+001,
4.559139784946237E+009,-2.714421920030189E+001,4.472184889420558E+001,
4.563049853372434E+009,-2.692318291964682E+001,2.501079060338439E+001,
4.566959921798632E+009,-2.695784614892948E+001,4.171373821163948E+000,
4.570869990224829E+009,-2.715408470830832E+001,-1.558002453402341E+001,
4.574780058651027E+009,-2.701187467928031E+001,-3.492661374027465E+001,
4.578690127077224E+009,-2.705135695264393E+001,-5.519074690915463E+001,
4.582600195503422E+009,-2.720670327842878E+001,-7.488581589896825E+001,
4.586510263929619E+009,-2.709388220273814E+001,-9.371617445239237E+001,
4.590420332355816E+009,-2.711788818210204E+001,-1.142777169272521E+002,
4.594330400782014E+009,-2.738142680618522E+001,-1.343199348602095E+002,
4.598240469208211E+009,-2.755340881798661E+001,-1.525859766073278E+002,
4.602150537634409E+009,-2.766372206359596E+001,-1.716056735873405E+002,
4.606060606060606E+009,-2.774838140646557E+001,1.717216281267640E+002,
4.609970674486803E+009,-2.745342522610743E+001,1.547182307051098E+002,
4.613880742913001E+009,-2.711737973704036E+001,1.361323155780734E+002,
4.617790811339198E+009,-2.685477877370843E+001,1.157327604206830E+002,
4.621700879765396E+009,-2.673246924671371E+001,9.486157491112134E+001,
4.625610948191593E+009,-2.683881182837443E+001,7.497615944436768E+001,
4.629521016617791E+009,-2.703925475892945E+001,5.741463260092134E+001,
4.633431085043988E+009,-2.678403013809136E+001,3.944155110820952E+001,
4.637341153470186E+009,-2.657726474156650E+001,2.137634665476410E+001,
4.641251221896383E+009,-2.632037991232168E+001,2.376233728699244E+000,
4.645161290322580E+009,-2.618868833642193E+001,-1.697422166639565E+001,
4.649071358748778E+009,-2.612779916264954E+001,-3.507296596632041E+001,
4.652981427174975E+009,-2.573261068731794E+001,-5.396334344977642E+001,
4.656891495601173E+009,-2.541850386025719E+001,-7.450506043006160E+001,
4.660801564027371E+009,-2.536428264027892E+001,-9.496338684031237E+001,
4.664711632453568E+009,-2.532747189233039E+001,-1.136759378507860E+002,
4.668621700879766E+009,-2.529737849882297E+001,-1.334506921787257E+002,
4.672531769305963E+009,-2.547764473102061E+001,-1.521129122862511E+002,
4.676441837732161E+009,-2.530628507668990E+001,-1.687101158974983E+002,
4.680351906158358E+009,-2.488575591268156E+001,1.730715584795326E+002,
4.684261974584556E+009,-2.454029770742879E+001,1.538147211386057E+002,
4.688172043010753E+009,-2.433887829092268E+001,1.337576853467248E+002,
4.692082111436951E+009,-2.415793397649689E+001,1.136305852532391E+002,
4.695992179863148E+009,-2.413856734100271E+001,9.418230198424489E+001,
4.699902248289345E+009,-2.404785769155337E+001,7.492664381822578E+001,
4.703812316715543E+009,-2.404298653556628E+001,5.557414142835471E+001,
4.707722385141740E+009,-2.401109521601355E+001,3.652463069659688E+001,
4.711632453567938E+009,-2.398332813858324E+001,1.883291216996972E+001,
4.715542521994135E+009,-2.382599498913441E+001,2.866679425622242E-001,
4.719452590420332E+009,-2.369685369973320E+001,-1.882342327769954E+001,
4.723362658846530E+009,-2.348965665166075E+001,-3.749179685603973E+001,
4.727272727272727E+009,-2.341746663097263E+001,-5.678730164129942E+001,
4.731182795698925E+009,-2.320588180141450E+001,-7.542955280883601E+001,
4.735092864125122E+009,-2.307183676853814E+001,-9.545826249736439E+001,
4.739002932551320E+009,-2.295652581915593E+001,-1.144864133643050E+002,
4.742913000977517E+009,-2.282236889297725E+001,-1.340072625366774E+002,
4.746823069403714E+009,-2.273780840304882E+001,-1.548365437947448E+002,
4.750733137829912E+009,-2.302080155719298E+001,-1.742985396408178E+002,
4.754643206256109E+009,-2.311627002407649E+001,1.676956513937566E+002,
4.758553274682307E+009,-2.287595578570016E+001,1.503504715934862E+002,
4.762463343108504E+009,-2.276621268756829E+001,1.303562492534428E+002,
4.766373411534702E+009,-2.274267361468612E+001,1.106158392805789E+002,
4.770283479960899E+009,-2.275961711441066E+001,9.154755295921891E+001,
4.774193548387096E+009,-2.270891686930357E+001,7.320764138084392E+001,
4.778103616813294E+009,-2.253070388620041E+001,5.319647380479525E+001,
4.782013685239492E+009,-2.252923242872636E+001,3.283162557911641E+001,
4.785923753665690E+009,-2.275380563345319E+001,1.230271503659700E+001,
4.789833822091887E+009,-2.302139310495117E+001,-6.716471422910137E+000,
4.793743890518084E+009,-2.317785610557133E+001,-2.517854933758329E+001,
4.797653958944282E+009,-2.340528023038510E+001,-4.354525516055418E+001,
4.801564027370479E+009,-2.347618579931778E+001,-6.139777528473895E+001,
4.805474095796677E+009,-2.353029890907157E+001,-7.994937464411112E+001,
4.809384164222874E+009,-2.361580493484711E+001,-9.897566517849371E+001,
4.813294232649072E+009,-2.381447195001140E+001,-1.181060207041669E+002,
4.817204301075269E+009,-2.405852635872300E+001,-1.352011373856800E+002,
4.821114369501467E+009,-2.415295107861094E+001,-1.536431996408774E+002,
4.825024437927664E+009,-2.433699256169125E+001,-1.728377834867626E+002,
4.828934506353861E+009,-2.460361184533671E+001,1.701328262181090E+002,
4.832844574780059E+009,-2.468843020352624E+001,1.531941015717298E+002,
4.836754643206256E+009,-2.459773613449500E+001,1.351454114898756E+002,
4.840664711632454E+009,-2.461369501847598E+001,1.158291580689345E+002,
4.844574780058651E+009,-2.492074653542230E+001,9.701818382856837E+001,
4.848484848484848E+009,-2.527396865776472E+001,7.970019170191024E+001,
4.852394916911046E+009,-2.548006321703348E+001,6.400562791190161E+001,
4.856304985337243E+009,-2.538772218777376E+001,4.747827293162186E+001,
4.860215053763441E+009,-2.532068944974331E+001,2.979974878047512E+001,
4.864125122189638E+009,-2.534133585326508E+001,1.189748055671869E+001,
4.868035190615836E+009,-2.531576000709015E+001,-5.086869611253778E+000,
4.871945259042033E+009,-2.522542763762244E+001,-2.174064744112076E+001,
4.875855327468231E+009,-2.502141554326164E+001,-3.949469135259059E+001,
4.879765395894428E+009,-2.481723929535903E+001,-5.895946394916364E+001,
4.883675464320625E+009,-2.485726796436777E+001,-7.835289114940780E+001,
4.887585532746823E+009,-2.499976669583268E+001,-9.779045841917726E+001,
4.891495601173020E+009,-2.516047791590104E+001,-1.151095447391088E+002,
4.895405669599218E+009,-2.504514095162264E+001,-1.324592834170464E+002,
4.899315738025415E+009,-2.504529520258078E+001,-1.507999875246852E+002,
4.903225806451613E+009,-2.497723700962325E+001,-1.693289976530670E+002,
4.907135874877811E+009,-2.512571291465812E+001,1.713752836939369E+002,
4.911045943304008E+009,-2.516612313957139E+001,1.540122090412577E+002,
4.914956011730206E+009,-2.516814079327612E+001,1.361521164078390E+002,
4.918866080156403E+009,-2.512552654836815E+001,1.184583875787276E+002,
4.922776148582601E+009,-2.501849058117463E+001,9.965161049928578E+001,
4.926686217008798E+009,-2.505893766637902E+001,8.005026690795324E+001,
4.930596285434996E+009,-2.516406182416951E+001,6.169772053412334E+001,
4.934506353861193E+009,-2.525113833782735E+001,4.416269459120645E+001,
4.938416422287390E+009,-2.516442715445196E+001,2.577244719760481E+001,
4.942326490713588E+009,-2.528037000069253E+001,6.863827023211093E+000,
4.946236559139785E+009,-2.530620866996721E+001,-1.057240861727461E+001,
4.950146627565983E+009,-2.515472520711527E+001,-2.917662598163518E+001,
4.954056695992180E+009,-2.506887572632821E+001,-4.948243736439508E+001,
4.957966764418377E+009,-2.513634964493695E+001,-6.847386889540266E+001,
4.961876832844575E+009,-2.523762692078093E+001,-8.775434178920060E+001,
4.965786901270772E+009,-2.552730237072995E+001,-1.073669743396588E+002,
4.969696969696970E+009,-2.594214452487862E+001,-1.256670648879209E+002,
4.973607038123167E+009,-2.611080936129612E+001,-1.419743201739984E+002,
4.977517106549365E+009,-2.618034770818135E+001,-1.593240681328537E+002,
4.981427174975562E+009,-2.605439839263843E+001,-1.760109652080689E+002,
4.985337243401759E+009,-2.598215181106120E+001,1.657749652204379E+002,
4.989247311827957E+009,-2.588155337777284E+001,1.484749333914016E+002,
4.993157380254154E+009,-2.560833731183145E+001,1.291634414088107E+002,
4.997067448680352E+009,-2.567068288587558E+001,1.115082172759455E+002,
5.000977517106549E+009,-2.547118329098806E+001,9.303364030175644E+001,
5.004887585532747E+009,-2.514469855344594E+001,7.357357674940691E+001,
5.008797653958944E+009,-2.497158939583971E+001,5.301709453211469E+001,
5.012707722385141E+009,-2.507371934751468E+001,3.240828247722165E+001,
5.016617790811339E+009,-2.515147199414167E+001,1.304548027820928E+001,
5.020527859237536E+009,-2.528022157735665E+001,-7.006590519416388E+000,
5.024437927663734E+009,-2.550292354915148E+001,-2.570498486842094E+001,
5.028347996089932E+009,-2.545912905800161E+001,-4.303002750947274E+001,
5.032258064516129E+009,-2.526052674750881E+001,-6.215211349062813E+001,
5.036168132942327E+009,-2.510753959777448E+001,-8.271938029882378E+001,
5.040078201368524E+009,-2.522977216290462E+001,-1.026657249878298E+002,
5.043988269794722E+009,-2.519067211086450E+001,-1.226330881645122E+002,
5.047898338220919E+009,-2.545778954307711E+001,-1.429150862477899E+002,
5.051808406647117E+009,-2.550118434858154E+001,-1.612897921902139E+002,
5.055718475073314E+009,-2.557671924100386E+001,1.787893975048887E+002,
5.059628543499512E+009,-2.583196976734048E+001,1.596219652508063E+002,
5.063538611925709E+009,-2.594531005610017E+001,1.421858628184858E+002,
5.067448680351906E+009,-2.585667882188337E+001,1.239053075803910E+002,
5.071358748778104E+009,-2.559977409986194E+001,1.045397491141797E+002,
5.075268817204301E+009,-2.559756366856148E+001,8.441129928812831E+001,
5.079178885630499E+009,-2.569478749541915E+001,6.461925361433598E+001,
5.083088954056696E+009,-2.562327583813422E+001,4.508933848111067E+001,
5.086999022482893E+009,-2.567326166252474E+001,2.510717642460173E+001,
5.090909090909091E+009,-2.578184535819455E+001,4.406071299787081E+000,
5.094819159335288E+009,-2.609928171213499E+001,-1.531242258793978E+001,
5.098729227761486E+009,-2.648702348087853E+001,-3.453538949634412E+001,
5.102639296187683E+009,-2.682870216711756E+001,-5.050050715215988E+001,
5.106549364613881E+009,-2.672872176973480E+001,-6.486716436116615E+001,
5.110459433040078E+009,-2.597310233848752E+001,-8.282463894851406E+001,
5.114369501466276E+009,-2.554384781065409E+001,-1.038567070055879E+002,
5.118279569892473E+009,-2.549676890328642E+001,-1.253782336145790E+002,
5.122189638318670E+009,-2.555843362251286E+001,-1.457898856301773E+002,
5.126099706744868E+009,-2.559028967249798E+001,-1.661179819236825E+002,
5.130009775171065E+009,-2.576460563194839E+001,1.736858311167175E+002,
5.133919843597263E+009,-2.586360855067458E+001,1.543826600228917E+002,
5.137829912023460E+009,-2.612497267606075E+001,1.349556684018123E+002,
5.141739980449657E+009,-2.633855311338598E+001,1.175083844236748E+002,
5.145650048875855E+009,-2.609830766286743E+001,1.002150898963991E+002,
5.149560117302053E+009,-2.577494179841160E+001,8.148445748654916E+001,
5.153470185728251E+009,-2.556917315077414E+001,6.034514724337380E+001,
5.157380254154448E+009,-2.561282491836995E+001,4.039954385314945E+001,
5.161290322580645E+009,-2.567442181346370E+001,2.104257924021430E+001,
5.165200391006843E+009,-2.555491231301135E+001,2.243686013138884E+000,
5.169110459433041E+009,-2.548738006884615E+001,-1.774311351186938E+001,
5.173020527859238E+009,-2.554548251466246E+001,-3.755953668313146E+001,
5.176930596285435E+009,-2.559404130943666E+001,-5.668322107371606E+001,
5.180840664711633E+009,-2.549004160291954E+001,-7.563119972188598E+001,
5.184750733137830E+009,-2.551564490381066E+001,-9.694627017970100E+001,
5.188660801564028E+009,-2.572314435210168E+001,-1.158218886435224E+002,
5.192570869990225E+009,-2.570852943537008E+001,-1.341341975707781E+002,
5.196480938416422E+009,-2.557807380656972E+001,-1.533127558696866E+002,
5.200391006842620E+009,-2.545786894882374E+001,-1.734493409758076E+002,
5.204301075268817E+009,-2.559118612925978E+001,1.661619876159991E+002,
5.208211143695015E+009,-2.568614160118677E+001,1.458165558546514E+002,
5.212121212121212E+009,-2.602242416612640E+001,1.256097718879333E+002,
5.216031280547409E+009,-2.647403268670109E+001,1.073991731857746E+002,
5.219941348973607E+009,-2.668970537245133E+001,8.965114024145312E+001,
5.223851417399805E+009,-2.676093412003313E+001,7.212347167977669E+001,
5.227761485826002E+009,-2.682427888275411E+001,5.456482749317580E+001,
5.231671554252199E+009,-2.686291786324955E+001,3.766348066590546E+001,
5.235581622678397E+009,-2.685093510839777E+001,2.007433787893657E+001,
5.239491691104594E+009,-2.679821233278402E+001,1.815082478260624E+000,
5.243401759530792E+009,-2.674394252731872E+001,-1.648185054207239E+001,
5.247311827956989E+009,-2.681607446603120E+001,-3.482167506180556E+001,
5.251221896383186E+009,-2.670141256053292E+001,-5.383071870742391E+001,
5.255131964809384E+009,-2.684489204486679E+001,-7.271187526319594E+001,
5.259042033235581E+009,-2.710346257082967E+001,-9.119065469855225E+001,
5.262952101661779E+009,-2.735076348147228E+001,-1.080023665165364E+002,
5.266862170087977E+009,-2.744789000109091E+001,-1.232845401158179E+002,
5.270772238514174E+009,-2.719128078980419E+001,-1.393773191079589E+002,
5.274682306940372E+009,-2.686553922194337E+001,-1.572995099367828E+002,
5.278592375366570E+009,-2.681057481837808E+001,-1.744474987864796E+002,
5.282502443792767E+009,-2.654656809933223E+001,1.685665317331807E+002,
5.286412512218964E+009,-2.625056573867830E+001,1.506155623324327E+002,
5.290322580645162E+009,-2.579617372065545E+001,1.322896086499885E+002,
5.294232649071359E+009,-2.548563756644416E+001,1.118477118997946E+002,
5.298142717497557E+009,-2.550562970468666E+001,9.165882649530442E+001,
5.302052785923754E+009,-2.549231863491794E+001,7.190446220653941E+001,
5.305962854349951E+009,-2.575729969806710E+001,5.368963569225355E+001,
5.309872922776149E+009,-2.568911428998931E+001,3.668747373901854E+001,
5.313782991202346E+009,-2.561033006221044E+001,1.948250401715005E+001,
5.317693059628544E+009,-2.542175545660743E+001,2.604059381750772E+000,
5.321603128054741E+009,-2.501822283709743E+001,-1.544716566509578E+001,
5.325513196480938E+009,-2.461899680292135E+001,-3.621611897451530E+001,
5.329423264907136E+009,-2.460001446533638E+001,-5.710207199426593E+001,
5.333333333333333E+009,-2.469044298123711E+001,-7.618835730918192E+001,
5.337243401759531E+009,-2.478554898972080E+001,-9.468898003108970E+001,
5.341153470185728E+009,-2.470783506037942E+001,-1.130885702054898E+002,
5.345063538611926E+009,-2.478116796921164E+001,-1.319687942914445E+002,
5.348973607038123E+009,-2.468082134757111E+001,-1.493422417211979E+002,
5.352883675464321E+009,-2.450059716274626E+001,-1.676073065014268E+002,
5.356793743890518E+009,-2.429264672423965E+001,1.736721720666226E+002,
5.360703812316715E+009,-2.420335532878553E+001,1.539901475714068E+002,
5.364613880742913E+009,-2.407204383299941E+001,1.343155804161298E+002,
5.368523949169110E+009,-2.414586463338190E+001,1.141723223774304E+002,
5.372434017595308E+009,-2.426993306573332E+001,9.545969722377063E+001,
5.376344086021505E+009,-2.416652881437501E+001,7.744828690058567E+001,
5.380254154447702E+009,-2.410635024355564E+001,5.775499031343080E+001,
5.384164222873900E+009,-2.429939298498685E+001,3.806888005624791E+001,
5.388074291300098E+009,-2.432279696149882E+001,1.979854275382835E+001,
5.391984359726296E+009,-2.430967793475814E+001,8.054409109598327E-001,
5.395894428152493E+009,-2.447349795538444E+001,-1.794950961368069E+001,
5.399804496578690E+009,-2.453562933807901E+001,-3.680405458073800E+001,
5.403714565004888E+009,-2.474556462950454E+001,-5.508368491930286E+001,
5.407624633431086E+009,-2.487421100520230E+001,-7.265094254002592E+001,
5.411534701857283E+009,-2.467652556314323E+001,-8.936456856845885E+001,
5.415444770283480E+009,-2.459626288962854E+001,-1.079325304672763E+002,
5.419354838709678E+009,-2.444175325482295E+001,-1.267490545327384E+002,
5.423264907135875E+009,-2.430969502527779E+001,-1.455053341773722E+002,
5.427174975562073E+009,-2.422625956243850E+001,-1.662999773174851E+002,
5.431085043988270E+009,-2.441270488038270E+001,1.736919800764186E+002,
5.434995112414467E+009,-2.484783785772308E+001,1.550848026953228E+002,
5.438905180840665E+009,-2.508630651271636E+001,1.391330865796105E+002,
5.442815249266862E+009,-2.506934876431112E+001,1.233007651377990E+002,
5.446725317693060E+009,-2.464130299939832E+001,1.056304973138324E+002,
5.450635386119257E+009,-2.432745422863644E+001,8.771277877242117E+001,
5.454545454545454E+009,-2.407121239094643E+001,6.854470337981631E+001,
5.458455522971652E+009,-2.373155886064472E+001,4.931203870424660E+001,
5.462365591397850E+009,-2.350638870327748E+001,2.778461604601512E+001,
5.466275659824047E+009,-2.346579927234790E+001,7.454638192580460E+000,
5.470185728250244E+009,-2.361470350342321E+001,-1.384442769937358E+001,
5.474095796676442E+009,-2.382845487830252E+001,-3.340396086911172E+001,
5.478005865102639E+009,-2.397283324203283E+001,-5.239083440939012E+001,
5.481915933528837E+009,-2.400941124140647E+001,-7.075056398344891E+001,
5.485826001955034E+009,-2.398329129046972E+001,-9.008180225623529E+001,
5.489736070381231E+009,-2.393481423636437E+001,-1.086684382870503E+002,
5.493646138807429E+009,-2.386267680164980E+001,-1.282559961679679E+002,
5.497556207233626E+009,-2.390474665223062E+001,-1.482408961191479E+002,
5.501466275659824E+009,-2.372378131616658E+001,-1.675267807499736E+002,
5.505376344086021E+009,-2.376935058873414E+001,1.716491079217553E+002,
5.509286412512219E+009,-2.377617990592320E+001,1.511464020498730E+002,
5.513196480938417E+009,-2.395925129666716E+001,1.297968869737593E+002,
5.517106549364615E+009,-2.425259271030480E+001,1.094949872072521E+002,
5.521016617790812E+009,-2.442145298042771E+001,9.007300462604701E+001,
5.524926686217009E+009,-2.458226921411981E+001,6.988041879568847E+001,
5.528836754643207E+009,-2.494712449916042E+001,5.020702556133199E+001,
5.532746823069404E+009,-2.537374736775860E+001,3.187314527297130E+001,
5.536656891495602E+009,-2.551785416320725E+001,1.419630969507917E+001,
5.540566959921799E+009,-2.546785636597928E+001,-4.584504333090957E+000,
5.544477028347996E+009,-2.536359123503423E+001,-2.321933812093345E+001,
5.548387096774194E+009,-2.526339329726731E+001,-4.364838172395213E+001,
5.552297165200391E+009,-2.532917687887759E+001,-6.522840286734308E+001,
5.556207233626589E+009,-2.570924774380035E+001,-8.651268798174998E+001,
5.560117302052786E+009,-2.629383653067625E+001,-1.070294309893914E+002,
5.564027370478983E+009,-2.670358853111362E+001,-1.255835256057045E+002,
5.567937438905181E+009,-2.709616263487743E+001,-1.444088090070345E+002,
5.571847507331378E+009,-2.741688570784406E+001,-1.630136692187668E+002,
5.575757575757576E+009,-2.798429045657628E+001,1.784909871510506E+002,
5.579667644183773E+009,-2.838198287234815E+001,1.640117600393219E+002,
5.583577712609971E+009,-2.787956545373593E+001,1.462587172700174E+002,
5.587487781036168E+009,-2.805798572100544E+001,1.248801674417412E+002,
5.591397849462366E+009,-2.852503267391034E+001,1.063926478100493E+002,
5.595307917888563E+009,-2.893011632093308E+001,9.023409220018498E+001,
5.599217986314760E+009,-2.879429376480590E+001,7.346102896356187E+001,
5.603128054740958E+009,-2.878325651278717E+001,5.420709401643100E+001,
5.607038123167155E+009,-2.873704153050710E+001,3.607518859657203E+001,
5.610948191593353E+009,-2.914237640920543E+001,1.567995666339789E+001,
5.614858260019550E+009,-2.937320162044768E+001,-2.721306135947525E+000,
5.618768328445747E+009,-2.991211747626640E+001,-1.832118541951676E+001,
5.622678396871945E+009,-2.969474168536979E+001,-3.277360043126561E+001,
5.626588465298142E+009,-2.927324755778208E+001,-5.101726979117150E+001,
5.630498533724340E+009,-2.908466899043546E+001,-7.077325520159788E+001,
5.634408602150538E+009,-2.932377478474400E+001,-9.017353064957531E+001,
5.638318670576735E+009,-2.915912216604563E+001,-1.074162280491001E+002,
5.642228739002933E+009,-2.917784593504078E+001,-1.262497832543012E+002,
5.646138807429131E+009,-2.921935451016211E+001,-1.460942594563873E+002,
5.650048875855328E+009,-2.932827177962618E+001,-1.644798613514608E+002,
5.653958944281525E+009,-2.951228061107913E+001,1.796321642168414E+002,
5.657869012707723E+009,-2.942064928590899E+001,1.646639039585863E+002,
5.661779081133920E+009,-2.889332290258333E+001,1.475969861260989E+002,
5.665689149560118E+009,-2.831133483197464E+001,1.278647034057432E+002,
5.669599217986315E+009,-2.763058481872175E+001,1.071844195620903E+002,
5.673509286412512E+009,-2.754702010707927E+001,8.362109912177374E+001,
5.677419354838710E+009,-2.773093003577817E+001,6.136521334636976E+001,
5.681329423264907E+009,-2.806712149931069E+001,4.043764078978361E+001,
5.685239491691105E+009,-2.851455090857113E+001,2.196628200397401E+001,
5.689149560117302E+009,-2.896101331718718E+001,5.576251084446461E+000,
5.693059628543499E+009,-2.866303427671039E+001,-9.561954809074942E+000,
5.696969696969697E+009,-2.843612747776638E+001,-2.755087731721577E+001,
5.700879765395895E+009,-2.791921814655823E+001,-4.444483648068267E+001,
5.704789833822092E+009,-2.721894506931429E+001,-6.475253735686498E+001,
5.708699902248289E+009,-2.682295119746974E+001,-8.683958901217221E+001,
5.712609970674487E+009,-2.655513338437465E+001,-1.100413099962812E+002,
5.716520039100684E+009,-2.672825276194955E+001,-1.329384046153949E+002,
5.720430107526882E+009,-2.712958477645833E+001,-1.545766669894975E+002,
5.724340175953079E+009,-2.760955896009430E+001,-1.745454244000947E+002,
5.728250244379276E+009,-2.791486785435388E+001,1.671758871692884E+002,
5.732160312805474E+009,-2.790331986914096E+001,1.499634416735021E+002,
5.736070381231671E+009,-2.785900088524221E+001,1.308105750732789E+002,
5.739980449657869E+009,-2.782828108739681E+001,1.127982293811552E+002,
5.743890518084066E+009,-2.746635733415372E+001,9.338606732986011E+001,
5.747800586510263E+009,-2.754755245765737E+001,7.291419325247684E+001,
5.751710654936461E+009,-2.734371587682318E+001,5.354119487902626E+001,
5.755620723362660E+009,-2.726449711989500E+001,3.249389455865923E+001,
5.759530791788857E+009,-2.722119006870978E+001,1.108346481106817E+001,
5.763440860215054E+009,-2.747226460236709E+001,-9.667264822071676E+000,
5.767350928641252E+009,-2.760785311681967E+001,-3.013905823865002E+001,
5.771260997067449E+009,-2.788091453282733E+001,-5.107611586373795E+001,
5.775171065493647E+009,-2.827502567600732E+001,-7.105652400687130E+001,
5.779081133919844E+009,-2.847732013107352E+001,-9.002117612244803E+001,
5.782991202346041E+009,-2.898394926032603E+001,-1.088636428032503E+002,
5.786901270772239E+009,-2.921842632153980E+001,-1.278912322484028E+002,
5.790811339198436E+009,-2.955891169634369E+001,-1.451703464786650E+002,
5.794721407624634E+009,-2.977137955009748E+001,-1.627619921554930E+002,
5.798631476050831E+009,-2.983847027933539E+001,-1.786842328239910E+002,
5.802541544477028E+009,-2.977483602381422E+001,1.641677111699893E+002,
5.806451612903226E+009,-2.983308480953026E+001,1.454161638572396E+002,
5.810361681329423E+009,-2.952531552048349E+001,1.271292151640168E+002,
5.814271749755621E+009,-2.951968305207089E+001,1.060917648649756E+002,
5.818181818181818E+009,-2.974858488447655E+001,8.843120607108664E+001,
5.822091886608016E+009,-2.967355179483469E+001,6.929594458299674E+001,
5.826001955034213E+009,-2.988244306952991E+001,4.999339296263685E+001,
5.829912023460411E+009,-3.035111485284989E+001,3.156117711803649E+001,
5.833822091886608E+009,-3.074733891877433E+001,1.666870204106798E+001,
5.837732160312805E+009,-3.057710297424748E+001,1.586667526938985E+000,
5.841642228739003E+009,-3.006579217971260E+001,-1.517949499508134E+001,
5.845552297165200E+009,-2.979685230619143E+001,-3.401556497724789E+001,
5.849462365591398E+009,-2.953165361157417E+001,-5.220350822189561E+001,
5.853372434017595E+009,-2.933186363475759E+001,-7.340421948430731E+001,
5.857282502443792E+009,-2.948082828659704E+001,-9.339134642130479E+001,
5.861192570869990E+009,-2.968221861036786E+001,-1.129027249471199E+002,
5.865102639296187E+009,-2.988145872673155E+001,-1.288398483706282E+002,
5.869012707722385E+009,-2.966321818176350E+001,-1.461159602238102E+002,
5.872922776148583E+009,-2.929717008223568E+001,-1.641303425715510E+002,
5.876832844574780E+009,-2.901861117697526E+001,1.753701125467858E+002,
5.880742913000978E+009,-2.915750249876301E+001,1.556714946129186E+002,
5.884652981427176E+009,-2.901416616562937E+001,1.372964798659154E+002,
5.888563049853373E+009,-2.902001518150522E+001,1.177477802735991E+002,
5.892473118279570E+009,-2.911784764402707E+001,9.842779319206332E+001,
5.896383186705768E+009,-2.912327674918991E+001,8.070003585813048E+001,
5.900293255131965E+009,-2.892815546216370E+001,6.149803806404522E+001,
5.904203323558163E+009,-2.907635901714704E+001,4.306525724779386E+001,
5.908113391984360E+009,-2.893633618526270E+001,2.572474827019923E+001,
5.912023460410557E+009,-2.859077818728167E+001,5.365770035108119E+000,
5.915933528836755E+009,-2.853655157226058E+001,-1.434062469291883E+001,
5.919843597262952E+009,-2.878212667569624E+001,-3.604608993072063E+001,
5.923753665689150E+009,-2.930648216145080E+001,-5.397185376607041E+001,
5.927663734115347E+009,-2.940220453561467E+001,-7.034541763746914E+001,
5.931573802541544E+009,-2.950497730985524E+001,-8.889286345864052E+001,
5.935483870967742E+009,-2.960156243921309E+001,-1.048514781360975E+002,
5.939393939393940E+009,-2.935726652859463E+001,-1.209581804460121E+002,
5.943304007820137E+009,-2.895106422371228E+001,-1.391921112378559E+002,
5.947214076246334E+009,-2.858479659987190E+001,-1.595576396017254E+002,
5.951124144672532E+009,-2.868577530864672E+001,-1.796500949272207E+002,
5.955034213098729E+009,-2.876333819192873E+001,1.611643063166897E+002,
5.958944281524927E+009,-2.912235802026043E+001,1.414411083774378E+002,
5.962854349951124E+009,-2.950575132993868E+001,1.249385720394175E+002,
5.966764418377321E+009,-2.949131603394168E+001,1.117876647292232E+002,
5.970674486803519E+009,-2.879413920166714E+001,9.584081121734143E+001,
5.974584555229716E+009,-2.859250506336160E+001,7.655172435837362E+001,
5.978494623655914E+009,-2.816325614995939E+001,5.738829793256717E+001,
5.982404692082111E+009,-2.820894101014412E+001,3.682908102313063E+001,
5.986314760508308E+009,-2.815910178166469E+001,1.878988991497266E+001,
5.990224828934506E+009,-2.834645781180373E+001,6.454396583927794E-001,
5.994134897360704E+009,-2.839964742796338E+001,-1.569588533172905E+001,
5.998044965786902E+009,-2.797131655133211E+001,-3.231147921862149E+001,
6.001955034213099E+009,-2.761081404744387E+001,-4.979318368411795E+001,
6.005865102639297E+009,-2.714451428446936E+001,-6.802696271177054E+001,
6.009775171065494E+009,-2.659503043716226E+001,-8.729181077141841E+001,
6.013685239491692E+009,-2.630170095478348E+001,-1.074522321581666E+002,
6.017595307917889E+009,-2.612820186227523E+001,-1.269561076674878E+002,
6.021505376344086E+009,-2.591581141566570E+001,-1.459598398359188E+002,
6.025415444770284E+009,-2.572541515622511E+001,-1.664244811219595E+002,
6.029325513196481E+009,-2.553992190832777E+001,1.734441296831870E+002,
6.033235581622679E+009,-2.541543734827412E+001,1.548486207654913E+002,
6.037145650048876E+009,-2.516714326770043E+001,1.356977787077970E+002,
6.041055718475073E+009,-2.481581067338975E+001,1.166717912138141E+002,
6.044965786901271E+009,-2.457778689359982E+001,9.616992172821804E+001,
6.048875855327468E+009,-2.436043226017471E+001,7.498786066603815E+001,
6.052785923753666E+009,-2.422130470804978E+001,5.420197326283198E+001,
6.056695992179863E+009,-2.413396788493473E+001,3.281425789348467E+001,
6.060606060606061E+009,-2.419413703463906E+001,1.161301493649755E+001,
6.064516129032258E+009,-2.428676659280454E+001,-8.705280551143282E+000,
6.068426197458456E+009,-2.430823517957442E+001,-2.928497364168498E+001,
6.072336265884653E+009,-2.450467194879172E+001,-4.927487450958109E+001,
6.076246334310850E+009,-2.456224391752031E+001,-6.870836435699401E+001,
6.080156402737048E+009,-2.454702321343813E+001,-8.806241769269593E+001,
6.084066471163245E+009,-2.462513175547528E+001,-1.074674202873761E+002,
6.087976539589443E+009,-2.462867689580387E+001,-1.275503762543585E+002,
6.091886608015640E+009,-2.472548396374208E+001,-1.480267265101801E+002,
6.095796676441837E+009,-2.479188839419933E+001,-1.678145563329580E+002,
6.099706744868035E+009,-2.486134634357782E+001,1.723686134307869E+002,
6.103616813294232E+009,-2.491819391899717E+001,1.528259051475116E+002,
6.107526881720430E+009,-2.497770158663115E+001,1.325273830570683E+002,
6.111436950146627E+009,-2.519139481869138E+001,1.112521500469093E+002,
6.115347018572825E+009,-2.560056828750732E+001,9.150132849149227E+001,
6.119257086999023E+009,-2.605032864687750E+001,7.155246436785639E+001,
6.123167155425221E+009,-2.646613614838492E+001,5.448812778715156E+001,
6.127077223851418E+009,-2.661174239883687E+001,3.818777772777710E+001,
6.130987292277615E+009,-2.652346300575239E+001,2.010291771947346E+001,
6.134897360703813E+009,-2.663186396523996E+001,1.501086995493437E+000,
6.138807429130010E+009,-2.665176043627388E+001,-1.684595871666984E+001,
6.142717497556208E+009,-2.658265239519975E+001,-3.501244744348544E+001,
6.146627565982405E+009,-2.656524602543165E+001,-5.464613392410482E+001,
6.150537634408602E+009,-2.659506142855653E+001,-7.428109211588352E+001,
6.154447702834800E+009,-2.660532749581959E+001,-9.412961970656156E+001,
6.158357771260998E+009,-2.693307119323107E+001,-1.152517422116925E+002,
6.162267839687195E+009,-2.746627916705669E+001,-1.341736223109533E+002,
6.166177908113392E+009,-2.800751920256640E+001,-1.514616776542861E+002,
6.170087976539589E+009,-2.808823193217794E+001,-1.661667261225626E+002,
6.173998044965787E+009,-2.782032212019342E+001,1.767074370346697E+002,
6.177908113391985E+009,-2.775098711345421E+001,1.571949329590358E+002,
6.181818181818182E+009,-2.784382209648957E+001,1.379450111808905E+002,
6.185728250244379E+009,-2.791843175140804E+001,1.192155094116348E+002,
6.189638318670576E+009,-2.807313122518186E+001,1.014316251894003E+002,
6.193548387096774E+009,-2.791603869520660E+001,8.217990030319314E+001,
6.197458455522972E+009,-2.804047169712177E+001,6.291565094233728E+001,
6.201368523949169E+009,-2.844436430422218E+001,4.261677896843327E+001,
6.205278592375366E+009,-2.889538176131093E+001,2.535156236536229E+001,
6.209188660801564E+009,-2.894304678804010E+001,8.557988318377307E+000,
6.213098729227762E+009,-2.917775367051852E+001,-9.206936146950547E+000,
6.217008797653959E+009,-2.931649018507023E+001,-2.593235302600697E+001,
6.220918866080156E+009,-2.922786844891632E+001,-4.569399622980067E+001,
6.224828934506353E+009,-2.966177140584941E+001,-6.326339062556786E+001,
6.228739002932551E+009,-2.975807608971767E+001,-8.044718530160093E+001,
6.232649071358749E+009,-3.020912151609132E+001,-9.940730959121009E+001,
6.236559139784946E+009,-3.059061516119427E+001,-1.131102651268344E+002,
6.240469208211144E+009,-3.046774213066360E+001,-1.259444945383920E+002,
6.244379276637341E+009,-2.961216217779001E+001,-1.436149692075717E+002,
6.248289345063539E+009,-2.954737217627488E+001,-1.645493255048154E+002,
6.252199413489737E+009,-2.967144424101872E+001,1.760970877837397E+002,
6.256109481915934E+009,-3.019284996782196E+001,1.581041429868272E+002,
6.260019550342131E+009,-3.008815741325408E+001,1.433476203858646E+002,
6.263929618768329E+009,-3.030862615478536E+001,1.250343703045557E+002,
6.267839687194526E+009,-3.052682592280904E+001,1.117471838330967E+002,
6.271749755620724E+009,-2.983503663299354E+001,9.665234909269054E+001,
6.275659824046921E+009,-2.953514397771728E+001,7.839181006889183E+001,
6.279569892473118E+009,-2.933076530053224E+001,5.990865642117382E+001,
6.283479960899316E+009,-2.901434524115461E+001,4.248911008542269E+001,
6.287390029325514E+009,-2.872687177904396E+001,2.292696380858667E+001,
6.291300097751711E+009,-2.867891205480026E+001,2.775534057610078E+000,
6.295210166177908E+009,-2.878925885829482E+001,-1.484404667071816E+001,
6.299120234604105E+009,-2.885588631245226E+001,-3.263336662779815E+001,
6.303030303030303E+009,-2.907459800123455E+001,-5.026042392853578E+001,
6.306940371456501E+009,-2.887115333352387E+001,-6.555591822312785E+001,
6.310850439882698E+009,-2.838633216594916E+001,-8.261434400965867E+001,
6.314760508308895E+009,-2.802030083551291E+001,-1.016623207337091E+002,
6.318670576735093E+009,-2.768268544544031E+001,-1.199168881159818E+002,
6.322580645161290E+009,-2.711683627211463E+001,-1.394709657066831E+002,
6.326490713587488E+009,-2.697669822329603E+001,-1.612453878260370E+002,
6.330400782013685E+009,-2.707198603364599E+001,1.766830311179708E+002,
6.334310850439882E+009,-2.746240462543087E+001,1.569447637210596E+002,
6.338220918866080E+009,-2.783468780811248E+001,1.397524058669410E+002,
6.342130987292278E+009,-2.777952920961642E+001,1.225307173349609E+002,
6.346041055718475E+009,-2.758414111369276E+001,1.043164347150517E+002,
6.349951124144672E+009,-2.745471821104670E+001,8.703836045365978E+001,
6.353861192570869E+009,-2.710655463850371E+001,6.827521217388863E+001,
6.357771260997068E+009,-2.677481196859603E+001,4.781239657321875E+001,
6.361681329423266E+009,-2.672479617179963E+001,2.616812172323793E+001,
6.365591397849463E+009,-2.685758190852326E+001,5.191032677578756E+000,
6.369501466275660E+009,-2.706627014997365E+001,-1.557191595254130E+001,
6.373411534701857E+009,-2.757418024259772E+001,-3.575377506431475E+001,
6.377321603128055E+009,-2.793697737494544E+001,-5.304265483719632E+001,
6.381231671554253E+009,-2.821294188938211E+001,-6.973853050004108E+001,
6.385141739980450E+009,-2.813471904237650E+001,-8.668781807201910E+001,
6.389051808406647E+009,-2.789856373964944E+001,-1.062891256958430E+002,
6.392961876832845E+009,-2.802040231969670E+001,-1.253521474530476E+002,
6.396871945259043E+009,-2.807330582495194E+001,-1.444932713532399E+002,
6.400782013685240E+009,-2.813398558844460E+001,-1.625779075006622E+002,
6.404692082111437E+009,-2.811282269465624E+001,1.792095947049702E+002,
6.408602150537634E+009,-2.800155235093979E+001,1.599113020081848E+002,
6.412512218963832E+009,-2.804179522306875E+001,1.393236279243056E+002,
6.416422287390030E+009,-2.814591927665192E+001,1.194384520881414E+002,
6.420332355816227E+009,-2.855274154745581E+001,9.897893747561599E+001,
6.424242424242424E+009,-2.888791632959636E+001,8.007958529851392E+001,
6.428152492668621E+009,-2.923364494089913E+001,6.103364047741209E+001,
6.432062561094819E+009,-2.983644316852530E+001,4.376239951524047E+001,
6.435972629521017E+009,-2.996712493923536E+001,2.723211996975426E+001,
6.439882697947214E+009,-3.002706097140237E+001,1.059262838695590E+001,
6.443792766373411E+009,-3.030806891166603E+001,-6.315045821995629E+000,
6.447702834799609E+009,-3.027911485085621E+001,-2.133426723026522E+001,
6.451612903225807E+009,-3.010348303016198E+001,-3.905448583162497E+001,
6.455522971652004E+009,-2.959823022290172E+001,-5.679113645154564E+001,
6.459433040078201E+009,-2.959235721060532E+001,-7.852859041092758E+001,
6.463343108504398E+009,-2.976675632060793E+001,-9.898819985641481E+001,
6.467253176930596E+009,-3.006950824068866E+001,-1.176913263838424E+002,
6.471163245356794E+009,-3.049688562524926E+001,-1.360175736998073E+002,
6.475073313782991E+009,-3.094719475924637E+001,-1.514508308671486E+002,
6.478983382209189E+009,-3.086518676819930E+001,-1.659829206017433E+002,
6.482893450635386E+009,-3.052662154963641E+001,1.776453250351786E+002,
6.486803519061584E+009,-3.012505400368319E+001,1.601364947491695E+002,
6.490713587487782E+009,-2.995117791783731E+001,1.400592536762104E+002,
6.494623655913979E+009,-2.995571720117826E+001,1.211630433626572E+002,
6.498533724340176E+009,-2.979619606443546E+001,1.023349216731156E+002,
6.502443792766374E+009,-2.980921131433492E+001,8.054636691208283E+001,
6.506353861192571E+009,-3.007348858361908E+001,6.356856721787125E+001,
6.510263929618769E+009,-3.028054051830770E+001,4.632010208744703E+001,
6.514173998044966E+009,-3.015227113749216E+001,2.865677625740939E+001,
6.518084066471163E+009,-2.991418409964513E+001,1.014865245255889E+001,
6.521994134897361E+009,-2.986246905661302E+001,-8.015359026601349E+000,
6.525904203323559E+009,-2.963248642939810E+001,-2.647849816571141E+001,
6.529814271749756E+009,-2.951018140860782E+001,-4.730053483684868E+001,
6.533724340175953E+009,-2.944140884966386E+001,-6.854511629058304E+001,
6.537634408602150E+009,-2.989399211846443E+001,-8.899294543610760E+001,
6.541544477028348E+009,-3.047663097309178E+001,-1.082232491893016E+002,
6.545454545454546E+009,-3.057155763027452E+001,-1.239274969727465E+002,
6.549364613880743E+009,-3.044436432138817E+001,-1.403964732445723E+002,
6.553274682306940E+009,-3.017602426467823E+001,-1.597552396172686E+002,
6.557184750733138E+009,-3.026408272714713E+001,1.793356140383938E+002,
6.561094819159335E+009,-3.070069779650498E+001,1.604600063576880E+002,
6.565004887585533E+009,-3.067066725619907E+001,1.437935327939331E+002,
6.568914956011730E+009,-3.027687438751255E+001,1.241268758490017E+002,
6.572825024437927E+009,-3.087443558845682E+001,1.041965653937020E+002,
6.576735092864125E+009,-3.106421579181468E+001,8.696679245283183E+001,
6.580645161290323E+009,-3.104828562173106E+001,6.931222905964623E+001,
6.584555229716520E+009,-3.126106972605875E+001,5.150970948008736E+001,
6.588465298142717E+009,-3.125522776467564E+001,3.571689479793899E+001,
6.592375366568914E+009,-3.096425120141039E+001,1.784963657175327E+001,
6.596285434995112E+009,-3.077103764483424E+001,3.048608273337385E-001,
6.600195503421310E+009,-3.059807258839858E+001,-1.933874612695615E+001,
6.604105571847508E+009,-3.045262496583631E+001,-3.718823908232868E+001,
6.608015640273705E+009,-3.037183216051341E+001,-5.748427631442891E+001,
6.611925708699902E+009,-3.030130324991042E+001,-7.611935937881660E+001,
6.615835777126100E+009,-3.026762473999215E+001,-9.615707370292155E+001,
6.619745845552298E+009,-3.036459822372414E+001,-1.151251206312975E+002,
6.623655913978495E+009,-3.041317557148744E+001,-1.323187649582455E+002,
6.627565982404692E+009,-2.995061040941744E+001,-1.499533300316492E+002,
6.631476050830890E+009,-2.954406124896716E+001,-1.705098235270318E+002,
6.635386119257088E+009,-2.951415620403861E+001,1.685498544485873E+002,
6.639296187683285E+009,-2.928728862317091E+001,1.477581496284033E+002,
6.643206256109482E+009,-2.938535955593669E+001,1.260829011519066E+002,
6.647116324535679E+009,-2.961512619383122E+001,1.047960709118362E+002,
6.651026392961877E+009,-3.007586335283155E+001,8.699575883184926E+001,
6.654936461388075E+009,-3.000701986338050E+001,7.031561809989137E+001,
6.658846529814272E+009,-2.971543593683137E+001,5.104307775011230E+001,
6.662756598240469E+009,-2.961807635144384E+001,3.043510091609302E+001,
6.666666666666666E+009,-2.980062151926196E+001,9.974430835810770E+000,
6.670576735092864E+009,-2.970721202841821E+001,-9.070056917687090E+000,
6.674486803519062E+009,-2.980675195979756E+001,-2.792389885114287E+001,
6.678396871945259E+009,-2.988905361932284E+001,-4.802500771739265E+001,
6.682306940371456E+009,-2.962923946393187E+001,-6.635495765836539E+001,
6.686217008797654E+009,-2.942249688766817E+001,-8.761652233052531E+001,
6.690127077223852E+009,-2.957855738461112E+001,-1.100328824593296E+002,
6.694037145650049E+009,-2.980975401457362E+001,-1.290396045016719E+002,
6.697947214076246E+009,-3.012641357923602E+001,-1.483952774527478E+002,
6.701857282502443E+009,-3.044983665391655E+001,-1.684211895570416E+002,
6.705767350928641E+009,-3.060044202830226E+001,1.739982279467213E+002,
6.709677419354839E+009,-3.050415398212947E+001,1.574185326819126E+002,
6.713587487781036E+009,-3.019710459650140E+001,1.389384416663792E+002,
6.717497556207233E+009,-2.991121660294322E+001,1.171149754459932E+002,
6.721407624633431E+009,-3.023707975969608E+001,9.624283178730725E+001,
6.725317693059629E+009,-3.015778296413134E+001,7.815382708250581E+001,
6.729227761485827E+009,-3.016455097741436E+001,5.901888011995828E+001,
6.733137829912024E+009,-3.004429749232436E+001,3.859188015762527E+001,
6.737047898338221E+009,-3.027774137466732E+001,1.784906246039006E+001,
6.740957966764419E+009,-3.068724053649660E+001,-3.260847303206544E+000,
6.744868035190616E+009,-3.099751967210208E+001,-2.018089542947164E+001,
6.748778103616814E+009,-3.113595725227292E+001,-3.640654286866475E+001,
6.752688172043011E+009,-3.091646375061051E+001,-5.407289746446735E+001,
6.756598240469208E+009,-3.063267092148969E+001,-7.271776746598208E+001,
6.760508308895406E+009,-3.076933561047650E+001,-9.400181964090828E+001,
6.764418377321604E+009,-3.081759101354016E+001,-1.136702337620328E+002,
6.768328445747801E+009,-3.099081176477126E+001,-1.307619218006890E+002,
6.772238514173998E+009,-3.103582025797815E+001,-1.497290993375555E+002,
6.776148582600195E+009,-3.086517939667992E+001,-1.678520803911258E+002,
6.780058651026393E+009,-3.081913394003870E+001,1.741412137886140E+002,
6.783968719452591E+009,-3.060889238132180E+001,1.540351726142461E+002,
6.787878787878788E+009,-3.102764785668817E+001,1.343844101602678E+002,
6.791788856304985E+009,-3.102162921437662E+001,1.160261660945485E+002,
6.795698924731183E+009,-3.113896339240269E+001,9.843993355357253E+001,
6.799608993157380E+009,-3.100302855174535E+001,8.164376249305400E+001,
6.803519061583578E+009,-3.089629753364722E+001,6.099792652298319E+001,
6.807429130009775E+009,-3.121649786314986E+001,4.166209535742717E+001,
6.811339198435972E+009,-3.148129963753004E+001,2.518073379785101E+001,
6.815249266862170E+009,-3.130376147465391E+001,7.935367601203759E+000,
6.819159335288368E+009,-3.129228769293119E+001,-9.967988261277053E+000,
6.823069403714565E+009,-3.131150045013109E+001,-2.661913021356344E+001,
6.826979472140762E+009,-3.137715183070041E+001,-4.324613111262763E+001,
6.830889540566959E+009,-3.110885798621827E+001,-5.877653330597233E+001,
6.834799608993157E+009,-3.046392001818798E+001,-7.654060630228295E+001,
6.838709677419355E+009,-3.020989756045245E+001,-9.567996209328894E+001,
6.842619745845552E+009,-2.986539100976647E+001,-1.159167641616627E+002,
6.846529814271750E+009,-3.000088269444966E+001,-1.355108102713472E+002,
6.850439882697948E+009,-3.007384457731610E+001,-1.547330765189697E+002,
6.854349951124145E+009,-3.007197255710249E+001,-1.705687480210639E+002,
6.858260019550343E+009,-2.988184820964003E+001,1.718993303694170E+002,
6.862170087976540E+009,-2.970329347355914E+001,1.550775261877488E+002,
6.866080156402737E+009,-2.930246513562083E+001,1.370662830330320E+002,
6.869990224828935E+009,-2.915681340862385E+001,1.185075617196672E+002,
6.873900293255133E+009,-2.869807351315281E+001,9.969425978176473E+001,
6.877810361681330E+009,-2.851175708517216E+001,8.088908893638819E+001,
6.881720430107527E+009,-2.820945359625227E+001,6.241004904368772E+001,
6.885630498533724E+009,-2.799784690601459E+001,4.329410172222465E+001,
6.889540566959922E+009,-2.756792022540853E+001,2.446371827882568E+001,
6.893450635386120E+009,-2.743419281610768E+001,3.680265967380937E+000,
6.897360703812317E+009,-2.746136457558844E+001,-1.579380033839468E+001,
6.901270772238514E+009,-2.734396219535945E+001,-3.422659218206347E+001,
6.905180840664711E+009,-2.697807774927336E+001,-5.285383447900372E+001,
6.909090909090909E+009,-2.672767526363928E+001,-7.288844874581709E+001,
6.913000977517107E+009,-2.658631826211676E+001,-9.263909791253361E+001,
6.916911045943304E+009,-2.638127822773438E+001,-1.125439050599588E+002,
6.920821114369501E+009,-2.630707943384725E+001,-1.325751163580068E+002,
6.924731182795699E+009,-2.633418955023046E+001,-1.519208166760290E+002,
6.928641251221897E+009,-2.622919481248967E+001,-1.709043363950545E+002,
6.932551319648094E+009,-2.596136493580220E+001,1.699609101481115E+002,
6.936461388074291E+009,-2.574185784635812E+001,1.488250852572012E+002,
6.940371456500488E+009,-2.597413065054420E+001,1.275674413105520E+002,
6.944281524926686E+009,-2.620190025559364E+001,1.084977503534775E+002,
6.948191593352884E+009,-2.610544677276647E+001,9.076128289904051E+001,
6.952101661779081E+009,-2.589138609053724E+001,7.129169170753762E+001,
6.956011730205278E+009,-2.592808909227329E+001,5.139790128155484E+001,
6.959921798631475E+009,-2.593724008071968E+001,3.130789167257850E+001,
6.963831867057674E+009,-2.600828522880971E+001,1.173327469547757E+001,
6.967741935483872E+009,-2.600850642875254E+001,-7.376015931974318E+000,
6.971652003910069E+009,-2.611093448557760E+001,-2.711333299742796E+001,
6.975562072336266E+009,-2.616801018775833E+001,-4.648744005230212E+001,
6.979472140762464E+009,-2.629470028785285E+001,-6.714219888895036E+001,
6.983382209188661E+009,-2.657451870688511E+001,-8.605150004727594E+001,
6.987292277614859E+009,-2.688228614984328E+001,-1.053521443696656E+002,
6.991202346041056E+009,-2.730478771123254E+001,-1.226133476243666E+002,
6.995112414467253E+009,-2.750337796103844E+001,-1.388159464987140E+002,
6.999022482893451E+009,-2.728641081209113E+001,-1.549865679868720E+002,
7.002932551319649E+009,-2.704444780720408E+001,-1.735739490635326E+002,
7.006842619745846E+009,-2.688673723652456E+001,1.667826314571946E+002,
7.010752688172043E+009,-2.695434736004330E+001,1.467178504603890E+002,
7.014662756598240E+009,-2.727626534346056E+001,1.278391610762172E+002,
7.018572825024438E+009,-2.762097244872111E+001,1.093034867665126E+002,
7.022482893450636E+009,-2.782041892426886E+001,9.214153835453462E+001,
7.026392961876833E+009,-2.787776984867400E+001,7.518384321051785E+001,
7.030303030303030E+009,-2.799604943238546E+001,5.832080498797109E+001,
7.034213098729228E+009,-2.801148770949645E+001,4.137079517570809E+001,
7.038123167155425E+009,-2.781373799489702E+001,2.450188488166559E+001,
7.042033235581623E+009,-2.767150104286044E+001,6.797465132603272E+000,
7.045943304007820E+009,-2.758250426031134E+001,-1.258403958039883E+001,
7.049853372434017E+009,-2.773606676753114E+001,-3.078015085420160E+001,
7.053763440860215E+009,-2.770352372915482E+001,-4.724944409572272E+001,
7.057673509286413E+009,-2.768821812632567E+001,-6.452068560525881E+001,
7.061583577712610E+009,-2.746599683431354E+001,-8.126644330279051E+001,
7.065493646138807E+009,-2.735366824747896E+001,-9.952527603958490E+001,
7.069403714565004E+009,-2.719780062774374E+001,-1.178374226687367E+002,
7.073313782991202E+009,-2.724327905866057E+001,-1.357229601657436E+002,
7.077223851417400E+009,-2.715057318590642E+001,-1.532270642168046E+002,
7.081133919843597E+009,-2.688778170264517E+001,-1.708824239627434E+002,
7.085043988269795E+009,-2.680596226034448E+001,1.709363192154112E+002,
7.088954056695993E+009,-2.642012348351925E+001,1.529269350122367E+002,
7.092864125122190E+009,-2.626692657259724E+001,1.343836860456188E+002,
7.096774193548388E+009,-2.607200377853242E+001,1.155759343655935E+002,
7.100684261974585E+009,-2.589418153353547E+001,9.588720566645316E+001,
7.104594330400782E+009,-2.589851555000137E+001,7.740093305500133E+001,
7.108504398826980E+009,-2.577974623276549E+001,5.892265589398002E+001,
7.112414467253178E+009,-2.557366780415222E+001,4.141847745856541E+001,
7.116324535679375E+009,-2.534529090628875E+001,2.165686533653628E+001,
7.120234604105572E+009,-2.527681504970192E+001,2.807238080914172E+000,
7.124144672531769E+009,-2.503934080295446E+001,-1.621251311379130E+001,
7.128054740957967E+009,-2.485044819012729E+001,-3.519898777974790E+001,
7.131964809384165E+009,-2.457493970245517E+001,-5.517902619820003E+001,
7.135874877810362E+009,-2.448330580847458E+001,-7.498879063157196E+001,
7.139784946236559E+009,-2.455042974853036E+001,-9.540246470659086E+001,
7.143695014662756E+009,-2.459352425364512E+001,-1.154881019869313E+002,
7.147605083088954E+009,-2.463371098359904E+001,-1.346241035430425E+002,
7.151515151515152E+009,-2.476441488744128E+001,-1.536569390531320E+002,
7.155425219941349E+009,-2.481935111176986E+001,-1.715936039486835E+002,
7.159335288367546E+009,-2.465614597102046E+001,1.694785602751633E+002,
7.163245356793744E+009,-2.467613852227757E+001,1.501655602768460E+002,
7.167155425219942E+009,-2.467837860042955E+001,1.308075409960671E+002,
7.171065493646139E+009,-2.471511474233634E+001,1.122298914209151E+002,
7.174975562072336E+009,-2.460019403589649E+001,9.250215295561480E+001,
7.178885630498533E+009,-2.471671787837538E+001,7.242134642896284E+001,
7.182795698924731E+009,-2.492282555530887E+001,5.382521778791671E+001,
7.186705767350929E+009,-2.490840446257954E+001,3.601596852742532E+001,
7.190615835777126E+009,-2.483167474528256E+001,1.637767657979072E+001,
7.194525904203323E+009,-2.482243508848609E+001,-1.705994134354527E+000,
7.198435972629520E+009,-2.462783187168514E+001,-1.980303286766445E+001,
7.202346041055718E+009,-2.436620883928379E+001,-3.968298343839239E+001,
7.206256109481916E+009,-2.427863292327202E+001,-6.047666959814853E+001,
7.210166177908114E+009,-2.432436982470416E+001,-8.095453611401443E+001,
7.214076246334311E+009,-2.451167256815843E+001,-1.013634662519718E+002,
7.217986314760509E+009,-2.481645405386554E+001,-1.205769772482796E+002,
7.221896383186706E+009,-2.491861507234141E+001,-1.386149282268019E+002,
7.225806451612904E+009,-2.493651284576385E+001,-1.572767354538938E+002,
7.229716520039101E+009,-2.475892034669613E+001,-1.760155138338020E+002,
7.233626588465298E+009,-2.456724442794614E+001,1.641134908714672E+002,
7.237536656891496E+009,-2.463428864024627E+001,1.432907311723463E+002,
7.241446725317694E+009,-2.475196109241408E+001,1.226304886951018E+002,
7.245356793743891E+009,-2.498112417078258E+001,1.024115103410144E+002,
7.249266862170088E+009,-2.522751218806718E+001,8.294784957793939E+001,
7.253176930596285E+009,-2.555084358408552E+001,6.399266297492687E+001,
7.257086999022483E+009,-2.566483190300563E+001,4.512519487900728E+001,
7.260997067448681E+009,-2.584864860032170E+001,2.587350438308741E+001,
7.264907135874878E+009,-2.601524732896849E+001,8.040468443468265E+000,
7.268817204301075E+009,-2.594187750359926E+001,-1.038367027706185E+001,
7.272727272727273E+009,-2.608652393754843E+001,-3.028068579885309E+001,
7.276637341153470E+009,-2.615977952774913E+001,-4.876604876311167E+001,
7.280547409579668E+009,-2.640470994664735E+001,-6.815637646658048E+001,
7.284457478005865E+009,-2.655469197091929E+001,-8.749887814061334E+001,
7.288367546432062E+009,-2.681151352039766E+001,-1.048551671257391E+002,
7.292277614858260E+009,-2.679270334733174E+001,-1.241370076009723E+002,
7.296187683284458E+009,-2.702866969480444E+001,-1.428584718848032E+002,
7.300097751710655E+009,-2.719188494416170E+001,-1.619772700232153E+002,
7.304007820136852E+009,-2.754452919004287E+001,-1.791346664108773E+002,
7.307917888563049E+009,-2.752151367152218E+001,1.641695024461154E+002,
7.311827956989247E+009,-2.745859040518825E+001,1.458076909955313E+002,
7.315738025415445E+009,-2.749581143518260E+001,1.267240229695639E+002,
7.319648093841642E+009,-2.749097120991944E+001,1.083617984869653E+002,
7.323558162267839E+009,-2.746110240284077E+001,8.917836129816249E+001,
7.327468230694037E+009,-2.761923647927949E+001,6.977750704695058E+001,
7.331378299120235E+009,-2.770840391968957E+001,5.120848390195386E+001,
7.335288367546433E+009,-2.781891570044503E+001,3.349773592136414E+001,
7.339198435972630E+009,-2.780502638583793E+001,1.640893440354810E+001,
7.343108504398827E+009,-2.767842445201793E+001,-9.649206645039197E-001,
7.347018572825025E+009,-2.756393563440079E+001,-2.067790389136979E+001,
7.350928641251223E+009,-2.746382758063626E+001,-3.985450108968701E+001,
7.354838709677420E+009,-2.740760188606126E+001,-5.974445616275791E+001,
7.358748778103617E+009,-2.775508866535153E+001,-7.911157141597796E+001,
7.362658846529814E+009,-2.785143478916595E+001,-9.743133392685756E+001,
7.366568914956012E+009,-2.790742936780357E+001,-1.143891219855240E+002,
7.370478983382210E+009,-2.764879040504537E+001,-1.325791934004016E+002,
7.374389051808407E+009,-2.758419459159891E+001,-1.514034832137947E+002,
7.378299120234604E+009,-2.745981038309882E+001,-1.708220977491079E+002,
7.382209188660801E+009,-2.728078621746466E+001,1.696627918397553E+002,
7.386119257086999E+009,-2.726461362639300E+001,1.492042631394143E+002,
7.390029325513197E+009,-2.747218438815515E+001,1.288064073698034E+002,
7.393939393939394E+009,-2.782044317522484E+001,1.094374817505954E+002,
7.397849462365591E+009,-2.813353051248496E+001,9.169698066226276E+001,
7.401759530791789E+009,-2.824643037299152E+001,7.510678997167322E+001,
7.405669599217987E+009,-2.797786500560348E+001,5.967942576756067E+001,
7.409579667644184E+009,-2.736209217686537E+001,4.095802946737856E+001,
7.413489736070381E+009,-2.703133483958726E+001,1.960450692385093E+001,
7.417399804496578E+009,-2.708182831670850E+001,-1.271489577706638E+000,
7.421309872922776E+009,-2.715356440353441E+001,-2.176248994684617E+001,
7.425219941348974E+009,-2.720042257062227E+001,-4.191827727692009E+001,
7.429130009775171E+009,-2.735446978056626E+001,-6.143280239199876E+001,
7.433040078201368E+009,-2.757155670131085E+001,-8.036473146934941E+001,
7.436950146627565E+009,-2.756158537951744E+001,-9.823304707425581E+001,
7.440860215053763E+009,-2.746144618325537E+001,-1.166805055888040E+002,
7.444770283479961E+009,-2.727136356621401E+001,-1.360986891806174E+002,
7.448680351906158E+009,-2.717042449254819E+001,-1.565171631314820E+002,
7.452590420332356E+009,-2.724683742899485E+001,-1.779517330461459E+002,
7.456500488758554E+009,-2.722445667611817E+001,1.613757615263554E+002,
7.460410557184751E+009,-2.746486053846235E+001,1.401457415434323E+002,
7.464320625610949E+009,-2.792559525896679E+001,1.199719277374584E+002,
7.468230694037146E+009,-2.824812895819195E+001,1.022520741254675E+002,
7.472140762463343E+009,-2.828036828727888E+001,8.514878702111632E+001,
7.476050830889541E+009,-2.818360207084467E+001,6.738749326028146E+001,
7.479960899315739E+009,-2.788559868038100E+001,4.612974912460848E+001,
7.483870967741936E+009,-2.807939592746673E+001,2.564288848312190E+001,
7.487781036168133E+009,-2.827482419627357E+001,6.822179583281486E+000,
7.491691104594330E+009,-2.838079634016825E+001,-1.440346808983794E+001,
7.495601173020528E+009,-2.893652840666188E+001,-3.328961642539225E+001,
7.499511241446726E+009,-2.920214258072050E+001,-5.163043477730808E+001,
7.503421309872923E+009,-2.951126940888037E+001,-6.966589044056755E+001,
7.507331378299120E+009,-2.964385703439781E+001,-8.686023578532391E+001,
7.511241446725318E+009,-2.980963516773610E+001,-1.037051725463408E+002,
7.515151515151515E+009,-2.962171975134227E+001,-1.217690974051797E+002,
7.519061583577713E+009,-2.930761582795166E+001,-1.400270203387314E+002,
7.522971652003910E+009,-2.932036931390076E+001,-1.601038902582979E+002,
7.526881720430107E+009,-2.914342923908455E+001,-1.797207323591515E+002,
7.530791788856305E+009,-2.937654149120016E+001,1.601477904819553E+002,
7.534701857282503E+009,-2.967847621423188E+001,1.408074150397520E+002,
7.538611925708700E+009,-2.995123746655331E+001,1.231163751352039E+002,
7.542521994134897E+009,-3.013644223080604E+001,1.047708085493669E+002,
7.546432062561094E+009,-3.031339779514160E+001,8.730620960558382E+001,
7.550342130987292E+009,-3.016961102820647E+001,7.121218081434371E+001,
7.554252199413490E+009,-3.030894344628550E+001,5.420835394584830E+001,
7.558162267839687E+009,-2.988691835207732E+001,3.621605766154742E+001,
7.562072336265884E+009,-2.966357849085552E+001,1.720803705490858E+001,
7.565982404692082E+009,-2.949368978428881E+001,-3.104519454918799E+000,
7.569892473118280E+009,-2.956538245469930E+001,-2.305632428700659E+001,
7.573802541544478E+009,-2.971422989583839E+001,-4.212450727936708E+001,
7.577712609970675E+009,-2.990127204084185E+001,-6.101513017353585E+001,
7.581622678396872E+009,-2.999568134606610E+001,-7.921641133542246E+001,
7.585532746823070E+009,-2.991482672350849E+001,-9.731587032089020E+001,
7.589442815249268E+009,-2.994601333256285E+001,-1.152013608502138E+002,
7.593352883675465E+009,-2.986703507789015E+001,-1.326711305919449E+002,
7.597262952101662E+009,-2.976122322368040E+001,-1.508611563560220E+002,
7.601173020527859E+009,-2.955384119725092E+001,-1.674727949343952E+002,
7.605083088954057E+009,-2.942670514157175E+001,1.716289280027131E+002,
7.608993157380255E+009,-2.922030560233249E+001,1.540482966385503E+002,
7.612903225806452E+009,-2.902456285041114E+001,1.344031494925629E+002,
7.616813294232649E+009,-2.883076299026864E+001,1.149017038958580E+002,
7.620723362658846E+009,-2.897323406519987E+001,9.299178143016333E+001,
7.624633431085044E+009,-2.946016176278233E+001,7.374616234342351E+001,
7.628543499511242E+009,-2.939422218401504E+001,5.654022797085493E+001,
7.632453567937439E+009,-2.949600109025224E+001,3.819622148359584E+001,
7.636363636363636E+009,-2.950289831608532E+001,2.098050189209189E+001,
7.640273704789834E+009,-2.942243376680862E+001,4.004275607615154E+000,
7.644183773216032E+009,-2.930033728592051E+001,-1.347871641116845E+001,
7.648093841642229E+009,-2.906513683051424E+001,-3.169060133430350E+001,
7.652003910068426E+009,-2.874932590905176E+001,-5.009760412396266E+001,
7.655913978494623E+009,-2.838570460115431E+001,-6.924685943506673E+001,
7.659824046920821E+009,-2.836290030471336E+001,-9.100342441340497E+001,
7.663734115347019E+009,-2.846546198514372E+001,-1.102239503614173E+002,
7.667644183773216E+009,-2.849079873946834E+001,-1.285666593006335E+002,
7.671554252199413E+009,-2.862790152074613E+001,-1.469593068139443E+002,
7.675464320625610E+009,-2.865255616300251E+001,-1.649204863021504E+002,
7.679374389051808E+009,-2.842608506331123E+001,1.781836914376380E+002,
7.683284457478006E+009,-2.802889641638322E+001,1.585395721493626E+002,
7.687194525904203E+009,-2.796718001559695E+001,1.397385722811789E+002,
7.691104594330401E+009,-2.774559611510856E+001,1.204568234614180E+002,
7.695014662756599E+009,-2.760188817516251E+001,1.005515842513538E+002,
7.698924731182797E+009,-2.734918159308166E+001,8.003028472807608E+001,
7.702834799608994E+009,-2.730450006082897E+001,5.844100189945446E+001,
7.706744868035191E+009,-2.759532909394596E+001,3.837029454716153E+001,
7.710654936461388E+009,-2.762825247553586E+001,1.943174152308870E+001,
7.714565004887586E+009,-2.775126073102814E+001,3.572856609221173E-001,
7.718475073313784E+009,-2.780291064575070E+001,-1.906223923213802E+001,
7.722385141739981E+009,-2.786580743082780E+001,-3.655585568668845E+001,
7.726295210166178E+009,-2.768531039478853E+001,-5.553800981441322E+001,
7.730205278592375E+009,-2.775126374369456E+001,-7.544780465362733E+001,
7.734115347018573E+009,-2.777060539843053E+001,-9.466221491904345E+001,
7.738025415444771E+009,-2.785791920075729E+001,-1.135421470353860E+002,
7.741935483870968E+009,-2.790008062675815E+001,-1.321913432060158E+002,
7.745845552297165E+009,-2.784157636299863E+001,-1.508667941314534E+002,
7.749755620723363E+009,-2.791440929318631E+001,-1.719231858263239E+002,
7.753665689149560E+009,-2.830333837927584E+001,1.695615540620470E+002,
7.757575757575758E+009,-2.851139126107335E+001,1.518211327245719E+002,
7.761485826001955E+009,-2.852280119896955E+001,1.344209543938680E+002,
7.765395894428152E+009,-2.850789066081993E+001,1.166371971399946E+002,
7.769305962854350E+009,-2.831393932021054E+001,9.944181062875595E+001,
7.773216031280548E+009,-2.827974926827057E+001,7.979914333923108E+001,
7.777126099706745E+009,-2.806639009496825E+001,6.005292089289261E+001,
7.781036168132942E+009,-2.839850283716133E+001,4.041311775782449E+001,
7.784946236559139E+009,-2.844102557410963E+001,2.249101348052917E+001,
7.788856304985337E+009,-2.843526860416699E+001,4.376798000457384E+000,
7.792766373411535E+009,-2.851937807509467E+001,-1.395641110817617E+001,
7.796676441837732E+009,-2.854193549887079E+001,-3.214849844709891E+001,
7.800586510263929E+009,-2.859767629340398E+001,-5.047205667482005E+001,
7.804496578690127E+009,-2.860740291462006E+001,-6.799589424066558E+001,
7.808406647116324E+009,-2.853066673393203E+001,-8.590623880184447E+001,
7.812316715542522E+009,-2.843448438028524E+001,-1.041993559895312E+002,
7.816226783968720E+009,-2.823494223353739E+001,-1.229437961380723E+002,
7.820136852394917E+009,-2.819404165668990E+001,-1.430845864871866E+002,
7.824046920821115E+009,-2.838536882569372E+001,-1.618436483858215E+002,
7.827956989247313E+009,-2.830574554533483E+001,1.799374823547036E+002,
7.831867057673510E+009,-2.822260273987400E+001,1.613112820136628E+002,
7.835777126099707E+009,-2.834098780575619E+001,1.419209665602238E+002,
7.839687194525904E+009,-2.824908908412565E+001,1.233782637561712E+002,
7.843597262952102E+009,-2.818209229617972E+001,1.052398433111304E+002,
7.847507331378300E+009,-2.820274222465822E+001,8.533370553584359E+001,
7.851417399804497E+009,-2.835174269046818E+001,6.672492315876158E+001,
7.855327468230694E+009,-2.857403072004264E+001,4.780379743856224E+001,
7.859237536656891E+009,-2.853294035787885E+001,3.078025334786538E+001,
7.863147605083089E+009,-2.846678826001851E+001,1.224146351786761E+001,
7.867057673509287E+009,-2.843972105283765E+001,-6.082512752373363E+000,
7.870967741935484E+009,-2.840102030994307E+001,-2.469135773234763E+001,
7.874877810361681E+009,-2.848811319797094E+001,-4.313297602789436E+001,
7.878787878787879E+009,-2.835651298625744E+001,-6.139750820786849E+001,
7.882697947214077E+009,-2.843856519480627E+001,-8.054455210993901E+001,
7.886608015640274E+009,-2.853274676502298E+001,-9.853119169330131E+001,
7.890518084066471E+009,-2.849585467768779E+001,-1.168487325020100E+002,
7.894428152492668E+009,-2.858329231051663E+001,-1.356173458194151E+002,
7.898338220918866E+009,-2.872415689554592E+001,-1.531452846302985E+002,
7.902248289345064E+009,-2.884376322347632E+001,-1.694010532419941E+002,
7.906158357771261E+009,-2.865407624427967E+001,1.729813352355124E+002,
7.910068426197458E+009,-2.838038180345139E+001,1.551333383085855E+002,
7.913978494623655E+009,-2.813140658134969E+001,1.378228409609355E+002,
7.917888563049853E+009,-2.794852123445243E+001,1.191687879500372E+002,
7.921798631476051E+009,-2.772765702293138E+001,9.876265512711072E+001,
7.925708699902248E+009,-2.791760292185342E+001,8.020877015381636E+001,
7.929618768328445E+009,-2.780205825691148E+001,6.198059757548604E+001,
7.933528836754643E+009,-2.759860739857226E+001,4.393894972041699E+001,
7.937438905180841E+009,-2.742281557064899E+001,2.494483545694324E+001,
7.941348973607039E+009,-2.724450854042289E+001,5.793762801664847E+000,
7.945259042033236E+009,-2.711220976119374E+001,-1.361492616195807E+001,
7.949169110459433E+009,-2.709119382595937E+001,-3.215026060429780E+001,
7.953079178885631E+009,-2.693124145549778E+001,-5.015919892302551E+001,
7.956989247311829E+009,-2.664533984472175E+001,-7.036878510000082E+001,
7.960899315738026E+009,-2.664493344286084E+001,-9.045397126803579E+001,
7.964809384164223E+009,-2.662636979406204E+001,-1.099102197934163E+002,
7.968719452590420E+009,-2.667374426339178E+001,-1.293843680681519E+002,
7.972629521016618E+009,-2.678721777811630E+001,-1.486315921495251E+002,
7.976539589442816E+009,-2.674217838699182E+001,-1.671098589703551E+002,
7.980449657869013E+009,-2.657108875790124E+001,1.734363029671416E+002,
7.984359726295210E+009,-2.645531211315016E+001,1.540387113744592E+002,
7.988269794721408E+009,-2.658495060055227E+001,1.338975811459901E+002,
7.992179863147605E+009,-2.660725751460466E+001,1.150832487811491E+002,
7.996089931573803E+009,-2.648456620605379E+001,9.652108785122958E+001,
8.000000000000000E+009,-2.649262386581735E+001,7.725926151251308E+001,
