% Version 1.00
%
%freq[Hz];db:Trc1_S21;ang:Trc1_S21;
4.000000000000000E+009,-2.243947480522727E+001,-1.386991897760918E+002,
4.003910068426198E+009,-2.257468295284634E+001,-1.567628501641712E+002,
4.007820136852395E+009,-2.257847278208880E+001,-1.750754858005285E+002,
4.011730205278593E+009,-2.273596935906218E+001,1.662904805389251E+002,
4.015640273704790E+009,-2.269649914845308E+001,1.471882394087417E+002,
4.019550342130987E+009,-2.272295043439610E+001,1.266155844050834E+002,
4.023460410557185E+009,-2.293872098333695E+001,1.068923627285082E+002,
4.027370478983382E+009,-2.326318136920536E+001,8.729896536835211E+001,
4.031280547409580E+009,-2.354830228167110E+001,6.933291581194139E+001,
4.035190615835777E+009,-2.369316434692215E+001,5.154817683973502E+001,
4.039100684261975E+009,-2.372489535750957E+001,3.246577823006641E+001,
4.043010752688172E+009,-2.375619333754703E+001,1.364013680165443E+001,
4.046920821114369E+009,-2.391700714928814E+001,-5.829536937513556E+000,
4.050830889540567E+009,-2.412847229221205E+001,-2.554506209893161E+001,
4.054740957966765E+009,-2.448771333933926E+001,-4.459341403780590E+001,
4.058651026392962E+009,-2.476827370451635E+001,-6.280038275293929E+001,
4.062561094819160E+009,-2.499889615850535E+001,-7.988338893215781E+001,
4.066471163245357E+009,-2.513898983548096E+001,-9.758476509337650E+001,
4.070381231671554E+009,-2.506570393769906E+001,-1.155142742188350E+002,
4.074291300097752E+009,-2.514230052723168E+001,-1.344396003962840E+002,
4.078201368523949E+009,-2.537648771445285E+001,-1.525061324381861E+002,
4.082111436950147E+009,-2.538813261059790E+001,-1.705069691836093E+002,
4.086021505376344E+009,-2.549605905844082E+001,1.711827730872024E+002,
4.089931573802542E+009,-2.569345644156781E+001,1.536608647812664E+002,
4.093841642228739E+009,-2.568081509058092E+001,1.363699455803818E+002,
4.097751710654936E+009,-2.554600855771757E+001,1.188624764224400E+002,
4.101661779081134E+009,-2.538783115619933E+001,1.023662436800186E+002,
4.105571847507331E+009,-2.500915450896873E+001,8.309363847943014E+001,
4.109481915933529E+009,-2.477240818757152E+001,6.313711461856051E+001,
4.113391984359726E+009,-2.482685925603722E+001,4.329871895391224E+001,
4.117302052785924E+009,-2.483198164687165E+001,2.307550517511070E+001,
4.121212121212121E+009,-2.496730721456197E+001,4.011933880735771E+000,
4.125122189638319E+009,-2.512492541696514E+001,-1.435807549840523E+001,
4.129032258064516E+009,-2.515012872571251E+001,-3.249349523526477E+001,
4.132942326490714E+009,-2.510806417434362E+001,-4.916861372869700E+001,
4.136852394916911E+009,-2.500876910551801E+001,-6.667719357717446E+001,
4.140762463343109E+009,-2.448030563688366E+001,-8.409873876889174E+001,
4.144672531769306E+009,-2.398669480905581E+001,-1.042134663636142E+002,
4.148582600195503E+009,-2.369765020621007E+001,-1.259532024732174E+002,
4.152492668621701E+009,-2.370007993592116E+001,-1.485555348305196E+002,
4.156402737047898E+009,-2.394625201954918E+001,-1.689090547919787E+002,
4.160312805474096E+009,-2.427747664437278E+001,1.716641757940546E+002,
4.164222873900293E+009,-2.443160026154008E+001,1.538753657991658E+002,
4.168132942326491E+009,-2.452486059952008E+001,1.364081871365839E+002,
4.172043010752688E+009,-2.455949901899277E+001,1.191463095737328E+002,
4.175953079178886E+009,-2.434266548594732E+001,1.038503300416830E+002,
4.179863147605083E+009,-2.366011295782713E+001,8.613319284988907E+001,
4.183773216031281E+009,-2.294207066565219E+001,6.459014220823229E+001,
4.187683284457478E+009,-2.269132181075264E+001,4.192189265811005E+001,
4.191593352883676E+009,-2.272247262305971E+001,1.952541077452158E+001,
4.195503421309873E+009,-2.286780775763990E+001,-1.078915310350222E+000,
4.199413489736071E+009,-2.309099775400164E+001,-2.119620442989879E+001,
4.203323558162268E+009,-2.326123788609764E+001,-3.963597604442707E+001,
4.207233626588465E+009,-2.341739575518178E+001,-5.719234421425292E+001,
4.211143695014663E+009,-2.318100528056418E+001,-7.487451860316826E+001,
4.215053763440860E+009,-2.276309433419067E+001,-9.378004727157286E+001,
4.218963831867058E+009,-2.244195453463392E+001,-1.150017273485843E+002,
4.222873900293255E+009,-2.225833549612343E+001,-1.370779456600347E+002,
4.226783968719452E+009,-2.252421461299563E+001,-1.584412140326473E+002,
4.230694037145650E+009,-2.257744090313471E+001,-1.784467632611880E+002,
4.234604105571847E+009,-2.272444917318225E+001,1.610840946158045E+002,
4.238514173998045E+009,-2.289391406637016E+001,1.406736058855373E+002,
4.242424242424243E+009,-2.312606158464675E+001,1.215029804350141E+002,
4.246334310850440E+009,-2.337772246595973E+001,1.025623009467935E+002,
4.250244379276638E+009,-2.325497877439969E+001,8.454740023674077E+001,
4.254154447702835E+009,-2.320693037207963E+001,6.432664030531740E+001,
4.258064516129032E+009,-2.313086780399147E+001,4.372887395736705E+001,
4.261974584555230E+009,-2.340665692144655E+001,2.246048450094865E+001,
4.265884652981427E+009,-2.352256082183024E+001,2.158764514375385E+000,
4.269794721407625E+009,-2.380002860939533E+001,-1.796614103315646E+001,
4.273704789833822E+009,-2.407883489809456E+001,-3.764316845631448E+001,
4.277614858260019E+009,-2.428763645516803E+001,-5.839494721920435E+001,
4.281524926686217E+009,-2.464097264201361E+001,-7.752006025247592E+001,
4.285434995112414E+009,-2.492923377221800E+001,-9.733409907151167E+001,
4.289345063538612E+009,-2.534477196672828E+001,-1.182985377829954E+002,
4.293255131964809E+009,-2.609452137543031E+001,-1.371987410704498E+002,
4.297165200391007E+009,-2.654631472118670E+001,-1.549109602105727E+002,
4.301075268817205E+009,-2.699629923696669E+001,-1.716050957529106E+002,
4.304985337243402E+009,-2.720729626042921E+001,1.716436374319438E+002,
4.308895405669600E+009,-2.750615809791073E+001,1.530492376857783E+002,
4.312805474095797E+009,-2.776934128511950E+001,1.346072808483216E+002,
4.316715542521994E+009,-2.817268597202629E+001,1.145740306850683E+002,
4.320625610948192E+009,-2.879796007269918E+001,9.771801253766124E+001,
4.324535679374389E+009,-2.929142389823485E+001,8.007992632861817E+001,
4.328445747800587E+009,-3.017648167659457E+001,6.364298121704566E+001,
4.332355816226784E+009,-3.068073894669700E+001,5.012735376774228E+001,
4.336265884652982E+009,-3.099113427574633E+001,3.870807898577173E+001,
4.340175953079179E+009,-3.067330035061917E+001,2.491706459634592E+001,
4.344086021505377E+009,-3.036252146016800E+001,8.533762782415975E+000,
4.347996089931574E+009,-3.055415074912059E+001,-8.138725611831180E+000,
4.351906158357771E+009,-3.053114841204092E+001,-2.541390077630428E+001,
4.355816226783969E+009,-3.045823281584781E+001,-4.028669805187970E+001,
4.359726295210166E+009,-3.032445893065977E+001,-5.741531939736399E+001,
4.363636363636364E+009,-3.047629052983003E+001,-7.380020063872939E+001,
4.367546432062561E+009,-3.027718433770946E+001,-8.911963481667833E+001,
4.371456500488758E+009,-2.993465099516523E+001,-1.051701749887880E+002,
4.375366568914956E+009,-2.978332150006509E+001,-1.236140022747406E+002,
4.379276637341153E+009,-2.988962382672900E+001,-1.403064459976197E+002,
4.383186705767351E+009,-2.977959978436761E+001,-1.552583630354444E+002,
4.387096774193548E+009,-2.931176580677373E+001,-1.722364357817229E+002,
4.391006842619746E+009,-2.865301144017607E+001,1.698212623354052E+002,
4.394916911045943E+009,-2.860796157799004E+001,1.493203824672676E+002,
4.398826979472141E+009,-2.850127355613064E+001,1.313268166349419E+002,
4.402737047898338E+009,-2.830229166290949E+001,1.130294311870340E+002,
4.406647116324535E+009,-2.822103347409234E+001,9.321471673836849E+001,
4.410557184750733E+009,-2.832566777918926E+001,7.329384835222147E+001,
4.414467253176930E+009,-2.862783377288050E+001,5.620343308980831E+001,
4.418377321603128E+009,-2.865767043284265E+001,4.211403119790914E+001,
4.422287390029326E+009,-2.795752798970273E+001,2.482723284822934E+001,
4.426197458455523E+009,-2.760603494502794E+001,6.215451270471965E+000,
4.430107526881721E+009,-2.720827175012400E+001,-1.361652840774636E+001,
4.434017595307918E+009,-2.688432717886345E+001,-3.429399006664755E+001,
4.437927663734116E+009,-2.691877084481514E+001,-5.438714315666730E+001,
4.441837732160313E+009,-2.678356614444124E+001,-7.416799473990515E+001,
4.445747800586511E+009,-2.693126304809698E+001,-9.337713501596387E+001,
4.449657869012708E+009,-2.693231123820091E+001,-1.132613777854717E+002,
4.453567937438905E+009,-2.723749547002369E+001,-1.311911652383386E+002,
4.457478005865103E+009,-2.715298750057258E+001,-1.486068969257345E+002,
4.461388074291300E+009,-2.691999782981465E+001,-1.655210208604306E+002,
4.465298142717498E+009,-2.646026553992768E+001,1.757744690487907E+002,
4.469208211143695E+009,-2.605301289610154E+001,1.558582540264050E+002,
4.473118279569893E+009,-2.564695841656983E+001,1.343880986586852E+002,
4.477028347996090E+009,-2.547945069189145E+001,1.128969041652618E+002,
4.480938416422287E+009,-2.544739812219448E+001,9.130960738113980E+001,
4.484848484848485E+009,-2.554672099272599E+001,6.956807797720079E+001,
4.488758553274682E+009,-2.556201022550363E+001,4.933473252117743E+001,
4.492668621700880E+009,-2.591338465877447E+001,2.752915241292252E+001,
4.496578690127077E+009,-2.602277854359274E+001,1.045033243468380E+001,
4.500488758553275E+009,-2.590293376156771E+001,-9.641576345906588E+000,
4.504398826979472E+009,-2.601492060110025E+001,-2.920436556374169E+001,
4.508308895405669E+009,-2.585978494203351E+001,-4.889664844446036E+001,
4.512218963831867E+009,-2.581542163781326E+001,-6.803536772566497E+001,
4.516129032258064E+009,-2.574104137786623E+001,-8.913832326791034E+001,
4.520039100684262E+009,-2.560087294585177E+001,-1.091890744967542E+002,
4.523949169110459E+009,-2.541185846405563E+001,-1.305417378793242E+002,
4.527859237536657E+009,-2.541267093778175E+001,-1.521751537196865E+002,
4.531769305962854E+009,-2.564763509126088E+001,-1.746945636921411E+002,
4.535679374389051E+009,-2.599742966574961E+001,1.651992239914245E+002,
4.539589442815249E+009,-2.614688634558392E+001,1.463710098938696E+002,
4.543499511241447E+009,-2.621133414146801E+001,1.268697361778506E+002,
4.547409579667645E+009,-2.609714239030762E+001,1.060960398461380E+002,
4.551319648093842E+009,-2.616607906492675E+001,8.469066834994365E+001,
4.555229716520039E+009,-2.658562878891900E+001,6.505962909964740E+001,
4.559139784946237E+009,-2.659389075744825E+001,4.644747111608329E+001,
4.563049853372434E+009,-2.647128180448130E+001,2.656496083766149E+001,
4.566959921798632E+009,-2.652991015847366E+001,5.730446942464799E+000,
4.570869990224829E+009,-2.675079422683808E+001,-1.482927373628690E+001,
4.574780058651027E+009,-2.677183303115519E+001,-3.395821563202196E+001,
4.578690127077224E+009,-2.677819365777851E+001,-5.359963920599726E+001,
4.582600195503422E+009,-2.692455640609009E+001,-7.273468228241384E+001,
4.586510263929619E+009,-2.689684263239764E+001,-9.162423877588110E+001,
4.590420332355816E+009,-2.678364356039809E+001,-1.110872759704458E+002,
4.594330400782014E+009,-2.693513023272624E+001,-1.315388643423048E+002,
4.598240469208211E+009,-2.700873724976587E+001,-1.494822087209883E+002,
4.602150537634409E+009,-2.704583451939125E+001,-1.690632718649124E+002,
4.606060606060606E+009,-2.704788159055625E+001,1.728095353638470E+002,
4.609970674486803E+009,-2.690974592804270E+001,1.544863468054043E+002,
4.613880742913001E+009,-2.674346880728523E+001,1.358237420393471E+002,
4.617790811339198E+009,-2.657274137473738E+001,1.164518385301392E+002,
4.621700879765396E+009,-2.636298910614132E+001,9.692186774484705E+001,
4.625610948191593E+009,-2.637290631119729E+001,7.616154742946182E+001,
4.629521016617791E+009,-2.662526652073009E+001,5.733426767378784E+001,
4.633431085043988E+009,-2.649244307356736E+001,3.941944629410140E+001,
4.637341153470186E+009,-2.630978557414131E+001,2.012774160286516E+001,
4.641251221896383E+009,-2.632005015380834E+001,2.358771573026816E+000,
4.645161290322580E+009,-2.614044217256151E+001,-1.648422522786825E+001,
4.649071358748778E+009,-2.607599031255721E+001,-3.428784935404797E+001,
4.652981427174975E+009,-2.565864786521095E+001,-5.273517134913301E+001,
4.656891495601173E+009,-2.546950221723911E+001,-7.337992330406620E+001,
4.660801564027371E+009,-2.542834389490355E+001,-9.318629526030762E+001,
4.664711632453568E+009,-2.544492809208789E+001,-1.121672370606384E+002,
4.668621700879766E+009,-2.535332173651732E+001,-1.310214155898070E+002,
4.672531769305963E+009,-2.553738172187483E+001,-1.489514611321989E+002,
4.676441837732161E+009,-2.532041575907086E+001,-1.650772133343222E+002,
4.680351906158358E+009,-2.476954461229600E+001,1.768255919411213E+002,
4.684261974584556E+009,-2.435271675027191E+001,1.569485756013235E+002,
4.688172043010753E+009,-2.408226916232283E+001,1.366026205170897E+002,
4.692082111436951E+009,-2.403290567129848E+001,1.161380923223521E+002,
4.695992179863148E+009,-2.395494328046679E+001,9.663106972148533E+001,
4.699902248289345E+009,-2.388477667775003E+001,7.775285091341797E+001,
4.703812316715543E+009,-2.379791925841476E+001,5.833942552181392E+001,
4.707722385141740E+009,-2.382592847627543E+001,3.929058528857195E+001,
4.711632453567938E+009,-2.366157157251708E+001,2.112356227617718E+001,
4.715542521994135E+009,-2.349329871602125E+001,2.271696789509149E+000,
4.719452590420332E+009,-2.334439654851847E+001,-1.719954342629894E+001,
4.723362658846530E+009,-2.330148712960817E+001,-3.606602095737877E+001,
4.727272727272727E+009,-2.309758822198978E+001,-5.427617708265704E+001,
4.731182795698925E+009,-2.277441481379266E+001,-7.414360586319347E+001,
4.735092864125122E+009,-2.274644685569037E+001,-9.487555607826711E+001,
4.739002932551320E+009,-2.277882095727500E+001,-1.141755597566088E+002,
4.742913000977517E+009,-2.272402750364828E+001,-1.335258144405704E+002,
4.746823069403714E+009,-2.262544832126637E+001,-1.535626956179346E+002,
4.750733137829912E+009,-2.287809138179236E+001,-1.736863320954404E+002,
4.754643206256109E+009,-2.297247639776792E+001,1.686563858542308E+002,
4.758553274682307E+009,-2.282044409157741E+001,1.508754081026080E+002,
4.762463343108504E+009,-2.268634998343590E+001,1.313212291963341E+002,
4.766373411534702E+009,-2.270651313227463E+001,1.119229513126645E+002,
4.770283479960899E+009,-2.276906003284506E+001,9.369268300582696E+001,
4.774193548387096E+009,-2.261551230647749E+001,7.445933884044773E+001,
4.778103616813294E+009,-2.252745686337039E+001,5.435578630529454E+001,
4.782013685239492E+009,-2.257014583301071E+001,3.501159030700084E+001,
4.785923753665690E+009,-2.274135137585455E+001,1.466896468414169E+001,
4.789833822091887E+009,-2.304085571677335E+001,-4.051517039064534E+000,
4.793743890518084E+009,-2.303004451806657E+001,-2.202609012348258E+001,
4.797653958944282E+009,-2.313375209669756E+001,-4.105413724945370E+001,
4.801564027370479E+009,-2.322728072968392E+001,-5.979214464767256E+001,
4.805474095796677E+009,-2.336916148126728E+001,-7.831881444117700E+001,
4.809384164222874E+009,-2.351011409113270E+001,-9.660041202559238E+001,
4.813294232649072E+009,-2.363884408492602E+001,-1.154643147346016E+002,
4.817204301075269E+009,-2.380932435013644E+001,-1.324147221395543E+002,
4.821114369501467E+009,-2.376563476475591E+001,-1.507847019799921E+002,
4.825024437927664E+009,-2.386507759879694E+001,-1.697055844888328E+002,
4.828934506353861E+009,-2.403714628857181E+001,1.722215897239090E+002,
4.832844574780059E+009,-2.407483142021012E+001,1.542958556393640E+002,
4.836754643206256E+009,-2.411302468004605E+001,1.358799283812752E+002,
4.840664711632454E+009,-2.420388691081213E+001,1.168121284978970E+002,
4.844574780058651E+009,-2.438524088621430E+001,9.768037001846270E+001,
4.848484848484848E+009,-2.470850010141991E+001,7.887040844550084E+001,
4.852394916911046E+009,-2.498989629148396E+001,6.213695162595408E+001,
4.856304985337243E+009,-2.501862213083788E+001,4.538241160436615E+001,
4.860215053763441E+009,-2.509877541606010E+001,2.786894152984374E+001,
4.864125122189638E+009,-2.510440687923753E+001,1.034524021631047E+001,
4.868035190615836E+009,-2.522929329365026E+001,-6.649079109635041E+000,
4.871945259042033E+009,-2.517611046776204E+001,-2.431660066737628E+001,
4.875855327468231E+009,-2.501049082678600E+001,-4.137530196701524E+001,
4.879765395894428E+009,-2.488563532731696E+001,-6.041838409670751E+001,
4.883675464320625E+009,-2.483085300521466E+001,-7.934840307285774E+001,
4.887585532746823E+009,-2.506807264495275E+001,-9.863664865123347E+001,
4.891495601173020E+009,-2.536655977010680E+001,-1.158473184302198E+002,
4.895405669599218E+009,-2.523010138785022E+001,-1.330009965952379E+002,
4.899315738025415E+009,-2.522496232430938E+001,-1.508435586337961E+002,
4.903225806451613E+009,-2.515057224471275E+001,-1.694947558823977E+002,
4.907135874877811E+009,-2.529925365759488E+001,1.720313271172672E+002,
4.911045943304008E+009,-2.537987947921955E+001,1.545775229119117E+002,
4.914956011730206E+009,-2.537100275194769E+001,1.367482612561967E+002,
4.918866080156403E+009,-2.531293852880980E+001,1.184942348232631E+002,
4.922776148582601E+009,-2.524377534789553E+001,1.004453413890295E+002,
4.926686217008798E+009,-2.530871945358238E+001,8.130676674896701E+001,
4.930596285434996E+009,-2.548976166952365E+001,6.310239794657969E+001,
4.934506353861193E+009,-2.548456002432329E+001,4.607889541712976E+001,
4.938416422287390E+009,-2.539774203208359E+001,2.805864457514243E+001,
4.942326490713588E+009,-2.536954856867093E+001,9.106158906489904E+000,
4.946236559139785E+009,-2.524862795775972E+001,-8.494585680319069E+000,
4.950146627565983E+009,-2.522621548209334E+001,-2.715852038564067E+001,
4.954056695992180E+009,-2.511358497247421E+001,-4.648934044312818E+001,
4.957966764418377E+009,-2.508425055201232E+001,-6.561995630292320E+001,
4.961876832844575E+009,-2.504900071768987E+001,-8.530021161772784E+001,
4.965786901270772E+009,-2.522390061731768E+001,-1.054331654533551E+002,
4.969696969696970E+009,-2.552724970627101E+001,-1.240009289088943E+002,
4.973607038123167E+009,-2.576037995266606E+001,-1.412119818949145E+002,
4.977517106549365E+009,-2.575537688575587E+001,-1.587757280901766E+002,
4.981427174975562E+009,-2.566760500748834E+001,-1.762322661407284E+002,
4.985337243401759E+009,-2.563868778657981E+001,1.646026815673600E+002,
4.989247311827957E+009,-2.565035869911533E+001,1.463077344341704E+002,
4.993157380254154E+009,-2.566258667614597E+001,1.278178529710688E+002,
4.997067448680352E+009,-2.563772506150750E+001,1.102699768745156E+002,
5.000977517106549E+009,-2.543694024549346E+001,9.180432051826848E+001,
5.004887585532747E+009,-2.522530026673198E+001,7.286555463611040E+001,
5.008797653958944E+009,-2.495332502621313E+001,5.210915363076093E+001,
5.012707722385141E+009,-2.504134677322982E+001,3.118422799271799E+001,
5.016617790811339E+009,-2.515502198751172E+001,1.148133133575914E+001,
5.020527859237536E+009,-2.534551916918889E+001,-8.128166449143443E+000,
5.024437927663734E+009,-2.557272025818351E+001,-2.670985110376605E+001,
5.028347996089932E+009,-2.566323234244657E+001,-4.490125834829206E+001,
5.032258064516129E+009,-2.551474472913246E+001,-6.307474948831044E+001,
5.036168132942327E+009,-2.533889003828261E+001,-8.306549955842461E+001,
5.040078201368524E+009,-2.545360168530386E+001,-1.036217389475359E+002,
5.043988269794722E+009,-2.555284050056405E+001,-1.232819996432588E+002,
5.047898338220919E+009,-2.584504793931069E+001,-1.421289467299656E+002,
5.051808406647117E+009,-2.582115186010336E+001,-1.602844170056599E+002,
5.055718475073314E+009,-2.573651231394923E+001,-1.797060911231887E+002,
5.059628543499512E+009,-2.587851990511341E+001,1.608438095040814E+002,
5.063538611925709E+009,-2.590589344023697E+001,1.421263890988951E+002,
5.067448680351906E+009,-2.587872635881091E+001,1.235732954711392E+002,
5.071358748778104E+009,-2.577113969116788E+001,1.032033417815568E+002,
5.075268817204301E+009,-2.586492776209407E+001,8.418859804728436E+001,
5.079178885630499E+009,-2.588305678562470E+001,6.492762242739096E+001,
5.083088954056696E+009,-2.602480594063831E+001,4.461940877603531E+001,
5.086999022482893E+009,-2.603877180366213E+001,2.611301258442969E+001,
5.090909090909091E+009,-2.602031053737624E+001,6.088619926523573E+000,
5.094819159335288E+009,-2.615974873324581E+001,-1.415094162474489E+001,
5.098729227761486E+009,-2.642452583164845E+001,-3.338458373536311E+001,
5.102639296187683E+009,-2.684993596580570E+001,-5.020369459931247E+001,
5.106549364613881E+009,-2.686041500666768E+001,-6.529735304678333E+001,
5.110459433040078E+009,-2.610385521765830E+001,-8.285777085540151E+001,
5.114369501466276E+009,-2.571082267977705E+001,-1.045968760006486E+002,
5.118279569892473E+009,-2.572908943501402E+001,-1.259790612487885E+002,
5.122189638318670E+009,-2.584386790967987E+001,-1.461454146993467E+002,
5.126099706744868E+009,-2.600675111523944E+001,-1.660794204448268E+002,
5.130009775171065E+009,-2.613130821880606E+001,1.756555963991707E+002,
5.133919843597263E+009,-2.607555634927218E+001,1.570045498648652E+002,
5.137829912023460E+009,-2.601074258593319E+001,1.373414425946785E+002,
5.141739980449657E+009,-2.609449652130104E+001,1.184573297298730E+002,
5.145650048875855E+009,-2.594783540619368E+001,9.931775027276386E+001,
5.149560117302053E+009,-2.585343127523938E+001,8.057141294675832E+001,
5.153470185728251E+009,-2.580580127587351E+001,6.005672096009816E+001,
5.157380254154448E+009,-2.580232134302046E+001,4.081960261436436E+001,
5.161290322580645E+009,-2.580349928730026E+001,2.169596628111873E+001,
5.165200391006843E+009,-2.577444080421537E+001,2.892492622925874E+000,
5.169110459433041E+009,-2.567122547991551E+001,-1.635302065514319E+001,
5.173020527859238E+009,-2.560192258306287E+001,-3.606967936832305E+001,
5.176930596285435E+009,-2.550397712169138E+001,-5.544135118623452E+001,
5.180840664711633E+009,-2.538955249667944E+001,-7.549519604441763E+001,
5.184750733137830E+009,-2.539113189065929E+001,-9.570137158144455E+001,
5.188660801564028E+009,-2.547851009118713E+001,-1.156825502971137E+002,
5.192570869990225E+009,-2.551528085271215E+001,-1.349542496788747E+002,
5.196480938416422E+009,-2.559371878219437E+001,-1.550212829397991E+002,
5.200391006842620E+009,-2.563344473478593E+001,-1.744525436793902E+002,
5.204301075268817E+009,-2.570593865949704E+001,1.660331075307789E+002,
5.208211143695015E+009,-2.581651994282097E+001,1.453734028394007E+002,
5.212121212121212E+009,-2.626242908660983E+001,1.255129941108444E+002,
5.216031280547409E+009,-2.655464651895548E+001,1.080749077709951E+002,
5.219941348973607E+009,-2.665172356478091E+001,9.134277410759552E+001,
5.223851417399805E+009,-2.675904913481924E+001,7.225955702536226E+001,
5.227761485826002E+009,-2.696559161082858E+001,5.436478125907879E+001,
5.231671554252199E+009,-2.691766402182442E+001,3.725893640157896E+001,
5.235581622678397E+009,-2.687559553412135E+001,1.897525500507448E+001,
5.239491691104594E+009,-2.686666804214823E+001,8.718946981258215E-001,
5.243401759530792E+009,-2.694843114009272E+001,-1.707373545270387E+001,
5.247311827956989E+009,-2.690094642430035E+001,-3.420405151157625E+001,
5.251221896383186E+009,-2.683959758533251E+001,-5.265267161806687E+001,
5.255131964809384E+009,-2.702238676062252E+001,-7.169308132853958E+001,
5.259042033235581E+009,-2.712794182440191E+001,-8.940766843713384E+001,
5.262952101661779E+009,-2.700973553279638E+001,-1.065115382183264E+002,
5.266862170087977E+009,-2.704241608549832E+001,-1.234948133772289E+002,
5.270772238514174E+009,-2.706080030607516E+001,-1.404055406596459E+002,
5.274682306940372E+009,-2.677319901087127E+001,-1.572585777907843E+002,
5.278592375366570E+009,-2.662909512532348E+001,-1.747939570034012E+002,
5.282502443792767E+009,-2.640499350625444E+001,1.675157003011399E+002,
5.286412512218964E+009,-2.614304339679317E+001,1.495908728172075E+002,
5.290322580645162E+009,-2.578147392104050E+001,1.317827550693391E+002,
5.294232649071359E+009,-2.544743757918817E+001,1.112109789769205E+002,
5.298142717497557E+009,-2.540089205278175E+001,9.183138903571609E+001,
5.302052785923754E+009,-2.537890864684684E+001,7.199295585844652E+001,
5.305962854349951E+009,-2.555222917119250E+001,5.311421476395260E+001,
5.309872922776149E+009,-2.545309249791232E+001,3.570757174803018E+001,
5.313782991202346E+009,-2.537230454250689E+001,1.812024623528552E+001,
5.317693059628544E+009,-2.519535291137561E+001,4.273870932405135E-001,
5.321603128054741E+009,-2.500321283288873E+001,-1.759329362655211E+001,
5.325513196480938E+009,-2.465184370865102E+001,-3.741480169456342E+001,
5.329423264907136E+009,-2.467796670806835E+001,-5.717604047504702E+001,
5.333333333333333E+009,-2.465365898098710E+001,-7.585512065780185E+001,
5.337243401759531E+009,-2.463625516508816E+001,-9.448557002277528E+001,
5.341153470185728E+009,-2.459251244186403E+001,-1.135122755272365E+002,
5.345063538611926E+009,-2.460135612904372E+001,-1.318141827700825E+002,
5.348973607038123E+009,-2.438694348832043E+001,-1.496023351229487E+002,
5.352883675464321E+009,-2.420309685605580E+001,-1.684145051089799E+002,
5.356793743890518E+009,-2.402614261977858E+001,1.720494996594230E+002,
5.360703812316715E+009,-2.394951806932972E+001,1.523633790504396E+002,
5.364613880742913E+009,-2.391049159442219E+001,1.323445583359712E+002,
5.368523949169110E+009,-2.398616809565672E+001,1.124557853497294E+002,
5.372434017595308E+009,-2.412885297582712E+001,9.434673966432267E+001,
5.376344086021505E+009,-2.405732299965040E+001,7.511627486381190E+001,
5.380254154447702E+009,-2.410315873194127E+001,5.569609733018496E+001,
5.384164222873900E+009,-2.426668224406817E+001,3.657937536050797E+001,
5.388074291300098E+009,-2.423072702464872E+001,1.865090694278758E+001,
5.391984359726296E+009,-2.420398907228563E+001,-5.641429034487335E-001,
5.395894428152493E+009,-2.435060199652491E+001,-1.966698278888492E+001,
5.399804496578690E+009,-2.438180407483634E+001,-3.876653701102276E+001,
5.403714565004888E+009,-2.451620566357379E+001,-5.826071196078519E+001,
5.407624633431086E+009,-2.482041614817475E+001,-7.600492956802943E+001,
5.411534701857283E+009,-2.486121192672792E+001,-9.272617057972876E+001,
5.415444770283480E+009,-2.474935934688931E+001,-1.101935316572326E+002,
5.419354838709678E+009,-2.464192284436850E+001,-1.290965812777951E+002,
5.423264907135875E+009,-2.447843951842988E+001,-1.476322486139483E+002,
5.427174975562073E+009,-2.446338498076166E+001,-1.677384907368811E+002,
5.431085043988270E+009,-2.453425897540140E+001,1.721321406782048E+002,
5.434995112414467E+009,-2.489372002753978E+001,1.531938685661202E+002,
5.438905180840665E+009,-2.515952628903627E+001,1.366819597456841E+002,
5.442815249266862E+009,-2.530359010719570E+001,1.203316234878906E+002,
5.446725317693060E+009,-2.512495309866033E+001,1.039753010082216E+002,
5.450635386119257E+009,-2.480279096786981E+001,8.724406441932807E+001,
5.454545454545454E+009,-2.433835079042194E+001,6.860991369902578E+001,
5.458455522971652E+009,-2.399854632163811E+001,4.904193453885608E+001,
5.462365591397850E+009,-2.375849498943629E+001,2.912710145334520E+001,
5.466275659824047E+009,-2.361739734652952E+001,7.504754393025659E+000,
5.470185728250244E+009,-2.380443480516249E+001,-1.328989173753802E+001,
5.474095796676442E+009,-2.402624382439167E+001,-3.259781805000421E+001,
5.478005865102639E+009,-2.412295682056755E+001,-5.137844277744851E+001,
5.481915933528837E+009,-2.408510813566235E+001,-6.972251746946884E+001,
5.485826001955034E+009,-2.403785111973313E+001,-8.861624539699687E+001,
5.489736070381231E+009,-2.394009136556512E+001,-1.076232293111675E+002,
5.493646138807429E+009,-2.391001093080826E+001,-1.274109375707603E+002,
5.497556207233626E+009,-2.391232073730341E+001,-1.467172615150167E+002,
5.501466275659824E+009,-2.362324329475459E+001,-1.664875084749689E+002,
5.505376344086021E+009,-2.359590885544413E+001,1.722309022048603E+002,
5.509286412512219E+009,-2.362101101540992E+001,1.512536984317805E+002,
5.513196480938417E+009,-2.382473894975572E+001,1.302219689112372E+002,
5.517106549364615E+009,-2.403992736542299E+001,1.098947164745987E+002,
5.521016617790812E+009,-2.432958120442831E+001,9.035010228186880E+001,
5.524926686217009E+009,-2.447865702278075E+001,6.983640223966127E+001,
5.528836754643207E+009,-2.480685531975680E+001,4.962691450448847E+001,
5.532746823069404E+009,-2.533803594871088E+001,3.222923515454227E+001,
5.536656891495602E+009,-2.533694029722226E+001,1.431784235397703E+001,
5.540566959921799E+009,-2.543970205535253E+001,-4.497145897246730E+000,
5.544477028347996E+009,-2.534906586788882E+001,-2.347575578854903E+001,
5.548387096774194E+009,-2.528084088955101E+001,-4.362383882414821E+001,
5.552297165200391E+009,-2.546267747593269E+001,-6.472543702498834E+001,
5.556207233626589E+009,-2.575806214527641E+001,-8.522274092846524E+001,
5.560117302052786E+009,-2.612014285449224E+001,-1.052281068397579E+002,
5.564027370478983E+009,-2.643997686925928E+001,-1.242100235208640E+002,
5.567937438905181E+009,-2.681985811498706E+001,-1.428074510453342E+002,
5.571847507331378E+009,-2.705136345880245E+001,-1.623923705644806E+002,
5.575757575757576E+009,-2.765504144492213E+001,1.784984047496150E+002,
5.579667644183773E+009,-2.805699455935875E+001,1.630363154304987E+002,
5.583577712609971E+009,-2.780909785252672E+001,1.452166865260286E+002,
5.587487781036168E+009,-2.806113253730459E+001,1.255264076591127E+002,
5.591397849462366E+009,-2.844341208936859E+001,1.080692607842645E+002,
5.595307917888563E+009,-2.865388458078909E+001,9.155643261717636E+001,
5.599217986314760E+009,-2.838541337178280E+001,7.409580027706417E+001,
5.603128054740958E+009,-2.839136528533437E+001,5.426253489322949E+001,
5.607038123167155E+009,-2.854456576735890E+001,3.569458422993441E+001,
5.610948191593353E+009,-2.855838162686771E+001,1.592726147167352E+001,
5.614858260019550E+009,-2.893951405479826E+001,-3.153520389886721E+000,
5.618768328445747E+009,-2.933281468242942E+001,-1.875260117367667E+001,
5.622678396871945E+009,-2.922488060949693E+001,-3.415822929021233E+001,
5.626588465298142E+009,-2.878886928040099E+001,-5.264689843712730E+001,
5.630498533724340E+009,-2.872107328167619E+001,-7.329663256347962E+001,
5.634408602150538E+009,-2.904365404024343E+001,-9.260344122187388E+001,
5.638318670576735E+009,-2.914934586389521E+001,-1.105072570106991E+002,
5.642228739002933E+009,-2.941713228779124E+001,-1.279825211508653E+002,
5.646138807429131E+009,-2.925539471090712E+001,-1.456202269628600E+002,
5.650048875855328E+009,-2.919802793317236E+001,-1.640610714872735E+002,
5.653958944281525E+009,-2.948136349607392E+001,1.788593192313361E+002,
5.657869012707723E+009,-2.921580754178536E+001,1.632202642726309E+002,
5.661779081133920E+009,-2.876750812729319E+001,1.462774664656506E+002,
5.665689149560118E+009,-2.823651169243043E+001,1.273351691827863E+002,
5.669599217986315E+009,-2.773578344713862E+001,1.057702574638495E+002,
5.673509286412512E+009,-2.769285764280488E+001,8.333942142147618E+001,
5.677419354838710E+009,-2.799345777950483E+001,6.131624542693517E+001,
5.681329423264907E+009,-2.854946680709139E+001,4.129863818777153E+001,
5.685239491691105E+009,-2.883910600387100E+001,2.492610145559760E+001,
5.689149560117302E+009,-2.881842742291000E+001,9.321737582451679E+000,
5.693059628543499E+009,-2.832282233856958E+001,-7.609871004850890E+000,
5.696969696969697E+009,-2.821173096565480E+001,-2.720551564444209E+001,
5.700879765395895E+009,-2.767850456134682E+001,-4.378048091954842E+001,
5.704789833822092E+009,-2.717272764755865E+001,-6.496440386591644E+001,
5.708699902248289E+009,-2.676451238399226E+001,-8.681651267432942E+001,
5.712609970674487E+009,-2.664274218126933E+001,-1.099863511512259E+002,
5.716520039100684E+009,-2.695504819370063E+001,-1.329190517443068E+002,
5.720430107526882E+009,-2.739744385488384E+001,-1.533632449325531E+002,
5.724340175953079E+009,-2.783234284622391E+001,-1.719386033500036E+002,
5.728250244379276E+009,-2.789120123227673E+001,1.710007947325956E+002,
5.732160312805474E+009,-2.776919655119878E+001,1.539067252652541E+002,
5.736070381231671E+009,-2.752508081279040E+001,1.336501043882790E+002,
5.739980449657869E+009,-2.735740490293829E+001,1.137875529199938E+002,
5.743890518084066E+009,-2.726398883926846E+001,9.328063970852718E+001,
5.747800586510263E+009,-2.745998081620483E+001,7.314590648300744E+001,
5.751710654936461E+009,-2.727056573660779E+001,5.425013207726266E+001,
5.755620723362660E+009,-2.722382766609357E+001,3.152327518691558E+001,
5.759530791788857E+009,-2.742438162127255E+001,1.082891529271297E+001,
5.763440860215054E+009,-2.779173292873088E+001,-9.195035973699254E+000,
5.767350928641252E+009,-2.774100731091338E+001,-2.765483268368221E+001,
5.771260997067449E+009,-2.795820763762937E+001,-4.759760687838232E+001,
5.775171065493647E+009,-2.813984106763099E+001,-6.755655794289898E+001,
5.779081133919844E+009,-2.844178412739119E+001,-8.712124210107321E+001,
5.782991202346041E+009,-2.852033191517960E+001,-1.070443128174327E+002,
5.786901270772239E+009,-2.880813233584178E+001,-1.272537572165978E+002,
5.790811339198436E+009,-2.921650145705901E+001,-1.454693576049356E+002,
5.794721407624634E+009,-2.955406069075266E+001,-1.639587441177321E+002,
5.798631476050831E+009,-2.993577766059117E+001,1.785817869039848E+002,
5.802541544477028E+009,-2.993462523865331E+001,1.628638505793144E+002,
5.806451612903226E+009,-3.011274978929956E+001,1.462604622835425E+002,
5.810361681329423E+009,-2.963893894554163E+001,1.285587177357525E+002,
5.814271749755621E+009,-2.956001825610289E+001,1.074442850285266E+002,
5.818181818181818E+009,-2.964196512055202E+001,8.820333972267004E+001,
5.822091886608016E+009,-2.987299644990360E+001,6.794069072006775E+001,
5.826001955034213E+009,-3.018418181903825E+001,4.995385914066573E+001,
5.829912023460411E+009,-3.065600111880266E+001,3.164133385433276E+001,
5.833822091886608E+009,-3.112878542066569E+001,1.736552898642104E+001,
5.837732160312805E+009,-3.092482972856308E+001,2.445869122676249E+000,
5.841642228739003E+009,-3.043416863530161E+001,-1.337901532059527E+001,
5.845552297165200E+009,-3.003794032785284E+001,-3.291204550359147E+001,
5.849462365591398E+009,-2.981512476282243E+001,-5.070998846420184E+001,
5.853372434017595E+009,-2.950896264548332E+001,-7.093120956954132E+001,
5.857282502443792E+009,-2.961281896095970E+001,-9.157823176796727E+001,
5.861192570869990E+009,-2.968999835950598E+001,-1.099534191270981E+002,
5.865102639296187E+009,-2.976957025527355E+001,-1.283405656223075E+002,
5.869012707722385E+009,-2.964142031704313E+001,-1.458487806965752E+002,
5.872922776148583E+009,-2.949007924594153E+001,-1.637624279215474E+002,
5.876832844574780E+009,-2.935215311775586E+001,1.761548826245621E+002,
5.880742913000978E+009,-2.940121244669562E+001,1.582846433277546E+002,
5.884652981427176E+009,-2.907956525688001E+001,1.385922519975328E+002,
5.888563049853373E+009,-2.926249838018545E+001,1.187095425190059E+002,
5.892473118279570E+009,-2.936084878622523E+001,9.983090040587270E+001,
5.896383186705768E+009,-2.950663173799214E+001,8.244640457427697E+001,
5.900293255131965E+009,-2.928148292184879E+001,6.381882071400379E+001,
5.904203323558163E+009,-2.916814108389534E+001,4.479688466975438E+001,
5.908113391984360E+009,-2.912076374859913E+001,2.721814948057603E+001,
5.912023460410557E+009,-2.896922796940268E+001,6.023753597783860E+000,
5.915933528836755E+009,-2.909916918292801E+001,-1.367392382695245E+001,
5.919843597262952E+009,-2.918999270052094E+001,-3.318622055185060E+001,
5.923753665689150E+009,-2.946957018965406E+001,-5.090238197482671E+001,
5.927663734115347E+009,-2.979588600448593E+001,-6.910989400681450E+001,
5.931573802541544E+009,-2.992624910608892E+001,-8.611760728854583E+001,
5.935483870967742E+009,-3.002584254447043E+001,-1.022893669173944E+002,
5.939393939393940E+009,-2.966176836161611E+001,-1.175066284845253E+002,
5.943304007820137E+009,-2.911221360822775E+001,-1.354954482823157E+002,
5.947214076246334E+009,-2.879326824660627E+001,-1.565636457588673E+002,
5.951124144672532E+009,-2.880043250092200E+001,-1.769613746679335E+002,
5.955034213098729E+009,-2.890570875894351E+001,1.635359138182817E+002,
5.958944281524927E+009,-2.912618561697956E+001,1.441404502227851E+002,
5.962854349951124E+009,-2.959903458446060E+001,1.258331748834372E+002,
5.966764418377321E+009,-2.980853074706391E+001,1.119789877322202E+002,
5.970674486803519E+009,-2.947968700343649E+001,9.506809031383044E+001,
5.974584555229716E+009,-2.924122988200219E+001,7.850750224467284E+001,
5.978494623655914E+009,-2.877136360694041E+001,6.136218483092220E+001,
5.982404692082111E+009,-2.848960897894423E+001,4.101686397219908E+001,
5.986314760508308E+009,-2.838073474651220E+001,2.315672570095601E+001,
5.990224828934506E+009,-2.818638093123969E+001,2.920576891059823E+000,
5.994134897360704E+009,-2.828471913020923E+001,-1.501748224725875E+001,
5.998044965786902E+009,-2.810934369086887E+001,-3.277498778875165E+001,
6.001955034213099E+009,-2.803717835908384E+001,-5.124562819810600E+001,
6.005865102639297E+009,-2.780425614088743E+001,-6.850881824305306E+001,
6.009775171065494E+009,-2.730608539453236E+001,-8.509185680299518E+001,
6.013685239491692E+009,-2.687715860104952E+001,-1.059474821988727E+002,
6.017595307917889E+009,-2.690148634658814E+001,-1.251763357918006E+002,
6.021505376344086E+009,-2.669646116829152E+001,-1.429151956313473E+002,
6.025415444770284E+009,-2.631140181642297E+001,-1.626058267522873E+002,
6.029325513196481E+009,-2.613570798435296E+001,1.786628804120442E+002,
6.033235581622679E+009,-2.580800789908359E+001,1.599622801101059E+002,
6.037145650048876E+009,-2.547520872448747E+001,1.397813535696501E+002,
6.041055718475073E+009,-2.527317508679382E+001,1.195006435679938E+002,
6.044965786901271E+009,-2.507609553017420E+001,9.965307741318931E+001,
6.048875855327468E+009,-2.484301549155034E+001,7.907898178494851E+001,
6.052785923753666E+009,-2.463079860311528E+001,5.846534126137087E+001,
6.056695992179863E+009,-2.467897858345524E+001,3.754108277036929E+001,
6.060606060606061E+009,-2.464425896633921E+001,1.721928365803537E+001,
6.064516129032258E+009,-2.463786438117513E+001,-2.350602978067534E+000,
6.068426197458456E+009,-2.446490069039311E+001,-2.313912618977916E+001,
6.072336265884653E+009,-2.455129246650786E+001,-4.354249056845821E+001,
6.076246334310850E+009,-2.454377965225635E+001,-6.321954847404339E+001,
6.080156402737048E+009,-2.450604424865176E+001,-8.397660088788412E+001,
6.084066471163245E+009,-2.451532223679396E+001,-1.038589654719861E+002,
6.087976539589443E+009,-2.458254612796387E+001,-1.241728080950781E+002,
6.091886608015640E+009,-2.474440306477044E+001,-1.442755193458099E+002,
6.095796676441837E+009,-2.488108005479302E+001,-1.633788961052861E+002,
6.099706744868035E+009,-2.482588806392409E+001,1.772809045283356E+002,
6.103616813294232E+009,-2.477288278421128E+001,1.572751041814662E+002,
6.107526881720430E+009,-2.479126584209542E+001,1.367102400855196E+002,
6.111436950146627E+009,-2.498291392821433E+001,1.155333249180693E+002,
6.115347018572825E+009,-2.523622408586135E+001,9.616984545834335E+001,
6.119257086999023E+009,-2.554872581082932E+001,7.585225728186074E+001,
6.123167155425221E+009,-2.585375725441417E+001,5.749541728544506E+001,
6.127077223851418E+009,-2.600268676453493E+001,3.912478747337913E+001,
6.130987292277615E+009,-2.610625307449541E+001,2.019455951063811E+001,
6.134897360703813E+009,-2.621327000397969E+001,1.215442049647275E+000,
6.138807429130010E+009,-2.634741549376548E+001,-1.705396027594381E+001,
6.142717497556208E+009,-2.637701837384802E+001,-3.663456568110204E+001,
6.146627565982405E+009,-2.639627765825953E+001,-5.516155767198084E+001,
6.150537634408602E+009,-2.648020081045458E+001,-7.489869344260723E+001,
6.154447702834800E+009,-2.646525515809875E+001,-9.504779234818462E+001,
6.158357771260998E+009,-2.683974049315772E+001,-1.157432310913156E+002,
6.162267839687195E+009,-2.726515037255362E+001,-1.356275164331484E+002,
6.166177908113392E+009,-2.785302087889425E+001,-1.527214946601100E+002,
6.170087976539589E+009,-2.807473088325412E+001,-1.685918001696101E+002,
6.173998044965787E+009,-2.793973838430887E+001,1.739348157800299E+002,
6.177908113391985E+009,-2.792043936708394E+001,1.554941871756023E+002,
6.181818181818182E+009,-2.803145570025243E+001,1.368001449999006E+002,
6.185728250244379E+009,-2.817483549717680E+001,1.171028181365255E+002,
6.189638318670576E+009,-2.836078560670377E+001,9.904509581619952E+001,
6.193548387096774E+009,-2.835327879502457E+001,8.050089690570722E+001,
6.197458455522972E+009,-2.853678300408312E+001,6.214986622655990E+001,
6.201368523949169E+009,-2.886032978380380E+001,4.262206782858443E+001,
6.205278592375366E+009,-2.914466995130643E+001,2.549170164354271E+001,
6.209188660801564E+009,-2.928928158472697E+001,7.902857939090791E+000,
6.213098729227762E+009,-2.946966770290310E+001,-1.074944185433692E+001,
6.217008797653959E+009,-2.972100427821365E+001,-2.849326683000554E+001,
6.220918866080156E+009,-3.004886596598184E+001,-4.635393287903833E+001,
6.224828934506353E+009,-3.051211645918335E+001,-6.288126216103552E+001,
6.228739002932551E+009,-3.045627470087041E+001,-7.968340638110760E+001,
6.232649071358749E+009,-3.101114495311835E+001,-9.742529363670070E+001,
6.236559139784946E+009,-3.137858026373532E+001,-1.105126156986887E+002,
6.240469208211144E+009,-3.124702176271388E+001,-1.221727260953410E+002,
6.244379276637341E+009,-3.010854285490840E+001,-1.394620188743660E+002,
6.248289345063539E+009,-2.988021806926711E+001,-1.603967319053371E+002,
6.252199413489737E+009,-2.994840916097847E+001,-1.792954398895720E+002,
6.256109481915934E+009,-3.016008537900422E+001,1.626501681982554E+002,
6.260019550342131E+009,-3.019829114316932E+001,1.450720420066808E+002,
6.263929618768329E+009,-3.051710583711209E+001,1.281456456920729E+002,
6.267839687194526E+009,-3.060081472106585E+001,1.150107832176978E+002,
6.271749755620724E+009,-2.991448945886431E+001,9.972972784360127E+001,
6.275659824046921E+009,-2.951848073078931E+001,8.118756849033200E+001,
6.279569892473118E+009,-2.935353292044035E+001,6.297533818224981E+001,
6.283479960899316E+009,-2.880166823203079E+001,4.552990036574306E+001,
6.287390029325514E+009,-2.843203073660357E+001,2.520831879323571E+001,
6.291300097751711E+009,-2.835269476099637E+001,3.698780156092306E+000,
6.295210166177908E+009,-2.847352558211891E+001,-1.469669081542245E+001,
6.299120234604105E+009,-2.867410923354411E+001,-3.383118328187228E+001,
6.303030303030303E+009,-2.888060155445557E+001,-5.134108192439623E+001,
6.306940371456501E+009,-2.874011138212597E+001,-6.682273033235683E+001,
6.310850439882698E+009,-2.838210116917077E+001,-8.411826156961804E+001,
6.314760508308895E+009,-2.808934690475271E+001,-1.022761667845662E+002,
6.318670576735093E+009,-2.770532581543385E+001,-1.204319601345559E+002,
6.322580645161290E+009,-2.720640788054777E+001,-1.404361298329846E+002,
6.326490713587488E+009,-2.704159078416854E+001,-1.620341249280356E+002,
6.330400782013685E+009,-2.726559978744196E+001,1.765134239028271E+002,
6.334310850439882E+009,-2.752312566005140E+001,1.566634027220295E+002,
6.338220918866080E+009,-2.767636344812753E+001,1.390693655232404E+002,
6.342130987292278E+009,-2.768163595385898E+001,1.210157645526326E+002,
6.346041055718475E+009,-2.774170842905548E+001,1.021020199526078E+002,
6.349951124144672E+009,-2.774103844056495E+001,8.473027101035591E+001,
6.353861192570869E+009,-2.744261953753730E+001,6.681166878440791E+001,
6.357771260997068E+009,-2.709150466548169E+001,4.582387834258604E+001,
6.361681329423266E+009,-2.705435637495456E+001,2.469750502853910E+001,
6.365591397849463E+009,-2.728801140110663E+001,5.391771292058267E+000,
6.369501466275660E+009,-2.744406826594429E+001,-1.522582273035401E+001,
6.373411534701857E+009,-2.780416242896564E+001,-3.511247984868922E+001,
6.377321603128055E+009,-2.814834544474971E+001,-5.298276743946263E+001,
6.381231671554253E+009,-2.838158857966647E+001,-7.024295416620483E+001,
6.385141739980450E+009,-2.821912495943952E+001,-8.729790727821592E+001,
6.389051808406647E+009,-2.814202740651449E+001,-1.069875763505317E+002,
6.392961876832845E+009,-2.839966116537003E+001,-1.255253336214110E+002,
6.396871945259043E+009,-2.841488344083413E+001,-1.440621608426825E+002,
6.400782013685240E+009,-2.842136774094344E+001,-1.618909391631133E+002,
6.404692082111437E+009,-2.832854569485462E+001,-1.793860487390614E+002,
6.408602150537634E+009,-2.822043335397811E+001,1.613752116576920E+002,
6.412512218963832E+009,-2.823067237032851E+001,1.411356649713806E+002,
6.416422287390030E+009,-2.819835812015029E+001,1.200140235981109E+002,
6.420332355816227E+009,-2.865354592101461E+001,9.933496737382870E+001,
6.424242424242424E+009,-2.870691715897764E+001,8.084576470919907E+001,
6.428152492668621E+009,-2.914237588443941E+001,6.206844015973672E+001,
6.432062561094819E+009,-2.950829265196337E+001,4.353004598676215E+001,
6.435972629521017E+009,-2.969248965862647E+001,2.488258360094438E+001,
6.439882697947214E+009,-3.023337659211076E+001,7.817469696224819E+000,
6.443792766373411E+009,-3.042289530634112E+001,-8.906880766608705E+000,
6.447702834799609E+009,-3.051195753707346E+001,-2.436732968701604E+001,
6.451612903225807E+009,-3.029872790024638E+001,-4.138782847248535E+001,
6.455522971652004E+009,-3.002667362840807E+001,-5.952617225034118E+001,
6.459433040078201E+009,-2.987943137066550E+001,-8.008798581598285E+001,
6.463343108504398E+009,-3.004554830440158E+001,-1.003481792136172E+002,
6.467253176930596E+009,-3.049811851815751E+001,-1.193648801813159E+002,
6.471163245356794E+009,-3.070260568719283E+001,-1.372072054333540E+002,
6.475073313782991E+009,-3.127720357927402E+001,-1.534995486521306E+002,
6.478983382209189E+009,-3.133235854869060E+001,-1.689845774889597E+002,
6.482893450635386E+009,-3.119992478345313E+001,1.762846796762850E+002,
6.486803519061584E+009,-3.094305113727535E+001,1.594673756516108E+002,
6.490713587487782E+009,-3.045976767719745E+001,1.394317043557481E+002,
6.494623655913979E+009,-3.047323162229943E+001,1.208409903430851E+002,
6.498533724340176E+009,-3.030201199123620E+001,1.022544121929004E+002,
6.502443792766374E+009,-3.034689077754303E+001,8.199533159408425E+001,
6.506353861192571E+009,-3.072092585241227E+001,6.328048576322313E+001,
6.510263929618769E+009,-3.074747166573334E+001,4.678045181236598E+001,
6.514173998044966E+009,-3.043029882430801E+001,2.978890678372498E+001,
6.518084066471163E+009,-3.034275025973285E+001,1.081418795875330E+001,
6.521994134897361E+009,-3.025760949807330E+001,-8.364853566040415E+000,
6.525904203323559E+009,-3.010694289714098E+001,-2.589508549091024E+001,
6.529814271749756E+009,-2.994333538746643E+001,-4.619510947256457E+001,
6.533724340175953E+009,-2.986903919077676E+001,-6.721516125455001E+001,
6.537634408602150E+009,-3.020800462083510E+001,-8.858588497076615E+001,
6.541544477028348E+009,-3.096714590776858E+001,-1.081086775046829E+002,
6.545454545454546E+009,-3.130791267551619E+001,-1.228101604221458E+002,
6.549364613880743E+009,-3.095274878814784E+001,-1.378888853535849E+002,
6.553274682306940E+009,-3.038337678720542E+001,-1.567072551275060E+002,
6.557184750733138E+009,-3.054242662074294E+001,-1.783006219928444E+002,
6.561094819159335E+009,-3.083628177552248E+001,1.634601890311084E+002,
6.565004887585533E+009,-3.077918951688463E+001,1.477123311758085E+002,
6.568914956011730E+009,-3.053843735728848E+001,1.267003323044201E+002,
6.572825024437927E+009,-3.067061941481807E+001,1.073775714384890E+002,
6.576735092864125E+009,-3.101763657828148E+001,8.906802608299209E+001,
6.580645161290323E+009,-3.087267949509648E+001,7.030788636774057E+001,
6.584555229716520E+009,-3.136847021021187E+001,5.181765027665009E+001,
6.588465298142717E+009,-3.145699873158680E+001,3.552309951031302E+001,
6.592375366568914E+009,-3.097539600983158E+001,2.012980647244173E+001,
6.596285434995112E+009,-3.074303187306924E+001,1.101252539253664E+000,
6.600195503421310E+009,-3.052498118594834E+001,-1.951863257202923E+001,
6.604105571847508E+009,-3.058316122994359E+001,-3.847152388437343E+001,
6.608015640273705E+009,-3.043438349403353E+001,-5.812174551595511E+001,
6.611925708699902E+009,-3.045396139276593E+001,-7.675219798906073E+001,
6.615835777126100E+009,-3.025575105229525E+001,-9.720325122747774E+001,
6.619745845552298E+009,-3.036263614643093E+001,-1.164394954237995E+002,
6.623655913978495E+009,-3.052826800401591E+001,-1.342660113450685E+002,
6.627565982404692E+009,-3.053490632602328E+001,-1.520019905483773E+002,
6.631476050830890E+009,-3.034808499831772E+001,-1.716422797953972E+002,
6.635386119257088E+009,-3.007931903250966E+001,1.695338372379097E+002,
6.639296187683285E+009,-2.971276503386127E+001,1.502739238169876E+002,
6.643206256109482E+009,-2.955698177423695E+001,1.278645915708061E+002,
6.647116324535679E+009,-2.989125943788405E+001,1.052004310772175E+002,
6.651026392961877E+009,-3.057330979189512E+001,8.706666492066221E+001,
6.654936461388075E+009,-3.051985460398599E+001,7.083328612490847E+001,
6.658846529814272E+009,-3.030310752723792E+001,5.145842279407800E+001,
6.662756598240469E+009,-3.044048800747956E+001,3.212655558055912E+001,
6.666666666666666E+009,-3.044521898175889E+001,1.324346140868290E+001,
6.670576735092864E+009,-3.045602046116521E+001,-5.277226551369181E+000,
6.674486803519062E+009,-3.009181403432850E+001,-2.409073472037023E+001,
6.678396871945259E+009,-3.002749182673065E+001,-4.372253094557718E+001,
6.682306940371456E+009,-2.982466415288209E+001,-6.370061397399748E+001,
6.686217008797654E+009,-2.972077151236672E+001,-8.465572195476638E+001,
6.690127077223852E+009,-2.990340878087261E+001,-1.070710604006104E+002,
6.694037145650049E+009,-3.030279197267683E+001,-1.255868444272767E+002,
6.697947214076246E+009,-3.043880092089857E+001,-1.444878014549935E+002,
6.701857282502443E+009,-3.053235364106095E+001,-1.636950767636110E+002,
6.705767350928641E+009,-3.066489982094979E+001,1.785665795995812E+002,
6.709677419354839E+009,-3.062454067258122E+001,1.612345518855389E+002,
6.713587487781036E+009,-3.031784624497090E+001,1.435101657870964E+002,
6.717497556207233E+009,-2.992342833934838E+001,1.217693259479496E+002,
6.721407624633431E+009,-3.014670691989863E+001,1.002367183422394E+002,
6.725317693059629E+009,-3.014961555527671E+001,8.178710130672401E+001,
6.729227761485827E+009,-3.012896564087314E+001,6.286581455869129E+001,
6.733137829912024E+009,-3.014438866146242E+001,4.134771468059979E+001,
6.737047898338221E+009,-3.033871118360945E+001,2.160117292770437E+001,
6.740957966764419E+009,-3.039005094412921E+001,2.430148954567532E+000,
6.744868035190616E+009,-3.066440380669143E+001,-1.655690328623324E+001,
6.748778103616814E+009,-3.093738469763468E+001,-3.400833687655793E+001,
6.752688172043011E+009,-3.084353270982093E+001,-5.183917023965807E+001,
6.756598240469208E+009,-3.058418163138913E+001,-7.077502702535416E+001,
6.760508308895406E+009,-3.072355419820145E+001,-9.099343317645098E+001,
6.764418377321604E+009,-3.074588887428484E+001,-1.096753229811076E+002,
6.768328445747801E+009,-3.080330414213689E+001,-1.272496227854403E+002,
6.772238514173998E+009,-3.064739571314735E+001,-1.460745401672491E+002,
6.776148582600195E+009,-3.052088185376297E+001,-1.658908642250323E+002,
6.780058651026393E+009,-3.046354225006887E+001,1.753314549840069E+002,
6.783968719452591E+009,-3.028517941703812E+001,1.540882605252839E+002,
6.787878787878788E+009,-3.068997065972229E+001,1.342647925130046E+002,
6.791788856304985E+009,-3.100158725220565E+001,1.160826143768233E+002,
6.795698924731183E+009,-3.101982423157040E+001,9.804451867413356E+001,
6.799608993157380E+009,-3.118474767297522E+001,8.076906970956219E+001,
6.803519061583578E+009,-3.109044862232775E+001,6.275844940075395E+001,
6.807429130009775E+009,-3.117905611717406E+001,4.432163683203029E+001,
6.811339198435972E+009,-3.132802619680612E+001,2.625426640045280E+001,
6.815249266862170E+009,-3.130965909128365E+001,7.858350993242585E+000,
6.819159335288368E+009,-3.151598649165721E+001,-9.066166486700286E+000,
6.823069403714565E+009,-3.158043490408034E+001,-2.631203022536906E+001,
6.826979472140762E+009,-3.164000168324391E+001,-4.327862621824534E+001,
6.830889540566959E+009,-3.145550102983874E+001,-5.790076021904702E+001,
6.834799608993157E+009,-3.096525691697167E+001,-7.420499699656656E+001,
6.838709677419355E+009,-3.049032972000563E+001,-9.308651490000418E+001,
6.842619745845552E+009,-3.022124934845163E+001,-1.117311599116853E+002,
6.846529814271750E+009,-2.989866795029604E+001,-1.318835055084218E+002,
6.850439882697948E+009,-2.994201170688654E+001,-1.512309835486452E+002,
6.854349951124145E+009,-3.008062999967320E+001,-1.692805353556450E+002,
6.858260019550343E+009,-3.000855281399754E+001,1.738019825831906E+002,
6.862170087976540E+009,-2.978663220868411E+001,1.567003206568265E+002,
6.866080156402737E+009,-2.938583795729951E+001,1.388933994045327E+002,
6.869990224828935E+009,-2.903968578599223E+001,1.210579048730449E+002,
6.873900293255133E+009,-2.872712548376943E+001,1.016273591069079E+002,
6.877810361681330E+009,-2.844143755919333E+001,8.263639054646143E+001,
6.881720430107527E+009,-2.821754360701824E+001,6.398392221083261E+001,
6.885630498533724E+009,-2.791742594444129E+001,4.454705661406204E+001,
6.889540566959922E+009,-2.758682592722647E+001,2.507080791493151E+001,
6.893450635386120E+009,-2.731441745449858E+001,4.005314747739024E+000,
6.897360703812317E+009,-2.742478173716484E+001,-1.592357340480366E+001,
6.901270772238514E+009,-2.743338639729841E+001,-3.317494824233934E+001,
6.905180840664711E+009,-2.706627480915257E+001,-5.257037028324502E+001,
6.909090909090909E+009,-2.689727622856729E+001,-7.212576743914403E+001,
6.913000977517107E+009,-2.677233599854231E+001,-9.250424749974243E+001,
6.916911045943304E+009,-2.664993006959947E+001,-1.112928742318439E+002,
6.920821114369501E+009,-2.656752012285301E+001,-1.315013314560547E+002,
6.924731182795699E+009,-2.649351577723986E+001,-1.510974244241600E+002,
6.928641251221897E+009,-2.639028721754885E+001,-1.696587307893507E+002,
6.932551319648094E+009,-2.620973847725199E+001,1.704668609063828E+002,
6.936461388074291E+009,-2.615434581562455E+001,1.497481644789874E+002,
6.940371456500488E+009,-2.618085155745751E+001,1.283384300767327E+002,
6.944281524926686E+009,-2.646677105701513E+001,1.098720341356324E+002,
6.948191593352884E+009,-2.653461220026649E+001,9.114852335055926E+001,
6.952101661779081E+009,-2.643823528508347E+001,7.162061661379032E+001,
6.956011730205278E+009,-2.655904906489212E+001,5.307776046380258E+001,
6.959921798631475E+009,-2.644700371014747E+001,3.372259286874618E+001,
6.963831867057674E+009,-2.658777994800855E+001,1.432571822103016E+001,
6.967741935483872E+009,-2.658587631422088E+001,-4.791510704564270E+000,
6.971652003910069E+009,-2.671291392636618E+001,-2.278787388709908E+001,
6.975562072336266E+009,-2.665734468179161E+001,-4.244418751484410E+001,
6.979472140762464E+009,-2.671555281816717E+001,-6.242607026526175E+001,
6.983382209188661E+009,-2.687023313275961E+001,-8.173306730344289E+001,
6.987292277614859E+009,-2.711918014699532E+001,-1.007679932348851E+002,
6.991202346041056E+009,-2.747734273281587E+001,-1.180758565006782E+002,
6.995112414467253E+009,-2.761420713138714E+001,-1.346122496229422E+002,
6.999022482893451E+009,-2.747411421694704E+001,-1.514388245178412E+002,
7.002932551319649E+009,-2.710044357435419E+001,-1.694464254077072E+002,
7.006842619745846E+009,-2.701989307592479E+001,1.705068659959650E+002,
7.010752688172043E+009,-2.712186926200962E+001,1.503552047467839E+002,
7.014662756598240E+009,-2.742605228267232E+001,1.314613642712830E+002,
7.018572825024438E+009,-2.754614253800154E+001,1.131376578314570E+002,
7.022482893450636E+009,-2.780464101892698E+001,9.497264869764142E+001,
7.026392961876833E+009,-2.784152654367980E+001,7.862034744386833E+001,
7.030303030303030E+009,-2.799661396414367E+001,6.036407770583189E+001,
7.034213098729228E+009,-2.808794249476271E+001,4.449698955950132E+001,
7.038123167155425E+009,-2.804784958208074E+001,2.722506365561239E+001,
7.042033235581623E+009,-2.782109982581441E+001,9.817784745308838E+000,
7.045943304007820E+009,-2.786590057088410E+001,-8.865954773852961E+000,
7.049853372434017E+009,-2.772263106121762E+001,-2.611598610675524E+001,
7.053763440860215E+009,-2.764045405358235E+001,-4.361631720487517E+001,
7.057673509286413E+009,-2.747464431255346E+001,-6.176922254035918E+001,
7.061583577712610E+009,-2.749676882513228E+001,-8.021278880690167E+001,
7.065493646138807E+009,-2.733062077168316E+001,-9.814634895957875E+001,
7.069403714565004E+009,-2.745023720086353E+001,-1.167272438178537E+002,
7.073313782991202E+009,-2.739098062000424E+001,-1.338161939709942E+002,
7.077223851417400E+009,-2.725584664750222E+001,-1.508389291433666E+002,
7.081133919843597E+009,-2.705141691343289E+001,-1.678685865018219E+002,
7.085043988269795E+009,-2.691928303294306E+001,1.741530799956654E+002,
7.088954056695993E+009,-2.648760992227921E+001,1.569316700175312E+002,
7.092864125122190E+009,-2.613944235919474E+001,1.374674482045733E+002,
7.096774193548388E+009,-2.600848689573024E+001,1.179767550176329E+002,
7.100684261974585E+009,-2.589678203162977E+001,9.848366811913238E+001,
7.104594330400782E+009,-2.592423291929354E+001,7.993342870674616E+001,
7.108504398826980E+009,-2.583966928978898E+001,6.159930321612207E+001,
7.112414467253178E+009,-2.559250485867783E+001,4.343997599930316E+001,
7.116324535679375E+009,-2.541564164698393E+001,2.447857160216664E+001,
7.120234604105572E+009,-2.523580228906085E+001,5.602643045520178E+000,
7.124144672531769E+009,-2.507792442706412E+001,-1.332194732806581E+001,
7.128054740957967E+009,-2.483778405814423E+001,-3.250542033001867E+001,
7.131964809384165E+009,-2.460369945206327E+001,-5.260203796087378E+001,
7.135874877810362E+009,-2.440962217156127E+001,-7.228877139067194E+001,
7.139784946236559E+009,-2.436327799168387E+001,-9.263677070359728E+001,
7.143695014662756E+009,-2.446479799565197E+001,-1.132346864234199E+002,
7.147605083088954E+009,-2.461312812492556E+001,-1.323542648099505E+002,
7.151515151515152E+009,-2.470242660655009E+001,-1.511313065108881E+002,
7.155425219941349E+009,-2.469423815329271E+001,-1.700658836849699E+002,
7.159335288367546E+009,-2.462094038730936E+001,1.712919925002058E+002,
7.163245356793744E+009,-2.457335059863029E+001,1.521341377696637E+002,
7.167155425219942E+009,-2.451602178723176E+001,1.332705201720858E+002,
7.171065493646139E+009,-2.447006483959962E+001,1.131225101119871E+002,
7.174975562072336E+009,-2.447406550757515E+001,9.284982604143066E+001,
7.178885630498533E+009,-2.469098543184676E+001,7.249564740267719E+001,
7.182795698924731E+009,-2.491321138858890E+001,5.393664742339340E+001,
7.186705767350929E+009,-2.496207965339938E+001,3.572694326854878E+001,
7.190615835777126E+009,-2.500005132344481E+001,1.733587285424484E+001,
7.194525904203323E+009,-2.501547717954384E+001,-6.844360184058381E-001,
7.198435972629520E+009,-2.479980716890852E+001,-1.843217191117256E+001,
7.202346041055718E+009,-2.459243058412290E+001,-3.805644845640498E+001,
7.206256109481916E+009,-2.450931386078520E+001,-5.899732679393087E+001,
7.210166177908114E+009,-2.454056519880395E+001,-7.957458071460644E+001,
7.214076246334311E+009,-2.471092269135836E+001,-1.000577160578213E+002,
7.217986314760509E+009,-2.500492841521296E+001,-1.195492344666648E+002,
7.221896383186706E+009,-2.510921811979545E+001,-1.373855126220348E+002,
7.225806451612904E+009,-2.517674211476736E+001,-1.558489133169927E+002,
7.229716520039101E+009,-2.509301042119741E+001,-1.742477993095241E+002,
7.233626588465298E+009,-2.493855873524345E+001,1.663358571454984E+002,
7.237536656891496E+009,-2.496290370606119E+001,1.459395841158184E+002,
7.241446725317694E+009,-2.508556244388593E+001,1.254340466087850E+002,
7.245356793743891E+009,-2.513481251190644E+001,1.058021160509304E+002,
7.249266862170088E+009,-2.543661763982853E+001,8.633595729941513E+001,
7.253176930596285E+009,-2.559182745608380E+001,6.744802830838755E+001,
7.257086999022483E+009,-2.567375467003240E+001,4.839524640862582E+001,
7.260997067448681E+009,-2.594595765831132E+001,2.910861324210753E+001,
7.264907135874878E+009,-2.607520407510148E+001,1.075461142610417E+001,
7.268817204301075E+009,-2.615109073376864E+001,-7.450618671470093E+000,
7.272727272727273E+009,-2.629706634037417E+001,-2.713910778293851E+001,
7.276637341153470E+009,-2.644328730872101E+001,-4.475461378952536E+001,
7.280547409579668E+009,-2.650256658639714E+001,-6.416239533996821E+001,
7.284457478005865E+009,-2.666078274945186E+001,-8.250501990056944E+001,
7.288367546432062E+009,-2.672371227119083E+001,-1.009416597479899E+002,
7.292277614858260E+009,-2.670296660674836E+001,-1.190365704936613E+002,
7.296187683284458E+009,-2.665642663233528E+001,-1.383533828658164E+002,
7.300097751710655E+009,-2.682835760813636E+001,-1.575151248530526E+002,
7.304007820136852E+009,-2.717549985585121E+001,-1.760340676893538E+002,
7.307917888563049E+009,-2.723464672270685E+001,1.659878272096134E+002,
7.311827956989247E+009,-2.732179163596025E+001,1.480213252833396E+002,
7.315738025415445E+009,-2.742580383918455E+001,1.296880882092859E+002,
7.319648093841642E+009,-2.743800306427863E+001,1.112938303479447E+002,
7.323558162267839E+009,-2.728454701893615E+001,9.245730544399468E+001,
7.327468230694037E+009,-2.741805917814807E+001,7.303110503207358E+001,
7.331378299120235E+009,-2.750090821781620E+001,5.470534089341648E+001,
7.335288367546433E+009,-2.753153885792582E+001,3.706234759304383E+001,
7.339198435972630E+009,-2.757734335569912E+001,1.936076052410304E+001,
7.343108504398827E+009,-2.747781615582980E+001,1.226890776072453E+000,
7.347018572825025E+009,-2.724965915712375E+001,-1.817304243681213E+001,
7.350928641251223E+009,-2.716542498028739E+001,-3.770136519760611E+001,
7.354838709677420E+009,-2.725923284986306E+001,-5.748805466368538E+001,
7.358748778103617E+009,-2.737883628562745E+001,-7.652599335239533E+001,
7.362658846529814E+009,-2.759844575967149E+001,-9.472640977440962E+001,
7.366568914956012E+009,-2.749526000599262E+001,-1.126278415687122E+002,
7.370478983382210E+009,-2.736932712350950E+001,-1.305288773855887E+002,
7.374389051808407E+009,-2.720557553271118E+001,-1.498823712409076E+002,
7.378299120234604E+009,-2.718612342504379E+001,-1.689396597125050E+002,
7.382209188660801E+009,-2.701410543391462E+001,1.714448466556598E+002,
7.386119257086999E+009,-2.698502253266282E+001,1.510931282857436E+002,
7.390029325513197E+009,-2.715132892944411E+001,1.300135550710755E+002,
7.393939393939394E+009,-2.739733497675484E+001,1.104422636140776E+002,
7.397849462365591E+009,-2.771445976359158E+001,9.267250228076654E+001,
7.401759530791789E+009,-2.792763759594708E+001,7.571082816668312E+001,
7.405669599217987E+009,-2.766545139777714E+001,5.929073139657638E+001,
7.409579667644184E+009,-2.710459026900777E+001,4.051559984370303E+001,
7.413489736070381E+009,-2.678129752177857E+001,1.945912016927884E+001,
7.417399804496578E+009,-2.694320180019115E+001,-1.377834269972867E+000,
7.421309872922776E+009,-2.709756608968936E+001,-2.209229960804456E+001,
7.425219941348974E+009,-2.716674237383722E+001,-4.146111115769541E+001,
7.429130009775171E+009,-2.728550711784205E+001,-6.089545637959401E+001,
7.433040078201368E+009,-2.736068041251262E+001,-7.974171021114545E+001,
7.436950146627565E+009,-2.749738308005955E+001,-9.822943399305522E+001,
7.440860215053763E+009,-2.733775490893872E+001,-1.167883828092804E+002,
7.444770283479961E+009,-2.727697578315242E+001,-1.360070148409847E+002,
7.448680351906158E+009,-2.719175304689212E+001,-1.563575710224467E+002,
7.452590420332356E+009,-2.725255046184856E+001,-1.770225618377451E+002,
7.456500488758554E+009,-2.741309777010420E+001,1.630965606467469E+002,
7.460410557184751E+009,-2.759211448262043E+001,1.422057007600494E+002,
7.464320625610949E+009,-2.815064759117913E+001,1.223191378589403E+002,
7.468230694037146E+009,-2.825150014916919E+001,1.047786260991106E+002,
7.472140762463343E+009,-2.827068850003754E+001,8.779900915658833E+001,
7.476050830889541E+009,-2.784739328387352E+001,6.960509301421298E+001,
7.479960899315739E+009,-2.766974992666075E+001,4.865766485556065E+001,
7.483870967741936E+009,-2.795986956648584E+001,2.731064258308084E+001,
7.487781036168133E+009,-2.818434864439877E+001,8.379507675257255E+000,
7.491691104594330E+009,-2.827145414771746E+001,-1.207310283180045E+001,
7.495601173020528E+009,-2.864204872185802E+001,-3.269292884775604E+001,
7.499511241446726E+009,-2.903266433843102E+001,-5.051987523244380E+001,
7.503421309872923E+009,-2.941118446646987E+001,-6.761201956608490E+001,
7.507331378299120E+009,-2.956227425164911E+001,-8.547101072436404E+001,
7.511241446725318E+009,-2.966189044955593E+001,-1.023730452360678E+002,
7.515151515151515E+009,-2.943703669720290E+001,-1.189537875469954E+002,
7.519061583577713E+009,-2.919416340009276E+001,-1.371531406092524E+002,
7.522971652003910E+009,-2.899356313496418E+001,-1.569741741909649E+002,
7.526881720430107E+009,-2.898260492981580E+001,-1.774820211531184E+002,
7.530791788856305E+009,-2.907660061994534E+001,1.614795313106324E+002,
7.534701857282503E+009,-2.955758368365999E+001,1.423815320257804E+002,
7.538611925708700E+009,-2.971843028161051E+001,1.241085724904779E+002,
7.542521994134897E+009,-3.007069519483698E+001,1.067912460915564E+002,
7.546432062561094E+009,-3.015196638898082E+001,9.065113183671899E+001,
7.550342130987292E+009,-2.998121150320640E+001,7.363741302462877E+001,
7.554252199413490E+009,-2.983524675957034E+001,5.598147294246963E+001,
7.558162267839687E+009,-2.948144952391391E+001,3.711535274702673E+001,
7.562072336265884E+009,-2.926509556467167E+001,1.840936528419439E+001,
7.565982404692082E+009,-2.928664061814967E+001,-2.308025833157189E+000,
7.569892473118280E+009,-2.940969432230614E+001,-2.136034435847984E+001,
7.573802541544478E+009,-2.959705623454601E+001,-3.966149127446666E+001,
7.577712609970675E+009,-2.948191815626353E+001,-5.814307727672645E+001,
7.581622678396872E+009,-2.962405355151204E+001,-7.680005836291224E+001,
7.585532746823070E+009,-2.957539582280344E+001,-9.484854262611296E+001,
7.589442815249268E+009,-2.962796781860876E+001,-1.123351908760263E+002,
7.593352883675465E+009,-2.950391697141404E+001,-1.308695839397265E+002,
7.597262952101662E+009,-2.944805793515519E+001,-1.484737226567324E+002,
7.601173020527859E+009,-2.919695308070789E+001,-1.664880367791527E+002,
7.605083088954057E+009,-2.886218550244524E+001,1.744780895745371E+002,
7.608993157380255E+009,-2.875133612178631E+001,1.538665663982799E+002,
7.612903225806452E+009,-2.859246368123246E+001,1.349740657604532E+002,
7.616813294232649E+009,-2.864792870697357E+001,1.152075239952823E+002,
7.620723362658846E+009,-2.859431589855015E+001,9.436042724910890E+001,
7.624633431085044E+009,-2.893882615255995E+001,7.550690039505696E+001,
7.628543499511242E+009,-2.897342701442442E+001,5.715961786493461E+001,
7.632453567937439E+009,-2.909388604594814E+001,3.879076383337780E+001,
7.636363636363636E+009,-2.909994815242198E+001,2.115006022934973E+001,
7.640273704789834E+009,-2.909922087027584E+001,4.197399814414457E+000,
7.644183773216032E+009,-2.874415149364620E+001,-1.394300864008404E+001,
7.648093841642229E+009,-2.859150974125197E+001,-3.210720912115074E+001,
7.652003910068426E+009,-2.839630187398856E+001,-5.025210590989280E+001,
7.655913978494623E+009,-2.810580078915770E+001,-7.038230269835528E+001,
7.659824046920821E+009,-2.806170907760156E+001,-9.163258422415206E+001,
7.663734115347019E+009,-2.844125796836353E+001,-1.114540812912161E+002,
7.667644183773216E+009,-2.846088401587376E+001,-1.292717589269501E+002,
7.671554252199413E+009,-2.859360585274312E+001,-1.478237184177907E+002,
7.675464320625610E+009,-2.846654789914839E+001,-1.644651634287766E+002,
7.679374389051808E+009,-2.840924437527676E+001,1.775095416696254E+002,
7.683284457478006E+009,-2.810951251813087E+001,1.591468216381000E+002,
7.687194525904203E+009,-2.788048385131266E+001,1.401457841765876E+002,
7.691104594330401E+009,-2.774948803495475E+001,1.204374408891991E+002,
7.695014662756599E+009,-2.745995098987283E+001,1.014784879193448E+002,
7.698924731182797E+009,-2.729126076743204E+001,8.096464704695731E+001,
7.702834799608994E+009,-2.713450149620100E+001,5.961278779016671E+001,
7.706744868035191E+009,-2.744404363448983E+001,3.798269463629315E+001,
7.710654936461388E+009,-2.753277635667098E+001,1.997652552158127E+001,
7.714565004887586E+009,-2.751987694620751E+001,1.500087940228300E+000,
7.718475073313784E+009,-2.759839453258309E+001,-1.756805563249941E+001,
7.722385141739981E+009,-2.766422659843437E+001,-3.587674966461945E+001,
7.726295210166178E+009,-2.749343478912192E+001,-5.527912228820020E+001,
7.730205278592375E+009,-2.734767052856548E+001,-7.481444407319015E+001,
7.734115347018573E+009,-2.739204718430290E+001,-9.496424591154903E+001,
7.738025415444771E+009,-2.755995025204698E+001,-1.146456829734249E+002,
7.741935483870968E+009,-2.775142571998605E+001,-1.338685222998971E+002,
7.745845552297165E+009,-2.783803646695656E+001,-1.536570158972567E+002,
7.749755620723363E+009,-2.811815589654549E+001,-1.732757027176785E+002,
7.753665689149560E+009,-2.843715769153655E+001,1.690554294105721E+002,
7.757575757575758E+009,-2.859192427197785E+001,1.516566254367538E+002,
7.761485826001955E+009,-2.871025061023132E+001,1.341963023278829E+002,
7.765395894428152E+009,-2.879504549204623E+001,1.167834320646006E+002,
7.769305962854350E+009,-2.848506862731849E+001,9.944070427524940E+001,
7.773216031280548E+009,-2.828703902277652E+001,8.079794346052655E+001,
7.777126099706745E+009,-2.830717523042311E+001,6.027517271287680E+001,
7.781036168132942E+009,-2.856324472930035E+001,4.103693055239231E+001,
7.784946236559139E+009,-2.869009971870600E+001,2.364780321683348E+001,
7.788856304985337E+009,-2.872897534290919E+001,5.958416938468782E+000,
7.792766373411535E+009,-2.880930605159639E+001,-1.130508846058351E+001,
7.796676441837732E+009,-2.886701157238699E+001,-2.974662433663550E+001,
7.800586510263929E+009,-2.882594697345375E+001,-4.832708236996862E+001,
7.804496578690127E+009,-2.879491556317544E+001,-6.506570679915382E+001,
7.808406647116324E+009,-2.881313649775348E+001,-8.197988996829946E+001,
7.812316715542522E+009,-2.838053059746745E+001,-9.995662502908404E+001,
7.816226783968720E+009,-2.813228617364978E+001,-1.199979777982832E+002,
7.820136852394917E+009,-2.817306401082621E+001,-1.391496649865102E+002,
7.824046920821115E+009,-2.814106910401780E+001,-1.577357301594847E+002,
7.827956989247313E+009,-2.812147660119967E+001,-1.764409062610462E+002,
7.831867057673510E+009,-2.788721462766143E+001,1.650993028291366E+002,
7.835777126099707E+009,-2.787889430178744E+001,1.456332412525766E+002,
7.839687194525904E+009,-2.784884853970567E+001,1.264130032388672E+002,
7.843597262952102E+009,-2.774199320068342E+001,1.072399232890433E+002,
7.847507331378300E+009,-2.787880560683231E+001,8.743145646080616E+001,
7.851417399804497E+009,-2.789315224279858E+001,6.930019982014973E+001,
7.855327468230694E+009,-2.797804372150910E+001,4.981009483840037E+001,
7.859237536656891E+009,-2.791915157631088E+001,3.131130160494394E+001,
7.863147605083089E+009,-2.789710789236848E+001,1.235456745130586E+001,
7.867057673509287E+009,-2.807060029412146E+001,-6.822601875590008E+000,
7.870967741935484E+009,-2.798027449884646E+001,-2.596344185063724E+001,
7.874877810361681E+009,-2.814416432945670E+001,-4.397405741877859E+001,
7.878787878787879E+009,-2.808468860028725E+001,-6.228280826626376E+001,
7.882697947214077E+009,-2.801924443680587E+001,-8.157071093898477E+001,
7.886608015640274E+009,-2.817210277036627E+001,-9.983185865230819E+001,
7.890518084066471E+009,-2.827071791516428E+001,-1.191210443366585E+002,
7.894428152492668E+009,-2.834710449632108E+001,-1.376789442496120E+002,
7.898338220918866E+009,-2.839700740801920E+001,-1.548316799722745E+002,
7.902248289345064E+009,-2.853232259827298E+001,-1.726201175368345E+002,
7.906158357771261E+009,-2.850046412745326E+001,1.690922643050648E+002,
7.910068426197458E+009,-2.853436658554856E+001,1.514953679998277E+002,
7.913978494623655E+009,-2.844469393540096E+001,1.340045347712062E+002,
7.917888563049853E+009,-2.827968055114672E+001,1.160214648821342E+002,
7.921798631476051E+009,-2.815636050806636E+001,9.646226734917229E+001,
7.925708699902248E+009,-2.834192632635791E+001,7.804052997919763E+001,
7.929618768328445E+009,-2.815458231489065E+001,6.087591798817181E+001,
7.933528836754643E+009,-2.796791798908645E+001,4.299566115247760E+001,
7.937438905180841E+009,-2.772721296349496E+001,2.477578045547742E+001,
7.941348973607039E+009,-2.764226494989423E+001,5.872841952365287E+000,
7.945259042033236E+009,-2.752122740611348E+001,-1.381234788305752E+001,
7.949169110459433E+009,-2.748702334735217E+001,-3.256605642349472E+001,
7.953079178885631E+009,-2.743177145849312E+001,-5.055527995423625E+001,
7.956989247311829E+009,-2.716447990433284E+001,-7.016966366411769E+001,
7.960899315738026E+009,-2.718258357290138E+001,-9.007071317806452E+001,
7.964809384164223E+009,-2.720995755496942E+001,-1.088260643622418E+002,
7.968719452590420E+009,-2.732820472736816E+001,-1.274709635342634E+002,
7.972629521016618E+009,-2.717144764984661E+001,-1.457012661809964E+002,
7.976539589442816E+009,-2.687955566127451E+001,-1.646554910633730E+002,
7.980449657869013E+009,-2.668408839224650E+001,1.762984907273649E+002,
7.984359726295210E+009,-2.649113997361889E+001,1.565209526820273E+002,
7.988269794721408E+009,-2.644722528727697E+001,1.354473034723475E+002,
7.992179863147605E+009,-2.659157279949163E+001,1.157904478112391E+002,
7.996089931573803E+009,-2.664942478572926E+001,9.586805585125536E+001,
8.000000000000000E+009,-2.673642741735441E+001,7.671617648576850E+001,
