% Version 1.00
%
%freq[Hz];db:Trc1_S21;ang:Trc1_S21;
4.000000000000000E+009,-2.267852605927192E+001,-1.372799321167022E+002,
4.003910068426198E+009,-2.275193804739481E+001,-1.552459042177364E+002,
4.007820136852395E+009,-2.285918209356689E+001,-1.733014843989236E+002,
4.011730205278593E+009,-2.300872077092194E+001,1.679256926235461E+002,
4.015640273704790E+009,-2.308627821370344E+001,1.499293356823584E+002,
4.019550342130987E+009,-2.307968459980333E+001,1.308377255839789E+002,
4.023460410557185E+009,-2.312043499759609E+001,1.119301627726929E+002,
4.027370478983382E+009,-2.325220045698918E+001,9.291066378191297E+001,
4.031280547409580E+009,-2.341482868337266E+001,7.452462856599929E+001,
4.035190615835777E+009,-2.338539921220695E+001,5.564084329043165E+001,
4.039100684261975E+009,-2.344140941164818E+001,3.621724601251395E+001,
4.043010752688172E+009,-2.342763662150512E+001,1.727942201918575E+001,
4.046920821114369E+009,-2.357416722469372E+001,-3.280209356217304E+000,
4.050830889540567E+009,-2.391894996320308E+001,-2.296491363815949E+001,
4.054740957966765E+009,-2.432524294151138E+001,-4.078993250440583E+001,
4.058651026392962E+009,-2.443266192288348E+001,-5.900130175479882E+001,
4.062561094819160E+009,-2.469080071442780E+001,-7.661908633156149E+001,
4.066471163245357E+009,-2.473774767902128E+001,-9.453493315943061E+001,
4.070381231671554E+009,-2.481022602748902E+001,-1.129359468291013E+002,
4.074291300097752E+009,-2.496994021743939E+001,-1.321192727551683E+002,
4.078201368523949E+009,-2.528380523710910E+001,-1.502990766259991E+002,
4.082111436950147E+009,-2.530161097227294E+001,-1.670561615975063E+002,
4.086021505376344E+009,-2.529214616406656E+001,1.751147868699976E+002,
4.089931573802542E+009,-2.539804691736258E+001,1.570022878198919E+002,
4.093841642228739E+009,-2.545466695880731E+001,1.397083095922051E+002,
4.097751710654936E+009,-2.551682234152887E+001,1.228038064965407E+002,
4.101661779081134E+009,-2.521163297122033E+001,1.073827073290262E+002,
4.105571847507331E+009,-2.477606465914781E+001,8.801496940941171E+001,
4.109481915933529E+009,-2.472682225070990E+001,6.840337235873784E+001,
4.113391984359726E+009,-2.464003134181375E+001,5.039275743050250E+001,
4.117302052785924E+009,-2.447113250795794E+001,3.182406646209246E+001,
4.121212121212121E+009,-2.429307879592593E+001,1.232409219328483E+001,
4.125122189638319E+009,-2.423567200364263E+001,-6.753017369426223E+000,
4.129032258064516E+009,-2.423758258660383E+001,-2.605806580399104E+001,
4.132942326490714E+009,-2.416198525738619E+001,-4.376230448184245E+001,
4.136852394916911E+009,-2.385754564367246E+001,-6.083511659876969E+001,
4.140762463343109E+009,-2.341814573915342E+001,-7.971018872893222E+001,
4.144672531769306E+009,-2.300385536619366E+001,-1.006288467514715E+002,
4.148582600195503E+009,-2.272790660847284E+001,-1.225153556748016E+002,
4.152492668621701E+009,-2.288047350600822E+001,-1.449889021760259E+002,
4.156402737047898E+009,-2.311283373303864E+001,-1.652064841200432E+002,
4.160312805474096E+009,-2.342696587554703E+001,1.759522770195034E+002,
4.164222873900293E+009,-2.353272852367198E+001,1.580950656437935E+002,
4.168132942326491E+009,-2.349016906159150E+001,1.404461160155427E+002,
4.172043010752688E+009,-2.340902355654326E+001,1.218640458629985E+002,
4.175953079178886E+009,-2.338435288668716E+001,1.049845044093054E+002,
4.179863147605083E+009,-2.283349334891373E+001,8.725351371234484E+001,
4.183773216031281E+009,-2.226945945279849E+001,6.650545430279873E+001,
4.187683284457478E+009,-2.202759864309801E+001,4.423482551992827E+001,
4.191593352883676E+009,-2.205249402800379E+001,2.258095434469370E+001,
4.195503421309873E+009,-2.223282743669247E+001,1.708186765391616E+000,
4.199413489736071E+009,-2.244944441841951E+001,-1.727366089752116E+001,
4.203323558162268E+009,-2.245154119733912E+001,-3.620001774009368E+001,
4.207233626588465E+009,-2.253812567182892E+001,-5.429666519479503E+001,
4.211143695014663E+009,-2.228080548113638E+001,-7.257812166873791E+001,
4.215053763440860E+009,-2.190477812057582E+001,-9.219439644949355E+001,
4.218963831867058E+009,-2.174298820702495E+001,-1.127894305420902E+002,
4.222873900293255E+009,-2.163067022342179E+001,-1.348436634480796E+002,
4.226783968719452E+009,-2.174328001334740E+001,-1.554558829949531E+002,
4.230694037145650E+009,-2.171911382637341E+001,-1.755645697215819E+002,
4.234604105571847E+009,-2.176926495234652E+001,1.630412142313230E+002,
4.238514173998045E+009,-2.192939805524667E+001,1.419486526947302E+002,
4.242424242424243E+009,-2.217276108015786E+001,1.215484798732959E+002,
4.246334310850440E+009,-2.261905718824743E+001,1.018837130117874E+002,
4.250244379276638E+009,-2.261972850059622E+001,8.410378896542501E+001,
4.254154447702835E+009,-2.263797157689615E+001,6.383483032674904E+001,
4.258064516129032E+009,-2.267497892880919E+001,4.364283972610198E+001,
4.261974584555230E+009,-2.287533495306948E+001,2.252037631442430E+001,
4.265884652981427E+009,-2.319054367623765E+001,1.892834684328343E+000,
4.269794721407625E+009,-2.365059992999735E+001,-1.720589778982302E+001,
4.273704789833822E+009,-2.390680864850290E+001,-3.591427533354283E+001,
4.277614858260019E+009,-2.407381409819401E+001,-5.518714717187705E+001,
4.281524926686217E+009,-2.421462060463158E+001,-7.428561983475825E+001,
4.285434995112414E+009,-2.442908702379537E+001,-9.459694443805610E+001,
4.289345063538612E+009,-2.489581763197937E+001,-1.156440113885243E+002,
4.293255131964809E+009,-2.547833764378099E+001,-1.350625182645478E+002,
4.297165200391007E+009,-2.608257599717841E+001,-1.522850087859635E+002,
4.301075268817205E+009,-2.650538792738713E+001,-1.686101934262157E+002,
4.304985337243402E+009,-2.660046086866351E+001,1.751795080931074E+002,
4.308895405669600E+009,-2.658294636633676E+001,1.563697833198370E+002,
4.312805474095797E+009,-2.668355440194334E+001,1.365759207269579E+002,
4.316715542521994E+009,-2.722128231991279E+001,1.157709073364201E+002,
4.320625610948192E+009,-2.802374440625215E+001,9.823520192049851E+001,
4.324535679374389E+009,-2.842704389983503E+001,7.965883086038559E+001,
4.328445747800587E+009,-2.913286821575769E+001,6.346894739127313E+001,
4.332355816226784E+009,-2.971048512918678E+001,4.780414355250335E+001,
4.336265884652982E+009,-3.030795627434972E+001,3.410968284348320E+001,
4.340175953079179E+009,-3.027135986261621E+001,2.123795182279534E+001,
4.344086021505377E+009,-3.007344848304754E+001,5.516481134519424E+000,
4.347996089931574E+009,-3.006829646951440E+001,-1.174927335333516E+001,
4.351906158357771E+009,-2.996974093123074E+001,-2.928633738009215E+001,
4.355816226783969E+009,-3.052533926471371E+001,-4.750004878117001E+001,
4.359726295210166E+009,-3.064239045683490E+001,-6.037067622864736E+001,
4.363636363636364E+009,-3.095876644220849E+001,-7.810958412110936E+001,
4.367546432062561E+009,-3.078899126115724E+001,-9.040218174133086E+001,
4.371456500488758E+009,-3.062896446678456E+001,-1.062675460897278E+002,
4.375366568914956E+009,-3.015202427005438E+001,-1.202708510864257E+002,
4.379276637341153E+009,-2.983598114787142E+001,-1.396610102420996E+002,
4.383186705767351E+009,-2.983201339244996E+001,-1.565343866338179E+002,
4.387096774193548E+009,-2.955795017438079E+001,-1.733589829466306E+002,
4.391006842619746E+009,-2.907581744386162E+001,1.696819532890277E+002,
4.394916911045943E+009,-2.905587855594000E+001,1.501606556906993E+002,
4.398826979472141E+009,-2.882324697373950E+001,1.334406616269004E+002,
4.402737047898338E+009,-2.832316643781124E+001,1.145434998531120E+002,
4.406647116324535E+009,-2.806134584591753E+001,9.335214839130990E+001,
4.410557184750733E+009,-2.830116088257802E+001,7.224965530963425E+001,
4.414467253176930E+009,-2.873158457234899E+001,5.369451204067792E+001,
4.418377321603128E+009,-2.898649194314304E+001,3.964525508983049E+001,
4.422287390029326E+009,-2.852502214598152E+001,2.368263022388593E+001,
4.426197458455523E+009,-2.813193705027485E+001,4.574189473549536E+000,
4.430107526881721E+009,-2.771196258907585E+001,-1.463218839167303E+001,
4.434017595307918E+009,-2.765204242506103E+001,-3.591699245003605E+001,
4.437927663734116E+009,-2.777881102362423E+001,-5.627139416163170E+001,
4.441837732160313E+009,-2.788010164994127E+001,-7.481970407885719E+001,
4.445747800586511E+009,-2.786453725692396E+001,-9.367692087963650E+001,
4.449657869012708E+009,-2.807861618323963E+001,-1.136624320086920E+002,
4.453567937438905E+009,-2.830881375351125E+001,-1.307013954000585E+002,
4.457478005865103E+009,-2.841130011107441E+001,-1.467736691082186E+002,
4.461388074291300E+009,-2.803608139933994E+001,-1.634181802839808E+002,
4.465298142717498E+009,-2.750567264319000E+001,1.779534271673309E+002,
4.469208211143695E+009,-2.718146616612332E+001,1.583491812327604E+002,
4.473118279569893E+009,-2.683153591777147E+001,1.370543023933072E+002,
4.477028347996090E+009,-2.664705850596566E+001,1.161663925833391E+002,
4.480938416422287E+009,-2.659465860124273E+001,9.422204247377455E+001,
4.484848484848485E+009,-2.663597534531341E+001,7.331411464043637E+001,
4.488758553274682E+009,-2.674828627718652E+001,5.270105720191704E+001,
4.492668621700880E+009,-2.720048097604207E+001,3.226892154480327E+001,
4.496578690127077E+009,-2.730994808394104E+001,1.533627109360405E+001,
4.500488758553275E+009,-2.703485249893888E+001,-3.069063132141720E+000,
4.504398826979472E+009,-2.700164147534004E+001,-2.178755125096947E+001,
4.508308895405669E+009,-2.657861364219247E+001,-4.278275671677720E+001,
4.512218963831867E+009,-2.643485434710357E+001,-6.290753268186648E+001,
4.516129032258064E+009,-2.621863617162603E+001,-8.374254927232917E+001,
4.520039100684262E+009,-2.609159223316250E+001,-1.053348342538245E+002,
4.523949169110459E+009,-2.597402984140302E+001,-1.275014124486385E+002,
4.527859237536657E+009,-2.593993502273833E+001,-1.497743260262586E+002,
4.531769305962854E+009,-2.630183616720510E+001,-1.722105559952377E+002,
4.535679374389051E+009,-2.653630025868115E+001,1.673688960438916E+002,
4.539589442815249E+009,-2.672855975226788E+001,1.483208551465512E+002,
4.543499511241447E+009,-2.666854056390032E+001,1.291734613055199E+002,
4.547409579667645E+009,-2.645400506100448E+001,1.066372663551129E+002,
4.551319648093842E+009,-2.687279767934388E+001,8.484071531358028E+001,
4.555229716520039E+009,-2.728983712303971E+001,6.555350436958840E+001,
4.559139784946237E+009,-2.708106250391051E+001,4.718104851111390E+001,
4.563049853372434E+009,-2.694706389225405E+001,2.528022315604281E+001,
4.566959921798632E+009,-2.708342283076817E+001,4.456868371015948E+000,
4.570869990224829E+009,-2.730080601802573E+001,-1.666356929534134E+001,
4.574780058651027E+009,-2.734691134350670E+001,-3.625980655902085E+001,
4.578690127077224E+009,-2.744193890127065E+001,-5.669870627514774E+001,
4.582600195503422E+009,-2.762529393597856E+001,-7.643807470410262E+001,
4.586510263929619E+009,-2.765738386184596E+001,-9.647882578880913E+001,
4.590420332355816E+009,-2.766823075086000E+001,-1.162318524962342E+002,
4.594330400782014E+009,-2.789843982438670E+001,-1.368258951708124E+002,
4.598240469208211E+009,-2.812550446680434E+001,-1.547245143991178E+002,
4.602150537634409E+009,-2.824876033165907E+001,-1.735489763722208E+002,
4.606060606060606E+009,-2.829817063651836E+001,1.692213766631237E+002,
4.609970674486803E+009,-2.810501975456310E+001,1.504732413324348E+002,
4.613880742913001E+009,-2.811293735231881E+001,1.311001890201247E+002,
4.617790811339198E+009,-2.799765698032784E+001,1.114461101944255E+002,
4.621700879765396E+009,-2.799155467897556E+001,9.312582359011512E+001,
4.625610948191593E+009,-2.779885605596124E+001,7.349890588844259E+001,
4.629521016617791E+009,-2.791062300950937E+001,5.520976412146423E+001,
4.633431085043988E+009,-2.773304708472387E+001,3.717165275390750E+001,
4.637341153470186E+009,-2.761620675252783E+001,1.725728726748299E+001,
4.641251221896383E+009,-2.775578736396588E+001,-1.098520389973395E+000,
4.645161290322580E+009,-2.767655402319282E+001,-1.963575509584545E+001,
4.649071358748778E+009,-2.752881026152487E+001,-3.601534490649900E+001,
4.652981427174975E+009,-2.721987520690164E+001,-5.485334175620416E+001,
4.656891495601173E+009,-2.708035754872941E+001,-7.344252666830820E+001,
4.660801564027371E+009,-2.691834172956346E+001,-9.186597980889415E+001,
4.664711632453568E+009,-2.668133211902870E+001,-1.101053519586607E+002,
4.668621700879766E+009,-2.656908340789727E+001,-1.287186605917331E+002,
4.672531769305963E+009,-2.657540431939492E+001,-1.467959730366943E+002,
4.676441837732161E+009,-2.612454433241346E+001,-1.625428189153816E+002,
4.680351906158358E+009,-2.550470343463690E+001,1.780310111533614E+002,
4.684261974584556E+009,-2.519607844644130E+001,1.584650841686600E+002,
4.688172043010753E+009,-2.488033377963822E+001,1.377596582740652E+002,
4.692082111436951E+009,-2.463641950708449E+001,1.174284551766178E+002,
4.695992179863148E+009,-2.465347575931924E+001,9.775223965590436E+001,
4.699902248289345E+009,-2.455116275119085E+001,7.944858368870395E+001,
4.703812316715543E+009,-2.441987064234031E+001,5.944717788445302E+001,
4.707722385141740E+009,-2.433292779488342E+001,4.122304032328375E+001,
4.711632453567938E+009,-2.398643480834508E+001,2.236402832458315E+001,
4.715542521994135E+009,-2.374888449003053E+001,3.052656747864885E+000,
4.719452590420332E+009,-2.363400908383431E+001,-1.688056998448727E+001,
4.723362658846530E+009,-2.357346864784145E+001,-3.625252844653191E+001,
4.727272727272727E+009,-2.332786029932185E+001,-5.526085782381423E+001,
4.731182795698925E+009,-2.303392238010291E+001,-7.500862057665417E+001,
4.735092864125122E+009,-2.293492486618168E+001,-9.569907701815673E+001,
4.739002932551320E+009,-2.297815439245196E+001,-1.158413211667023E+002,
4.742913000977517E+009,-2.296304585362514E+001,-1.354546798218487E+002,
4.746823069403714E+009,-2.290356140461807E+001,-1.551754814214138E+002,
4.750733137829912E+009,-2.306095439323195E+001,-1.755321478454694E+002,
4.754643206256109E+009,-2.319091886133522E+001,1.663346771287840E+002,
4.758553274682307E+009,-2.317116207629361E+001,1.477704011649101E+002,
4.762463343108504E+009,-2.312606019485459E+001,1.285577964087723E+002,
4.766373411534702E+009,-2.321667359879602E+001,1.092716394071727E+002,
4.770283479960899E+009,-2.327014386302285E+001,9.107284283915361E+001,
4.774193548387096E+009,-2.314228400701054E+001,7.319263166025516E+001,
4.778103616813294E+009,-2.300903484048370E+001,5.320681719148732E+001,
4.782013685239492E+009,-2.307816691928189E+001,3.318656576521598E+001,
4.785923753665690E+009,-2.320177506994229E+001,1.342733163172348E+001,
4.789833822091887E+009,-2.344387783275710E+001,-5.100239674168670E+000,
4.793743890518084E+009,-2.345350727773127E+001,-2.354199202344095E+001,
4.797653958944282E+009,-2.357286995539742E+001,-4.258225578466043E+001,
4.801564027370479E+009,-2.368921973600234E+001,-6.146317609778888E+001,
4.805474095796677E+009,-2.391199697454445E+001,-7.955220053646640E+001,
4.809384164222874E+009,-2.400254557832825E+001,-9.746232860212739E+001,
4.813294232649072E+009,-2.417218425774309E+001,-1.164911843463991E+002,
4.817204301075269E+009,-2.427358356529001E+001,-1.336731219484948E+002,
4.821114369501467E+009,-2.430947759442928E+001,-1.520683013367571E+002,
4.825024437927664E+009,-2.443604641690117E+001,-1.704369807191944E+002,
4.828934506353861E+009,-2.448359058939049E+001,1.722780667047562E+002,
4.832844574780059E+009,-2.464874963482621E+001,1.530573166465985E+002,
4.836754643206256E+009,-2.465369347177356E+001,1.350725436791198E+002,
4.840664711632454E+009,-2.484656441859475E+001,1.161890514492672E+002,
4.844574780058651E+009,-2.515845694086817E+001,9.802046244656367E+001,
4.848484848484848E+009,-2.530350367916884E+001,8.050662019365197E+001,
4.852394916911046E+009,-2.558509419631393E+001,6.344696393001935E+001,
4.856304985337243E+009,-2.554755299810172E+001,4.698246268308803E+001,
4.860215053763441E+009,-2.567589175416530E+001,2.985185806206957E+001,
4.864125122189638E+009,-2.561666984288295E+001,1.263326978197649E+001,
4.868035190615836E+009,-2.566841973220852E+001,-4.815046434985518E+000,
4.871945259042033E+009,-2.559081027243264E+001,-2.094238662869578E+001,
4.875855327468231E+009,-2.522232472714450E+001,-3.910947511926570E+001,
4.879765395894428E+009,-2.513208941008389E+001,-5.842794702589622E+001,
4.883675464320625E+009,-2.522150873457464E+001,-7.794150438741616E+001,
4.887585532746823E+009,-2.543426616030088E+001,-9.586430447396094E+001,
4.891495601173020E+009,-2.556859610925673E+001,-1.128291736139135E+002,
4.895405669599218E+009,-2.538319571063516E+001,-1.301700707175490E+002,
4.899315738025415E+009,-2.532024708552494E+001,-1.482435556488256E+002,
4.903225806451613E+009,-2.528939021567835E+001,-1.675543598987871E+002,
4.907135874877811E+009,-2.544443082577303E+001,1.742524763674503E+002,
4.911045943304008E+009,-2.551748939894845E+001,1.565108654516162E+002,
4.914956011730206E+009,-2.550744556585537E+001,1.384297030973160E+002,
4.918866080156403E+009,-2.557750379810373E+001,1.201719800325506E+002,
4.922776148582601E+009,-2.568769517803843E+001,1.019293543489458E+002,
4.926686217008798E+009,-2.587607730267809E+001,8.459342182356876E+001,
4.930596285434996E+009,-2.593931947014857E+001,6.801063245160772E+001,
4.934506353861193E+009,-2.578167169050873E+001,5.162074482994927E+001,
4.938416422287390E+009,-2.549843217677812E+001,3.415926393027669E+001,
4.942326490713588E+009,-2.543967463197184E+001,1.608744885199592E+001,
4.946236559139785E+009,-2.523391438321132E+001,-2.439654096807023E+000,
4.950146627565983E+009,-2.506576900341735E+001,-2.099371214847014E+001,
4.954056695992180E+009,-2.494151257945240E+001,-4.068597665675505E+001,
4.957966764418377E+009,-2.482748392814353E+001,-5.957328459471533E+001,
4.961876832844575E+009,-2.483894824540331E+001,-7.900257971343433E+001,
4.965786901270772E+009,-2.494870382493518E+001,-9.833768361732825E+001,
4.969696969696970E+009,-2.503897843046606E+001,-1.174364364610855E+002,
4.973607038123167E+009,-2.526057250039616E+001,-1.345629981703413E+002,
4.977517106549365E+009,-2.509755419569976E+001,-1.515720048559169E+002,
4.981427174975562E+009,-2.485781071423482E+001,-1.699806519235840E+002,
4.985337243401759E+009,-2.473676260985675E+001,1.698376037030078E+002,
4.989247311827957E+009,-2.468294452976231E+001,1.499504774967635E+002,
4.993157380254154E+009,-2.483791102894796E+001,1.309740486071769E+002,
4.997067448680352E+009,-2.489027724512667E+001,1.138306367913231E+002,
5.000977517106549E+009,-2.465696495470606E+001,9.512969512968031E+001,
5.004887585532747E+009,-2.446595104678063E+001,7.569769372868271E+001,
5.008797653958944E+009,-2.440039103129264E+001,5.489844505562204E+001,
5.012707722385141E+009,-2.452357234153128E+001,3.525714567497543E+001,
5.016617790811339E+009,-2.448442712382715E+001,1.616110597203089E+001,
5.020527859237536E+009,-2.455301791495254E+001,-3.907694280088545E+000,
5.024437927663734E+009,-2.468691118579286E+001,-2.310809803921559E+001,
5.028347996089932E+009,-2.479720612059777E+001,-4.154142628352940E+001,
5.032258064516129E+009,-2.469466831168401E+001,-5.973158637922644E+001,
5.036168132942327E+009,-2.458787195571681E+001,-7.993111969832825E+001,
5.040078201368524E+009,-2.465383943506864E+001,-1.000351111172930E+002,
5.043988269794722E+009,-2.469801179873567E+001,-1.200859012805657E+002,
5.047898338220919E+009,-2.491804214122061E+001,-1.390025196193857E+002,
5.051808406647117E+009,-2.497151894740842E+001,-1.571888114338472E+002,
5.055718475073314E+009,-2.490525385414404E+001,-1.768305119951542E+002,
5.059628543499512E+009,-2.501506850619299E+001,1.643262512407781E+002,
5.063538611925709E+009,-2.499097292019255E+001,1.455876234924012E+002,
5.067448680351906E+009,-2.483152754885156E+001,1.264115618923805E+002,
5.071358748778104E+009,-2.481336528849002E+001,1.055385288786575E+002,
5.075268817204301E+009,-2.499810255469356E+001,8.522759076663232E+001,
5.079178885630499E+009,-2.513258986865325E+001,6.567854763299130E+001,
5.083088954056696E+009,-2.534654085641407E+001,4.661045129727336E+001,
5.086999022482893E+009,-2.534439712507616E+001,2.783602587545834E+001,
5.090909090909091E+009,-2.536128346569871E+001,8.467156797212223E+000,
5.094819159335288E+009,-2.546251659216926E+001,-1.126987712770950E+001,
5.098729227761486E+009,-2.581013422446524E+001,-3.090516333874292E+001,
5.102639296187683E+009,-2.612213729513284E+001,-4.820304718601668E+001,
5.106549364613881E+009,-2.604006990600674E+001,-6.389708898212722E+001,
5.110459433040078E+009,-2.547890253065199E+001,-8.179497262558597E+001,
5.114369501466276E+009,-2.515958997361412E+001,-1.037125413674952E+002,
5.118279569892473E+009,-2.541714744862821E+001,-1.255419302715780E+002,
5.122189638318670E+009,-2.572203940568240E+001,-1.447821988307886E+002,
5.126099706744868E+009,-2.590327557739056E+001,-1.633247356175056E+002,
5.130009775171065E+009,-2.592796800721868E+001,1.786706955128518E+002,
5.133919843597263E+009,-2.581411883379836E+001,1.600945198281119E+002,
5.137829912023460E+009,-2.594323721829320E+001,1.405627601396140E+002,
5.141739980449657E+009,-2.594772572847084E+001,1.225931638821955E+002,
5.145650048875855E+009,-2.572627237296864E+001,1.029165675239980E+002,
5.149560117302053E+009,-2.573887321826502E+001,8.295738752601177E+001,
5.153470185728251E+009,-2.575977838803254E+001,6.272731956074618E+001,
5.157380254154448E+009,-2.602679459545026E+001,4.381229675901781E+001,
5.161290322580645E+009,-2.613392432863423E+001,2.568885372176875E+001,
5.165200391006843E+009,-2.609664300546963E+001,8.390613734710215E+000,
5.169110459433041E+009,-2.600750179017535E+001,-1.036919312117839E+001,
5.173020527859238E+009,-2.589634912704089E+001,-2.894638632145905E+001,
5.176930596285435E+009,-2.567725233511620E+001,-4.758175995302827E+001,
5.180840664711633E+009,-2.550580605747359E+001,-6.755055239539801E+001,
5.184750733137830E+009,-2.548019038951997E+001,-8.783168200927543E+001,
5.188660801564028E+009,-2.546459549812142E+001,-1.077182899878318E+002,
5.192570869990225E+009,-2.553023478706069E+001,-1.272706164557344E+002,
5.196480938416422E+009,-2.569876100956885E+001,-1.471630817284019E+002,
5.200391006842620E+009,-2.578914056491674E+001,-1.664057062883737E+002,
5.204301075268817E+009,-2.599763457801730E+001,1.736690844826066E+002,
5.208211143695015E+009,-2.627538907864908E+001,1.553383344389068E+002,
5.212121212121212E+009,-2.643840354570376E+001,1.385212025845201E+002,
5.216031280547409E+009,-2.642686073078144E+001,1.215093207772143E+002,
5.219941348973607E+009,-2.627875496091255E+001,1.032543861648946E+002,
5.223851417399805E+009,-2.629097598338854E+001,8.438101736957549E+001,
5.227761485826002E+009,-2.633296662226280E+001,6.596671424874333E+001,
5.231671554252199E+009,-2.630399802690370E+001,4.767375887566006E+001,
5.235581622678397E+009,-2.634819660992598E+001,2.968414243391596E+001,
5.239491691104594E+009,-2.630486576360044E+001,1.137251287775362E+001,
5.243401759530792E+009,-2.636930813600565E+001,-6.867869704856283E+000,
5.247311827956989E+009,-2.631710612193226E+001,-2.412120209423692E+001,
5.251221896383186E+009,-2.621397807716199E+001,-4.198551260432030E+001,
5.255131964809384E+009,-2.613776700933317E+001,-6.050401558281713E+001,
5.259042033235581E+009,-2.613990882188913E+001,-7.799452756130707E+001,
5.262952101661779E+009,-2.596477451146120E+001,-9.607847335862707E+001,
5.266862170087977E+009,-2.581808546547329E+001,-1.144325535836102E+002,
5.270772238514174E+009,-2.568394483036623E+001,-1.325430236736983E+002,
5.274682306940372E+009,-2.567060695840540E+001,-1.510754483980315E+002,
5.278592375366570E+009,-2.546152845424190E+001,-1.699038057557508E+002,
5.282502443792767E+009,-2.549579895788060E+001,1.724459448014623E+002,
5.286412512218964E+009,-2.524196713549686E+001,1.553626349614971E+002,
5.290322580645162E+009,-2.486784956624568E+001,1.370048571068985E+002,
5.294232649071359E+009,-2.464265048518132E+001,1.162089609019588E+002,
5.298142717497557E+009,-2.460260759741610E+001,9.632862458547065E+001,
5.302052785923754E+009,-2.461536954163110E+001,7.671553988939620E+001,
5.305962854349951E+009,-2.472283989801931E+001,5.824917503977434E+001,
5.309872922776149E+009,-2.464625288560114E+001,4.013769988328479E+001,
5.313782991202346E+009,-2.451520910975762E+001,2.231130496344153E+001,
5.317693059628544E+009,-2.434932619000130E+001,3.173119356014599E+000,
5.321603128054741E+009,-2.422449592058326E+001,-1.562724868653146E+001,
5.325513196480938E+009,-2.414122026013254E+001,-3.525107491126978E+001,
5.329423264907136E+009,-2.420846591358039E+001,-5.440890053701342E+001,
5.333333333333333E+009,-2.419717714719258E+001,-7.223075484595158E+001,
5.337243401759531E+009,-2.409754898089905E+001,-9.206995946704281E+001,
5.341153470185728E+009,-2.410120132847712E+001,-1.110160877984424E+002,
5.345063538611926E+009,-2.419274587012671E+001,-1.296066463874937E+002,
5.348973607038123E+009,-2.413096539238208E+001,-1.474305328628579E+002,
5.352883675464321E+009,-2.399570436934762E+001,-1.658797074391754E+002,
5.356793743890518E+009,-2.390142335866974E+001,1.748742933968304E+002,
5.360703812316715E+009,-2.382752484257395E+001,1.554029666070328E+002,
5.364613880742913E+009,-2.371068107523829E+001,1.360695459297361E+002,
5.368523949169110E+009,-2.373190786578503E+001,1.159883043239015E+002,
5.372434017595308E+009,-2.387401662599584E+001,9.754597971378193E+001,
5.376344086021505E+009,-2.401003089399777E+001,7.810033488415296E+001,
5.380254154447702E+009,-2.408855897726265E+001,5.925946393843821E+001,
5.384164222873900E+009,-2.419816318153831E+001,4.121655673476614E+001,
5.388074291300098E+009,-2.415750772992652E+001,2.282383420962719E+001,
5.391984359726296E+009,-2.419328633837795E+001,4.044576965692514E+000,
5.395894428152493E+009,-2.420800661811855E+001,-1.504083376255561E+001,
5.399804496578690E+009,-2.428823020123928E+001,-3.461749467860167E+001,
5.403714565004888E+009,-2.443077857635620E+001,-5.307020511426886E+001,
5.407624633431086E+009,-2.467611813157900E+001,-7.040595467477191E+001,
5.411534701857283E+009,-2.457101147049036E+001,-8.773913224888173E+001,
5.415444770283480E+009,-2.444903259916805E+001,-1.052750574592884E+002,
5.419354838709678E+009,-2.435097728933989E+001,-1.240521765906944E+002,
5.423264907135875E+009,-2.415657287952692E+001,-1.429533776818889E+002,
5.427174975562073E+009,-2.412417789024401E+001,-1.629819686023964E+002,
5.431085043988270E+009,-2.433903166235936E+001,1.769168297906340E+002,
5.434995112414467E+009,-2.473019551912000E+001,1.583939738912040E+002,
5.438905180840665E+009,-2.489420334596007E+001,1.424344693312980E+002,
5.442815249266862E+009,-2.482087735519912E+001,1.257823795227031E+002,
5.446725317693060E+009,-2.457106725105086E+001,1.087047327755185E+002,
5.450635386119257E+009,-2.417213619105356E+001,9.108341089973597E+001,
5.454545454545454E+009,-2.386211369108846E+001,7.158257210701204E+001,
5.458455522971652E+009,-2.369451700935793E+001,5.247186297376333E+001,
5.462365591397850E+009,-2.346072301463922E+001,3.208063505568128E+001,
5.466275659824047E+009,-2.329174391050083E+001,1.075785572415500E+001,
5.470185728250244E+009,-2.342480716023255E+001,-1.036987244387052E+001,
5.474095796676442E+009,-2.362061107315246E+001,-2.979573215891027E+001,
5.478005865102639E+009,-2.373344502631886E+001,-4.876281233256453E+001,
5.481915933528837E+009,-2.378190793507074E+001,-6.711685760562284E+001,
5.485826001955034E+009,-2.372776489051331E+001,-8.621260691123368E+001,
5.489736070381231E+009,-2.359512938365075E+001,-1.051325078246888E+002,
5.493646138807429E+009,-2.352532463402553E+001,-1.251416707058633E+002,
5.497556207233626E+009,-2.348427915529125E+001,-1.447809779556501E+002,
5.501466275659824E+009,-2.335458897695040E+001,-1.655049831714072E+002,
5.505376344086021E+009,-2.338998519929361E+001,1.730482895574194E+002,
5.509286412512219E+009,-2.349965819045073E+001,1.519849726872072E+002,
5.513196480938417E+009,-2.381891294970170E+001,1.314466128785444E+002,
5.517106549364615E+009,-2.413300233087395E+001,1.115737746322016E+002,
5.521016617790812E+009,-2.434111717413570E+001,9.201013024666446E+001,
5.524926686217009E+009,-2.455678897608220E+001,7.175187593938402E+001,
5.528836754643207E+009,-2.487770233622037E+001,5.341482481821153E+001,
5.532746823069404E+009,-2.515898478692349E+001,3.522277624951434E+001,
5.536656891495602E+009,-2.512535033166959E+001,1.634309705494037E+001,
5.540566959921799E+009,-2.521961132961495E+001,-2.724319434720570E+000,
5.544477028347996E+009,-2.516288610562649E+001,-2.222558029801611E+001,
5.548387096774194E+009,-2.519024261816242E+001,-4.299088499695746E+001,
5.552297165200391E+009,-2.546869202198330E+001,-6.371934315050523E+001,
5.556207233626589E+009,-2.589812883957661E+001,-8.427013271855466E+001,
5.560117302052786E+009,-2.633360506704053E+001,-1.034161881769612E+002,
5.564027370478983E+009,-2.662975788255172E+001,-1.217696889638537E+002,
5.567937438905181E+009,-2.678015857879139E+001,-1.398135536458887E+002,
5.571847507331378E+009,-2.697166433396003E+001,-1.596134522654647E+002,
5.575757575757576E+009,-2.736082433786727E+001,-1.778457220415384E+002,
5.579667644183773E+009,-2.749380709161346E+001,1.650731171913748E+002,
5.583577712609971E+009,-2.732601319070109E+001,1.447929447789129E+002,
5.587487781036168E+009,-2.763395632975996E+001,1.238047337159073E+002,
5.591397849462366E+009,-2.809219757164641E+001,1.048452921693792E+002,
5.595307917888563E+009,-2.861152609980518E+001,8.777177897120774E+001,
5.599217986314760E+009,-2.849219381143676E+001,7.043954468450646E+001,
5.603128054740958E+009,-2.869312994255282E+001,5.180412652276930E+001,
5.607038123167155E+009,-2.876753256570193E+001,3.321157718315123E+001,
5.610948191593353E+009,-2.889865029250107E+001,1.357887456243748E+001,
5.614858260019550E+009,-2.932672676211715E+001,-5.947917942889805E+000,
5.618768328445747E+009,-2.987742453089481E+001,-2.322885569285198E+001,
5.622678396871945E+009,-3.009418604696014E+001,-3.857371640132061E+001,
5.626588465298142E+009,-2.963177165430593E+001,-5.537655590450279E+001,
5.630498533724340E+009,-2.975010837022106E+001,-7.591601757482931E+001,
5.634408602150538E+009,-3.021768646554325E+001,-9.498040078673736E+001,
5.638318670576735E+009,-3.046862141647575E+001,-1.105393357606165E+002,
5.642228739002933E+009,-3.054337025662986E+001,-1.266794935346331E+002,
5.646138807429131E+009,-3.038679936247229E+001,-1.435875623199526E+002,
5.650048875855328E+009,-3.029528225587592E+001,-1.610016470629456E+002,
5.653958944281525E+009,-3.039532327310996E+001,-1.771127938673383E+002,
5.657869012707723E+009,-2.987743909327591E+001,1.663971288772491E+002,
5.661779081133920E+009,-2.929918369487465E+001,1.481528373921762E+002,
5.665689149560118E+009,-2.883407706007105E+001,1.278329511737938E+002,
5.669599217986315E+009,-2.839870862405987E+001,1.070596315764580E+002,
5.673509286412512E+009,-2.843347698862218E+001,8.311244050399183E+001,
5.677419354838710E+009,-2.899692644495027E+001,6.139696795281402E+001,
5.681329423264907E+009,-2.963319506253133E+001,4.469917933254386E+001,
5.685239491691105E+009,-2.963384871978381E+001,2.969050294633176E+001,
5.689149560117302E+009,-2.944875286080242E+001,1.459665681068078E+001,
5.693059628543499E+009,-2.879962939410678E+001,-3.028637571420151E+000,
5.696969696969697E+009,-2.839261941047250E+001,-2.224815821926921E+001,
5.700879765395895E+009,-2.782503726585798E+001,-4.130313528540513E+001,
5.704789833822092E+009,-2.733791357739260E+001,-6.262762878122949E+001,
5.708699902248289E+009,-2.712936206581092E+001,-8.460946746417525E+001,
5.712609970674487E+009,-2.699076412802591E+001,-1.073313406995723E+002,
5.716520039100684E+009,-2.736017737995368E+001,-1.297734476924950E+002,
5.720430107526882E+009,-2.771883389431795E+001,-1.497950309879477E+002,
5.724340175953079E+009,-2.795866407388568E+001,-1.668307190506257E+002,
5.728250244379276E+009,-2.757779067416948E+001,1.762413300437859E+002,
5.732160312805474E+009,-2.726490159835330E+001,1.566399926484673E+002,
5.736070381231671E+009,-2.698075172008394E+001,1.352616123612433E+002,
5.739980449657869E+009,-2.680795566130175E+001,1.143856759646495E+002,
5.743890518084066E+009,-2.677063997231431E+001,9.312338749507070E+001,
5.747800586510263E+009,-2.696155089510616E+001,7.069709744353619E+001,
5.751710654936461E+009,-2.702033478924906E+001,5.023882464740733E+001,
5.755620723362660E+009,-2.716882362751260E+001,2.995911786996216E+001,
5.759530791788857E+009,-2.741774082347365E+001,9.606835991095608E+000,
5.763440860215054E+009,-2.770169861849982E+001,-9.860283057712437E+000,
5.767350928641252E+009,-2.768914557034739E+001,-2.784054332088623E+001,
5.771260997067449E+009,-2.761391428050442E+001,-4.726370220622020E+001,
5.775171065493647E+009,-2.772709585916184E+001,-6.827086115444705E+001,
5.779081133919844E+009,-2.777830438566275E+001,-8.818055197164995E+001,
5.782991202346041E+009,-2.789789512751852E+001,-1.085020257710864E+002,
5.786901270772239E+009,-2.811022516015685E+001,-1.297146022592885E+002,
5.790811339198436E+009,-2.855215127429391E+001,-1.499804200347237E+002,
5.794721407624634E+009,-2.898827773256826E+001,-1.692386242992064E+002,
5.798631476050831E+009,-2.938927435105720E+001,1.741219308213904E+002,
5.802541544477028E+009,-2.945635706692498E+001,1.563703290801558E+002,
5.806451612903226E+009,-2.952259624260119E+001,1.401295660747553E+002,
5.810361681329423E+009,-2.918831337375669E+001,1.213052315927870E+002,
5.814271749755621E+009,-2.915122303196025E+001,1.012461750957153E+002,
5.818181818181818E+009,-2.933884635929762E+001,8.145625373373747E+001,
5.822091886608016E+009,-2.928431157473670E+001,6.249340876113336E+001,
5.826001955034213E+009,-2.949259379699191E+001,4.006006988158700E+001,
5.829912023460411E+009,-3.011383520655993E+001,2.064064509699025E+001,
5.833822091886608E+009,-3.066887409766139E+001,4.514276327690654E+000,
5.837732160312805E+009,-3.100864179045841E+001,-1.110963508770446E+001,
5.841642228739003E+009,-3.067971425165270E+001,-2.662066294209173E+001,
5.845552297165200E+009,-3.060013947520956E+001,-4.461390063765439E+001,
5.849462365591398E+009,-3.051737166711575E+001,-6.253979418010832E+001,
5.853372434017595E+009,-3.032772025588695E+001,-8.186599134326670E+001,
5.857282502443792E+009,-3.034622885420871E+001,-1.019799092369629E+002,
5.861192570869990E+009,-3.064257312885318E+001,-1.208897872657556E+002,
5.865102639296187E+009,-3.088203033864009E+001,-1.384687899652975E+002,
5.869012707722385E+009,-3.097750263269130E+001,-1.552877204046167E+002,
5.872922776148583E+009,-3.073886960212939E+001,-1.721105671140873E+002,
5.876832844574780E+009,-3.080589399347062E+001,1.697947091316636E+002,
5.880742913000978E+009,-3.075829544537756E+001,1.525136261663447E+002,
5.884652981427176E+009,-3.053068750884902E+001,1.336245991046547E+002,
5.888563049853373E+009,-3.058743555949351E+001,1.163105781732455E+002,
5.892473118279570E+009,-3.058169852692963E+001,9.901598388919088E+001,
5.896383186705768E+009,-3.051169468747237E+001,8.235266484866862E+001,
5.900293255131965E+009,-2.992605755441759E+001,6.413717915175634E+001,
5.904203323558163E+009,-2.983473547634889E+001,4.411280423969340E+001,
5.908113391984360E+009,-2.962136578709706E+001,2.499436873937677E+001,
5.912023460410557E+009,-2.940997082251613E+001,3.559139030481197E+000,
5.915933528836755E+009,-2.961248400823280E+001,-1.747913286221510E+001,
5.919843597262952E+009,-2.989168799099687E+001,-3.634776444981994E+001,
5.923753665689150E+009,-3.021583636995899E+001,-5.308781862899126E+001,
5.927663734115347E+009,-3.050114155778993E+001,-7.002115676501407E+001,
5.931573802541544E+009,-3.046683828637284E+001,-8.589097946551476E+001,
5.935483870967742E+009,-3.022610832217779E+001,-1.027021761492620E+002,
5.939393939393940E+009,-3.001963461256310E+001,-1.176537249968112E+002,
5.943304007820137E+009,-2.919407745954779E+001,-1.360757604298717E+002,
5.947214076246334E+009,-2.855874577109270E+001,-1.583672362432943E+002,
5.951124144672532E+009,-2.872542607371041E+001,1.791038186210735E+002,
5.955034213098729E+009,-2.906672093871087E+001,1.592633765865935E+002,
5.958944281524927E+009,-2.944895238773399E+001,1.389699817511673E+002,
5.962854349951124E+009,-3.010735684070510E+001,1.223878306981029E+002,
5.966764418377321E+009,-3.017090011522059E+001,1.104725726750631E+002,
5.970674486803519E+009,-2.944843278272823E+001,9.346887246883520E+001,
5.974584555229716E+009,-2.923906621988344E+001,7.528359658505396E+001,
5.978494623655914E+009,-2.891315361284309E+001,5.632987803137111E+001,
5.982404692082111E+009,-2.876559702825101E+001,3.791126912558659E+001,
5.986314760508308E+009,-2.851773642574786E+001,1.852790927591572E+001,
5.990224828934506E+009,-2.860817319315101E+001,-1.474135780799384E+000,
5.994134897360704E+009,-2.870037905809960E+001,-1.973751495941292E+001,
5.998044965786902E+009,-2.871915079339314E+001,-3.534299533944608E+001,
6.001955034213099E+009,-2.838884465096785E+001,-5.305725830389930E+001,
6.005865102639297E+009,-2.826287705092053E+001,-7.018444862940470E+001,
6.009775171065494E+009,-2.772945522307335E+001,-8.731871417413665E+001,
6.013685239491692E+009,-2.722890879030770E+001,-1.075694825686214E+002,
6.017595307917889E+009,-2.707433451329665E+001,-1.276488852685437E+002,
6.021505376344086E+009,-2.697791830760953E+001,-1.456945052255053E+002,
6.025415444770284E+009,-2.656817498127576E+001,-1.650722438389851E+002,
6.029325513196481E+009,-2.638456014271756E+001,1.755246864263985E+002,
6.033235581622679E+009,-2.609584662589949E+001,1.566091566458159E+002,
6.037145650048876E+009,-2.581911704755581E+001,1.371727176193076E+002,
6.041055718475073E+009,-2.566480909073257E+001,1.172182678683866E+002,
6.044965786901271E+009,-2.559754606874771E+001,9.729399823559295E+001,
6.048875855327468E+009,-2.528876125169624E+001,7.800640622655180E+001,
6.052785923753666E+009,-2.511136243829764E+001,5.767673952052523E+001,
6.056695992179863E+009,-2.494777813286394E+001,3.727122993400519E+001,
6.060606060606061E+009,-2.487942464261302E+001,1.689324151365823E+001,
6.064516129032258E+009,-2.486317211049448E+001,-2.684903988580166E+000,
6.068426197458456E+009,-2.471881868285248E+001,-2.317394492553823E+001,
6.072336265884653E+009,-2.478154459871590E+001,-4.368419618099348E+001,
6.076246334310850E+009,-2.469175649197227E+001,-6.368377857966165E+001,
6.080156402737048E+009,-2.466835453991829E+001,-8.420369074220605E+001,
6.084066471163245E+009,-2.469002555918671E+001,-1.044805159027152E+002,
6.087976539589443E+009,-2.479390251770716E+001,-1.245591150369144E+002,
6.091886608015640E+009,-2.490372475074909E+001,-1.437037242407075E+002,
6.095796676441837E+009,-2.493517030793046E+001,-1.625606198506484E+002,
6.099706744868035E+009,-2.480440551180067E+001,1.776357838009151E+002,
6.103616813294232E+009,-2.469536824972355E+001,1.579419798180483E+002,
6.107526881720430E+009,-2.464084763000712E+001,1.369980498280122E+002,
6.111436950146627E+009,-2.476357400015155E+001,1.152241457590437E+002,
6.115347018572825E+009,-2.505040262770875E+001,9.472282589081841E+001,
6.119257086999023E+009,-2.531137103581611E+001,7.477128189519885E+001,
6.123167155425221E+009,-2.557192356831703E+001,5.492924691462378E+001,
6.127077223851418E+009,-2.580278820082409E+001,3.642490176524309E+001,
6.130987292277615E+009,-2.599533673270148E+001,1.647278330690883E+001,
6.134897360703813E+009,-2.633459499763666E+001,-2.294904452832305E+000,
6.138807429130010E+009,-2.658756495948202E+001,-1.970267928464782E+001,
6.142717497556208E+009,-2.659271345903230E+001,-3.795070002908175E+001,
6.146627565982405E+009,-2.654229096689014E+001,-5.626037134607501E+001,
6.150537634408602E+009,-2.648801169089937E+001,-7.657059191192548E+001,
6.154447702834800E+009,-2.666239848326864E+001,-9.740107102453614E+001,
6.158357771260998E+009,-2.705264816733553E+001,-1.176982938440559E+002,
6.162267839687195E+009,-2.751722805307670E+001,-1.362358353017532E+002,
6.166177908113392E+009,-2.792447146178498E+001,-1.537568896928397E+002,
6.170087976539589E+009,-2.826996413237275E+001,-1.694264075978880E+002,
6.173998044965787E+009,-2.815589212829922E+001,1.725795184403930E+002,
6.177908113391985E+009,-2.823818682086629E+001,1.544956834708306E+002,
6.181818181818182E+009,-2.859082175054133E+001,1.361383346111144E+002,
6.185728250244379E+009,-2.863085160101116E+001,1.194584253926832E+002,
6.189638318670576E+009,-2.868596371728505E+001,1.010572987863835E+002,
6.193548387096774E+009,-2.855179177027492E+001,8.280987234636598E+001,
6.197458455522972E+009,-2.857974867766441E+001,6.325065979375136E+001,
6.201368523949169E+009,-2.900527953962449E+001,4.445077852090197E+001,
6.205278592375366E+009,-2.931879628051044E+001,2.814186388760009E+001,
6.209188660801564E+009,-2.909060522420198E+001,1.072662090277661E+001,
6.213098729227762E+009,-2.917569383641084E+001,-9.505848418554695E+000,
6.217008797653959E+009,-2.944438103528789E+001,-2.754383111497888E+001,
6.220918866080156E+009,-2.990052628768901E+001,-4.541719393078718E+001,
6.224828934506353E+009,-3.014628719517251E+001,-6.137697876517806E+001,
6.228739002932551E+009,-2.998082386988849E+001,-7.714699659492604E+001,
6.232649071358749E+009,-3.028865723230271E+001,-9.543401406586807E+001,
6.236559139784946E+009,-3.048996723696945E+001,-1.115769677094595E+002,
6.240469208211144E+009,-3.057095945645208E+001,-1.261091360985787E+002,
6.244379276637341E+009,-2.977396206293210E+001,-1.424753844304124E+002,
6.248289345063539E+009,-2.967017352629080E+001,-1.635063124099820E+002,
6.252199413489737E+009,-2.972768476348217E+001,1.770513312859067E+002,
6.256109481915934E+009,-3.010522464861589E+001,1.587265822824908E+002,
6.260019550342131E+009,-3.031975111461385E+001,1.419031577292012E+002,
6.263929618768329E+009,-3.059535483921797E+001,1.252843150284722E+002,
6.267839687194526E+009,-3.091762776597214E+001,1.123819088019396E+002,
6.271749755620724E+009,-3.032505669793971E+001,9.638952698084631E+001,
6.275659824046921E+009,-2.999736528121812E+001,8.001739966796541E+001,
6.279569892473118E+009,-2.952321567535955E+001,6.235521637859077E+001,
6.283479960899316E+009,-2.915725779281549E+001,4.480154989553591E+001,
6.287390029325514E+009,-2.875215788295385E+001,2.519864211187334E+001,
6.291300097751711E+009,-2.866956416230894E+001,4.802999399508787E+000,
6.295210166177908E+009,-2.877914536409308E+001,-1.462145472833909E+001,
6.299120234604105E+009,-2.879286337367852E+001,-3.258483469338339E+001,
6.303030303030303E+009,-2.897761081706481E+001,-5.147699695724631E+001,
6.306940371456501E+009,-2.895947505322947E+001,-6.671622796522902E+001,
6.310850439882698E+009,-2.850644470589781E+001,-8.401128621437630E+001,
6.314760508308895E+009,-2.824798643772689E+001,-1.029087700678720E+002,
6.318670576735093E+009,-2.786897254856454E+001,-1.214427452779903E+002,
6.322580645161290E+009,-2.758577961529763E+001,-1.410153165174336E+002,
6.326490713587488E+009,-2.741117982094936E+001,-1.621462803154423E+002,
6.330400782013685E+009,-2.755052534146984E+001,1.772086694870332E+002,
6.334310850439882E+009,-2.782981023190468E+001,1.575205575895060E+002,
6.338220918866080E+009,-2.800847049688672E+001,1.396915472830752E+002,
6.342130987292278E+009,-2.805054153237002E+001,1.220578135894427E+002,
6.346041055718475E+009,-2.796464629529623E+001,1.031617245007617E+002,
6.349951124144672E+009,-2.805166057941665E+001,8.530226818382340E+001,
6.353861192570869E+009,-2.763022079104289E+001,6.783504475000615E+001,
6.357771260997068E+009,-2.746185070913857E+001,4.765709876687498E+001,
6.361681329423266E+009,-2.747616166602631E+001,2.711173077407629E+001,
6.365591397849463E+009,-2.756605463698101E+001,7.667685886939092E+000,
6.369501466275660E+009,-2.769219927585740E+001,-1.295208525848769E+001,
6.373411534701857E+009,-2.789634086672737E+001,-3.185913817657783E+001,
6.377321603128055E+009,-2.806599650024396E+001,-5.006336948393235E+001,
6.381231671554253E+009,-2.827773103726338E+001,-6.873315502346122E+001,
6.385141739980450E+009,-2.820484693660433E+001,-8.712817685475957E+001,
6.389051808406647E+009,-2.845868569377392E+001,-1.063534898662376E+002,
6.392961876832845E+009,-2.869222373327962E+001,-1.241255677399226E+002,
6.396871945259043E+009,-2.854974859630344E+001,-1.431162361362502E+002,
6.400782013685240E+009,-2.872564731198596E+001,-1.607552164457727E+002,
6.404692082111437E+009,-2.866651885011921E+001,-1.791040464692132E+002,
6.408602150537634E+009,-2.854569490234673E+001,1.619286493738673E+002,
6.412512218963832E+009,-2.847381638714289E+001,1.421026552609306E+002,
6.416422287390030E+009,-2.882468834404987E+001,1.214799145977863E+002,
6.420332355816227E+009,-2.919283198416018E+001,1.040406286642549E+002,
6.424242424242424E+009,-2.931192570350250E+001,8.590663102007994E+001,
6.428152492668621E+009,-2.953282732553111E+001,6.746478956968167E+001,
6.432062561094819E+009,-2.961392119338294E+001,4.890496894345253E+001,
6.435972629521017E+009,-2.979690645622916E+001,3.074783528784037E+001,
6.439882697947214E+009,-3.010562007810245E+001,1.251539036308718E+001,
6.443792766373411E+009,-3.023551473326720E+001,-3.480953712103233E+000,
6.447702834799609E+009,-3.042677276431429E+001,-2.005192130254071E+001,
6.451612903225807E+009,-3.021741805498030E+001,-3.697797480264262E+001,
6.455522971652004E+009,-2.997747809571312E+001,-5.425156118755970E+001,
6.459433040078201E+009,-2.969941825604352E+001,-7.481866204015860E+001,
6.463343108504398E+009,-2.972600383226082E+001,-9.564817205804039E+001,
6.467253176930596E+009,-3.006848158342979E+001,-1.143900667325327E+002,
6.471163245356794E+009,-3.028262825981418E+001,-1.331574923912154E+002,
6.475073313782991E+009,-3.060064868068626E+001,-1.512695603718131E+002,
6.478983382209189E+009,-3.107056151173314E+001,-1.663933584506827E+002,
6.482893450635386E+009,-3.070084895195076E+001,1.789962797969959E+002,
6.486803519061584E+009,-3.018349211094328E+001,1.616220303493904E+002,
6.490713587487782E+009,-3.010314879117128E+001,1.414293938134078E+002,
6.494623655913979E+009,-2.994191142742450E+001,1.219965509295493E+002,
6.498533724340176E+009,-3.002018307852342E+001,1.018417697511800E+002,
6.502443792766374E+009,-3.023350474092383E+001,8.238745713358321E+001,
6.506353861192571E+009,-3.053479707619665E+001,6.451397534509239E+001,
6.510263929618769E+009,-3.058682810392465E+001,5.005642552629814E+001,
6.514173998044966E+009,-3.013566340753260E+001,3.193156233110383E+001,
6.518084066471163E+009,-2.977259890207288E+001,1.178999134595615E+001,
6.521994134897361E+009,-2.988204264694838E+001,-9.024936137441401E+000,
6.525904203323559E+009,-2.981995074750285E+001,-2.675167229550155E+001,
6.529814271749756E+009,-2.956467513023390E+001,-4.719988623165541E+001,
6.533724340175953E+009,-2.973424811039753E+001,-6.959158807413574E+001,
6.537634408602150E+009,-3.005917530552051E+001,-8.909666382405345E+001,
6.541544477028348E+009,-3.072810618594757E+001,-1.070305441555357E+002,
6.545454545454546E+009,-3.100015017224795E+001,-1.215721710881585E+002,
6.549364613880743E+009,-3.063928634975411E+001,-1.386995493510339E+002,
6.553274682306940E+009,-3.006327351356924E+001,-1.580255201371101E+002,
6.557184750733138E+009,-2.995404431679294E+001,1.795673186926131E+002,
6.561094819159335E+009,-3.038292289939167E+001,1.586852558078597E+002,
6.565004887585533E+009,-3.078829271528549E+001,1.405483811355445E+002,
6.568914956011730E+009,-3.072023133782735E+001,1.219252365277880E+002,
6.572825024437927E+009,-3.107209768127513E+001,1.019678722576512E+002,
6.576735092864125E+009,-3.111606650491840E+001,8.571266036699655E+001,
6.580645161290323E+009,-3.108268042144417E+001,6.697141823043313E+001,
6.584555229716520E+009,-3.158832167669544E+001,4.743509875703352E+001,
6.588465298142717E+009,-3.161204899083193E+001,3.066775939038991E+001,
6.592375366568914E+009,-3.163517959830756E+001,1.380427536967944E+001,
6.596285434995112E+009,-3.136308153351756E+001,-3.424837665165789E+000,
6.600195503421310E+009,-3.117902231001623E+001,-2.438581489704087E+001,
6.604105571847508E+009,-3.138875123474002E+001,-4.340479287417339E+001,
6.608015640273705E+009,-3.147533161515510E+001,-6.309107577555967E+001,
6.611925708699902E+009,-3.145307391803046E+001,-8.047445589182213E+001,
6.615835777126100E+009,-3.145466538259658E+001,-1.005204459960416E+002,
6.619745845552298E+009,-3.188624361997250E+001,-1.194069273217996E+002,
6.623655913978495E+009,-3.212717666509916E+001,-1.355847857666734E+002,
6.627565982404692E+009,-3.163200510063395E+001,-1.505103937014370E+002,
6.631476050830890E+009,-3.124507659670782E+001,-1.702656915003108E+002,
6.635386119257088E+009,-3.113077928629206E+001,1.698742068065579E+002,
6.639296187683285E+009,-3.064926595456205E+001,1.496682222588541E+002,
6.643206256109482E+009,-3.047289708265698E+001,1.271609761651836E+002,
6.647116324535679E+009,-3.074995802377201E+001,1.043783353493243E+002,
6.651026392961877E+009,-3.154013337759810E+001,8.314436672331674E+001,
6.654936461388075E+009,-3.202755408614464E+001,6.824616916992075E+001,
6.658846529814272E+009,-3.187631044193786E+001,5.063288492707993E+001,
6.662756598240469E+009,-3.197798596902880E+001,3.310918894775990E+001,
6.666666666666666E+009,-3.177431701426038E+001,1.569486311147470E+001,
6.670576735092864E+009,-3.160872421467042E+001,-3.062556904455996E+000,
6.674486803519062E+009,-3.112557809481901E+001,-2.159756297640473E+001,
6.678396871945259E+009,-3.105487352204961E+001,-4.131350512707336E+001,
6.682306940371456E+009,-3.087143552952966E+001,-6.238159663920419E+001,
6.686217008797654E+009,-3.063625074788214E+001,-8.440463462709438E+001,
6.690127077223852E+009,-3.093695526589536E+001,-1.063103848627108E+002,
6.694037145650049E+009,-3.152053954106858E+001,-1.246146370155925E+002,
6.697947214076246E+009,-3.141132899802780E+001,-1.435988978902793E+002,
6.701857282502443E+009,-3.170353211058381E+001,-1.624360462451390E+002,
6.705767350928641E+009,-3.183177803898131E+001,-1.796902523227774E+002,
6.709677419354839E+009,-3.163095196269958E+001,1.634322867291226E+002,
6.713587487781036E+009,-3.145605619442470E+001,1.441271311477522E+002,
6.717497556207233E+009,-3.115720200436323E+001,1.235724683017914E+002,
6.721407624633431E+009,-3.090395732965245E+001,1.024445548556029E+002,
6.725317693059629E+009,-3.095845482849022E+001,8.261227293665149E+001,
6.729227761485827E+009,-3.085778286661208E+001,6.204141292965402E+001,
6.733137829912024E+009,-3.093209450308417E+001,4.122587573066944E+001,
6.737047898338221E+009,-3.127313843252878E+001,2.007252536664011E+001,
6.740957966764419E+009,-3.148095778462266E+001,8.418636427512598E-001,
6.744868035190616E+009,-3.168175157706638E+001,-1.730720886420387E+001,
6.748778103616814E+009,-3.179684360850548E+001,-3.424630911804270E+001,
6.752688172043011E+009,-3.185375374705557E+001,-5.365408424089704E+001,
6.756598240469208E+009,-3.168498571235327E+001,-7.247246273609869E+001,
6.760508308895406E+009,-3.176514350809100E+001,-9.313714406290565E+001,
6.764418377321604E+009,-3.193853318916931E+001,-1.122434568104432E+002,
6.768328445747801E+009,-3.210460016987160E+001,-1.315633720725132E+002,
6.772238514173998E+009,-3.213626744853658E+001,-1.493856189802613E+002,
6.776148582600195E+009,-3.234283406794759E+001,-1.672857424157564E+002,
6.780058651026393E+009,-3.232787597584070E+001,1.748968887501433E+002,
6.783968719452591E+009,-3.227069402484861E+001,1.553108796190863E+002,
6.787878787878788E+009,-3.242278794538323E+001,1.360442259140257E+002,
6.791788856304985E+009,-3.268569503592126E+001,1.203018498728873E+002,
6.795698924731183E+009,-3.256056227883140E+001,1.027266353112811E+002,
6.799608993157380E+009,-3.247468360994432E+001,8.521813202915197E+001,
6.803519061583578E+009,-3.236467924294029E+001,6.627059404271058E+001,
6.807429130009775E+009,-3.243112427699772E+001,4.789201152823178E+001,
6.811339198435972E+009,-3.249982313661328E+001,3.113916009113294E+001,
6.815249266862170E+009,-3.220782834279707E+001,1.372083152603075E+001,
6.819159335288368E+009,-3.209424199874886E+001,-4.701736886556070E+000,
6.823069403714565E+009,-3.208781748078717E+001,-2.314349132775665E+001,
6.826979472140762E+009,-3.224375907239511E+001,-4.069838239930780E+001,
6.830889540566959E+009,-3.216488605918649E+001,-5.569490846908922E+001,
6.834799608993157E+009,-3.157701764833439E+001,-7.180597655844458E+001,
6.838709677419355E+009,-3.101516707559384E+001,-9.092120255774451E+001,
6.842619745845552E+009,-3.074087890451900E+001,-1.113137402299816E+002,
6.846529814271750E+009,-3.059137749636566E+001,-1.307447708140020E+002,
6.850439882697948E+009,-3.055164424003685E+001,-1.504425723188402E+002,
6.854349951124145E+009,-3.066151392152798E+001,-1.685536435249411E+002,
6.858260019550343E+009,-3.056613227987360E+001,1.744957186281542E+002,
6.862170087976540E+009,-3.038588937387934E+001,1.576032577939644E+002,
6.866080156402737E+009,-2.992046305147522E+001,1.407125243494245E+002,
6.869990224828935E+009,-2.949069866745447E+001,1.217605531235193E+002,
6.873900293255133E+009,-2.903918978839206E+001,1.019025149316720E+002,
6.877810361681330E+009,-2.882205537185780E+001,8.160720987019619E+001,
6.881720430107527E+009,-2.858457649735623E+001,6.245132033395387E+001,
6.885630498533724E+009,-2.835033674460842E+001,4.263008206314795E+001,
6.889540566959922E+009,-2.828344354265167E+001,2.285284540999026E+001,
6.893450635386120E+009,-2.804012943525336E+001,2.764371406366965E+000,
6.897360703812317E+009,-2.809437044534478E+001,-1.755026111931976E+001,
6.901270772238514E+009,-2.817197920628098E+001,-3.464008303114913E+001,
6.905180840664711E+009,-2.808295910410754E+001,-5.320622659762779E+001,
6.909090909090909E+009,-2.774766370207725E+001,-7.172249506311214E+001,
6.913000977517107E+009,-2.750050459663109E+001,-9.137871535707090E+001,
6.916911045943304E+009,-2.723312043208476E+001,-1.104540396839137E+002,
6.920821114369501E+009,-2.686685641866734E+001,-1.310032162543913E+002,
6.924731182795699E+009,-2.699777954238701E+001,-1.524149150978814E+002,
6.928641251221897E+009,-2.704775964263353E+001,-1.716429936734088E+002,
6.932551319648094E+009,-2.696994280031476E+001,1.693033859332745E+002,
6.936461388074291E+009,-2.695177259601972E+001,1.486818375662480E+002,
6.940371456500488E+009,-2.711088484629061E+001,1.290233863965058E+002,
6.944281524926686E+009,-2.719935258928633E+001,1.105412919925985E+002,
6.948191593352884E+009,-2.699540446164557E+001,9.257701963697042E+001,
6.952101661779081E+009,-2.679357315300526E+001,7.293277541172583E+001,
6.956011730205278E+009,-2.682934539822732E+001,5.234308312329702E+001,
6.959921798631475E+009,-2.688684928353694E+001,3.255790197309550E+001,
6.963831867057674E+009,-2.697421610163082E+001,1.280083937156527E+001,
6.967741935483872E+009,-2.705116370385127E+001,-6.045788955638705E+000,
6.971652003910069E+009,-2.718540669076546E+001,-2.507713240330239E+001,
6.975562072336266E+009,-2.708455398652182E+001,-4.424540778439575E+001,
6.979472140762464E+009,-2.721801861767908E+001,-6.404467541718863E+001,
6.983382209188661E+009,-2.745316226789388E+001,-8.354920529586400E+001,
6.987292277614859E+009,-2.757131394135032E+001,-1.025029208314129E+002,
6.991202346041056E+009,-2.780897776436872E+001,-1.206591070271324E+002,
6.995112414467253E+009,-2.815111202873150E+001,-1.386639615545522E+002,
6.999022482893451E+009,-2.805363696047913E+001,-1.541872727093835E+002,
7.002932551319649E+009,-2.777554717218988E+001,-1.720045080490009E+002,
7.006842619745846E+009,-2.760544162697354E+001,1.674226102914166E+002,
7.010752688172043E+009,-2.780946893350313E+001,1.471098185141046E+002,
7.014662756598240E+009,-2.813070800773059E+001,1.280919536863649E+002,
7.018572825024438E+009,-2.843070583265731E+001,1.091788925004470E+002,
7.022482893450636E+009,-2.888328098751827E+001,9.110691265050275E+001,
7.026392961876833E+009,-2.917462428224933E+001,7.459090781628788E+001,
7.030303030303030E+009,-2.937785473948809E+001,5.953611258088567E+001,
7.034213098729228E+009,-2.927115130039560E+001,4.402494876387618E+001,
7.038123167155425E+009,-2.901003867550637E+001,2.849619412424343E+001,
7.042033235581623E+009,-2.874882387869086E+001,1.018404134993031E+001,
7.045943304007820E+009,-2.877808596221301E+001,-9.701889417028397E+000,
7.049853372434017E+009,-2.894116980358797E+001,-2.655354227205668E+001,
7.053763440860215E+009,-2.876829296047603E+001,-4.279890437901874E+001,
7.057673509286413E+009,-2.855165636571231E+001,-6.131506111844939E+001,
7.061583577712610E+009,-2.862322565564612E+001,-7.841946012423396E+001,
7.065493646138807E+009,-2.852819307326183E+001,-9.643810805997666E+001,
7.069403714565004E+009,-2.840283179095304E+001,-1.144379904192045E+002,
7.073313782991202E+009,-2.856299840088699E+001,-1.309865298049387E+002,
7.077223851417400E+009,-2.835460604786455E+001,-1.468990754901655E+002,
7.081133919843597E+009,-2.807288929852687E+001,-1.637111207926655E+002,
7.085043988269795E+009,-2.776752255202429E+001,1.788916401155136E+002,
7.088954056695993E+009,-2.720128234509964E+001,1.604284524384724E+002,
7.092864125122190E+009,-2.685798960834209E+001,1.412310040405431E+002,
7.096774193548388E+009,-2.671702820628717E+001,1.215337643020432E+002,
7.100684261974585E+009,-2.653073490235786E+001,1.018335247074958E+002,
7.104594330400782E+009,-2.655245423277447E+001,8.277671556150749E+001,
7.108504398826980E+009,-2.652352629431338E+001,6.529205054691740E+001,
7.112414467253178E+009,-2.618985112611417E+001,4.682886433819989E+001,
7.116324535679375E+009,-2.602117040777007E+001,2.718785106518532E+001,
7.120234604105572E+009,-2.593208938585272E+001,9.125539308578237E+000,
7.124144672531769E+009,-2.563300941172977E+001,-8.719460583709331E+000,
7.128054740957967E+009,-2.518141162500257E+001,-2.879987828756105E+001,
7.131964809384165E+009,-2.505762359230418E+001,-5.010278868301471E+001,
7.135874877810362E+009,-2.507112276844676E+001,-7.000963363741248E+001,
7.139784946236559E+009,-2.509493927296020E+001,-8.998913038247740E+001,
7.143695014662756E+009,-2.523097305471750E+001,-1.091958336259974E+002,
7.147605083088954E+009,-2.520514251042296E+001,-1.283013247031904E+002,
7.151515151515152E+009,-2.522123757364338E+001,-1.467436887121184E+002,
7.155425219941349E+009,-2.521519963700083E+001,-1.654882183800482E+002,
7.159335288367546E+009,-2.505277626910981E+001,1.750312288428585E+002,
7.163245356793744E+009,-2.499090876434776E+001,1.557223122958261E+002,
7.167155425219942E+009,-2.496467854665387E+001,1.363762284108199E+002,
7.171065493646139E+009,-2.505225873685659E+001,1.164651425819887E+002,
7.174975562072336E+009,-2.507682928106141E+001,9.674686161524484E+001,
7.178885630498533E+009,-2.530973574613005E+001,7.683500051371202E+001,
7.182795698924731E+009,-2.544688032551072E+001,5.928400113295383E+001,
7.186705767350929E+009,-2.541399541105437E+001,4.145635304404745E+001,
7.190615835777126E+009,-2.529701139698658E+001,2.226570376965502E+001,
7.194525904203323E+009,-2.519347161435389E+001,2.936827715791539E+000,
7.198435972629520E+009,-2.508095972367729E+001,-1.513264866350953E+001,
7.202346041055718E+009,-2.488171354224754E+001,-3.500392276080297E+001,
7.206256109481916E+009,-2.483041748086563E+001,-5.556090352041878E+001,
7.210166177908114E+009,-2.492880471287270E+001,-7.678606112243185E+001,
7.214076246334311E+009,-2.522181707968434E+001,-9.742294946543753E+001,
7.217986314760509E+009,-2.550496482071782E+001,-1.164584610729429E+002,
7.221896383186706E+009,-2.567506010865142E+001,-1.342351061213983E+002,
7.225806451612904E+009,-2.590710274572024E+001,-1.523068731689507E+002,
7.229716520039101E+009,-2.571809222778584E+001,-1.702558480476858E+002,
7.233626588465298E+009,-2.557947319623595E+001,1.707576825616056E+002,
7.237536656891496E+009,-2.559629184834128E+001,1.498112239783499E+002,
7.241446725317694E+009,-2.566017301766215E+001,1.294516736904241E+002,
7.245356793743891E+009,-2.587775054169383E+001,1.089099902313781E+002,
7.249266862170088E+009,-2.624594049113601E+001,8.992331771286641E+001,
7.253176930596285E+009,-2.648409244102860E+001,7.146532676391882E+001,
7.257086999022483E+009,-2.676097133084853E+001,5.395102880288760E+001,
7.260997067448681E+009,-2.696046721485269E+001,3.521011729680046E+001,
7.264907135874878E+009,-2.712501196249187E+001,1.824486926120450E+001,
7.268817204301075E+009,-2.700221429023963E+001,2.628272918276138E-001,
7.272727272727273E+009,-2.700820470073663E+001,-1.840839480103492E+001,
7.276637341153470E+009,-2.695080831341601E+001,-3.666179132252844E+001,
7.280547409579668E+009,-2.701989172515295E+001,-5.607127443069254E+001,
7.284457478005865E+009,-2.713548986767030E+001,-7.537638392143533E+001,
7.288367546432062E+009,-2.719763924892181E+001,-9.322124904124767E+001,
7.292277614858260E+009,-2.725526872883609E+001,-1.119840586834986E+002,
7.296187683284458E+009,-2.737202631946975E+001,-1.312681673575360E+002,
7.300097751710655E+009,-2.748122480627376E+001,-1.493822664517691E+002,
7.304007820136852E+009,-2.774340216515624E+001,-1.665648310379422E+002,
7.307917888563049E+009,-2.774367956310543E+001,1.754903738286056E+002,
7.311827956989247E+009,-2.763390533994506E+001,1.566751419430738E+002,
7.315738025415445E+009,-2.767670001637537E+001,1.375047238907660E+002,
7.319648093841642E+009,-2.773614163347251E+001,1.198499065290989E+002,
7.323558162267839E+009,-2.772017623803933E+001,1.000813760118024E+002,
7.327468230694037E+009,-2.770441484458295E+001,8.175528626776115E+001,
7.331378299120235E+009,-2.767062382184294E+001,6.293586916386563E+001,
7.335288367546433E+009,-2.781443055229087E+001,4.490000427456513E+001,
7.339198435972630E+009,-2.775740475718878E+001,2.780191904917372E+001,
7.343108504398827E+009,-2.755859027372756E+001,9.105859254114519E+000,
7.347018572825025E+009,-2.737413132277474E+001,-1.102339172104344E+001,
7.350928641251223E+009,-2.741972096119066E+001,-3.141314284076626E+001,
7.354838709677420E+009,-2.758292072513845E+001,-5.075827779541608E+001,
7.358748778103617E+009,-2.783524973505717E+001,-6.949370501180877E+001,
7.362658846529814E+009,-2.795123064294263E+001,-8.713943493175212E+001,
7.366568914956012E+009,-2.792135183191775E+001,-1.053267495803939E+002,
7.370478983382210E+009,-2.780707756331281E+001,-1.239545470561688E+002,
7.374389051808407E+009,-2.753222328098986E+001,-1.430115629719104E+002,
7.378299120234604E+009,-2.746581641106247E+001,-1.622186091663546E+002,
7.382209188660801E+009,-2.742649296081052E+001,1.775369305697050E+002,
7.386119257086999E+009,-2.744903109261444E+001,1.571470234396793E+002,
7.390029325513197E+009,-2.770539518024793E+001,1.357581189623169E+002,
7.393939393939394E+009,-2.806610529987424E+001,1.176367549293615E+002,
7.397849462365591E+009,-2.829643511321626E+001,1.000793877216579E+002,
7.401759530791789E+009,-2.851951255377663E+001,8.344186793845609E+001,
7.405669599217987E+009,-2.824897629796378E+001,6.745123356795378E+001,
7.409579667644184E+009,-2.768376608838233E+001,4.816187878304791E+001,
7.413489736070381E+009,-2.740160978533607E+001,2.650144920205113E+001,
7.417399804496578E+009,-2.749435252974401E+001,5.589518729980894E+000,
7.421309872922776E+009,-2.784766137834456E+001,-1.537704761514902E+001,
7.425219941348974E+009,-2.798364812664518E+001,-3.389695720485624E+001,
7.429130009775171E+009,-2.823606077298006E+001,-5.273463268947966E+001,
7.433040078201368E+009,-2.828892666627223E+001,-7.117613146410956E+001,
7.436950146627565E+009,-2.822051463030642E+001,-8.945813419930011E+001,
7.440860215053763E+009,-2.823495601443395E+001,-1.078662714519924E+002,
7.444770283479961E+009,-2.793543395334655E+001,-1.276817729738764E+002,
7.448680351906158E+009,-2.796416330251423E+001,-1.474437352927074E+002,
7.452590420332356E+009,-2.811179233277431E+001,-1.683893113245105E+002,
7.456500488758554E+009,-2.831484946322909E+001,1.713079399697642E+002,
7.460410557184751E+009,-2.866904439719114E+001,1.513584059935608E+002,
7.464320625610949E+009,-2.916537862583573E+001,1.331280166601727E+002,
7.468230694037146E+009,-2.921444582292723E+001,1.173320124492938E+002,
7.472140762463343E+009,-2.892189975854517E+001,9.989271651908464E+001,
7.476050830889541E+009,-2.846714730645096E+001,8.128054520866044E+001,
7.479960899315739E+009,-2.839009691130623E+001,5.864564309250488E+001,
7.483870967741936E+009,-2.867355396400782E+001,3.796890748929123E+001,
7.487781036168133E+009,-2.885118602224082E+001,1.890091844197716E+001,
7.491691104594330E+009,-2.909931832232618E+001,-1.288917126071891E+000,
7.495601173020528E+009,-2.954362859111154E+001,-2.116813545768406E+001,
7.499511241446726E+009,-2.977760424417119E+001,-3.899797429079695E+001,
7.503421309872923E+009,-3.009519809184654E+001,-5.591383220197410E+001,
7.507331378299120E+009,-3.013149054254475E+001,-7.178938755397313E+001,
7.511241446725318E+009,-2.996352912999765E+001,-8.981293505310491E+001,
7.515151515151515E+009,-2.977464543161004E+001,-1.077771190792124E+002,
7.519061583577713E+009,-2.955905195283640E+001,-1.273886790343054E+002,
7.522971652003910E+009,-2.939059695517813E+001,-1.471344575338095E+002,
7.526881720430107E+009,-2.945807062474818E+001,-1.687609193684403E+002,
7.530791788856305E+009,-2.974229665048839E+001,1.716553566704084E+002,
7.534701857282503E+009,-3.004247109762286E+001,1.535821156018469E+002,
7.538611925708700E+009,-3.026773742811742E+001,1.353792734360368E+002,
7.542521994134897E+009,-3.053477226638858E+001,1.177255395098976E+002,
7.546432062561094E+009,-3.074465704792503E+001,1.021237150144448E+002,
7.550342130987292E+009,-3.035487146131727E+001,8.608030292186278E+001,
7.554252199413490E+009,-3.003518064513560E+001,6.804984891215281E+001,
7.558162267839687E+009,-2.964865663205099E+001,4.828785618265955E+001,
7.562072336265884E+009,-2.937222190527576E+001,2.763608133188410E+001,
7.565982404692082E+009,-2.939664794982645E+001,7.391301482023918E+000,
7.569892473118280E+009,-2.974719893827611E+001,-1.279760009330396E+001,
7.573802541544478E+009,-2.985862111467781E+001,-3.077628491739262E+001,
7.577712609970675E+009,-2.996826822334343E+001,-4.876173747184447E+001,
7.581622678396872E+009,-2.973373819677739E+001,-6.706493260771677E+001,
7.585532746823070E+009,-2.981219506550001E+001,-8.487200201182812E+001,
7.589442815249268E+009,-2.977157660227924E+001,-1.029598376438956E+002,
7.593352883675465E+009,-2.970048848026536E+001,-1.208115640678104E+002,
7.597262952101662E+009,-2.932517608345327E+001,-1.396296686972464E+002,
7.601173020527859E+009,-2.910738786388725E+001,-1.593618523333792E+002,
7.605083088954057E+009,-2.901603143716285E+001,-1.789994463696997E+002,
7.608993157380255E+009,-2.897656888185625E+001,1.614107731294050E+002,
7.612903225806452E+009,-2.895949840451452E+001,1.422250829781718E+002,
7.616813294232649E+009,-2.879898288207589E+001,1.220053288298808E+002,
7.620723362658846E+009,-2.900459623384643E+001,1.015945599780557E+002,
7.624633431085044E+009,-2.919069919989232E+001,8.394696759565709E+001,
7.628543499511242E+009,-2.912692398018000E+001,6.479890961000695E+001,
7.632453567937439E+009,-2.912585240687375E+001,4.635922421934679E+001,
7.636363636363636E+009,-2.908552324737499E+001,2.777557757626152E+001,
7.640273704789834E+009,-2.905956381207317E+001,1.094712050678815E+001,
7.644183773216032E+009,-2.884999672938489E+001,-8.245479197269932E+000,
7.648093841642229E+009,-2.851068952559558E+001,-2.810413760577026E+001,
7.652003910068426E+009,-2.848310863401046E+001,-4.763124625614206E+001,
7.655913978494623E+009,-2.830924137784670E+001,-6.753307978332785E+001,
7.659824046920821E+009,-2.844811738040923E+001,-8.761801163876838E+001,
7.663734115347019E+009,-2.867193740922006E+001,-1.079027635651326E+002,
7.667644183773216E+009,-2.876631623193790E+001,-1.263239043694658E+002,
7.671554252199413E+009,-2.909442134036029E+001,-1.450554960541010E+002,
7.675464320625610E+009,-2.905066104416325E+001,-1.617584438043655E+002,
7.679374389051808E+009,-2.896454386560817E+001,-1.798831236227433E+002,
7.683284457478006E+009,-2.881314128956755E+001,1.617131701363750E+002,
7.687194525904203E+009,-2.865264478713699E+001,1.431439003596925E+002,
7.691104594330401E+009,-2.849638969045676E+001,1.242673762498286E+002,
7.695014662756599E+009,-2.836904890467894E+001,1.039774629603691E+002,
7.698924731182797E+009,-2.823210700204422E+001,8.470970366498055E+001,
7.702834799608994E+009,-2.834964553611814E+001,6.479022086038620E+001,
7.706744868035191E+009,-2.868949658586712E+001,4.552682747155208E+001,
7.710654936461388E+009,-2.863512530676694E+001,2.728549677891770E+001,
7.714565004887586E+009,-2.876340986602990E+001,8.772150478911319E+000,
7.718475073313784E+009,-2.869643714628328E+001,-8.309742935741062E+000,
7.722385141739981E+009,-2.863979106711484E+001,-2.706602189740697E+001,
7.726295210166178E+009,-2.833406973723021E+001,-4.587969229576721E+001,
7.730205278592375E+009,-2.819733024476871E+001,-6.505471465619162E+001,
7.734115347018573E+009,-2.814142803005062E+001,-8.607705254769195E+001,
7.738025415444771E+009,-2.841027035555879E+001,-1.053391397793531E+002,
7.741935483870968E+009,-2.843471229219335E+001,-1.234674296716319E+002,
7.745845552297165E+009,-2.852570168116858E+001,-1.423416341189953E+002,
7.749755620723363E+009,-2.870496759303324E+001,-1.615429133451067E+002,
7.753665689149560E+009,-2.884696508234855E+001,-1.788083003034440E+002,
7.757575757575758E+009,-2.894900475396835E+001,1.628914298402638E+002,
7.761485826001955E+009,-2.876338603372157E+001,1.466667018931658E+002,
7.765395894428152E+009,-2.854069772878981E+001,1.281174837010948E+002,
7.769305962854350E+009,-2.846180089793355E+001,1.091599391759522E+002,
7.773216031280548E+009,-2.816834033787602E+001,9.061768662498410E+001,
7.777126099706745E+009,-2.821480889120889E+001,7.038500386299158E+001,
7.781036168132942E+009,-2.844159744603694E+001,5.109238920894168E+001,
7.784946236559139E+009,-2.856959685868476E+001,3.349200138911513E+001,
7.788856304985337E+009,-2.832718605369956E+001,1.575710354625911E+001,
7.792766373411535E+009,-2.817795082207024E+001,-2.061566167501044E+000,
7.796676441837732E+009,-2.826323136798116E+001,-2.177500465224996E+001,
7.800586510263929E+009,-2.832159895156975E+001,-3.982912647838273E+001,
7.804496578690127E+009,-2.827448853284071E+001,-5.743226055924326E+001,
7.808406647116324E+009,-2.802008793743892E+001,-7.514255022075358E+001,
7.812316715542522E+009,-2.787059615399401E+001,-9.369877203792687E+001,
7.816226783968720E+009,-2.777850463355131E+001,-1.139042016201229E+002,
7.820136852394917E+009,-2.775819320627211E+001,-1.336457978929758E+002,
7.824046920821115E+009,-2.762050704740881E+001,-1.522298198731344E+002,
7.827956989247313E+009,-2.763250545678630E+001,-1.717215653714107E+002,
7.831867057673510E+009,-2.758865122476273E+001,1.702058891462116E+002,
7.835777126099707E+009,-2.756413802143140E+001,1.506464215164000E+002,
7.839687194525904E+009,-2.745011804501716E+001,1.314847168436385E+002,
7.843597262952102E+009,-2.743851594109564E+001,1.124333424093193E+002,
7.847507331378300E+009,-2.751727790012076E+001,9.234734701275248E+001,
7.851417399804497E+009,-2.756074756716541E+001,7.403051854416403E+001,
7.855327468230694E+009,-2.770338601942257E+001,5.468485105139109E+001,
7.859237536656891E+009,-2.769451645096909E+001,3.699580939716264E+001,
7.863147605083089E+009,-2.767582890319855E+001,1.806522298111830E+001,
7.867057673509287E+009,-2.767492425329541E+001,-5.909030666035552E-001,
7.870967741935484E+009,-2.769641319173397E+001,-1.845197428403052E+001,
7.874877810361681E+009,-2.771109077147781E+001,-3.754199964269231E+001,
7.878787878787879E+009,-2.762722204324592E+001,-5.591405125996409E+001,
7.882697947214077E+009,-2.758872779027392E+001,-7.511934872484136E+001,
7.886608015640274E+009,-2.785587026436980E+001,-9.401138833234028E+001,
7.890518084066471E+009,-2.787351550365262E+001,-1.124676193064253E+002,
7.894428152492668E+009,-2.800119584453721E+001,-1.311033909228364E+002,
7.898338220918866E+009,-2.805469625325418E+001,-1.487653568928951E+002,
7.902248289345064E+009,-2.802264287057525E+001,-1.654195400626794E+002,
7.906158357771261E+009,-2.792825553275140E+001,1.777578098084976E+002,
7.910068426197458E+009,-2.761024999621186E+001,1.598172764229692E+002,
7.913978494623655E+009,-2.759495044897436E+001,1.411310509474228E+002,
7.917888563049853E+009,-2.737682524141690E+001,1.225157348241210E+002,
7.921798631476051E+009,-2.719295948550976E+001,1.033597990980680E+002,
7.925708699902248E+009,-2.730438591005751E+001,8.492871045769776E+001,
7.929618768328445E+009,-2.723044751942603E+001,6.710953912630698E+001,
7.933528836754643E+009,-2.700983342791517E+001,4.887720968214167E+001,
7.937438905180841E+009,-2.687073186765101E+001,3.033279436901499E+001,
7.941348973607039E+009,-2.677597582574030E+001,1.089789914811600E+001,
7.945259042033236E+009,-2.669175183589523E+001,-7.602523579183988E+000,
7.949169110459433E+009,-2.665491756964747E+001,-2.686137311049322E+001,
7.953079178885631E+009,-2.636864028113860E+001,-4.543298627928083E+001,
7.956989247311829E+009,-2.621370822868237E+001,-6.474966720097564E+001,
7.960899315738026E+009,-2.612667499005784E+001,-8.476192209892541E+001,
7.964809384164223E+009,-2.611322651945584E+001,-1.042439738858236E+002,
7.968719452590420E+009,-2.615170908949471E+001,-1.225390259072680E+002,
7.972629521016618E+009,-2.600730259228237E+001,-1.414545492735498E+002,
7.976539589442816E+009,-2.585541533653318E+001,-1.598588917983194E+002,
7.980449657869013E+009,-2.558117213710085E+001,-1.798208167480042E+002,
7.984359726295210E+009,-2.545585344435615E+001,1.597402798528802E+002,
7.988269794721408E+009,-2.567575244821040E+001,1.390624308983543E+002,
7.992179863147605E+009,-2.568795561260330E+001,1.203463806895091E+002,
7.996089931573803E+009,-2.574593356576665E+001,1.018977220859399E+002,
8.000000000000000E+009,-2.560288161256431E+001,8.272273800270163E+001,
