% Version 1.00
%
%freq[Hz];db:Trc1_S21;ang:Trc1_S21;
4.000000000000000E+009,-2.897860569373830E+001,6.195581491693287E+001,
4.003910068426198E+009,-2.854460584494430E+001,4.495957110621945E+001,
4.007820136852395E+009,-2.829473159582962E+001,2.456991985973010E+001,
4.011730205278593E+009,-2.829134241027866E+001,5.890439765474102E+000,
4.015640273704790E+009,-2.852204632884232E+001,-1.155948955959277E+001,
4.019550342130987E+009,-2.824520437178867E+001,-2.699036521529138E+001,
4.023460410557185E+009,-2.760564704383334E+001,-4.300584556052328E+001,
4.027370478983382E+009,-2.674174961227195E+001,-6.345526040478536E+001,
4.031280547409580E+009,-2.687193295434344E+001,-8.573984764386891E+001,
4.035190615835777E+009,-2.705589446781034E+001,-1.040204334024548E+002,
4.039100684261975E+009,-2.720782066255104E+001,-1.220194559609649E+002,
4.043010752688172E+009,-2.717664703055332E+001,-1.373426864928934E+002,
4.046920821114369E+009,-2.661230018105974E+001,-1.561730315285150E+002,
4.050830889540567E+009,-2.642008289872767E+001,-1.754324820657424E+002,
4.054740957966765E+009,-2.615521817050257E+001,1.647699674533384E+002,
4.058651026392962E+009,-2.630512713586051E+001,1.439406863405576E+002,
4.062561094819160E+009,-2.627840252295809E+001,1.250308455454837E+002,
4.066471163245357E+009,-2.629554457984911E+001,1.056702385464592E+002,
4.070381231671554E+009,-2.648838740737762E+001,8.637838842411897E+001,
4.074291300097752E+009,-2.661499169695455E+001,6.821233166662590E+001,
4.078201368523949E+009,-2.667046615943254E+001,5.055169460097677E+001,
4.082111436950147E+009,-2.665683380301500E+001,3.280369810816592E+001,
4.086021505376344E+009,-2.649046860663560E+001,1.424935298843491E+001,
4.089931573802542E+009,-2.656039916564398E+001,-5.702023813309900E+000,
4.093841642228739E+009,-2.678383112985819E+001,-2.468415186527903E+001,
4.097751710654936E+009,-2.706616055381030E+001,-4.135779137405453E+001,
4.101661779081134E+009,-2.696954053963960E+001,-5.816264397531467E+001,
4.105571847507331E+009,-2.699474272035010E+001,-7.699239532824993E+001,
4.109481915933529E+009,-2.698421066699247E+001,-9.368491987613484E+001,
4.113391984359726E+009,-2.681026619255258E+001,-1.133380180270953E+002,
4.117302052785924E+009,-2.693901294679329E+001,-1.327241080471912E+002,
4.121212121212121E+009,-2.692715479042692E+001,-1.513525701995786E+002,
4.125122189638319E+009,-2.706888529454257E+001,-1.705803289888251E+002,
4.129032258064516E+009,-2.725925056877066E+001,1.701709150156969E+002,
4.132942326490714E+009,-2.748694732819094E+001,1.524541941911481E+002,
4.136852394916911E+009,-2.765064354780921E+001,1.345497525207335E+002,
4.140762463343109E+009,-2.790199290777418E+001,1.162248928397854E+002,
4.144672531769306E+009,-2.816003225769538E+001,9.956959304109873E+001,
4.148582600195503E+009,-2.823720192551495E+001,8.228687073186971E+001,
4.152492668621701E+009,-2.804329193740471E+001,6.368081525165131E+001,
4.156402737047898E+009,-2.831285255990454E+001,4.246473017115844E+001,
4.160312805474096E+009,-2.843184830135078E+001,2.611306528552807E+001,
4.164222873900293E+009,-2.875265322075506E+001,7.982459293395903E+000,
4.168132942326491E+009,-2.893986131789722E+001,-1.119636518359574E+001,
4.172043010752688E+009,-2.933670340832434E+001,-2.756802666916972E+001,
4.175953079178886E+009,-2.946721657385609E+001,-4.475537952406384E+001,
4.179863147605083E+009,-2.944945107231881E+001,-6.160571850409475E+001,
4.183773216031281E+009,-2.936922277254357E+001,-8.078156807642516E+001,
4.187683284457478E+009,-2.945128600252046E+001,-1.004016549317697E+002,
4.191593352883676E+009,-2.965536015445796E+001,-1.189928369887902E+002,
4.195503421309873E+009,-2.980726542477870E+001,-1.373272269502397E+002,
4.199413489736071E+009,-2.989354845931780E+001,-1.569620874476158E+002,
4.203323558162268E+009,-3.046592715959125E+001,-1.766375838033979E+002,
4.207233626588465E+009,-3.098227101249428E+001,1.658715567715427E+002,
4.211143695014663E+009,-3.135295247743495E+001,1.480147826476724E+002,
4.215053763440860E+009,-3.148525329692043E+001,1.290285197267452E+002,
4.218963831867058E+009,-3.206940411407273E+001,1.120371650248956E+002,
4.222873900293255E+009,-3.238415329237788E+001,9.478039076237145E+001,
4.226783968719452E+009,-3.214632834690804E+001,7.831208523337719E+001,
4.230694037145650E+009,-3.235130227456175E+001,5.532237931453602E+001,
4.234604105571847E+009,-3.326292865514076E+001,3.540312938814640E+001,
4.238514173998045E+009,-3.371590301405734E+001,2.024672159023850E+001,
4.242424242424243E+009,-3.362665480148295E+001,-2.165374496293548E-001,
4.246334310850440E+009,-3.457722363085295E+001,-2.384170261592042E+001,
4.250244379276638E+009,-3.609585293266988E+001,-4.108623518634481E+001,
4.254154447702835E+009,-3.672936056027994E+001,-5.514535880160729E+001,
4.258064516129032E+009,-3.773601336138169E+001,-7.129095911528329E+001,
4.261974584555230E+009,-3.824227198710270E+001,-8.626313575932528E+001,
4.265884652981427E+009,-3.898666593695229E+001,-9.981725794866667E+001,
4.269794721407625E+009,-3.863344932467268E+001,-1.149198363687417E+002,
4.273704789833822E+009,-3.912217456944448E+001,-1.358041814025573E+002,
4.277614858260019E+009,-4.023669214229651E+001,-1.526038208064865E+002,
4.281524926686217E+009,-4.037669062915916E+001,-1.696987987444477E+002,
4.285434995112414E+009,-4.094899752060879E+001,1.721102933253483E+002,
4.289345063538612E+009,-4.249835577381587E+001,1.539232088438714E+002,
4.293255131964809E+009,-4.305678021347488E+001,1.446501043275051E+002,
4.297165200391007E+009,-4.309711046094020E+001,1.259462107693515E+002,
4.301075268817205E+009,-4.363866180745846E+001,1.068807086868437E+002,
4.304985337243402E+009,-4.428484812558784E+001,8.609566944789620E+001,
4.308895405669600E+009,-4.579811169813739E+001,6.363441001188701E+001,
4.312805474095797E+009,-4.885792111382520E+001,4.565443886061856E+001,
4.316715542521994E+009,-5.093672113563854E+001,4.722762033190770E+001,
4.320625610948192E+009,-5.004625149564938E+001,4.732812239322043E+001,
4.324535679374389E+009,-4.950340980510106E+001,2.401079262585669E+001,
4.328445747800587E+009,-4.937213421971443E+001,4.420390348600468E+000,
4.332355816226784E+009,-4.933426734986843E+001,-2.566480734275820E+001,
4.336265884652982E+009,-5.126554278800560E+001,-7.212504695051032E+001,
4.340175953079179E+009,-5.904278747504336E+001,-1.357379922473866E+002,
4.344086021505377E+009,-6.700818636797339E+001,1.423795843872311E+002,
4.347996089931574E+009,-6.097834545556759E+001,4.610389549598533E+001,
4.351906158357771E+009,-6.032585273472901E+001,-1.810030003446356E+001,
4.355816226783969E+009,-7.149346180331519E+001,9.535172028755439E+001,
4.359726295210166E+009,-5.331241298522415E+001,4.056311433901713E+001,
4.363636363636364E+009,-5.002286989922908E+001,-1.160283542859613E+001,
4.367546432062561E+009,-4.983038425685016E+001,-7.462084269825630E+001,
4.371456500488758E+009,-5.493822015719904E+001,-1.439105573520504E+002,
4.375366568914956E+009,-5.788733775432665E+001,1.258681383750924E+002,
4.379276637341153E+009,-5.161506758721036E+001,5.036730992112719E+001,
4.383186705767351E+009,-4.835658376953652E+001,6.160816673895758E+000,
4.387096774193548E+009,-4.611352412774228E+001,-3.500169919930337E+001,
4.391006842619746E+009,-4.663892862471462E+001,-6.243158910351991E+001,
4.394916911045943E+009,-4.588791479831712E+001,-7.353382797162762E+001,
4.398826979472141E+009,-4.413185485213604E+001,-9.483675057132120E+001,
4.402737047898338E+009,-4.334672471403061E+001,-1.174687335667441E+002,
4.406647116324535E+009,-4.273210416807437E+001,-1.371215130630849E+002,
4.410557184750733E+009,-4.291182778651414E+001,-1.605429585450290E+002,
4.414467253176930E+009,-4.447000408812968E+001,-1.654598779916354E+002,
4.418377321603128E+009,-4.215092411485297E+001,-1.710539137619720E+002,
4.422287390029326E+009,-4.006270187067952E+001,1.741494981974823E+002,
4.426197458455523E+009,-3.813462702711460E+001,1.546246823462984E+002,
4.430107526881721E+009,-3.686323583418602E+001,1.302318444917493E+002,
4.434017595307918E+009,-3.581767358670344E+001,1.080318838283636E+002,
4.437927663734116E+009,-3.558913874269797E+001,8.147966263757266E+001,
4.441837732160313E+009,-3.609387306408125E+001,6.180308563341846E+001,
4.445747800586511E+009,-3.612362945647789E+001,4.433366080881187E+001,
4.449657869012708E+009,-3.629746854695682E+001,2.782849384506637E+001,
4.453567937438905E+009,-3.611759113921385E+001,1.499811990873757E+001,
4.457478005865103E+009,-3.541725826454432E+001,2.042429067369925E-001,
4.461388074291300E+009,-3.494903379969761E+001,-1.690063306739021E+001,
4.465298142717498E+009,-3.438833681454413E+001,-3.125749142497848E+001,
4.469208211143695E+009,-3.339899702604762E+001,-4.862187333724571E+001,
4.473118279569893E+009,-3.281909381574971E+001,-6.854546271743325E+001,
4.477028347996090E+009,-3.240526134772787E+001,-8.757324203323169E+001,
4.480938416422287E+009,-3.211636928042019E+001,-1.067532835817302E+002,
4.484848484848485E+009,-3.212100835025458E+001,-1.239164650149680E+002,
4.488758553274682E+009,-3.178719685162388E+001,-1.398211424938231E+002,
4.492668621700880E+009,-3.134726164594384E+001,-1.555820283042151E+002,
4.496578690127077E+009,-3.089486394814750E+001,-1.724373123128423E+002,
4.500488758553275E+009,-3.017626826901638E+001,1.712429478530600E+002,
4.504398826979472E+009,-2.936782806764140E+001,1.521209438558712E+002,
4.508308895405669E+009,-2.888727124810143E+001,1.327979055392412E+002,
4.512218963831867E+009,-2.868348220478443E+001,1.132813462033502E+002,
4.516129032258064E+009,-2.840755693541423E+001,9.522172903476572E+001,
4.520039100684262E+009,-2.820576402274117E+001,7.573644973354840E+001,
4.523949169110459E+009,-2.818560285998075E+001,5.911079663450482E+001,
4.527859237536657E+009,-2.774960061274934E+001,4.212169979172835E+001,
4.531769305962854E+009,-2.724618732509389E+001,2.435521547797153E+001,
4.535679374389051E+009,-2.681233990452494E+001,4.832110724298873E+000,
4.539589442815249E+009,-2.658954666714987E+001,-1.328969465724649E+001,
4.543499511241447E+009,-2.610141606560340E+001,-3.201130399686198E+001,
4.547409579667645E+009,-2.586924790221505E+001,-5.239250606564840E+001,
4.551319648093842E+009,-2.567960236612059E+001,-7.239186625622371E+001,
4.555229716520039E+009,-2.561385630490113E+001,-9.180679289035929E+001,
4.559139784946237E+009,-2.565404983415599E+001,-1.109728594178083E+002,
4.563049853372434E+009,-2.550485022109728E+001,-1.299583209197891E+002,
4.566959921798632E+009,-2.570288784884276E+001,-1.485295887425669E+002,
4.570869990224829E+009,-2.574807223624555E+001,-1.653037499925598E+002,
4.574780058651027E+009,-2.547091519251290E+001,1.777286875020390E+002,
4.578690127077224E+009,-2.529496499661073E+001,1.592235961367902E+002,
4.582600195503422E+009,-2.520982095054642E+001,1.421182260334008E+002,
4.586510263929619E+009,-2.484212136308098E+001,1.244370820371485E+002,
4.590420332355816E+009,-2.452561940373237E+001,1.049537350394670E+002,
4.594330400782014E+009,-2.445246483914846E+001,8.557924480957883E+001,
4.598240469208211E+009,-2.433317706346290E+001,6.663084865755677E+001,
4.602150537634409E+009,-2.436264997171226E+001,4.784442900975820E+001,
4.606060606060606E+009,-2.448629603906344E+001,2.918402847240644E+001,
4.609970674486803E+009,-2.465277759494015E+001,1.094842825656287E+001,
4.613880742913001E+009,-2.451197820139181E+001,-5.824208864872948E+000,
4.617790811339198E+009,-2.435219051740530E+001,-2.370727682990012E+001,
4.621700879765396E+009,-2.423906983751490E+001,-4.183548496592344E+001,
4.625610948191593E+009,-2.411895728688176E+001,-6.006074464265068E+001,
4.629521016617791E+009,-2.402440912417880E+001,-7.861360675588580E+001,
4.633431085043988E+009,-2.393263281285113E+001,-9.755176403273755E+001,
4.637341153470186E+009,-2.397551901916869E+001,-1.169571615363086E+002,
4.641251221896383E+009,-2.397801723061188E+001,-1.350738122803808E+002,
4.645161290322580E+009,-2.401983615870496E+001,-1.535330904506456E+002,
4.649071358748778E+009,-2.399493159963618E+001,-1.715991231687080E+002,
4.652981427174975E+009,-2.394941626057280E+001,1.706903921678641E+002,
4.656891495601173E+009,-2.385563012509545E+001,1.525424021413361E+002,
4.660801564027371E+009,-2.371342817690007E+001,1.337231576359093E+002,
4.664711632453568E+009,-2.376763102189003E+001,1.145237775060853E+002,
4.668621700879766E+009,-2.390105664624453E+001,9.657160761614341E+001,
4.672531769305963E+009,-2.371374268849175E+001,7.855620313974094E+001,
4.676441837732161E+009,-2.360470044836955E+001,5.890747403543236E+001,
4.680351906158358E+009,-2.374523945415587E+001,3.988841186989725E+001,
4.684261974584556E+009,-2.385586838140763E+001,2.113271016067791E+001,
4.688172043010753E+009,-2.394741685440160E+001,2.669748983176083E+000,
4.692082111436951E+009,-2.406163411337736E+001,-1.595445374377744E+001,
4.695992179863148E+009,-2.419259074634033E+001,-3.425312973821717E+001,
4.699902248289345E+009,-2.427022200058658E+001,-5.169924684364045E+001,
4.703812316715543E+009,-2.420569279627446E+001,-7.022100872148887E+001,
4.707722385141740E+009,-2.427297092401025E+001,-8.933952312034694E+001,
4.711632453567938E+009,-2.445841387150591E+001,-1.075215324369474E+002,
4.715542521994135E+009,-2.442114497318288E+001,-1.258078384672581E+002,
4.719452590420332E+009,-2.447145678578276E+001,-1.446630810904358E+002,
4.723362658846530E+009,-2.457266578273504E+001,-1.630630337967028E+002,
4.727272727272727E+009,-2.457217491311825E+001,1.775563897030652E+002,
4.731182795698925E+009,-2.490897273876848E+001,1.578594114989853E+002,
4.735092864125122E+009,-2.514152030363401E+001,1.393630167646692E+002,
4.739002932551320E+009,-2.529942136076453E+001,1.213691439466101E+002,
4.742913000977517E+009,-2.549902243565914E+001,1.017719385646328E+002,
4.746823069403714E+009,-2.582155307163827E+001,8.319655286623215E+001,
4.750733137829912E+009,-2.622280409135479E+001,6.603811004260925E+001,
4.754643206256109E+009,-2.634844300347548E+001,4.865023870474104E+001,
4.758553274682307E+009,-2.634017602285854E+001,3.081854039326599E+001,
4.762463343108504E+009,-2.646166178978196E+001,1.088644899926856E+001,
4.766373411534702E+009,-2.691149994584265E+001,-8.481466548308744E+000,
4.770283479960899E+009,-2.741412787731411E+001,-2.658084983774544E+001,
4.774193548387096E+009,-2.792139188201259E+001,-4.294523872921036E+001,
4.778103616813294E+009,-2.804627775015305E+001,-6.067986552265401E+001,
4.782013685239492E+009,-2.843561985405144E+001,-7.624368147939146E+001,
4.785923753665690E+009,-2.849055712082163E+001,-9.382136980607687E+001,
4.789833822091887E+009,-2.854894373103598E+001,-1.112719796881100E+002,
4.793743890518084E+009,-2.869368297556788E+001,-1.298271820164171E+002,
4.797653958944282E+009,-2.893947164506747E+001,-1.489704111470167E+002,
4.801564027370479E+009,-2.918173378338024E+001,-1.667496140620918E+002,
4.805474095796677E+009,-2.971261701132967E+001,1.737653221791828E+002,
4.809384164222874E+009,-3.008085923832941E+001,1.565373214233064E+002,
4.813294232649072E+009,-3.041182037255513E+001,1.392348455751323E+002,
4.817204301075269E+009,-3.075877573652480E+001,1.200531675592335E+002,
4.821114369501467E+009,-3.146102527864784E+001,1.036118525820840E+002,
4.825024437927664E+009,-3.177081200760536E+001,8.754183618146514E+001,
4.828934506353861E+009,-3.204626228252819E+001,7.077753351494330E+001,
4.832844574780059E+009,-3.231745901849985E+001,5.310525435754227E+001,
4.836754643206256E+009,-3.265074734189373E+001,3.634253294965313E+001,
4.840664711632454E+009,-3.295727690991062E+001,1.809819402048055E+001,
4.844574780058651E+009,-3.367050856130511E+001,1.114181722626170E+000,
4.848484848484848E+009,-3.387155971949183E+001,-1.597878110938808E+001,
4.852394916911046E+009,-3.457685341835876E+001,-3.429199453509389E+001,
4.856304985337243E+009,-3.489573440406246E+001,-5.017867704970377E+001,
4.860215053763441E+009,-3.556872606922673E+001,-6.940036253064160E+001,
4.864125122189638E+009,-3.657311029751438E+001,-8.222690782706579E+001,
4.868035190615836E+009,-3.682029699668446E+001,-9.431607941826295E+001,
4.871945259042033E+009,-3.632725364004895E+001,-1.114951357274774E+002,
4.875855327468231E+009,-3.704831882510187E+001,-1.333562378644043E+002,
4.879765395894428E+009,-3.825174259573878E+001,-1.514813908114325E+002,
4.883675464320625E+009,-3.975861737290242E+001,-1.630176104537343E+002,
4.887585532746823E+009,-4.032196762708718E+001,-1.696146823926393E+002,
4.891495601173020E+009,-3.998780140964813E+001,-1.767964934177487E+002,
4.895405669599218E+009,-3.915029721152236E+001,1.679550460540301E+002,
4.899315738025415E+009,-3.889779023091403E+001,1.502878041983467E+002,
4.903225806451613E+009,-3.921171135250970E+001,1.316767652255794E+002,
4.907135874877811E+009,-3.942375358658354E+001,1.199610528014206E+002,
4.911045943304008E+009,-3.887250189436082E+001,1.036843359006276E+002,
4.914956011730206E+009,-3.882572178609267E+001,8.250446944846189E+001,
4.918866080156403E+009,-3.989795652259379E+001,6.148178401989132E+001,
4.922776148582601E+009,-4.101919125072166E+001,5.067369369870127E+001,
4.926686217008798E+009,-4.090669396569374E+001,4.113207601648768E+001,
4.930596285434996E+009,-4.073314468274763E+001,2.596540858305945E+001,
4.934506353861193E+009,-4.036321371203005E+001,1.206578098953418E+001,
4.938416422287390E+009,-4.016092254343784E+001,-8.331257007365231E+000,
4.942326490713588E+009,-4.080529601775778E+001,-2.654801539594767E+001,
4.946236559139785E+009,-4.082405363214902E+001,-4.283681619997336E+001,
4.950146627565983E+009,-4.144153852289357E+001,-6.354469314391854E+001,
4.954056695992180E+009,-4.309750288663892E+001,-8.163527901815037E+001,
4.957966764418377E+009,-4.470198868217960E+001,-8.854842170435821E+001,
4.961876832844575E+009,-4.475533025835173E+001,-9.569361533243846E+001,
4.965786901270772E+009,-4.434590770700986E+001,-1.030497592430023E+002,
4.969696969696970E+009,-4.403969122394807E+001,-1.190483388978586E+002,
4.973607038123167E+009,-4.408963870733192E+001,-1.285291764051426E+002,
4.977517106549365E+009,-4.417499284788427E+001,-1.414214522915078E+002,
4.981427174975562E+009,-4.351492596996735E+001,-1.476221639540735E+002,
4.985337243401759E+009,-4.196290932085576E+001,-1.611830632266155E+002,
4.989247311827957E+009,-4.085387962973147E+001,1.756660580149185E+002,
4.993157380254154E+009,-4.166095953076116E+001,1.541069507601934E+002,
4.997067448680352E+009,-4.249627397343177E+001,1.413591363643772E+002,
5.000977517106549E+009,-4.194475033515509E+001,1.283328310355258E+002,
5.004887585532747E+009,-4.187063136510886E+001,1.152638975106711E+002,
5.008797653958944E+009,-4.155584751368038E+001,9.858364908171680E+001,
5.012707722385141E+009,-4.172124051694980E+001,8.183563995362867E+001,
5.016617790811339E+009,-4.217746227208995E+001,7.579549306561643E+001,
5.020527859237536E+009,-4.073074375194067E+001,6.543157091155230E+001,
5.024437927663734E+009,-3.933511323993712E+001,4.784000718381257E+001,
5.028347996089932E+009,-3.843388489132887E+001,2.783471214447863E+001,
5.032258064516129E+009,-3.813365815226609E+001,6.926179062275810E+000,
5.036168132942327E+009,-3.804247994935987E+001,-1.414677833071578E+001,
5.040078201368524E+009,-3.808085407431044E+001,-3.459043090947528E+001,
5.043988269794722E+009,-3.927825738505670E+001,-5.368299372870231E+001,
5.047898338220919E+009,-3.978739070383701E+001,-6.231376766965801E+001,
5.051808406647117E+009,-3.906788831991618E+001,-7.327241998953672E+001,
5.055718475073314E+009,-3.848074566507849E+001,-8.759585570683441E+001,
5.059628543499512E+009,-3.756238833815158E+001,-1.041614437080814E+002,
5.063538611925709E+009,-3.697857342766348E+001,-1.232448698836923E+002,
5.067448680351906E+009,-3.666864189041161E+001,-1.427700970569169E+002,
5.071358748778104E+009,-3.667010207741503E+001,-1.627530965418154E+002,
5.075268817204301E+009,-3.675530640657290E+001,1.788971290208294E+002,
5.079178885630499E+009,-3.668446115074040E+001,1.611376749384472E+002,
5.083088954056696E+009,-3.710211895975503E+001,1.424122630097587E+002,
5.086999022482893E+009,-3.756264522447993E+001,1.292657243981339E+002,
5.090909090909091E+009,-3.758463246541640E+001,1.167258751623009E+002,
5.094819159335288E+009,-3.688317894125508E+001,1.055218285900585E+002,
5.098729227761486E+009,-3.591911310138236E+001,8.821939848031492E+001,
5.102639296187683E+009,-3.505674324752143E+001,6.903546971234179E+001,
5.106549364613881E+009,-3.441080377150470E+001,4.563219047145024E+001,
5.110459433040078E+009,-3.467651867486899E+001,2.163171713185910E+001,
5.114369501466276E+009,-3.541513739216074E+001,5.120013765861381E-001,
5.118279569892473E+009,-3.647669767206862E+001,-1.551951499093290E+001,
5.122189638318670E+009,-3.709636029389075E+001,-2.799182363514237E+001,
5.126099706744868E+009,-3.710698830949282E+001,-3.838089690153888E+001,
5.130009775171065E+009,-3.671174327807144E+001,-5.283230539716694E+001,
5.133919843597263E+009,-3.617190228014695E+001,-6.580236083144159E+001,
5.137829912023460E+009,-3.546124308552876E+001,-8.359866475588969E+001,
5.141739980449657E+009,-3.507317570186294E+001,-1.024193021501425E+002,
5.145650048875855E+009,-3.472034525605035E+001,-1.221902170729932E+002,
5.149560117302053E+009,-3.482196759721145E+001,-1.433007190266098E+002,
5.153470185728251E+009,-3.527574202706320E+001,-1.617549586084236E+002,
5.157380254154448E+009,-3.569654733624674E+001,-1.781030009198684E+002,
5.161290322580645E+009,-3.645601269783684E+001,1.664908123432259E+002,
5.165200391006843E+009,-3.688296207594447E+001,1.573407343461269E+002,
5.169110459433041E+009,-3.608439326511431E+001,1.487815288256468E+002,
5.173020527859238E+009,-3.495273491312065E+001,1.297451517270931E+002,
5.176930596285435E+009,-3.429663761927225E+001,1.161597169858959E+002,
5.180840664711633E+009,-3.351413807477361E+001,9.688174515046066E+001,
5.184750733137830E+009,-3.308330547066384E+001,7.763246252308382E+001,
5.188660801564028E+009,-3.313823467448793E+001,5.785767059539699E+001,
5.192570869990225E+009,-3.287913980462400E+001,4.127557379943009E+001,
5.196480938416422E+009,-3.283640409849129E+001,2.147064385738948E+001,
5.200391006842620E+009,-3.312789281798108E+001,4.417016703242298E+000,
5.204301075268817E+009,-3.298321409002124E+001,-9.048668695614092E+000,
5.208211143695015E+009,-3.223293515993792E+001,-2.559298583255689E+001,
5.212121212121212E+009,-3.194863418584698E+001,-4.152013585690909E+001,
5.216031280547409E+009,-3.127786997437970E+001,-5.883841910821812E+001,
5.219941348973607E+009,-3.087301331157089E+001,-7.867643801635661E+001,
5.223851417399805E+009,-3.053490525973995E+001,-9.822388928343032E+001,
5.227761485826002E+009,-3.063252886263503E+001,-1.173270710384107E+002,
5.231671554252199E+009,-3.037747171050634E+001,-1.356103075872696E+002,
5.235581622678397E+009,-3.018872590676465E+001,-1.541449808411057E+002,
5.239491691104594E+009,-3.005346848498350E+001,-1.730524811222170E+002,
5.243401759530792E+009,-2.983439538193111E+001,1.692317162804822E+002,
5.247311827956989E+009,-2.964701616896067E+001,1.513176890354596E+002,
5.251221896383186E+009,-2.950122016764567E+001,1.314901071582690E+002,
5.255131964809384E+009,-2.961955619123253E+001,1.124441615571964E+002,
5.259042033235581E+009,-2.973994261735412E+001,9.569801978789731E+001,
5.262952101661779E+009,-2.958142808823383E+001,7.926498449181950E+001,
5.266862170087977E+009,-2.940120643290878E+001,6.191347298869275E+001,
5.270772238514174E+009,-2.921091836164848E+001,4.362468375530090E+001,
5.274682306940372E+009,-2.887773544586037E+001,2.549587594768961E+001,
5.278592375366570E+009,-2.854598395713931E+001,6.591814172735204E+000,
5.282502443792767E+009,-2.845405802245222E+001,-1.363848225299253E+001,
5.286412512218964E+009,-2.853852193953638E+001,-3.209636226920046E+001,
5.290322580645162E+009,-2.834833878143862E+001,-5.005795545842986E+001,
5.294232649071359E+009,-2.827027870447095E+001,-6.941350758092938E+001,
5.298142717497557E+009,-2.835899219058891E+001,-8.810386722731532E+001,
5.302052785923754E+009,-2.843292240956286E+001,-1.055298397628685E+002,
5.305962854349951E+009,-2.830108327383365E+001,-1.233972409939413E+002,
5.309872922776149E+009,-2.828051381059264E+001,-1.411589913567342E+002,
5.313782991202346E+009,-2.825063013018568E+001,-1.582144325551881E+002,
5.317693059628544E+009,-2.785474636890133E+001,-1.754296605131127E+002,
5.321603128054741E+009,-2.747264367632545E+001,1.647923441464103E+002,
5.325513196480938E+009,-2.747279815356619E+001,1.445876337047442E+002,
5.329423264907136E+009,-2.773493755316539E+001,1.249953773979183E+002,
5.333333333333333E+009,-2.788558871961615E+001,1.076643847409005E+002,
5.337243401759531E+009,-2.794329388177417E+001,9.093697635416299E+001,
5.341153470185728E+009,-2.789988833820469E+001,7.307166864497108E+001,
5.345063538611926E+009,-2.766925187363851E+001,5.615842981192154E+001,
5.348973607038123E+009,-2.754048103242078E+001,3.858573629982473E+001,
5.352883675464321E+009,-2.731544771028468E+001,1.960000813810597E+001,
5.356793743890518E+009,-2.719887471075346E+001,3.470700248548164E-001,
5.360703812316715E+009,-2.721082652341115E+001,-1.826438514556764E+001,
5.364613880742913E+009,-2.705650281913157E+001,-3.658673555020383E+001,
5.368523949169110E+009,-2.701050153883612E+001,-5.617399643739443E+001,
5.372434017595308E+009,-2.695376039444887E+001,-7.528376622378090E+001,
5.376344086021505E+009,-2.714342462530627E+001,-9.430934630420110E+001,
5.380254154447702E+009,-2.726649968132083E+001,-1.118134334656583E+002,
5.384164222873900E+009,-2.728949378198283E+001,-1.289196981915597E+002,
5.388074291300098E+009,-2.732595849448875E+001,-1.470984951598984E+002,
5.391984359726296E+009,-2.722430363022468E+001,-1.646726954068340E+002,
5.395894428152493E+009,-2.718473311125660E+001,1.766491769685106E+002,
5.399804496578690E+009,-2.705900920353173E+001,1.581441067034207E+002,
5.403714565004888E+009,-2.710232999858006E+001,1.406261630182538E+002,
5.407624633431086E+009,-2.707099289478021E+001,1.228925941122083E+002,
5.411534701857283E+009,-2.684028871241779E+001,1.053916789813413E+002,
5.415444770283480E+009,-2.667004984242472E+001,8.549706949059680E+001,
5.419354838709678E+009,-2.653300499255371E+001,6.706536377628102E+001,
5.423264907135875E+009,-2.641582782442377E+001,4.817769168621810E+001,
5.427174975562073E+009,-2.634361846462985E+001,2.740070002423681E+001,
5.431085043988270E+009,-2.652173642320432E+001,7.957966299091922E+000,
5.434995112414467E+009,-2.666405740348091E+001,-1.068530889082439E+001,
5.438905180840665E+009,-2.685434632040810E+001,-2.913384836852606E+001,
5.442815249266862E+009,-2.691662168473774E+001,-4.740210347294183E+001,
5.446725317693060E+009,-2.700631945888596E+001,-6.467161092392328E+001,
5.450635386119257E+009,-2.693604525341020E+001,-8.354946373536741E+001,
5.454545454545454E+009,-2.703419150331884E+001,-1.018679131166959E+002,
5.458455522971652E+009,-2.699019406128217E+001,-1.200048220666495E+002,
5.462365591397850E+009,-2.692485290915356E+001,-1.385825066288307E+002,
5.466275659824047E+009,-2.680752713258535E+001,-1.573262157485854E+002,
5.470185728250244E+009,-2.670340246659566E+001,-1.763398062911642E+002,
5.474095796676442E+009,-2.658182750580677E+001,1.641673128563355E+002,
5.478005865102639E+009,-2.682114749941845E+001,1.440391344026201E+002,
5.481915933528837E+009,-2.682458798935263E+001,1.256435425769400E+002,
5.485826001955034E+009,-2.677300343163905E+001,1.061489756004054E+002,
5.489736070381231E+009,-2.686298173416683E+001,8.597908539703046E+001,
5.493646138807429E+009,-2.701767768384234E+001,6.730492545578133E+001,
5.497556207233626E+009,-2.705977715638606E+001,4.737302989702437E+001,
5.501466275659824E+009,-2.727618682988906E+001,2.743838312368073E+001,
5.505376344086021E+009,-2.739838911807191E+001,7.093264079511410E+000,
5.509286412512219E+009,-2.782484668887745E+001,-1.198409355751443E+001,
5.513196480938417E+009,-2.822873023492276E+001,-3.074281501534999E+001,
5.517106549364615E+009,-2.828210122084721E+001,-4.784733541352865E+001,
5.521016617790812E+009,-2.820405028201123E+001,-6.740183614831693E+001,
5.524926686217009E+009,-2.832719768945262E+001,-8.764373146974454E+001,
5.528836754643207E+009,-2.860373480342507E+001,-1.072087816805031E+002,
5.532746823069404E+009,-2.887869729165741E+001,-1.278751661356992E+002,
5.536656891495602E+009,-2.938410546977450E+001,-1.454865151587669E+002,
5.540566959921799E+009,-2.917220370028909E+001,-1.662737350604502E+002,
5.544477028347996E+009,-2.957749105893920E+001,1.726927865304974E+002,
5.548387096774194E+009,-3.002520534102094E+001,1.515866079512973E+002,
5.552297165200391E+009,-3.081480155958604E+001,1.306636374300242E+002,
5.556207233626589E+009,-3.182218422590498E+001,1.131129436371237E+002,
5.560117302052786E+009,-3.231230705514618E+001,9.793513519861354E+001,
5.564027370478983E+009,-3.258585924625178E+001,8.160097516445596E+001,
5.567937438905181E+009,-3.256569454719580E+001,6.362331684046318E+001,
5.571847507331378E+009,-3.289653085343495E+001,4.522648803346623E+001,
5.575757575757576E+009,-3.301161899143938E+001,2.732211009183672E+001,
5.579667644183773E+009,-3.293080203189287E+001,7.860809667929727E+000,
5.583577712609971E+009,-3.297393912555287E+001,-1.407132792541593E+001,
5.587487781036168E+009,-3.338958748398177E+001,-3.854533278778860E+001,
5.591397849462366E+009,-3.457953378984536E+001,-6.154157194322169E+001,
5.595307917888563E+009,-3.611465818448016E+001,-8.002739994836504E+001,
5.599217986314760E+009,-3.701461089823747E+001,-9.362066854762976E+001,
5.603128054740958E+009,-3.692644281659666E+001,-1.103438286965328E+002,
5.607038123167155E+009,-3.755794167948424E+001,-1.318356508954370E+002,
5.610948191593353E+009,-3.846602988076175E+001,-1.494607259024388E+002,
5.614858260019550E+009,-3.928321515602485E+001,-1.683060543481883E+002,
5.618768328445747E+009,-3.992788838702448E+001,1.743139987239175E+002,
5.622678396871945E+009,-4.039531649224730E+001,1.576404408338961E+002,
5.626588465298142E+009,-4.106353132594740E+001,1.340985518212179E+002,
5.630498533724340E+009,-4.239040073566641E+001,1.145579895090035E+002,
5.634408602150538E+009,-4.352573114937340E+001,9.615862888107867E+001,
5.638318670576735E+009,-4.454226507155401E+001,7.985315152985869E+001,
5.642228739002933E+009,-4.527535087929410E+001,5.971624246794135E+001,
5.646138807429131E+009,-4.586965600149695E+001,3.628658098821754E+001,
5.650048875855328E+009,-4.805686005628104E+001,6.103881213282866E+000,
5.653958944281525E+009,-5.122084434661734E+001,-1.549807726613856E+001,
5.657869012707723E+009,-5.629089284784909E+001,-3.381648241520691E+001,
5.661779081133920E+009,-5.773789919243868E+001,-1.857537836306918E+001,
5.665689149560118E+009,-5.577058105889861E+001,-4.771226438944454E+001,
5.669599217986315E+009,-5.871199633952499E+001,-9.590811447352449E+001,
5.673509286412512E+009,-5.982667319141156E+001,-1.534002532200783E+002,
5.677419354838710E+009,-5.811111714376908E+001,1.337727501192293E+002,
5.681329423264907E+009,-5.637936086662837E+001,8.163404930951563E+001,
5.685239491691105E+009,-5.580174348578218E+001,4.443126790305292E+001,
5.689149560117302E+009,-5.631168127611198E+001,9.454407861328692E+000,
5.693059628543499E+009,-5.975559806061821E+001,-2.105214087810241E+000,
5.696969696969697E+009,-5.772172362648513E+001,4.650158127154684E+000,
5.700879765395895E+009,-5.687895577202447E+001,-2.071345886518146E+001,
5.704789833822092E+009,-5.915205738106981E+001,-4.385722107113033E+001,
5.708699902248289E+009,-6.257760281447158E+001,-5.802618135762274E+000,
5.712609970674487E+009,-5.504537103377567E+001,2.542853221578093E+000,
5.716520039100684E+009,-5.014379948702605E+001,-2.242598476941248E+001,
5.720430107526882E+009,-4.793987215003115E+001,-5.276920489664730E+001,
5.724340175953079E+009,-4.791799014659635E+001,-8.232876859401267E+001,
5.728250244379276E+009,-4.875994160626918E+001,-1.012816334428280E+002,
5.732160312805474E+009,-4.897230949456616E+001,-1.074548288321323E+002,
5.736070381231671E+009,-4.814047051470135E+001,-1.089975737427927E+002,
5.739980449657869E+009,-4.478440697429930E+001,-1.218403175771321E+002,
5.743890518084066E+009,-4.349050251616079E+001,-1.445305586792211E+002,
5.747800586510263E+009,-4.236464339898889E+001,-1.626326292055946E+002,
5.751710654936461E+009,-4.117799730582512E+001,1.790984627997187E+002,
5.755620723362660E+009,-3.984406425557475E+001,1.579677700948251E+002,
5.759530791788857E+009,-3.890679635466422E+001,1.354316873477739E+002,
5.763440860215054E+009,-3.856941899907812E+001,1.118526721142425E+002,
5.767350928641252E+009,-3.861410037108803E+001,9.020852291291881E+001,
5.771260997067449E+009,-3.907038533707723E+001,7.400644060683263E+001,
5.775171065493647E+009,-3.850372703930043E+001,6.032876864620054E+001,
5.779081133919844E+009,-3.781364386911036E+001,4.573521499746330E+001,
5.782991202346041E+009,-3.698012643118165E+001,2.612720609664368E+001,
5.786901270772239E+009,-3.625381839253709E+001,6.880609074102725E+000,
5.790811339198436E+009,-3.570549213118513E+001,-1.307754933907262E+001,
5.794721407624634E+009,-3.524380186156235E+001,-3.420217803859324E+001,
5.798631476050831E+009,-3.518190880447128E+001,-5.433196993755199E+001,
5.802541544477028E+009,-3.510154673059178E+001,-7.388122138298606E+001,
5.806451612903226E+009,-3.523065233617469E+001,-9.275731772882752E+001,
5.810361681329423E+009,-3.545606064226280E+001,-1.093772763343910E+002,
5.814271749755621E+009,-3.537840082896929E+001,-1.238386819064300E+002,
5.818181818181818E+009,-3.503836100166573E+001,-1.397871351778045E+002,
5.822091886608016E+009,-3.446017233736264E+001,-1.554429471281350E+002,
5.826001955034213E+009,-3.374236059736119E+001,-1.730106649641668E+002,
5.829912023460411E+009,-3.325648867746341E+001,1.667482108622796E+002,
5.833822091886608E+009,-3.311632864597497E+001,1.475837511206760E+002,
5.837732160312805E+009,-3.284258428544472E+001,1.283675658840433E+002,
5.841642228739003E+009,-3.270175672903433E+001,1.085464930132938E+002,
5.845552297165200E+009,-3.288517710385212E+001,8.876386793015378E+001,
5.849462365591398E+009,-3.329776852794677E+001,7.286412182552077E+001,
5.853372434017595E+009,-3.311781887096519E+001,5.762740128091070E+001,
5.857282502443792E+009,-3.296368340238993E+001,4.230894612213990E+001,
5.861192570869990E+009,-3.246887237863572E+001,2.732502650620888E+001,
5.865102639296187E+009,-3.176817795517962E+001,9.435787598071652E+000,
5.869012707722385E+009,-3.130836690054430E+001,-9.281149643080308E+000,
5.872922776148583E+009,-3.090479372273520E+001,-2.923746130997662E+001,
5.876832844574780E+009,-3.086124624980116E+001,-4.882322053105779E+001,
5.880742913000978E+009,-3.073647269327288E+001,-6.718949369046383E+001,
5.884652981427176E+009,-3.058330944167626E+001,-8.595227761829493E+001,
5.888563049853373E+009,-3.063661077955352E+001,-1.057773451803928E+002,
5.892473118279570E+009,-3.084078133582782E+001,-1.236545309225271E+002,
5.896383186705768E+009,-3.099046744008228E+001,-1.398245129554351E+002,
5.900293255131965E+009,-3.089436986776861E+001,-1.557292126315274E+002,
5.904203323558163E+009,-3.073345418058512E+001,-1.719403455804529E+002,
5.908113391984360E+009,-3.037452608238091E+001,1.712016199002647E+002,
5.912023460410557E+009,-3.004297680617647E+001,1.538690919567708E+002,
5.915933528836755E+009,-2.968904099950702E+001,1.353373940307850E+002,
5.919843597262952E+009,-2.960729739134213E+001,1.164264403410807E+002,
5.923753665689150E+009,-2.956296671894031E+001,9.857037824606319E+001,
5.927663734115347E+009,-2.922386401491032E+001,8.086360275035463E+001,
5.931573802541544E+009,-2.908365407030911E+001,6.171342868172132E+001,
5.935483870967742E+009,-2.913620565281256E+001,4.488232119165535E+001,
5.939393939393940E+009,-2.920289623636138E+001,2.773811268992636E+001,
5.943304007820137E+009,-2.890620871276537E+001,1.146050266129509E+001,
5.947214076246334E+009,-2.843518940769734E+001,-5.220750955739996E+000,
5.951124144672532E+009,-2.822683618172247E+001,-2.309573679013901E+001,
5.955034213098729E+009,-2.787768805553137E+001,-4.254375939903233E+001,
5.958944281524927E+009,-2.774017613724011E+001,-6.120412978316895E+001,
5.962854349951124E+009,-2.750517155411973E+001,-8.057658170559490E+001,
5.966764418377321E+009,-2.737187608044120E+001,-1.006493213412914E+002,
5.970674486803519E+009,-2.744381628060136E+001,-1.190284664034614E+002,
5.974584555229716E+009,-2.734577025844308E+001,-1.376168873790798E+002,
5.978494623655914E+009,-2.749476407794861E+001,-1.574885834889419E+002,
5.982404692082111E+009,-2.777825162829959E+001,-1.755116073190447E+002,
5.986314760508308E+009,-2.797007546976333E+001,1.682543660043198E+002,
5.990224828934506E+009,-2.776848007982408E+001,1.525482616265054E+002,
5.994134897360704E+009,-2.752811887526643E+001,1.353128733793478E+002,
5.998044965786902E+009,-2.729495071365594E+001,1.171045526013333E+002,
6.001955034213099E+009,-2.727152915526194E+001,9.803236619304998E+001,
6.005865102639297E+009,-2.737735259425439E+001,7.918235760253934E+001,
6.009775171065494E+009,-2.725582594404841E+001,6.186258953651056E+001,
6.013685239491692E+009,-2.708406419382346E+001,4.410981082498853E+001,
6.017595307917889E+009,-2.707267564807133E+001,2.509343906563798E+001,
6.021505376344086E+009,-2.700925030808667E+001,6.898318906318639E+000,
6.025415444770284E+009,-2.711696727953325E+001,-1.235648707354443E+001,
6.029325513196481E+009,-2.712955856801777E+001,-3.076580616083862E+001,
6.033235581622679E+009,-2.719525533944054E+001,-4.852346996715659E+001,
6.037145650048876E+009,-2.731033348574405E+001,-6.612061041771503E+001,
6.041055718475073E+009,-2.728517126159187E+001,-8.338217288104485E+001,
6.044965786901271E+009,-2.737453041200352E+001,-1.009112363113336E+002,
6.048875855327468E+009,-2.740193407851987E+001,-1.185200872923800E+002,
6.052785923753666E+009,-2.744797507462443E+001,-1.350655537670722E+002,
6.056695992179863E+009,-2.728590672064888E+001,-1.520732433774447E+002,
6.060606060606061E+009,-2.715968842595312E+001,-1.711365947146782E+002,
6.064516129032258E+009,-2.712736047867070E+001,1.708029894638418E+002,
6.068426197458456E+009,-2.712894079286816E+001,1.516830650724850E+002,
6.072336265884653E+009,-2.718597987506734E+001,1.322071876098960E+002,
6.076246334310850E+009,-2.736200701474220E+001,1.144287635002809E+002,
6.080156402737048E+009,-2.757657841204949E+001,9.736821055836124E+001,
6.084066471163245E+009,-2.741988214627666E+001,8.091265693913792E+001,
6.087976539589443E+009,-2.726897099629644E+001,6.266202786943487E+001,
6.091886608015640E+009,-2.716341968184814E+001,4.353982681478625E+001,
6.095796676441837E+009,-2.729248062921983E+001,2.492466786038828E+001,
6.099706744868035E+009,-2.737609183677001E+001,6.555112792690100E+000,
6.103616813294232E+009,-2.732784962390272E+001,-1.151540235130748E+001,
6.107526881720430E+009,-2.740285956699311E+001,-3.039755841590636E+001,
6.111436950146627E+009,-2.770601065224833E+001,-4.971160953597242E+001,
6.115347018572825E+009,-2.812997587948166E+001,-6.703141967203224E+001,
6.119257086999023E+009,-2.834840946433865E+001,-8.476863859515683E+001,
6.123167155425221E+009,-2.840503447684463E+001,-1.004166738312095E+002,
6.127077223851418E+009,-2.846624575104967E+001,-1.170369370884311E+002,
6.130987292277615E+009,-2.848456166809261E+001,-1.349128407661601E+002,
6.134897360703813E+009,-2.842591773059471E+001,-1.525030174810336E+002,
6.138807429130010E+009,-2.833841317710316E+001,-1.706378443310668E+002,
6.142717497556208E+009,-2.847727592540376E+001,1.716653281540005E+002,
6.146627565982405E+009,-2.847382291948093E+001,1.536621734212699E+002,
6.150537634408602E+009,-2.871946587352296E+001,1.351362881271843E+002,
6.154447702834800E+009,-2.872866486391667E+001,1.170530938885483E+002,
6.158357771260998E+009,-2.889131931633069E+001,9.903321089412582E+001,
6.162267839687195E+009,-2.914053566367770E+001,8.109421245919674E+001,
6.166177908113392E+009,-2.924264663178912E+001,6.464492349208426E+001,
6.170087976539589E+009,-2.934878675139165E+001,4.770967550167375E+001,
6.173998044965787E+009,-2.961185002001646E+001,3.058453178511648E+001,
6.177908113391985E+009,-2.961061949060701E+001,1.708405156336347E+001,
6.181818181818182E+009,-2.929664787758169E+001,-2.525974116869125E-001,
6.185728250244379E+009,-2.913730751101068E+001,-1.815968554207550E+001,
6.189638318670576E+009,-2.887614150368698E+001,-3.610657571031243E+001,
6.193548387096774E+009,-2.847587939047037E+001,-5.430494808920817E+001,
6.197458455522972E+009,-2.829181308161172E+001,-7.558635228586589E+001,
6.201368523949169E+009,-2.846453015155228E+001,-9.504422260696528E+001,
6.205278592375366E+009,-2.877082586568284E+001,-1.147519693476890E+002,
6.209188660801564E+009,-2.906923853659307E+001,-1.339721977868125E+002,
6.213098729227762E+009,-2.919956402309953E+001,-1.521431346522284E+002,
6.217008797653959E+009,-2.942788316850774E+001,-1.699664782157287E+002,
6.220918866080156E+009,-2.944454070072370E+001,1.722406890575811E+002,
6.224828934506353E+009,-2.961571045046110E+001,1.535505154391322E+002,
6.228739002932551E+009,-2.977075175485709E+001,1.358749780012735E+002,
6.232649071358749E+009,-2.966341433840203E+001,1.167622551055083E+002,
6.236559139784946E+009,-2.991171676049289E+001,9.832146160620847E+001,
6.240469208211144E+009,-2.995221628585309E+001,7.833877706356917E+001,
6.244379276637341E+009,-3.021330926841436E+001,5.939961457099685E+001,
6.248289345063539E+009,-3.061292907982642E+001,4.080902681881456E+001,
6.252199413489737E+009,-3.070966810812456E+001,2.254706392561101E+001,
6.256109481915934E+009,-3.083818623651728E+001,3.671412805411813E+000,
6.260019550342131E+009,-3.120225230000844E+001,-1.411646670066913E+001,
6.263929618768329E+009,-3.153449066212286E+001,-3.373297539279467E+001,
6.267839687194526E+009,-3.173340432827491E+001,-5.334315688297057E+001,
6.271749755620724E+009,-3.227697219205591E+001,-7.237928385930461E+001,
6.275659824046921E+009,-3.254749693137281E+001,-9.034203030980341E+001,
6.279569892473118E+009,-3.294229914348119E+001,-1.086144348347037E+002,
6.283479960899316E+009,-3.348880567557862E+001,-1.260086636525504E+002,
6.287390029325514E+009,-3.378719398203964E+001,-1.439486983144526E+002,
6.291300097751711E+009,-3.405740731211469E+001,-1.611634589363511E+002,
6.295210166177908E+009,-3.441234173526658E+001,-1.795397808624517E+002,
6.299120234604105E+009,-3.457500376243140E+001,1.629668929411444E+002,
6.303030303030303E+009,-3.470739429988852E+001,1.431498580052681E+002,
6.306940371456501E+009,-3.500055350120768E+001,1.228111556478653E+002,
6.310850439882698E+009,-3.560594209694065E+001,1.011636463080095E+002,
6.314760508308895E+009,-3.649424972144788E+001,8.377176168489018E+001,
6.318670576735093E+009,-3.710802913347200E+001,6.558880895662067E+001,
6.322580645161290E+009,-3.766635715643112E+001,4.705208831697981E+001,
6.326490713587488E+009,-3.835607187639665E+001,2.807267121744335E+001,
6.330400782013685E+009,-3.941044389534560E+001,8.530943178429352E+000,
6.334310850439882E+009,-4.040501105679752E+001,-5.236487536225098E+000,
6.338220918866080E+009,-4.075666473186969E+001,-1.830340421008501E+001,
6.342130987292278E+009,-4.027420923961181E+001,-3.485783138176156E+001,
6.346041055718475E+009,-4.040145794314007E+001,-5.874653003691032E+001,
6.349951124144672E+009,-4.119422906903795E+001,-8.175682211390078E+001,
6.353861192570869E+009,-4.191039893618231E+001,-1.039891957826987E+002,
6.357771260997068E+009,-4.297016889898544E+001,-1.300565198243191E+002,
6.361681329423266E+009,-4.481823550057069E+001,-1.547901527253291E+002,
6.365591397849463E+009,-4.692779865770133E+001,-1.755252864261289E+002,
6.369501466275660E+009,-4.933703285606742E+001,1.636738749015534E+002,
6.373411534701857E+009,-5.090857257120266E+001,1.497746386479298E+002,
6.377321603128055E+009,-5.086890890537789E+001,1.285600885958567E+002,
6.381231671554253E+009,-5.233828862064133E+001,8.066407551573118E+001,
6.385141739980450E+009,-5.666356568696254E+001,4.667275173564462E+001,
6.389051808406647E+009,-5.696218603408106E+001,9.411828605460251E+000,
6.392961876832845E+009,-5.652542290951735E+001,-3.363052313491901E+001,
6.396871945259043E+009,-5.454360010736516E+001,-6.677707794784034E+001,
6.400782013685240E+009,-5.222013916223144E+001,-9.743308059361877E+001,
6.404692082111437E+009,-5.170799662692631E+001,-1.216486995952627E+002,
6.408602150537634E+009,-4.964911066045310E+001,-1.393805299120138E+002,
6.412512218963832E+009,-4.842153134614687E+001,-1.658251561767940E+002,
6.416422287390030E+009,-4.827654896034034E+001,1.755214780839566E+002,
6.420332355816227E+009,-4.660023886647646E+001,1.613062752208688E+002,
6.424242424242424E+009,-4.531786379486243E+001,1.370159692397891E+002,
6.428152492668621E+009,-4.479148463359047E+001,1.151819043569800E+002,
6.432062561094819E+009,-4.451681543456468E+001,9.566232101167152E+001,
6.435972629521017E+009,-4.417238878063746E+001,7.512034285367707E+001,
6.439882697947214E+009,-4.438778639977045E+001,5.786467452384910E+001,
6.443792766373411E+009,-4.415405723297623E+001,4.193651395269774E+001,
6.447702834799609E+009,-4.428876680944848E+001,2.560335632181201E+001,
6.451612903225807E+009,-4.402983849192467E+001,1.792713343573536E+001,
6.455522971652004E+009,-4.234594336569425E+001,4.057699445710107E+000,
6.459433040078201E+009,-4.100197162537157E+001,-1.638738091483747E+001,
6.463343108504398E+009,-4.056947429529305E+001,-3.909444349452798E+001,
6.467253176930596E+009,-4.040484377650378E+001,-5.673900057059397E+001,
6.471163245356794E+009,-3.989734853711732E+001,-7.557560834544380E+001,
6.475073313782991E+009,-3.981974226944568E+001,-9.446498617855373E+001,
6.478983382209189E+009,-3.933441120051420E+001,-1.102463191148891E+002,
6.482893450635386E+009,-3.869736199248244E+001,-1.303701944655525E+002,
6.486803519061584E+009,-3.874658367919756E+001,-1.517618088548339E+002,
6.490713587487782E+009,-3.888471666031903E+001,-1.683504545272364E+002,
6.494623655913979E+009,-3.863224469883723E+001,1.746239574347528E+002,
6.498533724340176E+009,-3.857585734953157E+001,1.576422428145753E+002,
6.502443792766374E+009,-3.812340597402930E+001,1.398486408461948E+002,
6.506353861192571E+009,-3.803919817143224E+001,1.202109349598605E+002,
6.510263929618769E+009,-3.823817382385840E+001,1.020051975194818E+002,
6.514173998044966E+009,-3.827443257248635E+001,8.716108658904423E+001,
6.518084066471163E+009,-3.803658999971879E+001,7.197969317779571E+001,
6.521994134897361E+009,-3.748864966431808E+001,5.549222829418730E+001,
6.525904203323559E+009,-3.701092658425840E+001,3.571295202270778E+001,
6.529814271749756E+009,-3.706886870235269E+001,1.535753436784874E+001,
6.533724340175953E+009,-3.725442428502523E+001,-2.309998823368856E+000,
6.537634408602150E+009,-3.737296399384370E+001,-1.877254199439939E+001,
6.541544477028348E+009,-3.712473578996694E+001,-3.537576419598581E+001,
6.545454545454546E+009,-3.692402577389652E+001,-5.350883671386286E+001,
6.549364613880743E+009,-3.695107665361958E+001,-7.112784826705355E+001,
6.553274682306940E+009,-3.699571778864676E+001,-8.846033463851322E+001,
6.557184750733138E+009,-3.683798966121931E+001,-1.058850787295330E+002,
6.561094819159335E+009,-3.708288386709022E+001,-1.244893727291524E+002,
6.565004887585533E+009,-3.728158889450840E+001,-1.408063367336599E+002,
6.568914956011730E+009,-3.718290648586260E+001,-1.574189254721995E+002,
6.572825024437927E+009,-3.729367748847001E+001,-1.755693945049158E+002,
6.576735092864125E+009,-3.749055016250549E+001,1.674892825552424E+002,
6.580645161290323E+009,-3.774902197002766E+001,1.512613715648842E+002,
6.584555229716520E+009,-3.800921666559179E+001,1.374130563131365E+002,
6.588465298142717E+009,-3.792396390945395E+001,1.222336524590343E+002,
6.592375366568914E+009,-3.800619137571648E+001,1.067764988332392E+002,
6.596285434995112E+009,-3.799304572648271E+001,9.147751596030135E+001,
6.600195503421310E+009,-3.801088727962500E+001,7.724435384306739E+001,
6.604105571847508E+009,-3.790573198432037E+001,6.263224747292087E+001,
6.608015640273705E+009,-3.739767856412641E+001,4.901370789460773E+001,
6.611925708699902E+009,-3.713875120422684E+001,3.236896253588683E+001,
6.615835777126100E+009,-3.685872214236820E+001,1.760993200722902E+001,
6.619745845552298E+009,-3.639160424170878E+001,1.857722052465922E+000,
6.623655913978495E+009,-3.596292115510843E+001,-1.499847970599114E+001,
6.627565982404692E+009,-3.545140234995422E+001,-3.195422098775865E+001,
6.631476050830890E+009,-3.509309473697541E+001,-5.167474241022795E+001,
6.635386119257088E+009,-3.522791930872669E+001,-7.159365895050992E+001,
6.639296187683285E+009,-3.540811602690128E+001,-8.748071621866616E+001,
6.643206256109482E+009,-3.544679203039424E+001,-1.033566856210035E+002,
6.647116324535679E+009,-3.540601439526788E+001,-1.174700321208860E+002,
6.651026392961877E+009,-3.500951492751874E+001,-1.322341547664376E+002,
6.654936461388075E+009,-3.459041715617081E+001,-1.478720082656699E+002,
6.658846529814272E+009,-3.404274160395255E+001,-1.649035000025871E+002,
6.662756598240469E+009,-3.361956341996378E+001,1.772712578247010E+002,
6.666666666666666E+009,-3.311223039140020E+001,1.594106994725275E+002,
6.670576735092864E+009,-3.281480982764332E+001,1.394905344534558E+002,
6.674486803519062E+009,-3.265306431792698E+001,1.200818362299246E+002,
6.678396871945259E+009,-3.270971926870526E+001,1.000590816808234E+002,
6.682306940371456E+009,-3.305896216664853E+001,8.210153149242701E+001,
6.686217008797654E+009,-3.322230631485924E+001,6.611875112836597E+001,
6.690127077223852E+009,-3.329969396287061E+001,5.078487628375124E+001,
6.694037145650049E+009,-3.307786367387187E+001,3.589848418950279E+001,
6.697947214076246E+009,-3.277193572810657E+001,1.968872368142584E+001,
6.701857282502443E+009,-3.240629925696616E+001,3.027748270524507E+000,
6.705767350928641E+009,-3.200885546826100E+001,-1.460866651854439E+001,
6.709677419354839E+009,-3.178464646986713E+001,-3.247333460050417E+001,
6.713587487781036E+009,-3.148241739023149E+001,-5.116455907184751E+001,
6.717497556207233E+009,-3.142990943202186E+001,-7.024973685648125E+001,
6.721407624633431E+009,-3.158566289306706E+001,-8.869387925989658E+001,
6.725317693059629E+009,-3.164990978820320E+001,-1.041953825320086E+002,
6.729227761485827E+009,-3.149865768297461E+001,-1.205638968965328E+002,
6.733137829912024E+009,-3.119666678907093E+001,-1.360882713751288E+002,
6.737047898338221E+009,-3.079661911272154E+001,-1.536872855040972E+002,
6.740957966764419E+009,-3.051811743481530E+001,-1.722809574266635E+002,
6.744868035190616E+009,-3.037875785592173E+001,1.699785058533685E+002,
6.748778103616814E+009,-3.017611459859481E+001,1.525596651774218E+002,
6.752688172043011E+009,-2.981919509903647E+001,1.347673696410340E+002,
6.756598240469208E+009,-2.953821444345991E+001,1.145798985711304E+002,
6.760508308895406E+009,-2.957056171260393E+001,9.482506106760046E+001,
6.764418377321604E+009,-2.995872488135095E+001,7.757152711830790E+001,
6.768328445747801E+009,-3.000188964546147E+001,6.167070482610233E+001,
6.772238514173998E+009,-2.960380101738132E+001,4.494665753379136E+001,
6.776148582600195E+009,-2.926669299351607E+001,2.949990871006301E+001,
6.780058651026393E+009,-2.901730554692055E+001,1.327831684185716E+001,
6.783968719452591E+009,-2.853434167877845E+001,-5.833571937535766E+000,
6.787878787878788E+009,-2.817713094641432E+001,-2.520873161381969E+001,
6.791788856304985E+009,-2.807544112457349E+001,-4.498361349053937E+001,
6.795698924731183E+009,-2.801003062886454E+001,-6.397378061532432E+001,
6.799608993157380E+009,-2.794149628180868E+001,-8.377789578222173E+001,
6.803519061583578E+009,-2.811717234372637E+001,-1.035363294466879E+002,
6.807429130009775E+009,-2.836094401774715E+001,-1.213939253910387E+002,
6.811339198435972E+009,-2.818276570657628E+001,-1.364047892130972E+002,
6.815249266862170E+009,-2.808047881980180E+001,-1.540032259653688E+002,
6.819159335288368E+009,-2.786823020494839E+001,-1.721789895508800E+002,
6.823069403714565E+009,-2.768852196129108E+001,1.698423562521604E+002,
6.826979472140762E+009,-2.744366756071236E+001,1.524477778860688E+002,
6.830889540566959E+009,-2.719726869727510E+001,1.325440566984677E+002,
6.834799608993157E+009,-2.709616763896414E+001,1.123565349965627E+002,
6.838709677419355E+009,-2.727275631032167E+001,9.280838583309718E+001,
6.842619745845552E+009,-2.727643560897727E+001,7.455953748491395E+001,
6.846529814271750E+009,-2.731298722071229E+001,5.636239539234581E+001,
6.850439882697948E+009,-2.736873652545270E+001,3.852930698247172E+001,
6.854349951124145E+009,-2.727291907281468E+001,2.133423225367402E+001,
6.858260019550343E+009,-2.718116301419115E+001,3.194502857923230E+000,
6.862170087976540E+009,-2.708547713952456E+001,-1.592206813673107E+001,
6.866080156402737E+009,-2.689388981049559E+001,-3.448227566037492E+001,
6.869990224828935E+009,-2.683581389169147E+001,-5.403542130286738E+001,
6.873900293255133E+009,-2.680973146261204E+001,-7.414645499905781E+001,
6.877810361681330E+009,-2.696113496289135E+001,-9.362872021100854E+001,
6.881720430107527E+009,-2.713471419385397E+001,-1.136056630234541E+002,
6.885630498533724E+009,-2.729943647100208E+001,-1.322020483461071E+002,
6.889540566959922E+009,-2.744571638923814E+001,-1.507832392415098E+002,
6.893450635386120E+009,-2.748610791136346E+001,-1.685834101138527E+002,
6.897360703812317E+009,-2.755548474409152E+001,1.729651080484896E+002,
6.901270772238514E+009,-2.745131086430286E+001,1.536356604446997E+002,
6.905180840664711E+009,-2.770542003558164E+001,1.338390362570114E+002,
6.909090909090909E+009,-2.791474227593322E+001,1.154269570152082E+002,
6.913000977517107E+009,-2.799944107836951E+001,9.645589608066410E+001,
6.916911045943304E+009,-2.820275178494935E+001,7.781997427269610E+001,
6.920821114369501E+009,-2.830066334060252E+001,5.990745949135237E+001,
6.924731182795699E+009,-2.840058188385626E+001,4.017994396141051E+001,
6.928641251221897E+009,-2.867248961230482E+001,2.177898692100761E+001,
6.932551319648094E+009,-2.875579225186261E+001,1.766064591844077E+000,
6.936461388074291E+009,-2.906943276916879E+001,-1.781783353390193E+001,
6.940371456500488E+009,-2.945216252497147E+001,-3.604106294066057E+001,
6.944281524926686E+009,-2.971616915068822E+001,-5.530698545048464E+001,
6.948191593352884E+009,-3.007845833809499E+001,-7.385088605107789E+001,
6.952101661779081E+009,-3.045809248684514E+001,-9.208754332810570E+001,
6.956011730205278E+009,-3.074479102387659E+001,-1.096413184482304E+002,
6.959921798631475E+009,-3.087339594025004E+001,-1.263962990089172E+002,
6.963831867057674E+009,-3.112016960317943E+001,-1.443964291241765E+002,
6.967741935483872E+009,-3.105622903438003E+001,-1.640068581281930E+002,
6.971652003910069E+009,-3.129555948754155E+001,1.753028476960764E+002,
6.975562072336266E+009,-3.185161711050637E+001,1.574101493806495E+002,
6.979472140762464E+009,-3.235466846745326E+001,1.378800623724078E+002,
6.983382209188661E+009,-3.298095659328588E+001,1.195817123800027E+002,
6.987292277614859E+009,-3.347392554298546E+001,1.025520890583909E+002,
6.991202346041056E+009,-3.377698154069943E+001,8.611058892883251E+001,
6.995112414467253E+009,-3.400794599914198E+001,6.805644418929069E+001,
6.999022482893451E+009,-3.446836693238177E+001,4.981187921904629E+001,
7.002932551319649E+009,-3.477247180832374E+001,3.295609881628201E+001,
7.006842619745846E+009,-3.497891392537804E+001,1.445199168246537E+001,
7.010752688172043E+009,-3.530481617884756E+001,-4.715090550931381E+000,
7.014662756598240E+009,-3.606488443223358E+001,-2.460158332425068E+001,
7.018572825024438E+009,-3.684860849499922E+001,-4.178989519022441E+001,
7.022482893450636E+009,-3.735350683650432E+001,-5.745955595218792E+001,
7.026392961876833E+009,-3.757594221340687E+001,-7.408525618756396E+001,
7.030303030303030E+009,-3.792819283388313E+001,-9.351603450096341E+001,
7.034213098729228E+009,-3.857127310203716E+001,-1.142931712336441E+002,
7.038123167155425E+009,-3.974693429183190E+001,-1.338751723892557E+002,
7.042033235581623E+009,-4.086387161561725E+001,-1.489061324538553E+002,
7.045943304007820E+009,-4.166347535047238E+001,-1.649324128887339E+002,
7.049853372434017E+009,-4.270955663857607E+001,1.799994343702829E+002,
7.053763440860215E+009,-4.333821077921422E+001,1.656245717563161E+002,
7.057673509286413E+009,-4.415484377162372E+001,1.474087239657639E+002,
7.061583577712610E+009,-4.552696136224380E+001,1.391364481936008E+002,
7.065493646138807E+009,-4.479808872024912E+001,1.288899518780412E+002,
7.069403714565004E+009,-4.488891572455729E+001,1.024430437877235E+002,
7.073313782991202E+009,-4.660319036962104E+001,7.859692858782120E+001,
7.077223851417400E+009,-4.967117301519370E+001,5.842939153665665E+001,
7.081133919843597E+009,-5.377410120308490E+001,5.634867597651714E+001,
7.085043988269795E+009,-5.477587769546993E+001,6.422947877320620E+001,
7.088954056695993E+009,-5.427488118584446E+001,6.778686929959352E+001,
7.092864125122190E+009,-5.327053249225975E+001,6.302013859797621E+001,
7.096774193548388E+009,-5.285034901099784E+001,5.053645087808807E+001,
7.100684261974585E+009,-5.401460561886025E+001,4.688601798500267E+001,
7.104594330400782E+009,-5.282783593083777E+001,4.581853321041799E+001,
7.108504398826980E+009,-5.215684740355452E+001,4.690325029738188E+001,
7.112414467253178E+009,-4.964451439777307E+001,3.930618291560707E+001,
7.116324535679375E+009,-4.729841469001843E+001,2.363318535012647E+001,
7.120234604105572E+009,-4.592321701142076E+001,4.663584295168356E+000,
7.124144672531769E+009,-4.476907541652906E+001,-1.120489726707431E+001,
7.128054740957967E+009,-4.355251967263109E+001,-3.023157170110039E+001,
7.131964809384165E+009,-4.272155033665698E+001,-4.756422095112399E+001,
7.135874877810362E+009,-4.207719454418108E+001,-6.763927908264982E+001,
7.139784946236559E+009,-4.161843866464203E+001,-8.797272030453617E+001,
7.143695014662756E+009,-4.155273678142400E+001,-1.060555756987459E+002,
7.147605083088954E+009,-4.124186415079466E+001,-1.255755208224382E+002,
7.151515151515152E+009,-4.123438283059287E+001,-1.425843078848625E+002,
7.155425219941349E+009,-4.096148033297006E+001,-1.594927357717527E+002,
7.159335288367546E+009,-4.080551549282552E+001,-1.789900372546349E+002,
7.163245356793744E+009,-4.124489523959198E+001,1.637198677527171E+002,
7.167155425219942E+009,-4.129869073268736E+001,1.508860183481880E+002,
7.171065493646139E+009,-4.110625143691559E+001,1.375045216054731E+002,
7.174975562072336E+009,-4.050339002471784E+001,1.204448078822464E+002,
7.178885630498533E+009,-4.036890060503464E+001,1.024422997518950E+002,
7.182795698924731E+009,-4.033764953631800E+001,8.621309770544238E+001,
7.186705767350929E+009,-4.014979511115929E+001,7.155930859713148E+001,
7.190615835777126E+009,-3.998747145031580E+001,5.642662575073574E+001,
7.194525904203323E+009,-3.943065636123564E+001,4.197149868823143E+001,
7.198435972629520E+009,-3.903278004892700E+001,2.343846638537831E+001,
7.202346041055718E+009,-3.886551863414997E+001,8.912953012501582E+000,
7.206256109481916E+009,-3.830609383190102E+001,-6.686976054830066E+000,
7.210166177908114E+009,-3.782371114408698E+001,-2.317798562206811E+001,
7.214076246334311E+009,-3.711533877653214E+001,-4.143374068112454E+001,
7.217986314760509E+009,-3.677629956747538E+001,-6.079421206362483E+001,
7.221896383186706E+009,-3.660496009464836E+001,-7.945845779089088E+001,
7.225806451612904E+009,-3.649784261764283E+001,-9.800396497016727E+001,
7.229716520039101E+009,-3.646747147191161E+001,-1.163189063498172E+002,
7.233626588465298E+009,-3.664558134304009E+001,-1.325468786955719E+002,
7.237536656891496E+009,-3.634450257614609E+001,-1.473895652965384E+002,
7.241446725317694E+009,-3.591408031188815E+001,-1.637700996039106E+002,
7.245356793743891E+009,-3.547008707922109E+001,1.793443061254419E+002,
7.249266862170088E+009,-3.506716163947769E+001,1.611323100625739E+002,
7.253176930596285E+009,-3.473587494044890E+001,1.424284295665229E+002,
7.257086999022483E+009,-3.434563202163932E+001,1.241692797443052E+002,
7.260997067448681E+009,-3.417579747859398E+001,1.035323719258456E+002,
7.264907135874878E+009,-3.434155722981727E+001,8.459445193628733E+001,
7.268817204301075E+009,-3.426277885200481E+001,6.669081340234419E+001,
7.272727272727273E+009,-3.425547188286895E+001,4.857206808865549E+001,
7.276637341153470E+009,-3.437446337625862E+001,3.095945306853302E+001,
7.280547409579668E+009,-3.446572939224636E+001,1.486140767469065E+001,
7.284457478005865E+009,-3.423040110362876E+001,-1.493473587492283E+000,
7.288367546432062E+009,-3.401276045636097E+001,-1.918272105244966E+001,
7.292277614858260E+009,-3.397274328629266E+001,-3.619476150535442E+001,
7.296187683284458E+009,-3.364470297961680E+001,-5.257337348437332E+001,
7.300097751710655E+009,-3.319020312094644E+001,-7.110405863519037E+001,
7.304007820136852E+009,-3.298672508816178E+001,-9.141772800164263E+001,
7.307917888563049E+009,-3.316674009311295E+001,-1.110470351308308E+002,
7.311827956989247E+009,-3.364279240445543E+001,-1.288116044592661E+002,
7.315738025415445E+009,-3.378807607424317E+001,-1.446302525319535E+002,
7.319648093841642E+009,-3.382664985471994E+001,-1.611661017453733E+002,
7.323558162267839E+009,-3.366544533568853E+001,-1.763526069944329E+002,
7.327468230694037E+009,-3.323919353933283E+001,1.675581018960012E+002,
7.331378299120235E+009,-3.272830776679320E+001,1.492209377251088E+002,
7.335288367546433E+009,-3.259746597123703E+001,1.297424260752247E+002,
7.339198435972630E+009,-3.249236343587320E+001,1.123142976693276E+002,
7.343108504398827E+009,-3.214954377650946E+001,9.330849815665465E+001,
7.347018572825025E+009,-3.205154213924161E+001,7.233608980212978E+001,
7.350928641251223E+009,-3.237998241647517E+001,5.219327673017063E+001,
7.354838709677420E+009,-3.270473727127131E+001,3.493390774961737E+001,
7.358748778103617E+009,-3.281707123454112E+001,1.814575283663147E+001,
7.362658846529814E+009,-3.302856423429089E+001,7.857587052571270E-001,
7.366568914956012E+009,-3.319267331854161E+001,-1.517525608455093E+001,
7.370478983382210E+009,-3.305824181811075E+001,-3.015716967044848E+001,
7.374389051808407E+009,-3.268502311372509E+001,-4.747180433181401E+001,
7.378299120234604E+009,-3.249951601822873E+001,-6.545191203625279E+001,
7.382209188660801E+009,-3.239195478095947E+001,-8.364489200728258E+001,
7.386119257086999E+009,-3.214049072048621E+001,-1.025197698737239E+002,
7.390029325513197E+009,-3.213561893849215E+001,-1.231529238322916E+002,
7.393939393939394E+009,-3.259163401217359E+001,-1.428339516258253E+002,
7.397849462365591E+009,-3.318198277319719E+001,-1.591500029612859E+002,
7.401759530791789E+009,-3.329368535541080E+001,-1.737033976035669E+002,
7.405669599217987E+009,-3.308712404473654E+001,1.705581097245837E+002,
7.409579667644184E+009,-3.300764834563854E+001,1.534219877898719E+002,
7.413489736070381E+009,-3.289939857247038E+001,1.360469763715584E+002,
7.417399804496578E+009,-3.277142042679198E+001,1.188708580818928E+002,
7.421309872922776E+009,-3.270746346765383E+001,1.009082596130966E+002,
7.425219941348974E+009,-3.262371562548961E+001,8.326387317293482E+001,
7.429130009775171E+009,-3.261796114859336E+001,6.505593285522352E+001,
7.433040078201368E+009,-3.252252878543744E+001,4.633083378759098E+001,
7.436950146627565E+009,-3.280736170429358E+001,2.669236495929584E+001,
7.440860215053763E+009,-3.333036673136442E+001,9.981874014458986E+000,
7.444770283479961E+009,-3.340820547657507E+001,-4.290620167720848E+000,
7.448680351906158E+009,-3.320703080189801E+001,-2.055262527077079E+001,
7.452590420332356E+009,-3.316374078151901E+001,-3.833824118790883E+001,
7.456500488758554E+009,-3.314288982826270E+001,-5.586387694145062E+001,
7.460410557184751E+009,-3.315916696953661E+001,-7.354247805623173E+001,
7.464320625610949E+009,-3.326012563020308E+001,-9.026797393859307E+001,
7.468230694037146E+009,-3.330242581402891E+001,-1.057407159859446E+002,
7.472140762463343E+009,-3.294453133393711E+001,-1.220701177862196E+002,
7.476050830889541E+009,-3.267324967085239E+001,-1.404998243543894E+002,
7.479960899315739E+009,-3.258933051461947E+001,-1.600292041864029E+002,
7.483870967741936E+009,-3.278317843025864E+001,-1.788422892158024E+002,
7.487781036168133E+009,-3.295235810681393E+001,1.641334769503561E+002,
7.491691104594330E+009,-3.303003105683901E+001,1.467151223744905E+002,
7.495601173020528E+009,-3.318844569423278E+001,1.297644071004040E+002,
7.499511241446726E+009,-3.324775348861923E+001,1.136006565023546E+002,
7.503421309872923E+009,-3.304741638769642E+001,9.728984473318803E+001,
7.507331378299120E+009,-3.300478837264222E+001,7.952572626885946E+001,
7.511241446725318E+009,-3.310453913251930E+001,6.263381601015951E+001,
7.515151515151515E+009,-3.289875102980662E+001,4.674199534353473E+001,
7.519061583577713E+009,-3.261099570892311E+001,2.860852440602467E+001,
7.522971652003910E+009,-3.251969533752693E+001,9.365282796940726E+000,
7.526881720430107E+009,-3.259784766261387E+001,-8.615259829190675E+000,
7.530791788856305E+009,-3.260704646540316E+001,-2.624211106401140E+001,
7.534701857282503E+009,-3.271163149261140E+001,-4.360856794570633E+001,
7.538611925708700E+009,-3.268927831028624E+001,-6.003155667457826E+001,
7.542521994134897E+009,-3.254461522531818E+001,-7.685111625324474E+001,
7.546432062561094E+009,-3.238155008559942E+001,-9.455535120196622E+001,
7.550342130987292E+009,-3.233469597044977E+001,-1.119497402995918E+002,
7.554252199413490E+009,-3.216047955738328E+001,-1.292675402976157E+002,
7.558162267839687E+009,-3.189736471172619E+001,-1.475600792178206E+002,
7.562072336265884E+009,-3.164366054403688E+001,-1.663338962122752E+002,
7.565982404692082E+009,-3.146396268717971E+001,1.731510872771528E+002,
7.569892473118280E+009,-3.172822834566159E+001,1.534529723094064E+002,
7.573802541544478E+009,-3.189034274392812E+001,1.360554565086674E+002,
7.577712609970675E+009,-3.200619269799120E+001,1.180386522083107E+002,
7.581622678396872E+009,-3.196599565351093E+001,1.000294866281200E+002,
7.585532746823070E+009,-3.214343268158978E+001,8.142121558315486E+001,
7.589442815249268E+009,-3.226259785711910E+001,6.505690476414833E+001,
7.593352883675465E+009,-3.217103430491890E+001,4.760634605890189E+001,
7.597262952101662E+009,-3.210414848863847E+001,3.060140599850378E+001,
7.601173020527859E+009,-3.175373282877393E+001,1.300215424590231E+001,
7.605083088954057E+009,-3.142433279436958E+001,-7.313219665704758E+000,
7.608993157380255E+009,-3.154200155813052E+001,-2.819127154879493E+001,
7.612903225806452E+009,-3.164332132296827E+001,-4.701871972549289E+001,
7.616813294232649E+009,-3.171599086933217E+001,-6.634900734724316E+001,
7.620723362658846E+009,-3.189499885936783E+001,-8.642784020854685E+001,
7.624633431085044E+009,-3.214432501341312E+001,-1.049817466533339E+002,
7.628543499511242E+009,-3.242269529897096E+001,-1.226899335079275E+002,
7.632453567937439E+009,-3.243871833003487E+001,-1.399494517479788E+002,
7.636363636363636E+009,-3.234575379741764E+001,-1.579706629828210E+002,
7.640273704789834E+009,-3.235072171227922E+001,-1.764486490234890E+002,
7.644183773216032E+009,-3.247348741580910E+001,1.640020060309609E+002,
7.648093841642229E+009,-3.249642055156946E+001,1.449579613884467E+002,
7.652003910068426E+009,-3.262862910713715E+001,1.252423342338243E+002,
7.655913978494623E+009,-3.295320892764850E+001,1.065647194537358E+002,
7.659824046920821E+009,-3.300953453529930E+001,8.799467448925230E+001,
7.663734115347019E+009,-3.317180969565614E+001,6.796204491544424E+001,
7.667644183773216E+009,-3.357963089694963E+001,4.789314931418896E+001,
7.671554252199413E+009,-3.402904690374015E+001,2.968796444348445E+001,
7.675464320625610E+009,-3.423344563076301E+001,1.300122084779409E+001,
7.679374389051808E+009,-3.431972269019668E+001,-5.797324816499113E+000,
7.683284457478006E+009,-3.466040930920141E+001,-2.499312128157632E+001,
7.687194525904203E+009,-3.498446831460451E+001,-4.214301491810496E+001,
7.691104594330401E+009,-3.480378136923446E+001,-6.043816773065216E+001,
7.695014662756599E+009,-3.497591919560832E+001,-8.186122687750799E+001,
7.698924731182797E+009,-3.550468836763579E+001,-1.010225750648447E+002,
7.702834799608994E+009,-3.587395605877973E+001,-1.201253417957667E+002,
7.706744868035191E+009,-3.623515597112496E+001,-1.390357762808075E+002,
7.710654936461388E+009,-3.671909945988715E+001,-1.566421352001532E+002,
7.714565004887586E+009,-3.702166237877709E+001,-1.735026983293749E+002,
7.718475073313784E+009,-3.700678066160747E+001,1.687727580216190E+002,
7.722385141739981E+009,-3.710718912711356E+001,1.485619261479678E+002,
7.726295210166178E+009,-3.740313901275020E+001,1.288477009959033E+002,
7.730205278592375E+009,-3.776676201903749E+001,1.086772849168184E+002,
7.734115347018573E+009,-3.819531594788859E+001,8.965334546584333E+001,
7.738025415444771E+009,-3.873121070985971E+001,7.002153730805195E+001,
7.741935483870968E+009,-3.935591174684993E+001,5.094758375825202E+001,
7.745845552297165E+009,-3.974565464304348E+001,3.325589564099116E+001,
7.749755620723363E+009,-3.992132284890585E+001,1.452559089024974E+001,
7.753665689149560E+009,-4.051440535835183E+001,-5.530011911727160E+000,
7.757575757575758E+009,-4.085388627752857E+001,-2.259225742956973E+001,
7.761485826001955E+009,-4.095112146356839E+001,-4.359794890142415E+001,
7.765395894428152E+009,-4.116314792726885E+001,-6.405353344733514E+001,
7.769305962854350E+009,-4.135087302278410E+001,-8.595177434541238E+001,
7.773216031280548E+009,-4.207359795380594E+001,-1.067577551390452E+002,
7.777126099706745E+009,-4.257225537864208E+001,-1.278990415511199E+002,
7.781036168132942E+009,-4.303582966689841E+001,-1.505244616549704E+002,
7.784946236559139E+009,-4.372146616320187E+001,-1.710605360447699E+002,
7.788856304985337E+009,-4.412917456517960E+001,1.672939834525106E+002,
7.792766373411535E+009,-4.480084291977207E+001,1.458195679745927E+002,
7.796676441837732E+009,-4.521712505038469E+001,1.240702586567763E+002,
7.800586510263929E+009,-4.526074242652869E+001,1.028793248186654E+002,
7.804496578690127E+009,-4.514364049430302E+001,7.634967463263406E+001,
7.808406647116324E+009,-4.603691556578074E+001,4.820741984665531E+001,
7.812316715542522E+009,-4.683030228170725E+001,2.437401762416402E+001,
7.816226783968720E+009,-4.754884700391841E+001,5.447731344258428E+000,
7.820136852394917E+009,-4.779181712438486E+001,-1.203095361953969E+001,
7.824046920821115E+009,-4.739158444652323E+001,-3.309158997632625E+001,
7.827956989247313E+009,-4.642274706633292E+001,-5.745943534388936E+001,
7.831867057673510E+009,-4.619906307905949E+001,-8.052400360662453E+001,
7.835777126099707E+009,-4.600881252798740E+001,-1.031670841977339E+002,
7.839687194525904E+009,-4.540160462594439E+001,-1.253319112131199E+002,
7.843597262952102E+009,-4.504396700603877E+001,-1.500728295652823E+002,
7.847507331378300E+009,-4.466803140419408E+001,-1.741447805789819E+002,
7.851417399804497E+009,-4.459405781449831E+001,1.601283615503629E+002,
7.855327468230694E+009,-4.525188571018412E+001,1.380928827486231E+002,
7.859237536656891E+009,-4.560468784301961E+001,1.236733169304161E+002,
7.863147605083089E+009,-4.480968345785561E+001,1.077852945463288E+002,
7.867057673509287E+009,-4.415004856741297E+001,8.684410135468038E+001,
7.870967741935484E+009,-4.367803516065781E+001,6.885009115602212E+001,
7.874877810361681E+009,-4.328933817142573E+001,5.137736919662422E+001,
7.878787878787879E+009,-4.242605916481377E+001,3.456736502976186E+001,
7.882697947214077E+009,-4.205257358975236E+001,1.328665162086110E+001,
7.886608015640274E+009,-4.149097940455636E+001,-6.373206172998021E+000,
7.890518084066471E+009,-4.116071371151933E+001,-2.595235647879531E+001,
7.894428152492668E+009,-4.053250394706366E+001,-4.399201230504235E+001,
7.898338220918866E+009,-4.035544967484442E+001,-6.375102689746154E+001,
7.902248289345064E+009,-3.990314276571036E+001,-8.028778918559858E+001,
7.906158357771261E+009,-3.919234973437456E+001,-9.961869482114355E+001,
7.910068426197458E+009,-3.880550312001765E+001,-1.210636235232437E+002,
7.913978494623655E+009,-3.842871140447563E+001,-1.405210530979637E+002,
7.917888563049853E+009,-3.823225425188474E+001,-1.603447000618046E+002,
7.921798631476051E+009,-3.822587314926563E+001,1.799142536254425E+002,
7.925708699902248E+009,-3.808886471556292E+001,1.630509768568043E+002,
7.929618768328445E+009,-3.781914445266629E+001,1.447948344673827E+002,
7.933528836754643E+009,-3.740380916055809E+001,1.266443524356456E+002,
7.937438905180841E+009,-3.711378153172816E+001,1.086401486311994E+002,
7.941348973607039E+009,-3.675537611734006E+001,9.075530295139836E+001,
7.945259042033236E+009,-3.627347794516033E+001,7.128815788471690E+001,
7.949169110459433E+009,-3.596813159949213E+001,5.100199538593836E+001,
7.953079178885631E+009,-3.571695514822333E+001,3.227293140121163E+001,
7.956989247311829E+009,-3.547697073478238E+001,1.246850744806143E+001,
7.960899315738026E+009,-3.532603579728813E+001,-7.775439176503451E+000,
7.964809384164223E+009,-3.542944391405982E+001,-2.703553587694537E+001,
7.968719452590420E+009,-3.544919940090296E+001,-4.415397779128688E+001,
7.972629521016618E+009,-3.512653538818007E+001,-6.162989400069013E+001,
7.976539589442816E+009,-3.473588863910844E+001,-8.033171516073004E+001,
7.980449657869013E+009,-3.451931037507747E+001,-9.974253218476559E+001,
7.984359726295210E+009,-3.433247894840874E+001,-1.190180886954425E+002,
7.988269794721408E+009,-3.422666545230344E+001,-1.391315740081279E+002,
7.992179863147605E+009,-3.418060515354956E+001,-1.579274550272626E+002,
7.996089931573803E+009,-3.407565076242038E+001,-1.774159916480888E+002,
8.000000000000000E+009,-3.408915134587523E+001,1.629771686570138E+002,
