% Version 1.00
%
%freq[Hz];db:Trc1_S21;ang:Trc1_S21;
4.000000000000000E+009,-2.874501122525768E+001,6.450735086740798E+001,
4.003910068426198E+009,-2.796024182178962E+001,4.853815997732908E+001,
4.007820136852395E+009,-2.749423343141664E+001,2.838048264331043E+001,
4.011730205278593E+009,-2.734948001329721E+001,8.829477698092443E+000,
4.015640273704790E+009,-2.726446179156912E+001,-9.071598761868851E+000,
4.019550342130987E+009,-2.704126474826107E+001,-2.631342398065901E+001,
4.023460410557185E+009,-2.632397447160603E+001,-4.352016156923365E+001,
4.027370478983382E+009,-2.578429599885629E+001,-6.591244101429167E+001,
4.031280547409580E+009,-2.595248572458720E+001,-8.721662459712427E+001,
4.035190615835777E+009,-2.635984210933818E+001,-1.063536297698937E+002,
4.039100684261975E+009,-2.657211350146245E+001,-1.219793663938338E+002,
4.043010752688172E+009,-2.619409567072372E+001,-1.382121799237139E+002,
4.046920821114369E+009,-2.579775192897149E+001,-1.570736226692043E+002,
4.050830889540567E+009,-2.575077617548778E+001,-1.758163169565488E+002,
4.054740957966765E+009,-2.557581652569603E+001,1.653365572719935E+002,
4.058651026392962E+009,-2.559467927524090E+001,1.456688267083016E+002,
4.062561094819160E+009,-2.553245354012095E+001,1.278109715902168E+002,
4.066471163245357E+009,-2.547462966064479E+001,1.091261765347612E+002,
4.070381231671554E+009,-2.563719905759168E+001,9.064661403826192E+001,
4.074291300097752E+009,-2.569142439688315E+001,7.308479667881318E+001,
4.078201368523949E+009,-2.557084769520053E+001,5.565396619550137E+001,
4.082111436950147E+009,-2.527417410109861E+001,3.800119219188186E+001,
4.086021505376344E+009,-2.505610172367733E+001,1.867383436196886E+001,
4.089931573802542E+009,-2.515013201916481E+001,-7.044074247191650E-001,
4.093841642228739E+009,-2.527050331684791E+001,-1.920748491524565E+001,
4.097751710654936E+009,-2.529818808635795E+001,-3.655254455850749E+001,
4.101661779081134E+009,-2.518360967761479E+001,-5.330991149863169E+001,
4.105571847507331E+009,-2.507274720003447E+001,-7.340380544694530E+001,
4.109481915933529E+009,-2.509274930678601E+001,-9.190798050719184E+001,
4.113391984359726E+009,-2.518526705857308E+001,-1.103969820427946E+002,
4.117302052785924E+009,-2.520314790011168E+001,-1.272629136894330E+002,
4.121212121212121E+009,-2.499712174256690E+001,-1.460182858631600E+002,
4.125122189638319E+009,-2.488371695762278E+001,-1.660578128678382E+002,
4.129032258064516E+009,-2.493961052096646E+001,1.745308798721167E+002,
4.132942326490714E+009,-2.509343743191590E+001,1.543522394067369E+002,
4.136852394916911E+009,-2.537082845578457E+001,1.355670885685622E+002,
4.140762463343109E+009,-2.576726281653842E+001,1.173525195107499E+002,
4.144672531769306E+009,-2.595518861463672E+001,1.002316654849716E+002,
4.148582600195503E+009,-2.588012965883920E+001,8.235732414959728E+001,
4.152492668621701E+009,-2.593087668039144E+001,6.251836977963580E+001,
4.156402737047898E+009,-2.632040624381802E+001,4.258187600466353E+001,
4.160312805474096E+009,-2.649317748702344E+001,2.618177251710879E+001,
4.164222873900293E+009,-2.679517722349478E+001,6.250078178058509E+000,
4.168132942326491E+009,-2.716669228143529E+001,-1.145607666627070E+001,
4.172043010752688E+009,-2.766566739990074E+001,-2.722703898933593E+001,
4.175953079178886E+009,-2.766813063656675E+001,-4.388591724767059E+001,
4.179863147605083E+009,-2.793446614300601E+001,-6.098669834551058E+001,
4.183773216031281E+009,-2.791448581099896E+001,-7.810566209703622E+001,
4.187683284457478E+009,-2.795575202068346E+001,-9.616767257532355E+001,
4.191593352883676E+009,-2.810950690757310E+001,-1.136767349581636E+002,
4.195503421309873E+009,-2.813425484025551E+001,-1.309994981630858E+002,
4.199413489736071E+009,-2.846826808716461E+001,-1.489105886590179E+002,
4.203323558162268E+009,-2.871938940045501E+001,-1.670696214745556E+002,
4.207233626588465E+009,-2.891272820778277E+001,1.762321610332562E+002,
4.211143695014663E+009,-2.892320827888249E+001,1.589943324661373E+002,
4.215053763440860E+009,-2.933252855118494E+001,1.408007125610594E+002,
4.218963831867058E+009,-2.942577849348410E+001,1.259877585492411E+002,
4.222873900293255E+009,-2.952535069772016E+001,1.069459926446939E+002,
4.226783968719452E+009,-2.956482482547194E+001,9.089413558167735E+001,
4.230694037145650E+009,-2.951675938444574E+001,7.234529281097055E+001,
4.234604105571847E+009,-2.987542731776608E+001,5.447257701339016E+001,
4.238514173998045E+009,-2.998562104539679E+001,3.754450972715515E+001,
4.242424242424243E+009,-2.985916259218646E+001,1.954279108395841E+001,
4.246334310850440E+009,-2.993378969114522E+001,-2.547085872050145E+000,
4.250244379276638E+009,-3.045267796188763E+001,-2.072407461835591E+001,
4.254154447702835E+009,-3.098101555394855E+001,-4.157193699870829E+001,
4.258064516129032E+009,-3.171207344670045E+001,-5.787929035465446E+001,
4.261974584555230E+009,-3.235745129350096E+001,-7.635235011045121E+001,
4.265884652981427E+009,-3.300426986442525E+001,-8.952282477405515E+001,
4.269794721407625E+009,-3.299137266995027E+001,-1.041833667938414E+002,
4.273704789833822E+009,-3.291564443131741E+001,-1.227547820186882E+002,
4.277614858260019E+009,-3.333911270718961E+001,-1.409571725473976E+002,
4.281524926686217E+009,-3.351905775354526E+001,-1.584719133532853E+002,
4.285434995112414E+009,-3.384837697834291E+001,-1.762950534870638E+002,
4.289345063538612E+009,-3.402706353941108E+001,1.646019718123188E+002,
4.293255131964809E+009,-3.460945513543028E+001,1.423713322720182E+002,
4.297165200391007E+009,-3.592790240285886E+001,1.232301930845070E+002,
4.301075268817205E+009,-3.725819680712028E+001,1.094311276547318E+002,
4.304985337243402E+009,-3.805603659136577E+001,9.761407993654206E+001,
4.308895405669600E+009,-3.851448392272823E+001,8.380755361335959E+001,
4.312805474095797E+009,-3.898561618722924E+001,7.202401004612551E+001,
4.316715542521994E+009,-3.903981853101629E+001,5.782838355196894E+001,
4.320625610948192E+009,-3.918772606704891E+001,4.347651463415164E+001,
4.324535679374389E+009,-3.942142237425534E+001,2.841371899442562E+001,
4.328445747800587E+009,-3.948475802797096E+001,1.084588593287559E+001,
4.332355816226784E+009,-4.004637274564290E+001,-7.033234189737274E+000,
4.336265884652982E+009,-4.145548358379838E+001,-2.355708266894289E+001,
4.340175953079179E+009,-4.244881885117180E+001,-2.705052257089279E+001,
4.344086021505377E+009,-4.168588034723094E+001,-3.238841530313216E+001,
4.347996089931574E+009,-4.023822308846790E+001,-4.771819202304153E+001,
4.351906158357771E+009,-3.903797455090699E+001,-7.037539966690322E+001,
4.355816226783969E+009,-3.988620904559176E+001,-9.862729358840709E+001,
4.359726295210166E+009,-4.143696248899203E+001,-1.078110177688411E+002,
4.363636363636364E+009,-4.018035114133211E+001,-1.198697086651664E+002,
4.367546432062561E+009,-3.909176806750453E+001,-1.462514392473838E+002,
4.371456500488758E+009,-4.002105442581117E+001,-1.775546616024135E+002,
4.375366568914956E+009,-4.242830340595324E+001,1.598501726558629E+002,
4.379276637341153E+009,-4.435928241501115E+001,1.452232678115484E+002,
4.383186705767351E+009,-4.604304052242173E+001,1.353688025764760E+002,
4.387096774193548E+009,-4.732824715235537E+001,1.290380132916859E+002,
4.391006842619746E+009,-4.639277648545911E+001,1.178668392085571E+002,
4.394916911045943E+009,-4.579410283489969E+001,9.246252956001628E+001,
4.398826979472141E+009,-4.821545343893375E+001,7.169748628979426E+001,
4.402737047898338E+009,-4.923192231451132E+001,5.366193011271462E+001,
4.406647116324535E+009,-5.144002671932974E+001,3.124530596938469E+001,
4.410557184750733E+009,-5.237950086113921E+001,1.062953675750117E+001,
4.414467253176930E+009,-5.406368023239619E+001,-3.645691705153350E+001,
4.418377321603128E+009,-5.484148687093203E+001,-1.139298812955178E+002,
4.422287390029326E+009,-5.240309534494407E+001,1.709900132484708E+002,
4.426197458455523E+009,-4.996011964860620E+001,1.324075282997742E+002,
4.430107526881721E+009,-4.788682087085153E+001,9.555320498586322E+001,
4.434017595307918E+009,-4.878632743022536E+001,7.433575720937017E+001,
4.437927663734116E+009,-4.797488088944348E+001,6.012600972586113E+001,
4.441837732160313E+009,-4.701100929237982E+001,4.774531955630252E+001,
4.445747800586511E+009,-4.556517284669528E+001,3.061183426363920E+001,
4.449657869012708E+009,-4.587744732607300E+001,1.427359696399750E+001,
4.453567937438905E+009,-4.486951023451117E+001,1.393999121057441E+001,
4.457478005865103E+009,-4.215256994446556E+001,-4.233778265276394E+000,
4.461388074291300E+009,-4.139563642479419E+001,-2.276883693796443E+001,
4.465298142717498E+009,-3.982948695579269E+001,-3.672025931330548E+001,
4.469208211143695E+009,-3.846636844604045E+001,-5.893167062777941E+001,
4.473118279569893E+009,-3.805816458292499E+001,-7.928876938195627E+001,
4.477028347996090E+009,-3.740530227515706E+001,-9.550288936599124E+001,
4.480938416422287E+009,-3.668611733805873E+001,-1.125997892183630E+002,
4.484848484848485E+009,-3.576698560238715E+001,-1.293040933504625E+002,
4.488758553274682E+009,-3.492776765113266E+001,-1.480228742030822E+002,
4.492668621700880E+009,-3.421218465383294E+001,-1.656955579633818E+002,
4.496578690127077E+009,-3.330804560951713E+001,1.758447850611526E+002,
4.500488758553275E+009,-3.269600733284957E+001,1.546574697676776E+002,
4.504398826979472E+009,-3.230496125360026E+001,1.362111650477632E+002,
4.508308895405669E+009,-3.174229602131237E+001,1.178206111106276E+002,
4.512218963831867E+009,-3.134973912232202E+001,9.834153859109462E+001,
4.516129032258064E+009,-3.109268527020362E+001,7.868772953565588E+001,
4.520039100684262E+009,-3.105769891093649E+001,6.025428930398773E+001,
4.523949169110459E+009,-3.082094639628257E+001,4.557940352661692E+001,
4.527859237536657E+009,-3.009759340706175E+001,2.815642543143959E+001,
4.531769305962854E+009,-2.953392148468755E+001,9.883151192960652E+000,
4.535679374389051E+009,-2.888239081142339E+001,-1.039982400668174E+001,
4.539589442815249E+009,-2.865378945610194E+001,-2.966877264053757E+001,
4.543499511241447E+009,-2.815269424431799E+001,-4.727285553589007E+001,
4.547409579667645E+009,-2.768628921557439E+001,-6.868150145678608E+001,
4.551319648093842E+009,-2.759068710841820E+001,-8.833742901825266E+001,
4.555229716520039E+009,-2.741527849660222E+001,-1.075826632991807E+002,
4.559139784946237E+009,-2.734104777289648E+001,-1.274107120817351E+002,
4.563049853372434E+009,-2.724762307030536E+001,-1.457827449484367E+002,
4.566959921798632E+009,-2.719275928348437E+001,-1.644629370779393E+002,
4.570869990224829E+009,-2.717607250113059E+001,1.781355444002959E+002,
4.574780058651027E+009,-2.688880551398901E+001,1.607091794195578E+002,
4.578690127077224E+009,-2.666323476102393E+001,1.427082151389766E+002,
4.582600195503422E+009,-2.643316741654217E+001,1.237546207228163E+002,
4.586510263929619E+009,-2.607215663608485E+001,1.051319395999171E+002,
4.590420332355816E+009,-2.591869089371285E+001,8.481767466377083E+001,
4.594330400782014E+009,-2.593572537130045E+001,6.574765695307788E+001,
4.598240469208211E+009,-2.583534097613029E+001,4.733530476983115E+001,
4.602150537634409E+009,-2.574402329546056E+001,2.835301599001193E+001,
4.606060606060606E+009,-2.576326778374652E+001,9.023260541483918E+000,
4.609970674486803E+009,-2.587038144510844E+001,-9.374072325513607E+000,
4.613880742913001E+009,-2.577763503051239E+001,-2.604747743266649E+001,
4.617790811339198E+009,-2.544872179336821E+001,-4.359242806831569E+001,
4.621700879765396E+009,-2.533851669300123E+001,-6.325732792664253E+001,
4.625610948191593E+009,-2.529963567517810E+001,-8.192638882385238E+001,
4.629521016617791E+009,-2.523315557541235E+001,-1.010119083449923E+002,
4.633431085043988E+009,-2.514455327338086E+001,-1.197309039900483E+002,
4.637341153470186E+009,-2.526420831949085E+001,-1.381853347096327E+002,
4.641251221896383E+009,-2.531200326070113E+001,-1.565399260344247E+002,
4.645161290322580E+009,-2.509946947856204E+001,-1.753449764131397E+002,
4.649071358748778E+009,-2.509188093548061E+001,1.656131336612507E+002,
4.652981427174975E+009,-2.522570673389171E+001,1.463904584523250E+002,
4.656891495601173E+009,-2.523809879190481E+001,1.290060066825263E+002,
4.660801564027371E+009,-2.515188536879915E+001,1.104149641904003E+002,
4.664711632453568E+009,-2.514467208711776E+001,9.160222395865561E+001,
4.668621700879766E+009,-2.513763434882855E+001,7.282567524458266E+001,
4.672531769305963E+009,-2.510298280481946E+001,5.414417488701766E+001,
4.676441837732161E+009,-2.514973905744993E+001,3.446682016218494E+001,
4.680351906158358E+009,-2.539600589535851E+001,1.560477080201014E+001,
4.684261974584556E+009,-2.555389842645581E+001,-1.856311163006726E+000,
4.688172043010753E+009,-2.549292001913283E+001,-2.041950699989760E+001,
4.692082111436951E+009,-2.545562708107227E+001,-3.901763093578721E+001,
4.695992179863148E+009,-2.564309230107784E+001,-5.854028309765283E+001,
4.699902248289345E+009,-2.582734578029580E+001,-7.567891511726519E+001,
4.703812316715543E+009,-2.578986841818040E+001,-9.389358957554819E+001,
4.707722385141740E+009,-2.592194893452836E+001,-1.123778259616719E+002,
4.711632453567938E+009,-2.596981603257699E+001,-1.295882394844180E+002,
4.715542521994135E+009,-2.595926366162146E+001,-1.480830288617971E+002,
4.719452590420332E+009,-2.594636278970829E+001,-1.666947342853321E+002,
4.723362658846530E+009,-2.585433576697229E+001,1.741032034508949E+002,
4.727272727272727E+009,-2.596390550318237E+001,1.548481233763505E+002,
4.731182795698925E+009,-2.606952430863240E+001,1.355287800417867E+002,
4.735092864125122E+009,-2.634957013086668E+001,1.161383783141574E+002,
4.739002932551320E+009,-2.649857823463536E+001,9.702892558114519E+001,
4.742913000977517E+009,-2.678038787478512E+001,7.793335758517037E+001,
4.746823069403714E+009,-2.705180047589378E+001,6.017720109983949E+001,
4.750733137829912E+009,-2.738932246301698E+001,4.288641352368144E+001,
4.754643206256109E+009,-2.736417130042746E+001,2.529703889194045E+001,
4.758553274682307E+009,-2.735027473143380E+001,8.062100320373693E+000,
4.762463343108504E+009,-2.735669584104965E+001,-1.123802316599791E+001,
4.766373411534702E+009,-2.740367008453258E+001,-3.181919124990099E+001,
4.770283479960899E+009,-2.768235132865222E+001,-5.153166666236513E+001,
4.774193548387096E+009,-2.822339515193518E+001,-7.019011229645304E+001,
4.778103616813294E+009,-2.880323984027628E+001,-8.649128137869890E+001,
4.782013685239492E+009,-2.915397258148911E+001,-1.029999048005475E+002,
4.785923753665690E+009,-2.906010761197099E+001,-1.207712288596717E+002,
4.789833822091887E+009,-2.921206551500903E+001,-1.381638943367745E+002,
4.793743890518084E+009,-2.955076660136655E+001,-1.564620530864828E+002,
4.797653958944282E+009,-2.963627997515541E+001,-1.737466505974588E+002,
4.801564027370479E+009,-2.973951377116263E+001,1.665941233498786E+002,
4.805474095796677E+009,-2.986425379491870E+001,1.494616609126528E+002,
4.809384164222874E+009,-2.995739771410837E+001,1.306171605683753E+002,
4.813294232649072E+009,-3.002237439128221E+001,1.106325937931819E+002,
4.817204301075269E+009,-3.046091195635881E+001,9.064054449690600E+001,
4.821114369501467E+009,-3.117682731599759E+001,7.233002572101840E+001,
4.825024437927664E+009,-3.191079245119660E+001,5.618727035592821E+001,
4.828934506353861E+009,-3.213866843480971E+001,4.115144483886031E+001,
4.832844574780059E+009,-3.194145817756198E+001,2.551573774762657E+001,
4.836754643206256E+009,-3.180653274964927E+001,5.342059374402134E+000,
4.840664711632454E+009,-3.202165421328180E+001,-1.376233496753062E+001,
4.844574780058651E+009,-3.267791003822461E+001,-3.267609052771699E+001,
4.848484848484848E+009,-3.270794216246149E+001,-4.884983251993077E+001,
4.852394916911046E+009,-3.296976582590053E+001,-6.851220055369414E+001,
4.856304985337243E+009,-3.333390590620776E+001,-8.620510624239692E+001,
4.860215053763441E+009,-3.365177025542062E+001,-1.055587404825871E+002,
4.864125122189638E+009,-3.431889214557686E+001,-1.225991224926555E+002,
4.868035190615836E+009,-3.475114443813379E+001,-1.385020214336560E+002,
4.871945259042033E+009,-3.482650780278776E+001,-1.537175382102410E+002,
4.875855327468231E+009,-3.469109677432901E+001,-1.721563774711839E+002,
4.879765395894428E+009,-3.484536981821850E+001,1.684329475563054E+002,
4.883675464320625E+009,-3.551051865950397E+001,1.495557824029865E+002,
4.887585532746823E+009,-3.567406411468907E+001,1.342864624815067E+002,
4.891495601173020E+009,-3.561584276265413E+001,1.166881373898612E+002,
4.895405669599218E+009,-3.574227901299730E+001,9.626868782006855E+001,
4.899315738025415E+009,-3.644828706942645E+001,7.816232258465830E+001,
4.903225806451613E+009,-3.669382475652468E+001,5.998771529819677E+001,
4.907135874877811E+009,-3.737813821202127E+001,4.351921079496616E+001,
4.911045943304008E+009,-3.739075881734514E+001,3.032373897143327E+001,
4.914956011730206E+009,-3.677479094592196E+001,1.147151889852808E+001,
4.918866080156403E+009,-3.708166533211377E+001,-1.035539200739505E+001,
4.922776148582601E+009,-3.765421606073107E+001,-2.964720793866962E+001,
4.926686217008798E+009,-3.769345182757499E+001,-4.529313918501016E+001,
4.930596285434996E+009,-3.764176064663812E+001,-6.645190555306240E+001,
4.934506353861193E+009,-3.810362736641138E+001,-8.784646628730627E+001,
4.938416422287390E+009,-3.887052833740934E+001,-1.060196185308111E+002,
4.942326490713588E+009,-3.925199658013979E+001,-1.213001860816198E+002,
4.946236559139785E+009,-3.950588289475165E+001,-1.386026361666453E+002,
4.950146627565983E+009,-3.948137291402149E+001,-1.533967895187937E+002,
4.954056695992180E+009,-3.839243149466971E+001,-1.728927122805599E+002,
4.957966764418377E+009,-3.853149692947029E+001,1.605612806402423E+002,
4.961876832844575E+009,-3.881593260974742E+001,1.383944577879956E+002,
4.965786901270772E+009,-3.939135234408111E+001,1.147463594735156E+002,
4.969696969696970E+009,-4.014348575224314E+001,9.110198836473272E+001,
4.973607038123167E+009,-4.145055413718389E+001,7.000685271530739E+001,
4.977517106549365E+009,-4.228799153586871E+001,5.130175215119086E+001,
4.981427174975562E+009,-4.316297638672749E+001,3.263689219471495E+001,
4.985337243401759E+009,-4.463628967194416E+001,1.658941189961029E+001,
4.989247311827957E+009,-4.531576048308409E+001,1.349148166009815E+001,
4.993157380254154E+009,-4.285621664445162E+001,-2.083555115900456E-001,
4.997067448680352E+009,-4.180538451281728E+001,-2.720347554112652E+001,
5.000977517106549E+009,-4.178476771904425E+001,-5.247703232607295E+001,
5.004887585532747E+009,-4.164996432356456E+001,-7.813538593378559E+001,
5.008797653958944E+009,-4.120966264007799E+001,-1.022656207454125E+002,
5.012707722385141E+009,-4.134680324382214E+001,-1.314897374144640E+002,
5.016617790811339E+009,-4.163028318568833E+001,-1.576110876920741E+002,
5.020527859237536E+009,-4.208620420150740E+001,1.735008529045691E+002,
5.024437927663734E+009,-4.303327622975105E+001,1.431547047467287E+002,
5.028347996089932E+009,-4.495530259618207E+001,1.158450055112482E+002,
5.032258064516129E+009,-4.747131994994554E+001,9.559318379559969E+001,
5.036168132942327E+009,-4.874098097953250E+001,8.910031480426392E+001,
5.040078201368524E+009,-4.947865884890349E+001,8.520482598527151E+001,
5.043988269794722E+009,-4.708911915820516E+001,8.001603802847443E+001,
5.047898338220919E+009,-4.425850818173921E+001,5.491563836424987E+001,
5.051808406647117E+009,-4.335951218812151E+001,2.370718829815649E+001,
5.055718475073314E+009,-4.323598781181750E+001,-5.454875489201160E+000,
5.059628543499512E+009,-4.388635719629760E+001,-3.186880499759978E+001,
5.063538611925709E+009,-4.418330118372190E+001,-5.195974809354919E+001,
5.067448680351906E+009,-4.452086887219345E+001,-7.500133913096907E+001,
5.071358748778104E+009,-4.569329054054794E+001,-9.536956748079875E+001,
5.075268817204301E+009,-4.652805093110044E+001,-1.006789680224589E+002,
5.079178885630499E+009,-4.453683884283520E+001,-1.146663173789191E+002,
5.083088954056696E+009,-4.372235995949378E+001,-1.346285740519019E+002,
5.086999022482893E+009,-4.327488497302344E+001,-1.564266372079507E+002,
5.090909090909091E+009,-4.239069124290233E+001,-1.719095538942976E+002,
5.094819159335288E+009,-4.129695288108120E+001,1.648575424987593E+002,
5.098729227761486E+009,-4.118445771415651E+001,1.407563660406331E+002,
5.102639296187683E+009,-4.070328057892258E+001,1.176652825311415E+002,
5.106549364613881E+009,-4.111846347483164E+001,9.245993729069357E+001,
5.110459433040078E+009,-4.247727770877853E+001,7.163681904613765E+001,
5.114369501466276E+009,-4.351576821116603E+001,6.215195885752092E+001,
5.118279569892473E+009,-4.332239220403211E+001,5.448865310213314E+001,
5.122189638318670E+009,-4.193419608012911E+001,4.086634786020409E+001,
5.126099706744868E+009,-4.084860201676357E+001,2.603081041784544E+001,
5.130009775171065E+009,-3.987817590168962E+001,5.792740129318915E+000,
5.133919843597263E+009,-3.895301101332674E+001,-1.426004459248782E+001,
5.137829912023460E+009,-3.851980568283767E+001,-3.471345432007074E+001,
5.141739980449657E+009,-3.794097067468408E+001,-5.630764366191685E+001,
5.145650048875855E+009,-3.789511680498880E+001,-7.749354156605288E+001,
5.149560117302053E+009,-3.792938582209309E+001,-9.462817278229007E+001,
5.153470185728251E+009,-3.756675891649743E+001,-1.126118442921908E+002,
5.157380254154448E+009,-3.741658499639037E+001,-1.302789892330712E+002,
5.161290322580645E+009,-3.688107908139490E+001,-1.461935767350804E+002,
5.165200391006843E+009,-3.645577117825869E+001,-1.642347881431424E+002,
5.169110459433041E+009,-3.583884510185038E+001,-1.792038848470335E+002,
5.173020527859238E+009,-3.494585114560700E+001,1.609278206211456E+002,
5.176930596285435E+009,-3.421433939549114E+001,1.393501352645014E+002,
5.180840664711633E+009,-3.394995600942124E+001,1.179135841082749E+002,
5.184750733137830E+009,-3.378663001972380E+001,9.810562356828991E+001,
5.188660801564028E+009,-3.350745161166628E+001,7.870451690302745E+001,
5.192570869990225E+009,-3.330292962145816E+001,5.834110666980941E+001,
5.196480938416422E+009,-3.311850687576611E+001,3.910477287346971E+001,
5.200391006842620E+009,-3.311190507520751E+001,2.297740160156382E+001,
5.204301075268817E+009,-3.259338439311186E+001,4.576533888696774E+000,
5.208211143695015E+009,-3.200771029728094E+001,-1.273861207084570E+001,
5.212121212121212E+009,-3.156819715253446E+001,-3.164758618782923E+001,
5.216031280547409E+009,-3.074078676349386E+001,-5.174880016779080E+001,
5.219941348973607E+009,-3.028393590262978E+001,-7.327675596818285E+001,
5.223851417399805E+009,-3.005390744093916E+001,-9.406535844598356E+001,
5.227761485826002E+009,-2.984327782367410E+001,-1.143602684274454E+002,
5.231671554252199E+009,-2.957710921759042E+001,-1.365119229007610E+002,
5.235581622678397E+009,-2.960016976524848E+001,-1.583137271806631E+002,
5.239491691104594E+009,-2.984506103520283E+001,-1.773301815396818E+002,
5.243401759530792E+009,-2.985300631510426E+001,1.638197275028608E+002,
5.247311827956989E+009,-2.970536269512284E+001,1.457710265675075E+002,
5.251221896383186E+009,-2.963048627650832E+001,1.263170919940615E+002,
5.255131964809384E+009,-2.973838623790486E+001,1.081352156141282E+002,
5.259042033235581E+009,-2.941367049344974E+001,9.086113984464163E+001,
5.262952101661779E+009,-2.879140130491203E+001,7.208026258913803E+001,
5.266862170087977E+009,-2.856907143833853E+001,5.209330931246107E+001,
5.270772238514174E+009,-2.825055970625233E+001,3.131256616499578E+001,
5.274682306940372E+009,-2.819466464584465E+001,9.977071732151662E+000,
5.278592375366570E+009,-2.804322890415947E+001,-1.094782127526870E+001,
5.282502443792767E+009,-2.813554614094242E+001,-3.135891405152828E+001,
5.286412512218964E+009,-2.823485045811137E+001,-5.217449615895160E+001,
5.290322580645162E+009,-2.832788240691857E+001,-7.133038304546308E+001,
5.294232649071359E+009,-2.865026917968596E+001,-9.032514656119858E+001,
5.298142717497557E+009,-2.870511897912130E+001,-1.088248604884257E+002,
5.302052785923754E+009,-2.872123768387998E+001,-1.263331121927901E+002,
5.305962854349951E+009,-2.860128668375634E+001,-1.443903036979301E+002,
5.309872922776149E+009,-2.859606977238629E+001,-1.636854126841775E+002,
5.313782991202346E+009,-2.846913130953774E+001,1.782576909947710E+002,
5.317693059628544E+009,-2.835867917103277E+001,1.594397513689194E+002,
5.321603128054741E+009,-2.839689306554396E+001,1.397574555741896E+002,
5.325513196480938E+009,-2.834836822160332E+001,1.194142125260618E+002,
5.329423264907136E+009,-2.853094018646599E+001,1.000925248195634E+002,
5.333333333333333E+009,-2.872839187935450E+001,8.150906682965764E+001,
5.337243401759531E+009,-2.913376182759136E+001,6.431484919233141E+001,
5.341153470185728E+009,-2.911439394976792E+001,4.669064659220347E+001,
5.345063538611926E+009,-2.919105034496852E+001,2.966838046637254E+001,
5.348973607038123E+009,-2.913526466470212E+001,1.255828868626566E+001,
5.352883675464321E+009,-2.887792916268218E+001,-4.314751619420056E+000,
5.356793743890518E+009,-2.861853442868275E+001,-2.332394044333080E+001,
5.360703812316715E+009,-2.863706999460366E+001,-4.250136873863849E+001,
5.364613880742913E+009,-2.851160725798784E+001,-6.114075873077447E+001,
5.368523949169110E+009,-2.849128783750092E+001,-8.066376681449184E+001,
5.372434017595308E+009,-2.876891397458689E+001,-9.941736454383653E+001,
5.376344086021505E+009,-2.896725146563074E+001,-1.160202397001071E+002,
5.380254154447702E+009,-2.891556487457855E+001,-1.337956805255294E+002,
5.384164222873900E+009,-2.874421966275345E+001,-1.515512973194297E+002,
5.388074291300098E+009,-2.858019199965825E+001,-1.695443675105098E+002,
5.391984359726296E+009,-2.851821672444005E+001,1.722111120499930E+002,
5.395894428152493E+009,-2.865347790246476E+001,1.522982402597163E+002,
5.399804496578690E+009,-2.879979107963253E+001,1.340359249461750E+002,
5.403714565004888E+009,-2.876367552582579E+001,1.175545392186322E+002,
5.407624633431086E+009,-2.866904432710417E+001,9.888002999615942E+001,
5.411534701857283E+009,-2.869900514353217E+001,7.982697766305890E+001,
5.415444770283480E+009,-2.877337604466045E+001,6.133817424933413E+001,
5.419354838709678E+009,-2.873488807285639E+001,4.474332783277701E+001,
5.423264907135875E+009,-2.854071653102623E+001,2.703538948099990E+001,
5.427174975562073E+009,-2.835985779336439E+001,7.786524090795276E+000,
5.431085043988270E+009,-2.852706303785139E+001,-1.191039055925041E+001,
5.434995112414467E+009,-2.867774992128614E+001,-2.930968447755062E+001,
5.438905180840665E+009,-2.885581256992433E+001,-4.700662078424638E+001,
5.442815249266862E+009,-2.899411802641338E+001,-6.303913165186040E+001,
5.446725317693060E+009,-2.891231011431995E+001,-7.946294411793012E+001,
5.450635386119257E+009,-2.878954846457440E+001,-9.675395127355208E+001,
5.454545454545454E+009,-2.847721978377768E+001,-1.142095696039859E+002,
5.458455522971652E+009,-2.834432373174386E+001,-1.322851502572865E+002,
5.462365591397850E+009,-2.803429792935666E+001,-1.509675168149406E+002,
5.466275659824047E+009,-2.796271974219295E+001,-1.702875819211039E+002,
5.470185728250244E+009,-2.790077528957110E+001,1.706622735836227E+002,
5.474095796676442E+009,-2.782123215447250E+001,1.513852926119866E+002,
5.478005865102639E+009,-2.781790965904410E+001,1.319684438209413E+002,
5.481915933528837E+009,-2.792873069278326E+001,1.137464862277261E+002,
5.485826001955034E+009,-2.791759711056869E+001,9.562281931699357E+001,
5.489736070381231E+009,-2.783279294547492E+001,7.851194609053752E+001,
5.493646138807429E+009,-2.761767625297356E+001,5.956956229876648E+001,
5.497556207233626E+009,-2.744648174094743E+001,3.912060134195591E+001,
5.501466275659824E+009,-2.748823969403505E+001,1.848611653990515E+001,
5.505376344086021E+009,-2.765976557120501E+001,-1.543002268539852E+000,
5.509286412512219E+009,-2.800884766076645E+001,-1.940873497089087E+001,
5.513196480938417E+009,-2.808249172642127E+001,-3.744582752337336E+001,
5.517106549364615E+009,-2.798032946429926E+001,-5.574320524077575E+001,
5.521016617790812E+009,-2.792161786944678E+001,-7.451509451360299E+001,
5.524926686217009E+009,-2.794762846451831E+001,-9.363201710990551E+001,
5.528836754643207E+009,-2.797311435175854E+001,-1.134654090411459E+002,
5.532746823069404E+009,-2.810732378672885E+001,-1.334736951317498E+002,
5.536656891495602E+009,-2.811303962848766E+001,-1.523203311882608E+002,
5.540566959921799E+009,-2.804526773122224E+001,-1.731660964116896E+002,
5.544477028347996E+009,-2.836880318650212E+001,1.643923483845958E+002,
5.548387096774194E+009,-2.899256163912607E+001,1.442965073865919E+002,
5.552297165200391E+009,-2.956107169987583E+001,1.251731891922463E+002,
5.556207233626589E+009,-3.008542426142574E+001,1.083090566235406E+002,
5.560117302052786E+009,-3.046165049834268E+001,9.222626239766521E+001,
5.564027370478983E+009,-3.057039886998102E+001,7.546969393840672E+001,
5.567937438905181E+009,-3.052961077456216E+001,5.719467169452442E+001,
5.571847507331378E+009,-3.074080813874503E+001,3.896217090961580E+001,
5.575757575757576E+009,-3.072019103177303E+001,2.030189357118931E+001,
5.579667644183773E+009,-3.091031244115071E+001,3.050271328320518E-001,
5.583577712609971E+009,-3.121891362017394E+001,-2.069872933058055E+001,
5.587487781036168E+009,-3.171311304053895E+001,-4.145661994469620E+001,
5.591397849462366E+009,-3.236176943005381E+001,-6.063778753674006E+001,
5.595307917888563E+009,-3.314605708354306E+001,-7.770465004547049E+001,
5.599217986314760E+009,-3.367602453317821E+001,-9.332964303952866E+001,
5.603128054740958E+009,-3.403985109484126E+001,-1.103868804104130E+002,
5.607038123167155E+009,-3.461625636650511E+001,-1.270588574496295E+002,
5.610948191593353E+009,-3.470061908671367E+001,-1.423274723109132E+002,
5.614858260019550E+009,-3.504146449966596E+001,-1.597282351103168E+002,
5.618768328445747E+009,-3.522683193752062E+001,-1.768407538487107E+002,
5.622678396871945E+009,-3.543475659295633E+001,1.674611043392837E+002,
5.626588465298142E+009,-3.540761556528415E+001,1.488765980650711E+002,
5.630498533724340E+009,-3.592454090280355E+001,1.299578866869798E+002,
5.634408602150538E+009,-3.627752037370961E+001,1.152413543650809E+002,
5.638318670576735E+009,-3.611393904571378E+001,9.900688788276506E+001,
5.642228739002933E+009,-3.588120600663982E+001,7.960370326393093E+001,
5.646138807429131E+009,-3.619122847446762E+001,5.655914088536676E+001,
5.650048875855328E+009,-3.730696290546104E+001,3.759648882320900E+001,
5.653958944281525E+009,-3.757230108182605E+001,2.400183641548729E+001,
5.657869012707723E+009,-3.772405535870506E+001,6.696746046708206E+000,
5.661779081133920E+009,-3.763736502645933E+001,-1.124432949292722E+001,
5.665689149560118E+009,-3.763531273377065E+001,-3.284702975420329E+001,
5.669599217986315E+009,-3.806688107465413E+001,-5.504755743839228E+001,
5.673509286412512E+009,-3.904462197024587E+001,-7.771564453899005E+001,
5.677419354838710E+009,-4.054091628234108E+001,-9.491544605603082E+001,
5.681329423264907E+009,-4.112106166266405E+001,-1.074725044995896E+002,
5.685239491691105E+009,-4.139909839034683E+001,-1.225591544916178E+002,
5.689149560117302E+009,-4.124062572342282E+001,-1.370889406362435E+002,
5.693059628543499E+009,-4.037925797071495E+001,-1.597524737350242E+002,
5.696969696969697E+009,-4.078738349787947E+001,1.753273411238202E+002,
5.700879765395895E+009,-4.158994405929675E+001,1.541219268512491E+002,
5.704789833822092E+009,-4.129356478867066E+001,1.334976527435215E+002,
5.708699902248289E+009,-4.118961753813138E+001,1.052235397306462E+002,
5.712609970674487E+009,-4.171312430803003E+001,7.349591704445132E+001,
5.716520039100684E+009,-4.334446474155305E+001,4.228653639046445E+001,
5.720430107526882E+009,-4.496039755965900E+001,1.170327754301276E+001,
5.724340175953079E+009,-4.822697925356454E+001,-9.300976403068146E+000,
5.728250244379276E+009,-4.907779969993472E+001,-1.859525036711730E+001,
5.732160312805474E+009,-4.785915711481977E+001,-2.974063178309017E+001,
5.736070381231671E+009,-4.566197636191292E+001,-5.330864851267926E+001,
5.739980449657869E+009,-4.400544689909597E+001,-8.207134958055175E+001,
5.743890518084066E+009,-4.300161548115501E+001,-1.109274310048348E+002,
5.747800586510263E+009,-4.180530626127695E+001,-1.412569150978871E+002,
5.751710654936461E+009,-4.094573743444347E+001,-1.691354254037993E+002,
5.755620723362660E+009,-4.011086044472127E+001,1.621903193934649E+002,
5.759530791788857E+009,-3.952827227564539E+001,1.331040901708459E+002,
5.763440860215054E+009,-3.956639735888657E+001,1.071578753689271E+002,
5.767350928641252E+009,-3.971089299539466E+001,8.375215708266451E+001,
5.771260997067449E+009,-3.986440963545299E+001,6.554552447188007E+001,
5.775171065493647E+009,-3.940984731381074E+001,4.856383513265898E+001,
5.779081133919844E+009,-3.876872098767275E+001,3.066127135751606E+001,
5.782991202346041E+009,-3.771160063631095E+001,1.042457725815007E+001,
5.786901270772239E+009,-3.710772818640538E+001,-1.166274510606840E+001,
5.790811339198436E+009,-3.667098279541533E+001,-2.985048171376020E+001,
5.794721407624634E+009,-3.586838274643156E+001,-5.181883820571360E+001,
5.798631476050831E+009,-3.556478269668511E+001,-7.373520784671941E+001,
5.802541544477028E+009,-3.533404664101316E+001,-9.482992074706004E+001,
5.806451612903226E+009,-3.525365059963611E+001,-1.158012702613825E+002,
5.810361681329423E+009,-3.548445661858857E+001,-1.356272659661925E+002,
5.814271749755621E+009,-3.561884444626369E+001,-1.514802252891766E+002,
5.818181818181818E+009,-3.509586302702579E+001,-1.675247088759722E+002,
5.822091886608016E+009,-3.459022398541072E+001,1.734835823693634E+002,
5.826001955034213E+009,-3.425442118396801E+001,1.542187019088281E+002,
5.829912023460411E+009,-3.408041767152378E+001,1.342462225897543E+002,
5.833822091886608E+009,-3.397279835851849E+001,1.170126050733508E+002,
5.837732160312805E+009,-3.345363172161633E+001,9.852924857199368E+001,
5.841642228739003E+009,-3.322859652763529E+001,7.708762705319025E+001,
5.845552297165200E+009,-3.348707833312311E+001,5.730657734179651E+001,
5.849462365591398E+009,-3.373670869854232E+001,4.108047013964604E+001,
5.853372434017595E+009,-3.344940089306247E+001,2.328108723906861E+001,
5.857282502443792E+009,-3.367902237082632E+001,6.431636251001828E+000,
5.861192570869990E+009,-3.341789190535572E+001,-8.372588186833038E+000,
5.865102639296187E+009,-3.282096179858634E+001,-2.542919080428807E+001,
5.869012707722385E+009,-3.237183749429376E+001,-4.456549368788269E+001,
5.872922776148583E+009,-3.217359089812589E+001,-6.512199898040349E+001,
5.876832844574780E+009,-3.234064716590437E+001,-8.370649616232247E+001,
5.880742913000978E+009,-3.221025056115953E+001,-9.954239995805223E+001,
5.884652981427176E+009,-3.180335234487556E+001,-1.180102947475434E+002,
5.888563049853373E+009,-3.180197229332223E+001,-1.385642374827765E+002,
5.892473118279570E+009,-3.201524014334541E+001,-1.576995479945158E+002,
5.896383186705768E+009,-3.248694162297591E+001,-1.738632927303012E+002,
5.900293255131965E+009,-3.237483771643422E+001,1.710869724750257E+002,
5.904203323558163E+009,-3.231141153767594E+001,1.553258845472519E+002,
5.908113391984360E+009,-3.195410692896974E+001,1.402284897070614E+002,
5.912023460410557E+009,-3.158439096823885E+001,1.226667843972995E+002,
5.915933528836755E+009,-3.125294348114539E+001,1.056041204956967E+002,
5.919843597262952E+009,-3.100870567020800E+001,8.691566438179294E+001,
5.923753665689150E+009,-3.101378823656122E+001,6.992079700581959E+001,
5.927663734115347E+009,-3.065830615666059E+001,5.318262044611484E+001,
5.931573802541544E+009,-3.042191608570944E+001,3.475137876408768E+001,
5.935483870967742E+009,-3.033581874577768E+001,1.747785771809195E+001,
5.939393939393940E+009,-3.007719026200594E+001,5.682889837541069E-001,
5.943304007820137E+009,-2.989281974854368E+001,-1.647023656384248E+001,
5.947214076246334E+009,-2.951472961394163E+001,-3.485004106126378E+001,
5.951124144672532E+009,-2.913337166838939E+001,-5.311599913257669E+001,
5.955034213098729E+009,-2.881983485665304E+001,-7.079654450163358E+001,
5.958944281524927E+009,-2.847299450159344E+001,-8.795446667789699E+001,
5.962854349951124E+009,-2.813172847462596E+001,-1.079020366924846E+002,
5.966764418377321E+009,-2.802941129238084E+001,-1.279337358113843E+002,
5.970674486803519E+009,-2.779779336713092E+001,-1.462257913247841E+002,
5.974584555229716E+009,-2.754967680741229E+001,-1.668258499865169E+002,
5.978494623655914E+009,-2.769630107526612E+001,1.727187963111142E+002,
5.982404692082111E+009,-2.786504302415804E+001,1.537448857053292E+002,
5.986314760508308E+009,-2.804721926557124E+001,1.367966656347741E+002,
5.990224828934506E+009,-2.814043107014296E+001,1.207342065995150E+002,
5.994134897360704E+009,-2.775129972351446E+001,1.025982435079883E+002,
5.998044965786902E+009,-2.762069797101970E+001,8.327895869520172E+001,
6.001955034213099E+009,-2.748059088259127E+001,6.552161107938457E+001,
6.005865102639297E+009,-2.734379377680222E+001,4.663727650470437E+001,
6.009775171065494E+009,-2.710665566429448E+001,2.793731051207400E+001,
6.013685239491692E+009,-2.702396778111745E+001,8.279653751238140E+000,
6.017595307917889E+009,-2.701835961326278E+001,-1.124270361650878E+001,
6.021505376344086E+009,-2.710681212848679E+001,-3.108002192891120E+001,
6.025415444770284E+009,-2.744401169584205E+001,-5.108917811184604E+001,
6.029325513196481E+009,-2.785557827159717E+001,-6.924902606848440E+001,
6.033235581622679E+009,-2.804859434605184E+001,-8.604487386197218E+001,
6.037145650048876E+009,-2.808780357960555E+001,-1.033480988243901E+002,
6.041055718475073E+009,-2.815297061828102E+001,-1.202103032023227E+002,
6.044965786901271E+009,-2.815750800292355E+001,-1.390643157921613E+002,
6.048875855327468E+009,-2.830818493959452E+001,-1.561338816825886E+002,
6.052785923753666E+009,-2.840610883305354E+001,-1.733677150396381E+002,
6.056695992179863E+009,-2.832652211515146E+001,1.688467035788862E+002,
6.060606060606061E+009,-2.819825741792685E+001,1.506953840959269E+002,
6.064516129032258E+009,-2.828776492470386E+001,1.310620304715047E+002,
6.068426197458456E+009,-2.827395480701407E+001,1.130702792530094E+002,
6.072336265884653E+009,-2.859577352364478E+001,9.398446744903436E+001,
6.076246334310850E+009,-2.906585576321396E+001,7.657971980808199E+001,
6.080156402737048E+009,-2.908552241565157E+001,6.095184365028673E+001,
6.084066471163245E+009,-2.897025864920999E+001,4.364813984268169E+001,
6.087976539589443E+009,-2.884163653706026E+001,2.679471900566028E+001,
6.091886608015640E+009,-2.880652291797588E+001,7.297110247941175E+000,
6.095796676441837E+009,-2.904158545426170E+001,-1.211017057810727E+001,
6.099706744868035E+009,-2.943942415411829E+001,-2.982799614937995E+001,
6.103616813294232E+009,-2.948637869924605E+001,-4.623228716140325E+001,
6.107526881720430E+009,-2.951017480599753E+001,-6.375388039099901E+001,
6.111436950146627E+009,-2.996697505856843E+001,-8.214847204848685E+001,
6.115347018572825E+009,-3.029351263166698E+001,-9.765822407800648E+001,
6.119257086999023E+009,-3.032250474337640E+001,-1.132157678716086E+002,
6.123167155425221E+009,-3.033595187201208E+001,-1.295089871262153E+002,
6.127077223851418E+009,-3.024348992458177E+001,-1.461183338301885E+002,
6.130987292277615E+009,-3.020234777234558E+001,-1.629418346300182E+002,
6.134897360703813E+009,-3.010577124839451E+001,1.792113792894404E+002,
6.138807429130010E+009,-3.018840019843733E+001,1.629360202237118E+002,
6.142717497556208E+009,-3.030433944176293E+001,1.457640501092915E+002,
6.146627565982405E+009,-2.997496535226598E+001,1.306215426972214E+002,
6.150537634408602E+009,-2.991672935438071E+001,1.118854805321569E+002,
6.154447702834800E+009,-3.000245452677185E+001,9.479581851697249E+001,
6.158357771260998E+009,-2.967453291493752E+001,7.727488083457334E+001,
6.162267839687195E+009,-2.959637919201207E+001,5.934102451366541E+001,
6.166177908113392E+009,-2.963727904242090E+001,4.155214323176292E+001,
6.170087976539589E+009,-2.956976965083527E+001,2.377447775536668E+001,
6.173998044965787E+009,-2.967562671716231E+001,5.075377998185553E+000,
6.177908113391985E+009,-2.953940646350094E+001,-1.084400825959114E+001,
6.181818181818182E+009,-2.931565181758456E+001,-2.898750235768313E+001,
6.185728250244379E+009,-2.923766224741410E+001,-4.666894773313665E+001,
6.189638318670576E+009,-2.890515109375249E+001,-6.400066192834244E+001,
6.193548387096774E+009,-2.859388608956540E+001,-8.327722930503121E+001,
6.197458455522972E+009,-2.841893429694717E+001,-1.036670235011251E+002,
6.201368523949169E+009,-2.841782306533290E+001,-1.242007143040883E+002,
6.205278592375366E+009,-2.849436858688096E+001,-1.441035961489699E+002,
6.209188660801564E+009,-2.885966906546459E+001,-1.637609813387248E+002,
6.213098729227762E+009,-2.902014219227511E+001,1.781673295378529E+002,
6.217008797653959E+009,-2.917796299642561E+001,1.610745350889310E+002,
6.220918866080156E+009,-2.921814716122225E+001,1.417422312782515E+002,
6.224828934506353E+009,-2.930764657032551E+001,1.230801150380835E+002,
6.228739002932551E+009,-2.966472305076481E+001,1.046391745811096E+002,
6.232649071358749E+009,-2.944922736865803E+001,8.815284575986689E+001,
6.236559139784946E+009,-2.930064355962157E+001,7.002288632097391E+001,
6.240469208211144E+009,-2.915148724973329E+001,5.010207907305982E+001,
6.244379276637341E+009,-2.941412099721484E+001,2.966485741256220E+001,
6.248289345063539E+009,-2.959667478792049E+001,9.469997266388168E+000,
6.252199413489737E+009,-2.992202948911907E+001,-8.361003277013593E+000,
6.256109481915934E+009,-3.008929222640041E+001,-2.736999206339489E+001,
6.260019550342131E+009,-3.024341439151482E+001,-4.610729903820473E+001,
6.263929618768329E+009,-3.031388620880432E+001,-6.458874267653640E+001,
6.267839687194526E+009,-3.061761906298028E+001,-8.354257306721334E+001,
6.271749755620724E+009,-3.112511754373711E+001,-1.031569228404331E+002,
6.275659824046921E+009,-3.120354162403600E+001,-1.199575160367466E+002,
6.279569892473118E+009,-3.120544249348280E+001,-1.365422595784481E+002,
6.283479960899316E+009,-3.130424020903506E+001,-1.561176903270444E+002,
6.287390029325514E+009,-3.123418108129271E+001,-1.759891758191808E+002,
6.291300097751711E+009,-3.145498263170914E+001,1.634845807060574E+002,
6.295210166177908E+009,-3.152445096428114E+001,1.434384787595754E+002,
6.299120234604105E+009,-3.171711913915853E+001,1.256534900266796E+002,
6.303030303030303E+009,-3.182234425275505E+001,1.051337047415449E+002,
6.306940371456501E+009,-3.226250224514092E+001,8.329064607585556E+001,
6.310850439882698E+009,-3.270903202885265E+001,6.301323436141912E+001,
6.314760508308895E+009,-3.323575802971943E+001,4.251259884486949E+001,
6.318670576735093E+009,-3.371963955505602E+001,2.378965703522004E+001,
6.322580645161290E+009,-3.422330638293975E+001,5.236570009364765E+000,
6.326490713587488E+009,-3.453790900582295E+001,-1.379004244155590E+001,
6.330400782013685E+009,-3.501120063027437E+001,-3.329076273219064E+001,
6.334310850439882E+009,-3.554198961907786E+001,-5.242834336021657E+001,
6.338220918866080E+009,-3.618144765016763E+001,-7.114115023712175E+001,
6.342130987292278E+009,-3.648709457628192E+001,-8.698118231635797E+001,
6.346041055718475E+009,-3.647505520597217E+001,-1.062875805133710E+002,
6.349951124144672E+009,-3.665529931504126E+001,-1.267066473533935E+002,
6.353861192570869E+009,-3.689944093574247E+001,-1.480021372046449E+002,
6.357771260997068E+009,-3.726511031050001E+001,-1.709102462363959E+002,
6.361681329423266E+009,-3.805948461590833E+001,1.658106609226195E+002,
6.365591397849463E+009,-3.927228317975646E+001,1.454368266765059E+002,
6.369501466275660E+009,-4.042823201346555E+001,1.281556864139581E+002,
6.373411534701857E+009,-4.095577904617369E+001,1.128321115168797E+002,
6.377321603128055E+009,-4.105472465881928E+001,9.594222626881377E+001,
6.381231671554253E+009,-4.136322894552403E+001,7.482668094183246E+001,
6.385141739980450E+009,-4.198934253322014E+001,5.875036180617796E+001,
6.389051808406647E+009,-4.196290965407488E+001,4.093779007914820E+001,
6.392961876832845E+009,-4.135677500016246E+001,2.286188126985266E+001,
6.396871945259043E+009,-4.114229082131934E+001,-2.487710191928842E+000,
6.400782013685240E+009,-4.133447532656110E+001,-2.541977621882855E+001,
6.404692082111437E+009,-4.125285973959375E+001,-4.834262582672021E+001,
6.408602150537634E+009,-4.157188598875327E+001,-7.309552068369189E+001,
6.412512218963832E+009,-4.199976206620288E+001,-9.417707206657860E+001,
6.416422287390030E+009,-4.168119761930660E+001,-1.158336946737992E+002,
6.420332355816227E+009,-4.173633392004582E+001,-1.403231906357795E+002,
6.424242424242424E+009,-4.204997261275430E+001,-1.612302560312454E+002,
6.428152492668621E+009,-4.165639172011630E+001,1.780859079984815E+002,
6.432062561094819E+009,-4.126791161899725E+001,1.539444918333925E+002,
6.435972629521017E+009,-4.130571006534027E+001,1.307950298195178E+002,
6.439882697947214E+009,-4.126727543042770E+001,1.100318508495845E+002,
6.443792766373411E+009,-4.096081196097232E+001,8.755430864934526E+001,
6.447702834799609E+009,-4.083387404196618E+001,6.838270973838311E+001,
6.451612903225807E+009,-4.026863786326349E+001,4.650269734934125E+001,
6.455522971652004E+009,-3.982900268916418E+001,2.503611337817022E+001,
6.459433040078201E+009,-3.940308560108188E+001,2.261363065242480E+000,
6.463343108504398E+009,-3.914065959526221E+001,-2.074255390474789E+001,
6.467253176930596E+009,-3.952641311172143E+001,-4.279466401196220E+001,
6.471163245356794E+009,-3.958855843741640E+001,-6.042787235817618E+001,
6.475073313782991E+009,-3.935301392466372E+001,-7.710613246620723E+001,
6.478983382209189E+009,-3.847982314165525E+001,-9.589403168161867E+001,
6.482893450635386E+009,-3.800626200637777E+001,-1.176163662034393E+002,
6.486803519061584E+009,-3.787461350378958E+001,-1.388331953244284E+002,
6.490713587487782E+009,-3.782408021635987E+001,-1.589647208039377E+002,
6.494623655913979E+009,-3.762177531432005E+001,-1.773726468518586E+002,
6.498533724340176E+009,-3.730419099381133E+001,1.635797465199877E+002,
6.502443792766374E+009,-3.691341042575327E+001,1.434631230023849E+002,
6.506353861192571E+009,-3.693278881587308E+001,1.225676511659438E+002,
6.510263929618769E+009,-3.705455470390435E+001,1.049094146986773E+002,
6.514173998044966E+009,-3.698552160435598E+001,8.768782200534096E+001,
6.518084066471163E+009,-3.640977731681154E+001,7.107706279728632E+001,
6.521994134897361E+009,-3.578584318272917E+001,5.130856915851340E+001,
6.525904203323559E+009,-3.567195705127299E+001,3.033028471058905E+001,
6.529814271749756E+009,-3.557190789855267E+001,1.042705188023584E+001,
6.533724340175953E+009,-3.558417547373995E+001,-8.309942545761416E+000,
6.537634408602150E+009,-3.543653548956655E+001,-2.601603901468032E+001,
6.541544477028348E+009,-3.511867484607912E+001,-4.462095799242507E+001,
6.545454545454546E+009,-3.496233864894631E+001,-6.467254116878000E+001,
6.549364613880743E+009,-3.489062608290782E+001,-8.402579503594662E+001,
6.553274682306940E+009,-3.479806576141068E+001,-1.037356905502068E+002,
6.557184750733138E+009,-3.482776939869102E+001,-1.219823185759652E+002,
6.561094819159335E+009,-3.488327081592084E+001,-1.407772832973223E+002,
6.565004887585533E+009,-3.470452107825746E+001,-1.592903489011279E+002,
6.568914956011730E+009,-3.472225937757140E+001,-1.789161353858439E+002,
6.572825024437927E+009,-3.479611921153256E+001,1.616190507376926E+002,
6.576735092864125E+009,-3.508889192155777E+001,1.418142225773143E+002,
6.580645161290323E+009,-3.562277078197882E+001,1.248181349226213E+002,
6.584555229716520E+009,-3.570832114621767E+001,1.096807033402587E+002,
6.588465298142717E+009,-3.552353562872981E+001,9.321521364529974E+001,
6.592375366568914E+009,-3.555657342579217E+001,7.444802818401466E+001,
6.596285434995112E+009,-3.572099747062784E+001,5.696023616193827E+001,
6.600195503421310E+009,-3.589990923309611E+001,3.955615447273725E+001,
6.604105571847508E+009,-3.618589268821588E+001,2.481421677914007E+001,
6.608015640273705E+009,-3.591136259547816E+001,9.307163726778331E+000,
6.611925708699902E+009,-3.572614004448526E+001,-7.502261956529315E+000,
6.615835777126100E+009,-3.562912237972863E+001,-2.541595122664388E+001,
6.619745845552298E+009,-3.565321899001923E+001,-4.205098236983061E+001,
6.623655913978495E+009,-3.558315818779156E+001,-5.848653158751392E+001,
6.627565982404692E+009,-3.561031493372323E+001,-7.441107969655819E+001,
6.631476050830890E+009,-3.527405334204320E+001,-9.061281086348360E+001,
6.635386119257088E+009,-3.508594090181702E+001,-1.087213319159894E+002,
6.639296187683285E+009,-3.517574334543269E+001,-1.268350827409879E+002,
6.643206256109482E+009,-3.546481490151451E+001,-1.424866523154557E+002,
6.647116324535679E+009,-3.534231261121142E+001,-1.553542502607793E+002,
6.651026392961877E+009,-3.473974891507282E+001,-1.701954649139959E+002,
6.654936461388075E+009,-3.409830216506911E+001,1.739460226844254E+002,
6.658846529814272E+009,-3.339122814450135E+001,1.551490409654020E+002,
6.662756598240469E+009,-3.299967612480499E+001,1.350275032065274E+002,
6.666666666666666E+009,-3.272128193876479E+001,1.160568230705372E+002,
6.670576735092864E+009,-3.248036955669883E+001,9.542380879633622E+001,
6.674486803519062E+009,-3.249158411970927E+001,7.566901751055573E+001,
6.678396871945259E+009,-3.257566364275556E+001,5.636033564149211E+001,
6.682306940371456E+009,-3.275698154463422E+001,3.774894679205947E+001,
6.686217008797654E+009,-3.291446937250545E+001,2.085171129640911E+001,
6.690127077223852E+009,-3.286046719471470E+001,4.515396341516630E+000,
6.694037145650049E+009,-3.253489461356540E+001,-1.238474136964697E+001,
6.697947214076246E+009,-3.229177060171842E+001,-3.116669462268264E+001,
6.701857282502443E+009,-3.217617626577607E+001,-4.966450868150035E+001,
6.705767350928641E+009,-3.200374816536624E+001,-6.827096241180337E+001,
6.709677419354839E+009,-3.199615815572802E+001,-8.814649297681682E+001,
6.713587487781036E+009,-3.197042343789482E+001,-1.069895056437299E+002,
6.717497556207233E+009,-3.207122224705470E+001,-1.270463005386216E+002,
6.721407624633431E+009,-3.234579634339792E+001,-1.463027881497246E+002,
6.725317693059629E+009,-3.275654268312228E+001,-1.640807006023138E+002,
6.729227761485827E+009,-3.305026354737555E+001,1.798955351901618E+002,
6.733137829912024E+009,-3.310338681605953E+001,1.641663205268588E+002,
6.737047898338221E+009,-3.299968685738243E+001,1.479615970199750E+002,
6.740957966764419E+009,-3.280690144566788E+001,1.298215343132833E+002,
6.744868035190616E+009,-3.283506864757161E+001,1.115920344198332E+002,
6.748778103616814E+009,-3.291270064290075E+001,9.381439117477267E+001,
6.752688172043011E+009,-3.303096880827877E+001,7.616409194597614E+001,
6.756598240469208E+009,-3.317661719408650E+001,5.904692519495689E+001,
6.760508308895406E+009,-3.331681369707834E+001,4.209214128780200E+001,
6.764418377321604E+009,-3.353311953339053E+001,2.609900927699445E+001,
6.768328445747801E+009,-3.350050484857314E+001,1.164280003314191E+001,
6.772238514173998E+009,-3.329550250541227E+001,-3.867909776806672E+000,
6.776148582600195E+009,-3.289603548237858E+001,-2.022277420625354E+001,
6.780058651026393E+009,-3.268781626030484E+001,-3.733668011202489E+001,
6.783968719452591E+009,-3.233567904829555E+001,-5.523681825059394E+001,
6.787878787878788E+009,-3.210532021988144E+001,-7.381394358991862E+001,
6.791788856304985E+009,-3.194128836933354E+001,-9.279738884126856E+001,
6.795698924731183E+009,-3.192508094247248E+001,-1.115204697774399E+002,
6.799608993157380E+009,-3.196556069439980E+001,-1.299764719740054E+002,
6.803519061583578E+009,-3.211703234017163E+001,-1.479991889825664E+002,
6.807429130009775E+009,-3.221595124305993E+001,-1.649202788760145E+002,
6.811339198435972E+009,-3.219642462330648E+001,1.788267210417535E+002,
6.815249266862170E+009,-3.201287228106663E+001,1.624341700782070E+002,
6.819159335288368E+009,-3.176864000793334E+001,1.452617364430827E+002,
6.823069403714565E+009,-3.150272665018644E+001,1.272201364173217E+002,
6.826979472140762E+009,-3.127121562608254E+001,1.082929155876137E+002,
6.830889540566959E+009,-3.126868557415715E+001,8.901936772515084E+001,
6.834799608993157E+009,-3.118009582002920E+001,7.079222067052811E+001,
6.838709677419355E+009,-3.114255374240687E+001,5.190274221034098E+001,
6.842619745845552E+009,-3.123906662716809E+001,3.338382222943398E+001,
6.846529814271750E+009,-3.135798608364829E+001,1.450084529120197E+001,
6.850439882697948E+009,-3.149680691400022E+001,-2.493230374893380E+000,
6.854349951124145E+009,-3.149074962968004E+001,-1.930837121986334E+001,
6.858260019550343E+009,-3.139904213943201E+001,-3.660830763106803E+001,
6.862170087976540E+009,-3.128477526860516E+001,-5.364426062079780E+001,
6.866080156402737E+009,-3.097769521109795E+001,-7.177162620982058E+001,
6.869990224828935E+009,-3.086504782804343E+001,-9.142258449482820E+001,
6.873900293255133E+009,-3.083201297154019E+001,-1.107549203243202E+002,
6.877810361681330E+009,-3.093592086839689E+001,-1.301671102189161E+002,
6.881720430107527E+009,-3.105412725990806E+001,-1.483799583788343E+002,
6.885630498533724E+009,-3.116768910470214E+001,-1.662403473643175E+002,
6.889540566959922E+009,-3.112072676716166E+001,1.761891621663625E+002,
6.893450635386120E+009,-3.111592736526395E+001,1.573219362657417E+002,
6.897360703812317E+009,-3.124093027283685E+001,1.394788057458048E+002,
6.901270772238514E+009,-3.115657439160912E+001,1.215140000934826E+002,
6.905180840664711E+009,-3.115259036492823E+001,1.028358291195138E+002,
6.909090909090909E+009,-3.121038649531407E+001,8.428980243081756E+001,
6.913000977517107E+009,-3.119661246337003E+001,6.594427094849536E+001,
6.916911045943304E+009,-3.116808044773461E+001,4.788931193871043E+001,
6.920821114369501E+009,-3.114460435022164E+001,2.890093202755398E+001,
6.924731182795699E+009,-3.118425309937386E+001,1.025963439419718E+001,
6.928641251221897E+009,-3.113898198396138E+001,-8.398442298766435E+000,
6.932551319648094E+009,-3.107676364089044E+001,-2.818320428414160E+001,
6.936461388074291E+009,-3.132170155416541E+001,-4.834307131184582E+001,
6.940371456500488E+009,-3.158508642667538E+001,-6.643288032412211E+001,
6.944281524926686E+009,-3.162843830256412E+001,-8.466237785735076E+001,
6.948191593352884E+009,-3.176092700414206E+001,-1.036216999469532E+002,
6.952101661779081E+009,-3.194907059200425E+001,-1.223032163475431E+002,
6.956011730205278E+009,-3.216604129823654E+001,-1.401880122638098E+002,
6.959921798631475E+009,-3.217101560744990E+001,-1.578144546468192E+002,
6.963831867057674E+009,-3.207620615379314E+001,-1.758480287132233E+002,
6.967741935483872E+009,-3.187447022309068E+001,1.644209616195294E+002,
6.971652003910069E+009,-3.200617133246502E+001,1.431524229377034E+002,
6.975562072336266E+009,-3.235481637162879E+001,1.233217311189694E+002,
6.979472140762464E+009,-3.259064328345309E+001,1.039368807864402E+002,
6.983382209188661E+009,-3.304871280459595E+001,8.551678291005638E+001,
6.987292277614859E+009,-3.311135068354064E+001,6.805093611458909E+001,
6.991202346041056E+009,-3.325505509294465E+001,4.885925382056023E+001,
6.995112414467253E+009,-3.351301336657657E+001,3.009440745962337E+001,
6.999022482893451E+009,-3.362237223470770E+001,1.224564960543894E+001,
7.002932551319649E+009,-3.367228504655300E+001,-6.839024820643497E+000,
7.006842619745846E+009,-3.367756334616316E+001,-2.546303811928399E+001,
7.010752688172043E+009,-3.367622253989203E+001,-4.577685261445353E+001,
7.014662756598240E+009,-3.399654625219996E+001,-6.644158955094802E+001,
7.018572825024438E+009,-3.436424020825810E+001,-8.575652959882389E+001,
7.022482893450636E+009,-3.459149361096002E+001,-1.041622747699484E+002,
7.026392961876833E+009,-3.468526656240339E+001,-1.240712631827641E+002,
7.030303030303030E+009,-3.492909933870180E+001,-1.436651166384380E+002,
7.034213098729228E+009,-3.519324659067148E+001,-1.635455736711852E+002,
7.038123167155425E+009,-3.550383698406814E+001,1.769703059096902E+002,
7.042033235581623E+009,-3.568289832432491E+001,1.579211137576725E+002,
7.045943304007820E+009,-3.582122233291100E+001,1.375831347094572E+002,
7.049853372434017E+009,-3.600277354026978E+001,1.181296488608766E+002,
7.053763440860215E+009,-3.602716499510792E+001,9.788478545750749E+001,
7.057673509286413E+009,-3.615383040110715E+001,7.570903072673457E+001,
7.061583577712610E+009,-3.668152238747852E+001,5.411094617825967E+001,
7.065493646138807E+009,-3.728483539159000E+001,3.382608384232626E+001,
7.069403714565004E+009,-3.728813175908810E+001,1.478831800653828E+001,
7.073313782991202E+009,-3.724099831632240E+001,-7.290936056043624E+000,
7.077223851417400E+009,-3.781279529952570E+001,-3.059923040200510E+001,
7.081133919843597E+009,-3.830035949379113E+001,-5.142050673824495E+001,
7.085043988269795E+009,-3.885396765224760E+001,-7.232672847373573E+001,
7.088954056695993E+009,-3.900147809119019E+001,-9.116544811861691E+001,
7.092864125122190E+009,-3.896112904339374E+001,-1.122718162002815E+002,
7.096774193548388E+009,-3.905246899426349E+001,-1.348170801267500E+002,
7.100684261974585E+009,-3.920695382530072E+001,-1.562019123199124E+002,
7.104594330400782E+009,-3.933375866023877E+001,-1.793327365386682E+002,
7.108504398826980E+009,-3.949997358185071E+001,1.575886567712588E+002,
7.112414467253178E+009,-3.984409537318689E+001,1.332537692530778E+002,
7.116324535679375E+009,-4.014031083311259E+001,1.123802630940007E+002,
7.120234604105572E+009,-4.029760223367964E+001,9.274818295685434E+001,
7.124144672531769E+009,-4.000449876626098E+001,7.126657719762321E+001,
7.128054740957967E+009,-3.996280783615034E+001,4.686023572072119E+001,
7.131964809384165E+009,-4.017257757662820E+001,2.442098080225920E+001,
7.135874877810362E+009,-4.040855625489507E+001,4.760645913284890E+000,
7.139784946236559E+009,-4.032609879076919E+001,-1.430206194574027E+001,
7.143695014662756E+009,-3.991870172777936E+001,-3.431325249965715E+001,
7.147605083088954E+009,-3.952510635216670E+001,-5.572112062363568E+001,
7.151515151515152E+009,-3.933090276532199E+001,-7.717316384021486E+001,
7.155425219941349E+009,-3.905933348924117E+001,-9.872359228385614E+001,
7.159335288367546E+009,-3.879846921125339E+001,-1.198456147782493E+002,
7.163245356793744E+009,-3.842441075305918E+001,-1.399823867004513E+002,
7.167155425219942E+009,-3.805917750548935E+001,-1.611498434007661E+002,
7.171065493646139E+009,-3.790524142931304E+001,1.752850209511736E+002,
7.174975562072336E+009,-3.820831294263716E+001,1.531220044319012E+002,
7.178885630498533E+009,-3.848446655726382E+001,1.358252864825377E+002,
7.182795698924731E+009,-3.851621242992330E+001,1.194181798538230E+002,
7.186705767350929E+009,-3.794425714629747E+001,1.054311294490019E+002,
7.190615835777126E+009,-3.683373092450720E+001,8.666776320785425E+001,
7.194525904203323E+009,-3.581391329796239E+001,6.525761031421266E+001,
7.198435972629520E+009,-3.533007552038308E+001,4.225044839221127E+001,
7.202346041055718E+009,-3.478068963973143E+001,2.008246587691617E+001,
7.206256109481916E+009,-3.461207902360081E+001,-3.659102631637075E+000,
7.210166177908114E+009,-3.459386498265171E+001,-2.514292810530758E+001,
7.214076246334311E+009,-3.460308739490442E+001,-4.799879903804020E+001,
7.217986314760509E+009,-3.507806691136185E+001,-6.937775842935166E+001,
7.221896383186706E+009,-3.544479699310741E+001,-8.707365859475941E+001,
7.225806451612904E+009,-3.542470368946579E+001,-1.029572435979703E+002,
7.229716520039101E+009,-3.510351984204485E+001,-1.205670651275828E+002,
7.233626588465298E+009,-3.469665214371995E+001,-1.387517054043685E+002,
7.237536656891496E+009,-3.422175064211407E+001,-1.586904179731738E+002,
7.241446725317694E+009,-3.403722951267962E+001,-1.792134381079250E+002,
7.245356793743891E+009,-3.394063407530733E+001,1.606621210541886E+002,
7.249266862170088E+009,-3.369415846946683E+001,1.408919435830046E+002,
7.253176930596285E+009,-3.354316349721352E+001,1.198712387207489E+002,
7.257086999022483E+009,-3.356617580949303E+001,9.866988068742408E+001,
7.260997067448681E+009,-3.380842815107189E+001,7.804381946975455E+001,
7.264907135874878E+009,-3.419207636858516E+001,5.919959451432722E+001,
7.268817204301075E+009,-3.433334892487986E+001,4.167819904211589E+001,
7.272727272727273E+009,-3.433551600411273E+001,2.420573971423879E+001,
7.276637341153470E+009,-3.436511791349368E+001,5.747457179870902E+000,
7.280547409579668E+009,-3.438888790990501E+001,-1.215462285901619E+001,
7.284457478005865E+009,-3.434710137948650E+001,-3.000249406356075E+001,
7.288367546432062E+009,-3.425599712205558E+001,-4.842924506336583E+001,
7.292277614858260E+009,-3.419555918836514E+001,-6.638319276431017E+001,
7.296187683284458E+009,-3.405164406989992E+001,-8.582650818987933E+001,
7.300097751710655E+009,-3.409177063072185E+001,-1.043002866667368E+002,
7.304007820136852E+009,-3.413432601213388E+001,-1.240318897041167E+002,
7.307917888563049E+009,-3.453898718515890E+001,-1.432893105932788E+002,
7.311827956989247E+009,-3.484241716097048E+001,-1.602626790762959E+002,
7.315738025415445E+009,-3.492917125841575E+001,-1.763024982773843E+002,
7.319648093841642E+009,-3.491716352766613E+001,1.660979994106519E+002,
7.323558162267839E+009,-3.479419633525811E+001,1.501983973638034E+002,
7.327468230694037E+009,-3.447845497523318E+001,1.323895405634919E+002,
7.331378299120235E+009,-3.433795344809155E+001,1.137405086341839E+002,
7.335288367546433E+009,-3.428541303203502E+001,9.527191169948269E+001,
7.339198435972630E+009,-3.422057095970631E+001,7.675425800046433E+001,
7.343108504398827E+009,-3.401815766085421E+001,5.840867960173886E+001,
7.347018572825025E+009,-3.387327585777379E+001,3.825384464960410E+001,
7.350928641251223E+009,-3.405135227765230E+001,1.716578225627155E+001,
7.354838709677420E+009,-3.460860810675462E+001,-9.937330739359722E-001,
7.358748778103617E+009,-3.484210948979681E+001,-1.811064678186179E+001,
7.362658846529814E+009,-3.514274204061052E+001,-3.489558274069353E+001,
7.366568914956012E+009,-3.524247367885739E+001,-5.025122826195160E+001,
7.370478983382210E+009,-3.494946540250021E+001,-6.671111218533896E+001,
7.374389051808407E+009,-3.467162870303230E+001,-8.583019756187002E+001,
7.378299120234604E+009,-3.475004797836299E+001,-1.052064509890885E+002,
7.382209188660801E+009,-3.500366355924892E+001,-1.228832150989889E+002,
7.386119257086999E+009,-3.490495860467847E+001,-1.403173856979561E+002,
7.390029325513197E+009,-3.489010373786526E+001,-1.607554819993036E+002,
7.393939393939394E+009,-3.546583978719857E+001,-1.799953699055723E+002,
7.397849462365591E+009,-3.605539929958303E+001,1.635073345808413E+002,
7.401759530791789E+009,-3.640088731284168E+001,1.498022443827952E+002,
7.405669599217987E+009,-3.630930946658368E+001,1.348829656709455E+002,
7.409579667644184E+009,-3.607357458460940E+001,1.197516412273661E+002,
7.413489736070381E+009,-3.585959379448781E+001,1.029974790050381E+002,
7.417399804496578E+009,-3.548312733330350E+001,8.481146449486548E+001,
7.421309872922776E+009,-3.554649133377941E+001,6.582808845559832E+001,
7.425219941348974E+009,-3.558223344414988E+001,4.822963763962097E+001,
7.429130009775171E+009,-3.555301877480565E+001,3.077151218634569E+001,
7.433040078201368E+009,-3.543830482072795E+001,1.312608841790734E+001,
7.436950146627565E+009,-3.543465044717635E+001,-6.079925690219597E+000,
7.440860215053763E+009,-3.586904427199922E+001,-2.458752364819026E+001,
7.444770283479961E+009,-3.610344137948933E+001,-4.029148404189592E+001,
7.448680351906158E+009,-3.598446732448184E+001,-5.644673997758096E+001,
7.452590420332356E+009,-3.597113079893828E+001,-7.352304158659790E+001,
7.456500488758554E+009,-3.598445195920230E+001,-9.047612955317878E+001,
7.460410557184751E+009,-3.574877555311080E+001,-1.081232987052421E+002,
7.464320625610949E+009,-3.581398556387435E+001,-1.271293391880126E+002,
7.468230694037146E+009,-3.600506385965927E+001,-1.448968553394116E+002,
7.472140762463343E+009,-3.610002857599076E+001,-1.611555914967829E+002,
7.476050830889541E+009,-3.611322488735947E+001,-1.778295141131376E+002,
7.479960899315739E+009,-3.605722323210831E+001,1.644778026244481E+002,
7.483870967741936E+009,-3.607782195092334E+001,1.482570663843154E+002,
7.487781036168133E+009,-3.591104530880774E+001,1.299053603917458E+002,
7.491691104594330E+009,-3.601865437166622E+001,1.115348042884457E+002,
7.495601173020528E+009,-3.613212195635400E+001,9.466008839818424E+001,
7.499511241446726E+009,-3.611696441525678E+001,7.847442999229877E+001,
7.503421309872923E+009,-3.592361693124060E+001,6.051753076776694E+001,
7.507331378299120E+009,-3.615037390679789E+001,4.247652128727848E+001,
7.511241446725318E+009,-3.617526427368149E+001,2.652132241791606E+001,
7.515151515151515E+009,-3.593034481714351E+001,9.917335575810574E+000,
7.519061583577713E+009,-3.576115940327151E+001,-8.549000129450317E+000,
7.522971652003910E+009,-3.581158960679782E+001,-2.788134795504179E+001,
7.526881720430107E+009,-3.603276721981848E+001,-4.500484747385028E+001,
7.530791788856305E+009,-3.605852364615936E+001,-6.162362951844150E+001,
7.534701857282503E+009,-3.606923078721857E+001,-7.891730262202677E+001,
7.538611925708700E+009,-3.603574921543881E+001,-9.454924319112489E+001,
7.542521994134897E+009,-3.580503314076472E+001,-1.116228688899444E+002,
7.546432062561094E+009,-3.558911049029107E+001,-1.294556878208594E+002,
7.550342130987292E+009,-3.560468919927587E+001,-1.486063267051922E+002,
7.554252199413490E+009,-3.567130142829624E+001,-1.656089446199442E+002,
7.558162267839687E+009,-3.548815118528393E+001,1.777128125569018E+002,
7.562072336265884E+009,-3.521074415880699E+001,1.589435834828507E+002,
7.565982404692082E+009,-3.528368574966652E+001,1.395270128123709E+002,
7.569892473118280E+009,-3.544119642859879E+001,1.219084140641875E+002,
7.573802541544478E+009,-3.529371604935965E+001,1.053520901862312E+002,
7.577712609970675E+009,-3.517799832349365E+001,8.694185216900043E+001,
7.581622678396872E+009,-3.507714639157884E+001,6.866119799243610E+001,
7.585532746823070E+009,-3.528021030270372E+001,5.049171142013205E+001,
7.589442815249268E+009,-3.514941277500399E+001,3.377349030393227E+001,
7.593352883675465E+009,-3.495604011179569E+001,1.509043455230366E+001,
7.597262952101662E+009,-3.490175587123692E+001,-4.195073597723244E+000,
7.601173020527859E+009,-3.485618919050091E+001,-2.351533667183617E+001,
7.605083088954057E+009,-3.491742019221005E+001,-4.214432461512113E+001,
7.608993157380255E+009,-3.508619919295961E+001,-6.092886695735650E+001,
7.612903225806452E+009,-3.513315396140489E+001,-7.856118418771047E+001,
7.616813294232649E+009,-3.510741352395284E+001,-9.782478209467537E+001,
7.620723362658846E+009,-3.532330612204198E+001,-1.169148925797062E+002,
7.624633431085044E+009,-3.557144913606260E+001,-1.342482462833358E+002,
7.628543499511242E+009,-3.571504705817753E+001,-1.504212895063052E+002,
7.632453567937439E+009,-3.544830502538457E+001,-1.666622798102972E+002,
7.636363636363636E+009,-3.507708669711916E+001,1.739402333398218E+002,
7.640273704789834E+009,-3.508214793774803E+001,1.550416542539546E+002,
7.644183773216032E+009,-3.514453745706570E+001,1.352360783651970E+002,
7.648093841642229E+009,-3.532026107737391E+001,1.155231053633380E+002,
7.652003910068426E+009,-3.549543134098767E+001,9.802054852667312E+001,
7.655913978494623E+009,-3.558750855862964E+001,7.972908497395937E+001,
7.659824046920821E+009,-3.565254849133892E+001,6.141700554025656E+001,
7.663734115347019E+009,-3.581913986070329E+001,4.243996055279165E+001,
7.667644183773216E+009,-3.598633753868516E+001,2.411280362899318E+001,
7.671554252199413E+009,-3.618582836937839E+001,5.996626493065148E+000,
7.675464320625610E+009,-3.599475756571528E+001,-1.078962847532367E+001,
7.679374389051808E+009,-3.605488533311993E+001,-3.015679506185940E+001,
7.683284457478006E+009,-3.613469519630880E+001,-4.940288636649044E+001,
7.687194525904203E+009,-3.616478598530907E+001,-6.792018992927289E+001,
7.691104594330401E+009,-3.614338347834268E+001,-8.715979986156825E+001,
7.695014662756599E+009,-3.632255954188901E+001,-1.065419189617589E+002,
7.698924731182797E+009,-3.650512632279397E+001,-1.249202043969126E+002,
7.702834799608994E+009,-3.641355793622836E+001,-1.441115924110614E+002,
7.706744868035191E+009,-3.666740002369267E+001,-1.638233085415974E+002,
7.710654936461388E+009,-3.693505892113306E+001,1.780241583028256E+002,
7.714565004887586E+009,-3.687672075038294E+001,1.601783978739854E+002,
7.718475073313784E+009,-3.667192624059415E+001,1.404936872868931E+002,
7.722385141739981E+009,-3.676793211404507E+001,1.194136850875961E+002,
7.726295210166178E+009,-3.714516578239823E+001,9.941554372630522E+001,
7.730205278592375E+009,-3.738546896073609E+001,8.042128133622151E+001,
7.734115347018573E+009,-3.761640575304729E+001,6.043661845756812E+001,
7.738025415444771E+009,-3.794630899870732E+001,4.192127770816591E+001,
7.741935483870968E+009,-3.799018446070495E+001,2.368202747205005E+001,
7.745845552297165E+009,-3.785453144580816E+001,4.393596640717978E+000,
7.749755620723363E+009,-3.805613423680559E+001,-1.671054183997718E+001,
7.753665689149560E+009,-3.836983285358099E+001,-3.680174018327316E+001,
7.757575757575758E+009,-3.846892705450021E+001,-5.655998321182849E+001,
7.761485826001955E+009,-3.847060177293733E+001,-7.784033656904485E+001,
7.765395894428152E+009,-3.871349270687351E+001,-9.816824499213772E+001,
7.769305962854350E+009,-3.881056684937362E+001,-1.194359156715837E+002,
7.773216031280548E+009,-3.901809254375546E+001,-1.410948288702300E+002,
7.777126099706745E+009,-3.930346662669557E+001,-1.634158242820367E+002,
7.781036168132942E+009,-3.964491227003278E+001,1.747595035125189E+002,
7.784946236559139E+009,-4.056796300598344E+001,1.524570822161913E+002,
7.788856304985337E+009,-4.133147134135295E+001,1.346147080558185E+002,
7.792766373411535E+009,-4.147539852587798E+001,1.173826687333070E+002,
7.796676441837732E+009,-4.140526649123484E+001,9.589651173392255E+001,
7.800586510263929E+009,-4.165810440951682E+001,7.525511176937758E+001,
7.804496578690127E+009,-4.199795555371946E+001,5.539302987581579E+001,
7.808406647116324E+009,-4.205962905129410E+001,3.496701092961147E+001,
7.812316715542522E+009,-4.213007827102123E+001,1.301439344652777E+001,
7.816226783968720E+009,-4.242819754092060E+001,-8.978214433832102E+000,
7.820136852394917E+009,-4.249314509301175E+001,-3.086936020265838E+001,
7.824046920821115E+009,-4.259557502741710E+001,-5.476825484487679E+001,
7.827956989247313E+009,-4.321223522759610E+001,-7.646346636928524E+001,
7.831867057673510E+009,-4.410267124978499E+001,-9.692940993453254E+001,
7.835777126099707E+009,-4.478368534193300E+001,-1.127707282641315E+002,
7.839687194525904E+009,-4.430325822709027E+001,-1.273861261647034E+002,
7.843597262952102E+009,-4.327691714932166E+001,-1.477033131790964E+002,
7.847507331378300E+009,-4.329161270891205E+001,-1.714325236129033E+002,
7.851417399804497E+009,-4.311797963504633E+001,1.679313987831216E+002,
7.855327468230694E+009,-4.278080769128885E+001,1.468575245535311E+002,
7.859237536656891E+009,-4.273716376802112E+001,1.236680690474367E+002,
7.863147605083089E+009,-4.255870817171443E+001,1.016913658220123E+002,
7.867057673509287E+009,-4.258204106432828E+001,7.877737312404808E+001,
7.870967741935484E+009,-4.296806770573739E+001,5.852802099479090E+001,
7.874877810361681E+009,-4.307813443711726E+001,4.041821767255798E+001,
7.878787878787879E+009,-4.303898132753183E+001,2.280497432933736E+001,
7.882697947214077E+009,-4.305016018308880E+001,4.676693327863152E+000,
7.886608015640274E+009,-4.250049697063063E+001,-9.768586617901560E+000,
7.890518084066471E+009,-4.138005995023277E+001,-3.007725385788814E+001,
7.894428152492668E+009,-4.066047127599050E+001,-5.301315587110875E+001,
7.898338220918866E+009,-4.028082727028264E+001,-7.742639184123881E+001,
7.902248289345064E+009,-4.050935100144413E+001,-1.004493672651452E+002,
7.906158357771261E+009,-4.077203573244142E+001,-1.214223381574111E+002,
7.910068426197458E+009,-4.116862007046247E+001,-1.398561398131787E+002,
7.913978494623655E+009,-4.109743092826696E+001,-1.557142912462749E+002,
7.917888563049853E+009,-4.081964917910479E+001,-1.723945910526398E+002,
7.921798631476051E+009,-4.041396827261482E+001,1.703700705019613E+002,
7.925708699902248E+009,-4.006958077703751E+001,1.516825839846631E+002,
7.929618768328445E+009,-3.929491047759395E+001,1.327400552790991E+002,
7.933528836754643E+009,-3.871374613949082E+001,1.122638376809773E+002,
7.937438905180841E+009,-3.832155850365981E+001,8.988983860327515E+001,
7.941348973607039E+009,-3.829235573820445E+001,6.842382237964641E+001,
7.945259042033236E+009,-3.840811740471705E+001,4.788557549618795E+001,
7.949169110459433E+009,-3.835267374098781E+001,2.841074101323693E+001,
7.953079178885631E+009,-3.854821175249288E+001,9.531918646217767E+000,
7.956989247311829E+009,-3.845742217950451E+001,-8.969006277558009E+000,
7.960899315738026E+009,-3.844943780430980E+001,-2.673520266914876E+001,
7.964809384164223E+009,-3.809989131210686E+001,-4.418965476290197E+001,
7.968719452590420E+009,-3.788354815046479E+001,-6.320637140895707E+001,
7.972629521016618E+009,-3.777790757157730E+001,-8.184193028147705E+001,
7.976539589442816E+009,-3.733166868363628E+001,-1.004350997382872E+002,
7.980449657869013E+009,-3.705198282384053E+001,-1.217075019827337E+002,
7.984359726295210E+009,-3.715382106672416E+001,-1.417539512624073E+002,
7.988269794721408E+009,-3.709207258240558E+001,-1.608288922696902E+002,
7.992179863147605E+009,-3.701462707405229E+001,-1.788598253544529E+002,
7.996089931573803E+009,-3.684735695107130E+001,1.606894384631737E+002,
8.000000000000000E+009,-3.693843187135646E+001,1.395966269923725E+002,
