% Version 1.00
%
%freq[Hz];db:Trc1_S21;ang:Trc1_S21;
4.000000000000000E+009,-2.879437060531956E+001,6.223133141837538E+001,
4.003910068426198E+009,-2.822650258251918E+001,4.361217492826039E+001,
4.007820136852395E+009,-2.797996605765495E+001,2.265000764501014E+001,
4.011730205278593E+009,-2.799416343285242E+001,3.173718785605192E+000,
4.015640273704790E+009,-2.809792313438032E+001,-1.516224692938164E+001,
4.019550342130987E+009,-2.805260423192642E+001,-3.119314621381560E+001,
4.023460410557185E+009,-2.757731818531701E+001,-4.617344346920493E+001,
4.027370478983382E+009,-2.695245814038909E+001,-6.645640249294434E+001,
4.031280547409580E+009,-2.691764857771875E+001,-8.829724108117061E+001,
4.035190615835777E+009,-2.693297644919759E+001,-1.084480692746029E+002,
4.039100684261975E+009,-2.704091190544141E+001,-1.269604399587723E+002,
4.043010752688172E+009,-2.689518249258357E+001,-1.430330843338130E+002,
4.046920821114369E+009,-2.658812364305265E+001,-1.621274628933330E+002,
4.050830889540567E+009,-2.655585179331014E+001,1.785483223418404E+002,
4.054740957966765E+009,-2.627820224081512E+001,1.601005520644737E+002,
4.058651026392962E+009,-2.631556298431148E+001,1.395897276381365E+002,
4.062561094819160E+009,-2.658248038906067E+001,1.212420165817027E+002,
4.066471163245357E+009,-2.651665073206717E+001,1.025297797890336E+002,
4.070381231671554E+009,-2.656212557544737E+001,8.380267435020186E+001,
4.074291300097752E+009,-2.663243582683591E+001,6.456033276722245E+001,
4.078201368523949E+009,-2.685637432889540E+001,4.692083382624797E+001,
4.082111436950147E+009,-2.685016605950631E+001,2.980216676511603E+001,
4.086021505376344E+009,-2.659884962999859E+001,1.067965037644703E+001,
4.089931573802542E+009,-2.659158495651891E+001,-9.635259489119392E+000,
4.093841642228739E+009,-2.695187559564865E+001,-2.977195131345602E+001,
4.097751710654936E+009,-2.730309503589440E+001,-4.690627041526864E+001,
4.101661779081134E+009,-2.742242421994245E+001,-6.322280446022855E+001,
4.105571847507331E+009,-2.732542751969442E+001,-8.015641135774573E+001,
4.109481915933529E+009,-2.736802970236861E+001,-9.779390798603635E+001,
4.113391984359726E+009,-2.721525465518179E+001,-1.167212997346253E+002,
4.117302052785924E+009,-2.734619857856158E+001,-1.355691943152879E+002,
4.121212121212121E+009,-2.726149156797557E+001,-1.535695161453133E+002,
4.125122189638319E+009,-2.717897128920689E+001,-1.733577670533578E+002,
4.129032258064516E+009,-2.738425330667418E+001,1.679070234985038E+002,
4.132942326490714E+009,-2.752964845706853E+001,1.489776680784943E+002,
4.136852394916911E+009,-2.767089630567353E+001,1.301393570208251E+002,
4.140762463343109E+009,-2.809116533986578E+001,1.103987096515309E+002,
4.144672531769306E+009,-2.855027580919001E+001,9.247079648402294E+001,
4.148582600195503E+009,-2.862308568229844E+001,7.646381391546817E+001,
4.152492668621701E+009,-2.859774687769807E+001,5.830799819774142E+001,
4.156402737047898E+009,-2.896712184312731E+001,3.798193637431656E+001,
4.160312805474096E+009,-2.944496604406245E+001,2.157046053469170E+001,
4.164222873900293E+009,-2.944433262359886E+001,4.046241052126360E+000,
4.168132942326491E+009,-2.987395500768758E+001,-1.410956437960036E+001,
4.172043010752688E+009,-3.018015578494217E+001,-3.074758855065274E+001,
4.175953079178886E+009,-3.023388047081098E+001,-4.703269332255479E+001,
4.179863147605083E+009,-3.026713034578648E+001,-6.407076830394252E+001,
4.183773216031281E+009,-3.017242426944242E+001,-8.224098938689950E+001,
4.187683284457478E+009,-3.027192038493600E+001,-1.009931833342446E+002,
4.191593352883676E+009,-3.057120808751280E+001,-1.195014041406737E+002,
4.195503421309873E+009,-3.081415627676465E+001,-1.382487144174397E+002,
4.199413489736071E+009,-3.095791772052031E+001,-1.569604166515798E+002,
4.203323558162268E+009,-3.124017225275315E+001,-1.759075809383717E+002,
4.207233626588465E+009,-3.173543732652766E+001,1.675892668978619E+002,
4.211143695014663E+009,-3.161146033245641E+001,1.487520609589458E+002,
4.215053763440860E+009,-3.191847193971599E+001,1.284843564529122E+002,
4.218963831867058E+009,-3.241338560889512E+001,1.090635736649636E+002,
4.222873900293255E+009,-3.318658228032627E+001,9.153142106147435E+001,
4.226783968719452E+009,-3.339713682684634E+001,7.682653250877863E+001,
4.230694037145650E+009,-3.354562018374111E+001,5.643567173812735E+001,
4.234604105571847E+009,-3.438200104111006E+001,3.666832855957220E+001,
4.238514173998045E+009,-3.507351944412877E+001,2.286555792060337E+001,
4.242424242424243E+009,-3.488366494914634E+001,4.890088939889834E+000,
4.246334310850440E+009,-3.555987422415569E+001,-1.568660952404467E+001,
4.250244379276638E+009,-3.621893705500365E+001,-3.333817606312748E+001,
4.254154447702835E+009,-3.676453271071684E+001,-5.290405391718674E+001,
4.258064516129032E+009,-3.823781046996814E+001,-7.098944062686901E+001,
4.261974584555230E+009,-3.914693023330066E+001,-8.735646976683987E+001,
4.265884652981427E+009,-4.115712670129101E+001,-9.761527986237009E+001,
4.269794721407625E+009,-4.072316685322068E+001,-1.046223043693260E+002,
4.273704789833822E+009,-4.062558381284071E+001,-1.227982855729114E+002,
4.277614858260019E+009,-4.149950584819856E+001,-1.378139441992773E+002,
4.281524926686217E+009,-4.152571522187677E+001,-1.488409439037250E+002,
4.285434995112414E+009,-4.156207526206848E+001,-1.638564717792696E+002,
4.289345063538612E+009,-4.161112774578120E+001,-1.788229828951316E+002,
4.293255131964809E+009,-4.075047270030588E+001,1.681248223635599E+002,
4.297165200391007E+009,-4.029279636530625E+001,1.416548267893718E+002,
4.301075268817205E+009,-4.108857577761914E+001,1.155957015359093E+002,
4.304985337243402E+009,-4.278906898479386E+001,9.151573757288620E+001,
4.308895405669600E+009,-4.487305177236004E+001,7.593309278508497E+001,
4.312805474095797E+009,-4.732088507920778E+001,6.585236703226585E+001,
4.316715542521994E+009,-4.891865112041898E+001,6.687975383035182E+001,
4.320625610948192E+009,-4.744920196803780E+001,6.584319698378599E+001,
4.324535679374389E+009,-4.545538969438502E+001,4.912954396004655E+001,
4.328445747800587E+009,-4.468402303628623E+001,2.305579557844747E+001,
4.332355816226784E+009,-4.414366115518233E+001,-5.937970279462442E+000,
4.336265884652982E+009,-4.569495005606190E+001,-4.314171441271714E+001,
4.340175953079179E+009,-4.988389930506740E+001,-7.616211028902077E+001,
4.344086021505377E+009,-5.617358988661518E+001,-9.477461141735390E+001,
4.347996089931574E+009,-6.270193706574565E+001,-3.131036707362848E+001,
4.351906158357771E+009,-5.373127798493876E+001,-3.768142245613289E+001,
4.355816226783969E+009,-5.412632640076048E+001,-8.780598372567569E+001,
4.359726295210166E+009,-6.043136192249677E+001,-7.788185221809336E+001,
4.363636363636364E+009,-5.365734801967204E+001,-7.409696979581467E+001,
4.367546432062561E+009,-5.035102731504441E+001,-1.277703223704302E+002,
4.371456500488758E+009,-5.026245900889954E+001,1.721199458115434E+002,
4.375366568914956E+009,-5.108860628675107E+001,1.096177253392976E+002,
4.379276637341153E+009,-4.937057899453437E+001,6.277230657692576E+001,
4.383186705767351E+009,-4.826018378536060E+001,1.103431340553851E+001,
4.387096774193548E+009,-4.795626919687193E+001,-2.404847791384309E+001,
4.391006842619746E+009,-4.688287874174733E+001,-5.168631344960036E+001,
4.394916911045943E+009,-4.618112740149346E+001,-7.660468331212128E+001,
4.398826979472141E+009,-4.573471618938947E+001,-1.014327407688607E+002,
4.402737047898338E+009,-4.673024184408298E+001,-1.239752303568956E+002,
4.406647116324535E+009,-4.673024482431315E+001,-1.305898532677929E+002,
4.410557184750733E+009,-4.650488298333634E+001,-1.449696002164653E+002,
4.414467253176930E+009,-4.575085799470752E+001,-1.406180280351727E+002,
4.418377321603128E+009,-4.217963779513852E+001,-1.545723346156878E+002,
4.422287390029326E+009,-3.977764493275786E+001,-1.764434061160804E+002,
4.426197458455523E+009,-3.814556984478148E+001,1.602454098991462E+002,
4.430107526881721E+009,-3.705457034452863E+001,1.362024669489612E+002,
4.434017595307918E+009,-3.595099945573581E+001,1.119190943713897E+002,
4.437927663734116E+009,-3.577939369572072E+001,8.538905249088232E+001,
4.441837732160313E+009,-3.645103818112001E+001,6.392472072481498E+001,
4.445747800586511E+009,-3.660364701644836E+001,4.788771457851593E+001,
4.449657869012708E+009,-3.668329956643140E+001,3.292049685115249E+001,
4.453567937438905E+009,-3.621650820912315E+001,1.962647161869785E+001,
4.457478005865103E+009,-3.539010669098093E+001,2.828579053715630E+000,
4.461388074291300E+009,-3.502623358198073E+001,-1.450311575845717E+001,
4.465298142717498E+009,-3.451138711257443E+001,-2.970325015762765E+001,
4.469208211143695E+009,-3.360606288839636E+001,-4.683875723635855E+001,
4.473118279569893E+009,-3.300801729086930E+001,-6.629564101703595E+001,
4.477028347996090E+009,-3.246558544815700E+001,-8.403285551388024E+001,
4.480938416422287E+009,-3.208617499633657E+001,-1.041104234020642E+002,
4.484848484848485E+009,-3.189526335597186E+001,-1.205576938358127E+002,
4.488758553274682E+009,-3.141431760833443E+001,-1.386875543957131E+002,
4.492668621700880E+009,-3.110912339562018E+001,-1.554662877589264E+002,
4.496578690127077E+009,-3.061486634208425E+001,-1.728086715439350E+002,
4.500488758553275E+009,-2.990513014569116E+001,1.706011590118023E+002,
4.504398826979472E+009,-2.939753871249691E+001,1.506058008422370E+002,
4.508308895405669E+009,-2.894762226231612E+001,1.322548337100076E+002,
4.512218963831867E+009,-2.872384790179771E+001,1.127434886770158E+002,
4.516129032258064E+009,-2.841181288951677E+001,9.350545683043272E+001,
4.520039100684262E+009,-2.816110911033628E+001,7.505699700543637E+001,
4.523949169110459E+009,-2.787520993761436E+001,5.844222960271420E+001,
4.527859237536657E+009,-2.758945591615948E+001,3.931309381102651E+001,
4.531769305962854E+009,-2.735302563946865E+001,2.172454111970587E+001,
4.535679374389051E+009,-2.701641887777291E+001,2.868641281201794E+000,
4.539589442815249E+009,-2.670881932679893E+001,-1.493156857616655E+001,
4.543499511241447E+009,-2.623812715246273E+001,-3.354628914627499E+001,
4.547409579667645E+009,-2.594832186662130E+001,-5.360245355231879E+001,
4.551319648093842E+009,-2.582192786631232E+001,-7.344664359619523E+001,
4.555229716520039E+009,-2.597540133057214E+001,-9.308147823829000E+001,
4.559139784946237E+009,-2.582413682553620E+001,-1.117573322265647E+002,
4.563049853372434E+009,-2.563532128120873E+001,-1.309069861633818E+002,
4.566959921798632E+009,-2.581361596932821E+001,-1.505743779262331E+002,
4.570869990224829E+009,-2.591646136517418E+001,-1.677435319046846E+002,
4.574780058651027E+009,-2.578695653369523E+001,1.747887330859277E+002,
4.578690127077224E+009,-2.577552520538784E+001,1.580429678594715E+002,
4.582600195503422E+009,-2.549077273957889E+001,1.418583210824135E+002,
4.586510263929619E+009,-2.514051230817888E+001,1.242150077663983E+002,
4.590420332355816E+009,-2.478568676371219E+001,1.040698414583498E+002,
4.594330400782014E+009,-2.465191750152165E+001,8.566306568118310E+001,
4.598240469208211E+009,-2.456331654488328E+001,6.650384586666733E+001,
4.602150537634409E+009,-2.450237631857657E+001,4.712201468453201E+001,
4.606060606060606E+009,-2.462296473471739E+001,2.826206088905735E+001,
4.609970674486803E+009,-2.474994374444819E+001,9.867895518022159E+000,
4.613880742913001E+009,-2.464641162106477E+001,-6.185659603451658E+000,
4.617790811339198E+009,-2.438563639832607E+001,-2.483523334777448E+001,
4.621700879765396E+009,-2.436652186466085E+001,-4.373081309544003E+001,
4.625610948191593E+009,-2.433534457932950E+001,-6.181178558036866E+001,
4.629521016617791E+009,-2.419986659512243E+001,-8.016324368226704E+001,
4.633431085043988E+009,-2.401521328539862E+001,-9.898133076966302E+001,
4.637341153470186E+009,-2.410718363264687E+001,-1.185129419974244E+002,
4.641251221896383E+009,-2.419200569407730E+001,-1.370998791920391E+002,
4.645161290322580E+009,-2.429904590403087E+001,-1.551761926552815E+002,
4.649071358748778E+009,-2.426300193986301E+001,-1.731122270958030E+002,
4.652981427174975E+009,-2.425587331369389E+001,1.685076155648024E+002,
4.656891495601173E+009,-2.422300239472916E+001,1.511072286241333E+002,
4.660801564027371E+009,-2.407656882511967E+001,1.316528314940449E+002,
4.664711632453568E+009,-2.416185040124196E+001,1.131302298737836E+002,
4.668621700879766E+009,-2.419481075623717E+001,9.588806929234094E+001,
4.672531769305963E+009,-2.410080825550084E+001,7.727249394505583E+001,
4.676441837732161E+009,-2.397246428712822E+001,5.740997968500092E+001,
4.680351906158358E+009,-2.426050278815162E+001,3.804552514352859E+001,
4.684261974584556E+009,-2.442602219824839E+001,2.062696002689587E+001,
4.688172043010753E+009,-2.445774609012567E+001,2.224028428774626E+000,
4.692082111436951E+009,-2.454967218475753E+001,-1.606809643986761E+001,
4.695992179863148E+009,-2.468256953341410E+001,-3.397431748238321E+001,
4.699902248289345E+009,-2.473718090970229E+001,-5.178549385792545E+001,
4.703812316715543E+009,-2.482249882432848E+001,-7.037118971017168E+001,
4.707722385141740E+009,-2.494581770774580E+001,-8.782297937335949E+001,
4.711632453567938E+009,-2.497513246707397E+001,-1.058183047098776E+002,
4.715542521994135E+009,-2.483034899231350E+001,-1.234406727690362E+002,
4.719452590420332E+009,-2.471762476810043E+001,-1.427919484245179E+002,
4.723362658846530E+009,-2.477280487616005E+001,-1.627994089602340E+002,
4.727272727272727E+009,-2.500059937708696E+001,1.780103947279195E+002,
4.731182795698925E+009,-2.520146413529886E+001,1.591905952964104E+002,
4.735092864125122E+009,-2.546570198938724E+001,1.402326248501461E+002,
4.739002932551320E+009,-2.559479968641599E+001,1.221267381901027E+002,
4.742913000977517E+009,-2.584977725036989E+001,1.020443884256037E+002,
4.746823069403714E+009,-2.635276459444316E+001,8.409546523428004E+001,
4.750733137829912E+009,-2.665473719175743E+001,6.716023688379593E+001,
4.754643206256109E+009,-2.679723361990380E+001,5.150974554136526E+001,
4.758553274682307E+009,-2.675611591795500E+001,3.356523487695919E+001,
4.762463343108504E+009,-2.678096036858879E+001,1.457747156636479E+001,
4.766373411534702E+009,-2.709909165785369E+001,-5.135154832420709E+000,
4.770283479960899E+009,-2.744096588496561E+001,-2.367071446234500E+001,
4.774193548387096E+009,-2.787003334967406E+001,-4.123689300106205E+001,
4.778103616813294E+009,-2.827446523688931E+001,-5.911075228987671E+001,
4.782013685239492E+009,-2.863697292756887E+001,-7.540825916220621E+001,
4.785923753665690E+009,-2.869828832957536E+001,-9.124581657729227E+001,
4.789833822091887E+009,-2.867067562261904E+001,-1.089326699900321E+002,
4.793743890518084E+009,-2.900382323468298E+001,-1.272126822857496E+002,
4.797653958944282E+009,-2.914879437066227E+001,-1.435399006459782E+002,
4.801564027370479E+009,-2.923815136094284E+001,-1.627460945582438E+002,
4.805474095796677E+009,-2.968204726635542E+001,1.788264956469499E+002,
4.809384164222874E+009,-2.995816583419492E+001,1.623254412919314E+002,
4.813294232649072E+009,-3.018913429801084E+001,1.439403592163440E+002,
4.817204301075269E+009,-3.047915037341767E+001,1.256701013394525E+002,
4.821114369501467E+009,-3.116606354321283E+001,1.081495372786557E+002,
4.825024437927664E+009,-3.149037512028979E+001,9.196224213357650E+001,
4.828934506353861E+009,-3.187422010009570E+001,7.714383648027156E+001,
4.832844574780059E+009,-3.188896973373946E+001,6.114880410965149E+001,
4.836754643206256E+009,-3.185466060539231E+001,4.284240533149221E+001,
4.840664711632454E+009,-3.198506177580132E+001,2.313551013994959E+001,
4.844574780058651E+009,-3.233971882860194E+001,5.200256519853340E+000,
4.848484848484848E+009,-3.262560366410918E+001,-1.352900401819448E+001,
4.852394916911046E+009,-3.329828203826985E+001,-3.355690472259879E+001,
4.856304985337243E+009,-3.413948664662736E+001,-5.033405368292349E+001,
4.860215053763441E+009,-3.480391452275357E+001,-6.631301186299787E+001,
4.864125122189638E+009,-3.553579957618702E+001,-8.128055814681649E+001,
4.868035190615836E+009,-3.590223378173191E+001,-9.417505372086556E+001,
4.871945259042033E+009,-3.581299947806819E+001,-1.101246430531381E+002,
4.875855327468231E+009,-3.631384767330275E+001,-1.278819431973124E+002,
4.879765395894428E+009,-3.674938191802828E+001,-1.444091511385125E+002,
4.883675464320625E+009,-3.758393377151774E+001,-1.613244681869396E+002,
4.887585532746823E+009,-3.861162431723675E+001,-1.713879762245865E+002,
4.891495601173020E+009,-3.821549762929922E+001,1.784915062191762E+002,
4.895405669599218E+009,-3.808257449958633E+001,1.637633878132082E+002,
4.899315738025415E+009,-3.769052045296455E+001,1.464124629177484E+002,
4.903225806451613E+009,-3.814000382177232E+001,1.287311402314716E+002,
4.907135874877811E+009,-3.857558282596149E+001,1.163997013250072E+002,
4.911045943304008E+009,-3.801710656114176E+001,1.030167830006558E+002,
4.914956011730206E+009,-3.761351300718856E+001,8.265621740765808E+001,
4.918866080156403E+009,-3.834745767209976E+001,6.241251256001841E+001,
4.922776148582601E+009,-3.894551542957863E+001,4.890090665156149E+001,
4.926686217008798E+009,-3.904689661260776E+001,3.578924203236252E+001,
4.930596285434996E+009,-3.884977606449538E+001,1.990079088159418E+001,
4.934506353861193E+009,-3.899009389666228E+001,2.714908045048539E+000,
4.938416422287390E+009,-3.903145669262057E+001,-1.349789411110622E+001,
4.942326490713588E+009,-3.910579506434959E+001,-3.014269428846226E+001,
4.946236559139785E+009,-3.931835288543245E+001,-4.796971678324557E+001,
4.950146627565983E+009,-3.945477938240353E+001,-6.583939365333677E+001,
4.954056695992180E+009,-3.983982781480869E+001,-8.368851110067767E+001,
4.957966764418377E+009,-4.057596831079584E+001,-1.016643540190588E+002,
4.961876832844575E+009,-4.141474625406740E+001,-1.189391268952703E+002,
4.965786901270772E+009,-4.277319802093345E+001,-1.321669005215056E+002,
4.969696969696970E+009,-4.368711905248993E+001,-1.411857242610397E+002,
4.973607038123167E+009,-4.379153351963751E+001,-1.487461045733271E+002,
4.977517106549365E+009,-4.369803771753067E+001,-1.592762816628123E+002,
4.981427174975562E+009,-4.338502658939348E+001,-1.665690075031830E+002,
4.985337243401759E+009,-4.198841919296782E+001,-1.756207934622094E+002,
4.989247311827957E+009,-4.033891359684723E+001,1.624529045834066E+002,
4.993157380254154E+009,-4.014535253565511E+001,1.370146665082547E+002,
4.997067448680352E+009,-4.100136364469903E+001,1.152582934179630E+002,
5.000977517106549E+009,-4.191557447315118E+001,1.001114636946445E+002,
5.004887585532747E+009,-4.247069084468214E+001,8.825256767437170E+001,
5.008797653958944E+009,-4.228409660772914E+001,7.451742405387873E+001,
5.012707722385141E+009,-4.315616746893815E+001,5.853610464347006E+001,
5.016617790811339E+009,-4.413764502799330E+001,5.326795464160654E+001,
5.020527859237536E+009,-4.308495434272323E+001,4.839390420881050E+001,
5.024437927663734E+009,-4.146630554619823E+001,3.647722380105119E+001,
5.028347996089932E+009,-4.009034778981342E+001,1.814223689906111E+001,
5.032258064516129E+009,-3.899862239239403E+001,-2.544323469953727E+000,
5.036168132942327E+009,-3.853929926045855E+001,-2.608023904695311E+001,
5.040078201368524E+009,-3.855751318095066E+001,-5.024434402153652E+001,
5.043988269794722E+009,-3.961665227513424E+001,-7.290116874331081E+001,
5.047898338220919E+009,-4.115408070884087E+001,-8.869690522009670E+001,
5.051808406647117E+009,-4.190386682124048E+001,-9.564869708956709E+001,
5.055718475073314E+009,-4.149477294204809E+001,-1.026187410792551E+002,
5.059628543499512E+009,-4.023790442331298E+001,-1.157991746036825E+002,
5.063538611925709E+009,-3.940380899930845E+001,-1.353527798491093E+002,
5.067448680351906E+009,-3.938673643839709E+001,-1.551186994267325E+002,
5.071358748778104E+009,-3.954419276538408E+001,-1.725446282667289E+002,
5.075268817204301E+009,-3.960456375768573E+001,1.717942018503519E+002,
5.079178885630499E+009,-3.930900098417703E+001,1.558820033545397E+002,
5.083088954056696E+009,-3.963490854993633E+001,1.351588828304818E+002,
5.086999022482893E+009,-4.038343779672928E+001,1.228783135935961E+002,
5.090909090909091E+009,-4.066039750168515E+001,1.137751415034062E+002,
5.094819159335288E+009,-3.944026201598003E+001,1.059329465115052E+002,
5.098729227761486E+009,-3.807895037342391E+001,8.932070250275416E+001,
5.102639296187683E+009,-3.686664109222489E+001,6.832768024214339E+001,
5.106549364613881E+009,-3.653453149214326E+001,4.356467309312696E+001,
5.110459433040078E+009,-3.700892396461441E+001,2.105408916340965E+001,
5.114369501466276E+009,-3.777348914258847E+001,1.103450757765642E+000,
5.118279569892473E+009,-3.873827067349676E+001,-1.265370829635035E+001,
5.122189638318670E+009,-3.902368841782935E+001,-2.371421734707714E+001,
5.126099706744868E+009,-3.883077600748707E+001,-3.405683303201309E+001,
5.130009775171065E+009,-3.801096659106378E+001,-4.649450165565305E+001,
5.133919843597263E+009,-3.700480677444618E+001,-6.297688253479603E+001,
5.137829912023460E+009,-3.645487953015515E+001,-8.241582677014742E+001,
5.141739980449657E+009,-3.592654219135605E+001,-1.018346000698118E+002,
5.145650048875855E+009,-3.577493561757187E+001,-1.229801612913014E+002,
5.149560117302053E+009,-3.602213802385641E+001,-1.448991799698027E+002,
5.153470185728251E+009,-3.679232193383935E+001,-1.625073541357953E+002,
5.157380254154448E+009,-3.725941298300345E+001,-1.771507689498673E+002,
5.161290322580645E+009,-3.769498230231154E+001,1.690290767372982E+002,
5.165200391006843E+009,-3.815195812740243E+001,1.596704592868830E+002,
5.169110459433041E+009,-3.694921235724282E+001,1.499068451034931E+002,
5.173020527859238E+009,-3.624318582580156E+001,1.323365489786595E+002,
5.176930596285435E+009,-3.533858323217496E+001,1.172991762979803E+002,
5.180840664711633E+009,-3.463823330315472E+001,9.900276248811571E+001,
5.184750733137830E+009,-3.409286453275070E+001,7.955746390006217E+001,
5.188660801564028E+009,-3.384408526323210E+001,5.950997962929500E+001,
5.192570869990225E+009,-3.383293422797632E+001,4.135633227331691E+001,
5.196480938416422E+009,-3.373122135387243E+001,2.295655095995173E+001,
5.200391006842620E+009,-3.399741045901085E+001,5.823257766974541E+000,
5.204301075268817E+009,-3.391933929241714E+001,-8.059220682841229E+000,
5.208211143695015E+009,-3.354089456721714E+001,-2.298545300942115E+001,
5.212121212121212E+009,-3.308553566780763E+001,-3.781329227160003E+001,
5.216031280547409E+009,-3.215567708710441E+001,-5.410928096262871E+001,
5.219941348973607E+009,-3.146403825883664E+001,-7.453199722999636E+001,
5.223851417399805E+009,-3.105366543112847E+001,-9.416913417855560E+001,
5.227761485826002E+009,-3.062560598317333E+001,-1.134368630917097E+002,
5.231671554252199E+009,-3.054091894266124E+001,-1.356337353005255E+002,
5.235581622678397E+009,-3.047681811031642E+001,-1.541149478642247E+002,
5.239491691104594E+009,-3.049468832934699E+001,-1.728738770002838E+002,
5.243401759530792E+009,-3.032758417628124E+001,1.684970665554224E+002,
5.247311827956989E+009,-3.035631294640050E+001,1.495728423452941E+002,
5.251221896383186E+009,-3.040285452468999E+001,1.302909036514354E+002,
5.255131964809384E+009,-3.057314759103099E+001,1.133217538024527E+002,
5.259042033235581E+009,-3.049573875043429E+001,9.717156788044636E+001,
5.262952101661779E+009,-3.009667370172107E+001,8.146243064359285E+001,
5.266862170087977E+009,-2.979390299960956E+001,6.369961783841966E+001,
5.270772238514174E+009,-2.930071316999971E+001,4.593043756229209E+001,
5.274682306940372E+009,-2.908880063025103E+001,2.616328877205074E+001,
5.278592375366570E+009,-2.882858837205673E+001,6.483445976274965E+000,
5.282502443792767E+009,-2.894855877790702E+001,-1.367513976951004E+001,
5.286412512218964E+009,-2.900011482481115E+001,-3.245045915886134E+001,
5.290322580645162E+009,-2.885012951970071E+001,-5.049929646896761E+001,
5.294232649071359E+009,-2.882873169673557E+001,-6.829675776339100E+001,
5.298142717497557E+009,-2.869952895841349E+001,-8.763226391178148E+001,
5.302052785923754E+009,-2.884118208935810E+001,-1.060624247070611E+002,
5.305962854349951E+009,-2.886784618893481E+001,-1.230881552890407E+002,
5.309872922776149E+009,-2.884213143155733E+001,-1.398573233614684E+002,
5.313782991202346E+009,-2.864377263550036E+001,-1.568798879394832E+002,
5.317693059628544E+009,-2.825744313240728E+001,-1.753764530500077E+002,
5.321603128054741E+009,-2.800959810405013E+001,1.653109832952642E+002,
5.325513196480938E+009,-2.811665508493583E+001,1.448025956794852E+002,
5.329423264907136E+009,-2.818532636214627E+001,1.259411281649747E+002,
5.333333333333333E+009,-2.836677929923713E+001,1.082301648944996E+002,
5.337243401759531E+009,-2.853883243788144E+001,9.185656029427361E+001,
5.341153470185728E+009,-2.837425384956657E+001,7.483575473259440E+001,
5.345063538611926E+009,-2.825337439709603E+001,5.776179304436567E+001,
5.348973607038123E+009,-2.797519805950313E+001,3.988257744334548E+001,
5.352883675464321E+009,-2.773375832282682E+001,2.255151138802787E+001,
5.356793743890518E+009,-2.751536942466322E+001,3.338117348810598E+000,
5.360703812316715E+009,-2.730608238213807E+001,-1.538461803766260E+001,
5.364613880742913E+009,-2.726446043539270E+001,-3.401307200407334E+001,
5.368523949169110E+009,-2.722225768408198E+001,-5.435473782035399E+001,
5.372434017595308E+009,-2.731737859251219E+001,-7.381024520306497E+001,
5.376344086021505E+009,-2.744157398303118E+001,-9.232083749684871E+001,
5.380254154447702E+009,-2.763640055525978E+001,-1.097625721670694E+002,
5.384164222873900E+009,-2.765267654319983E+001,-1.265220418882880E+002,
5.388074291300098E+009,-2.757179591401645E+001,-1.435689536217512E+002,
5.391984359726296E+009,-2.744723354349789E+001,-1.602744725011050E+002,
5.395894428152493E+009,-2.716386352888927E+001,-1.798503808189062E+002,
5.399804496578690E+009,-2.710276733393450E+001,1.608306326010907E+002,
5.403714565004888E+009,-2.712487268015306E+001,1.427904786022964E+002,
5.407624633431086E+009,-2.703165941930632E+001,1.251549932468936E+002,
5.411534701857283E+009,-2.670092812951122E+001,1.065742749788821E+002,
5.415444770283480E+009,-2.666818294882731E+001,8.776010640542221E+001,
5.419354838709678E+009,-2.655394435665645E+001,6.872869664266986E+001,
5.423264907135875E+009,-2.659078751522933E+001,4.998329199838065E+001,
5.427174975562073E+009,-2.649617324335411E+001,3.020785530257196E+001,
5.431085043988270E+009,-2.646334483323493E+001,1.108683337520884E+001,
5.434995112414467E+009,-2.658747771205758E+001,-8.043179805239786E+000,
5.438905180840665E+009,-2.682312346923911E+001,-2.638055568781748E+001,
5.442815249266862E+009,-2.684288213018009E+001,-4.439326393685733E+001,
5.446725317693060E+009,-2.675564561224834E+001,-6.196556235379777E+001,
5.450635386119257E+009,-2.663807155502550E+001,-8.064746737878033E+001,
5.454545454545454E+009,-2.672998367722839E+001,-9.963790422520282E+001,
5.458455522971652E+009,-2.668873675214476E+001,-1.178307168392804E+002,
5.462365591397850E+009,-2.657017588958225E+001,-1.367389903066179E+002,
5.466275659824047E+009,-2.661983664057464E+001,-1.549937757563102E+002,
5.470185728250244E+009,-2.645175654521364E+001,-1.741111119642776E+002,
5.474095796676442E+009,-2.639494743046627E+001,1.663002708388920E+002,
5.478005865102639E+009,-2.641293349458223E+001,1.464070584050434E+002,
5.481915933528837E+009,-2.653134998941012E+001,1.269918676595895E+002,
5.485826001955034E+009,-2.656037328119599E+001,1.083321615946695E+002,
5.489736070381231E+009,-2.658617380346331E+001,8.783460047479630E+001,
5.493646138807429E+009,-2.663900589925254E+001,6.859010788854505E+001,
5.497556207233626E+009,-2.672651238503484E+001,4.848757808607233E+001,
5.501466275659824E+009,-2.695386087567827E+001,2.942466149497126E+001,
5.505376344086021E+009,-2.720406782221973E+001,8.664494518035482E+000,
5.509286412512219E+009,-2.753891880902109E+001,-1.012243390398372E+001,
5.513196480938417E+009,-2.792848008489671E+001,-2.784711874937124E+001,
5.517106549364615E+009,-2.790982563730406E+001,-4.624410514583115E+001,
5.521016617790812E+009,-2.802647722019776E+001,-6.475318688932414E+001,
5.524926686217009E+009,-2.816367591472481E+001,-8.539111502487590E+001,
5.528836754643207E+009,-2.829573976605936E+001,-1.039766930643583E+002,
5.532746823069404E+009,-2.851013694838225E+001,-1.248951359730040E+002,
5.536656891495602E+009,-2.885568439337066E+001,-1.432892300121595E+002,
5.540566959921799E+009,-2.880361538009220E+001,-1.643939687998177E+002,
5.544477028347996E+009,-2.923538759861640E+001,1.732384880434517E+002,
5.548387096774194E+009,-3.009532604900226E+001,1.528590578107024E+002,
5.552297165200391E+009,-3.076799438932097E+001,1.340367257065272E+002,
5.556207233626589E+009,-3.184202725292326E+001,1.183077864270301E+002,
5.560117302052786E+009,-3.229949959926348E+001,1.034090141980419E+002,
5.564027370478983E+009,-3.235015022290804E+001,8.814152981396074E+001,
5.567937438905181E+009,-3.232682504877663E+001,7.071915231383113E+001,
5.571847507331378E+009,-3.239534567193484E+001,5.239302025211232E+001,
5.575757575757576E+009,-3.271165255788826E+001,3.390384979066307E+001,
5.579667644183773E+009,-3.257015558377670E+001,1.390164033624887E+001,
5.583577712609971E+009,-3.288182150868531E+001,-7.802297897221922E+000,
5.587487781036168E+009,-3.334548945024266E+001,-3.067121775046489E+001,
5.591397849462366E+009,-3.459024685118321E+001,-5.161075208267710E+001,
5.595307917888563E+009,-3.604078715236893E+001,-6.746324667098848E+001,
5.599217986314760E+009,-3.664623971068353E+001,-7.797310762552712E+001,
5.603128054740958E+009,-3.636949210211118E+001,-9.483372515916962E+001,
5.607038123167155E+009,-3.675231448710072E+001,-1.146863317131825E+002,
5.610948191593353E+009,-3.720763211064315E+001,-1.320696829732133E+002,
5.614858260019550E+009,-3.779023141541059E+001,-1.505872954126639E+002,
5.618768328445747E+009,-3.837646372215691E+001,-1.682228128553631E+002,
5.622678396871945E+009,-3.904160308050582E+001,1.723120754225888E+002,
5.626588465298142E+009,-4.009586964145570E+001,1.547167699378172E+002,
5.630498533724340E+009,-4.116430616495060E+001,1.408632340708262E+002,
5.634408602150538E+009,-4.173766719141792E+001,1.275804701662558E+002,
5.638318670576735E+009,-4.171279979464500E+001,1.143034436548463E+002,
5.642228739002933E+009,-4.179852241133276E+001,9.499386317080416E+001,
5.646138807429131E+009,-4.244003629257551E+001,7.571581352096251E+001,
5.650048875855328E+009,-4.372909442367698E+001,5.319187378927558E+001,
5.653958944281525E+009,-4.533842568526923E+001,3.885472897816000E+001,
5.657869012707723E+009,-4.701711928489374E+001,3.012128454248874E+001,
5.661779081133920E+009,-4.692140809631737E+001,2.483183083891953E+001,
5.665689149560118E+009,-4.632389512935758E+001,6.383197272829049E+000,
5.669599217986315E+009,-4.677399267472153E+001,-9.741093409734466E+000,
5.673509286412512E+009,-4.782615210507642E+001,-3.114180097542167E+001,
5.677419354838710E+009,-5.041220351052043E+001,-4.425866471645929E+001,
5.681329423264907E+009,-5.068683821760806E+001,-3.935086794045186E+001,
5.685239491691105E+009,-4.907109099201264E+001,-5.243655115503962E+001,
5.689149560117302E+009,-4.814817282897476E+001,-6.707388473793778E+001,
5.693059628543499E+009,-4.792051369342330E+001,-9.582547309545174E+001,
5.696969696969697E+009,-4.912789378572036E+001,-1.202306346214087E+002,
5.700879765395895E+009,-5.099246903290883E+001,-1.326330132012979E+002,
5.704789833822092E+009,-5.064347898541944E+001,-1.470936525382912E+002,
5.708699902248289E+009,-5.033617183798722E+001,-1.752459252976544E+002,
5.712609970674487E+009,-5.136802329692748E+001,1.471623732329824E+002,
5.716520039100684E+009,-5.477671898991341E+001,9.139451157283239E+001,
5.720430107526882E+009,-6.145188375121454E+001,1.446104342061093E+001,
5.724340175953079E+009,-6.502911020252233E+001,-9.302615805643936E+001,
5.728250244379276E+009,-6.946026704708433E+001,-1.591237929006677E+002,
5.732160312805474E+009,-7.233819026695313E+001,-5.505919630244922E+001,
5.736070381231671E+009,-5.811448041323003E+001,-5.762590086970475E+001,
5.739980449657869E+009,-5.235171031396384E+001,-9.683848533497599E+001,
5.743890518084066E+009,-5.036272544990339E+001,-1.237618386447701E+002,
5.747800586510263E+009,-4.782491189523573E+001,-1.455787640716899E+002,
5.751710654936461E+009,-4.627469448399776E+001,-1.667721318970818E+002,
5.755620723362660E+009,-4.417907101473798E+001,1.705973202271613E+002,
5.759530791788857E+009,-4.254423333131992E+001,1.441391592310804E+002,
5.763440860215054E+009,-4.174265752527933E+001,1.177480732210797E+002,
5.767350928641252E+009,-4.190866031791829E+001,9.164780812427536E+001,
5.771260997067449E+009,-4.309268428037700E+001,7.629484848398923E+001,
5.775171065493647E+009,-4.215162954592575E+001,6.800160419654688E+001,
5.779081133919844E+009,-4.049600921007909E+001,5.300402987076551E+001,
5.782991202346041E+009,-3.932895482251004E+001,3.243601155339453E+001,
5.786901270772239E+009,-3.848155805662039E+001,1.070936896464834E+001,
5.790811339198436E+009,-3.796350775712065E+001,-1.049593203090844E+001,
5.794721407624634E+009,-3.776752436446605E+001,-3.176939804287865E+001,
5.798631476050831E+009,-3.784999227482427E+001,-5.038590849152104E+001,
5.802541544477028E+009,-3.765811342271016E+001,-6.777283776575224E+001,
5.806451612903226E+009,-3.726123625095166E+001,-8.597294442934263E+001,
5.810361681329423E+009,-3.726921868768869E+001,-1.044234304410712E+002,
5.814271749755621E+009,-3.742571735335673E+001,-1.187705990732540E+002,
5.818181818181818E+009,-3.684331345207766E+001,-1.334881813157880E+002,
5.822091886608016E+009,-3.593296610646499E+001,-1.488621624154383E+002,
5.826001955034213E+009,-3.504120707084097E+001,-1.677830532099087E+002,
5.829912023460411E+009,-3.455015807217754E+001,1.709637945587398E+002,
5.833822091886608E+009,-3.442045607897657E+001,1.517466353691363E+002,
5.837732160312805E+009,-3.411171322917400E+001,1.324698944112838E+002,
5.841642228739003E+009,-3.403345322964973E+001,1.129161376417647E+002,
5.845552297165200E+009,-3.426006226417244E+001,9.464916270590572E+001,
5.849462365591398E+009,-3.437215107076429E+001,7.956707494781664E+001,
5.853372434017595E+009,-3.404934370562575E+001,6.366698783599943E+001,
5.857282502443792E+009,-3.384563787421988E+001,4.858787250406211E+001,
5.861192570869990E+009,-3.323442347133047E+001,3.375946199875057E+001,
5.865102639296187E+009,-3.241237340712773E+001,1.582643616819046E+001,
5.869012707722385E+009,-3.173237127623625E+001,-2.813739529030331E+000,
5.872922776148583E+009,-3.117831433997701E+001,-2.376061147978938E+001,
5.876832844574780E+009,-3.101050166408258E+001,-4.460535038708195E+001,
5.880742913000978E+009,-3.096818230734248E+001,-6.413587110873262E+001,
5.884652981427176E+009,-3.090212612770692E+001,-8.298229067764309E+001,
5.888563049853373E+009,-3.104712236869311E+001,-1.014693131709739E+002,
5.892473118279570E+009,-3.104381497053628E+001,-1.186860210025324E+002,
5.896383186705768E+009,-3.099780174692945E+001,-1.353634431233595E+002,
5.900293255131965E+009,-3.076843027017234E+001,-1.520986533903119E+002,
5.904203323558163E+009,-3.058236830411187E+001,-1.690497256432360E+002,
5.908113391984360E+009,-3.019691015243784E+001,1.739906829138795E+002,
5.912023460410557E+009,-2.999540620801888E+001,1.558832814639388E+002,
5.915933528836755E+009,-2.939516219753157E+001,1.387106008998356E+002,
5.919843597262952E+009,-2.914729696865366E+001,1.183454900738968E+002,
5.923753665689150E+009,-2.909618665504211E+001,9.905442896927168E+001,
5.927663734115347E+009,-2.911242659891200E+001,8.060178307927632E+001,
5.931573802541544E+009,-2.912370185933378E+001,6.221130839704374E+001,
5.935483870967742E+009,-2.895121756710154E+001,4.553194121182625E+001,
5.939393939393940E+009,-2.881271463200730E+001,2.789953960158192E+001,
5.943304007820137E+009,-2.850090418051419E+001,1.076220366547837E+001,
5.947214076246334E+009,-2.835184900701442E+001,-7.344136535282405E+000,
5.951124144672532E+009,-2.800101220997064E+001,-2.566458386298676E+001,
5.955034213098729E+009,-2.766688817592484E+001,-4.502390256598091E+001,
5.958944281524927E+009,-2.762098199996395E+001,-6.444212312105999E+001,
5.962854349951124E+009,-2.748428682942399E+001,-8.346082189710226E+001,
5.966764418377321E+009,-2.744981664072808E+001,-1.029406580317535E+002,
5.970674486803519E+009,-2.747201499933584E+001,-1.214906846656426E+002,
5.974584555229716E+009,-2.751627054401718E+001,-1.403658224984875E+002,
5.978494623655914E+009,-2.757680036432493E+001,-1.585575538623858E+002,
5.982404692082111E+009,-2.771070349209104E+001,-1.766224959837100E+002,
5.986314760508308E+009,-2.783228678344213E+001,1.657302471267022E+002,
5.990224828934506E+009,-2.776624908010117E+001,1.487135891956531E+002,
5.994134897360704E+009,-2.771905413540372E+001,1.318850450261752E+002,
5.998044965786902E+009,-2.738555758016094E+001,1.139688039221107E+002,
6.001955034213099E+009,-2.736799187441415E+001,9.431790544726655E+001,
6.005865102639297E+009,-2.744431231782355E+001,7.608834083564507E+001,
6.009775171065494E+009,-2.740642449483900E+001,5.866127626779201E+001,
6.013685239491692E+009,-2.719886855096368E+001,4.052542046459806E+001,
6.017595307917889E+009,-2.713982781100068E+001,2.205806997998586E+001,
6.021505376344086E+009,-2.715067817634356E+001,4.280789720986159E+000,
6.025415444770284E+009,-2.711630884921910E+001,-1.441902331565271E+001,
6.029325513196481E+009,-2.736817139664582E+001,-3.304291451695136E+001,
6.033235581622679E+009,-2.747493557367996E+001,-5.089087491144809E+001,
6.037145650048876E+009,-2.752966989913943E+001,-6.790226893886755E+001,
6.041055718475073E+009,-2.769333164043665E+001,-8.592016299887962E+001,
6.044965786901271E+009,-2.771532876809221E+001,-1.023020285284957E+002,
6.048875855327468E+009,-2.771543398798084E+001,-1.191700479334446E+002,
6.052785923753666E+009,-2.751946156318901E+001,-1.370175523990014E+002,
6.056695992179863E+009,-2.730552810622367E+001,-1.550125021135565E+002,
6.060606060606061E+009,-2.714917028700398E+001,-1.733499987581628E+002,
6.064516129032258E+009,-2.722386203574265E+001,1.680169774488645E+002,
6.068426197458456E+009,-2.721814529180990E+001,1.485610425120303E+002,
6.072336265884653E+009,-2.742830837985409E+001,1.293207103224778E+002,
6.076246334310850E+009,-2.768738396135323E+001,1.119934478653302E+002,
6.080156402737048E+009,-2.785783250534092E+001,9.623719582937767E+001,
6.084066471163245E+009,-2.762444526991185E+001,8.018175107444218E+001,
6.087976539589443E+009,-2.737517446680958E+001,6.194198525854014E+001,
6.091886608015640E+009,-2.725056148434096E+001,4.327920386967330E+001,
6.095796676441837E+009,-2.725394616929403E+001,2.381010610079641E+001,
6.099706744868035E+009,-2.740487026960178E+001,5.236272894914588E+000,
6.103616813294232E+009,-2.760539126491638E+001,-1.329339210741814E+001,
6.107526881720430E+009,-2.763023353564255E+001,-3.237133124764060E+001,
6.111436950146627E+009,-2.806114995301995E+001,-5.112487024276025E+001,
6.115347018572825E+009,-2.846465600282573E+001,-6.776726871869002E+001,
6.119257086999023E+009,-2.850452311748796E+001,-8.450453017626066E+001,
6.123167155425221E+009,-2.849029663626709E+001,-1.014092928525541E+002,
6.127077223851418E+009,-2.856340392773815E+001,-1.180818192474202E+002,
6.130987292277615E+009,-2.847375020186570E+001,-1.356452528327840E+002,
6.134897360703813E+009,-2.849213051463546E+001,-1.527505648912081E+002,
6.138807429130010E+009,-2.855696072834644E+001,-1.707980972389542E+002,
6.142717497556208E+009,-2.859399397546504E+001,1.710078312051190E+002,
6.146627565982405E+009,-2.873988161930756E+001,1.538172612344514E+002,
6.150537634408602E+009,-2.887655419919826E+001,1.368916561304441E+002,
6.154447702834800E+009,-2.878091814966155E+001,1.201060253467860E+002,
6.158357771260998E+009,-2.872122629784375E+001,1.014761841159787E+002,
6.162267839687195E+009,-2.909272889942761E+001,8.309847974689214E+001,
6.166177908113392E+009,-2.917957511433498E+001,6.643045167551429E+001,
6.170087976539589E+009,-2.921518866068982E+001,5.036225722442516E+001,
6.173998044965787E+009,-2.935782935630346E+001,3.330706196334324E+001,
6.177908113391985E+009,-2.919603399886034E+001,1.847808686581368E+001,
6.181818181818182E+009,-2.891530860005256E+001,1.405939602870547E+000,
6.185728250244379E+009,-2.880530364740483E+001,-1.739566427630569E+001,
6.189638318670576E+009,-2.867169946942209E+001,-3.589998157117636E+001,
6.193548387096774E+009,-2.810691944287251E+001,-5.322705809091612E+001,
6.197458455522972E+009,-2.783485157619912E+001,-7.348572171152050E+001,
6.201368523949169E+009,-2.789057833595840E+001,-9.442947729447499E+001,
6.205278592375366E+009,-2.814560673060446E+001,-1.148147627331149E+002,
6.209188660801564E+009,-2.833966527917689E+001,-1.329684914978122E+002,
6.213098729227762E+009,-2.860393971307218E+001,-1.508606075485697E+002,
6.217008797653959E+009,-2.884349590940371E+001,-1.686871980585276E+002,
6.220918866080156E+009,-2.877265904167846E+001,1.743590708950817E+002,
6.224828934506353E+009,-2.872135212732860E+001,1.548661199815647E+002,
6.228739002932551E+009,-2.865953820029584E+001,1.357885155514206E+002,
6.232649071358749E+009,-2.882707744153966E+001,1.153291359550975E+002,
6.236559139784946E+009,-2.908311057425163E+001,9.638221246807865E+001,
6.240469208211144E+009,-2.928896567639484E+001,7.829609773064722E+001,
6.244379276637341E+009,-2.936840177838082E+001,5.918721795334650E+001,
6.248289345063539E+009,-2.981130666777212E+001,3.947430306378260E+001,
6.252199413489737E+009,-2.993287084204304E+001,2.222292287010509E+001,
6.256109481915934E+009,-3.010271463270873E+001,3.120201165839902E+000,
6.260019550342131E+009,-3.037553898620016E+001,-1.585957963499934E+001,
6.263929618768329E+009,-3.051156289327513E+001,-3.406215453213759E+001,
6.267839687194526E+009,-3.084949743371418E+001,-5.300740224593793E+001,
6.271749755620724E+009,-3.126624390611210E+001,-7.254993334043525E+001,
6.275659824046921E+009,-3.179973531356913E+001,-9.084840525265679E+001,
6.279569892473118E+009,-3.214061469896492E+001,-1.084779462102246E+002,
6.283479960899316E+009,-3.270804997692453E+001,-1.257767248925300E+002,
6.287390029325514E+009,-3.272205199052299E+001,-1.426006557760616E+002,
6.291300097751711E+009,-3.284978537409153E+001,-1.593436701159982E+002,
6.295210166177908E+009,-3.306160300845206E+001,-1.775438029743122E+002,
6.299120234604105E+009,-3.324757683286999E+001,1.636810425981654E+002,
6.303030303030303E+009,-3.334063068683643E+001,1.422297018442659E+002,
6.306940371456501E+009,-3.358911950902713E+001,1.229653951596903E+002,
6.310850439882698E+009,-3.420485360378133E+001,1.020622537567294E+002,
6.314760508308895E+009,-3.492723819864055E+001,8.430169540584578E+001,
6.318670576735093E+009,-3.541316462721694E+001,6.630683575206002E+001,
6.322580645161290E+009,-3.606733998554320E+001,4.749363907047696E+001,
6.326490713587488E+009,-3.666650677892808E+001,2.949828113576590E+001,
6.330400782013685E+009,-3.760427238828021E+001,1.242832594286293E+001,
6.334310850439882E+009,-3.806561887735813E+001,-1.650766349893540E-001,
6.338220918866080E+009,-3.801101622166818E+001,-1.622691837483946E+001,
6.342130987292278E+009,-3.760145311147038E+001,-3.601236080953117E+001,
6.346041055718475E+009,-3.805270815003069E+001,-5.875583951519872E+001,
6.349951124144672E+009,-3.880675501777878E+001,-7.857146802816558E+001,
6.353861192570869E+009,-3.905335293274391E+001,-9.743899740546740E+001,
6.357771260997068E+009,-3.965495441109655E+001,-1.215947820014851E+002,
6.361681329423266E+009,-4.081959325394266E+001,-1.446195094695907E+002,
6.365591397849463E+009,-4.243682084456346E+001,-1.662266770426946E+002,
6.369501466275660E+009,-4.432533509882417E+001,1.778826839016678E+002,
6.373411534701857E+009,-4.549848070325200E+001,1.642323400180628E+002,
6.377321603128055E+009,-4.563613112408933E+001,1.496659027849355E+002,
6.381231671554253E+009,-4.686554627441703E+001,1.227058702934415E+002,
6.385141739980450E+009,-4.910390470209399E+001,1.068410916854404E+002,
6.389051808406647E+009,-5.040931797634548E+001,9.563672965370597E+001,
6.392961876832845E+009,-5.045755627026595E+001,8.148847255583942E+001,
6.396871945259043E+009,-5.041206305656072E+001,5.249317275002419E+001,
6.400782013685240E+009,-5.188679485290499E+001,1.992101640059958E+001,
6.404692082111437E+009,-5.366615281267686E+001,-1.341958325087576E+001,
6.408602150537634E+009,-5.447430974981071E+001,-5.599824985038121E+001,
6.412512218963832E+009,-5.635988927571781E+001,-1.071104468734992E+002,
6.416422287390030E+009,-5.921652876679605E+001,-1.240174189038618E+002,
6.420332355816227E+009,-5.393480538008032E+001,-1.494157438180192E+002,
6.424242424242424E+009,-5.226919254621082E+001,1.696519896878949E+002,
6.428152492668621E+009,-5.113340376290463E+001,1.429357669860862E+002,
6.432062561094819E+009,-5.107744206447339E+001,1.146390928638835E+002,
6.435972629521017E+009,-5.093458617430809E+001,9.625520140902741E+001,
6.439882697947214E+009,-5.038583625852786E+001,8.336509746279792E+001,
6.443792766373411E+009,-4.886258057162817E+001,6.747217361332335E+001,
6.447702834799609E+009,-4.884661264880852E+001,5.205500337629886E+001,
6.451612903225807E+009,-4.686856707721564E+001,4.440533969521139E+001,
6.455522971652004E+009,-4.449859221357744E+001,2.505942211958308E+001,
6.459433040078201E+009,-4.281149625754664E+001,1.162181552021969E+000,
6.463343108504398E+009,-4.200051648854618E+001,-2.396097211449169E+001,
6.467253176930596E+009,-4.159336979704676E+001,-4.526281942701657E+001,
6.471163245356794E+009,-4.120399849791170E+001,-6.774335843453767E+001,
6.475073313782991E+009,-4.106720047879642E+001,-8.728076227468885E+001,
6.478983382209189E+009,-4.061030689440257E+001,-1.053992167656431E+002,
6.482893450635386E+009,-4.036884020176845E+001,-1.264831999193716E+002,
6.486803519061584E+009,-4.031593267203402E+001,-1.458370210319514E+002,
6.490713587487782E+009,-4.028606453488972E+001,-1.637735593766480E+002,
6.494623655913979E+009,-4.017839388276087E+001,1.779498488617685E+002,
6.498533724340176E+009,-4.012379168153568E+001,1.619166705541269E+002,
6.502443792766374E+009,-3.967094208741243E+001,1.443510856923308E+002,
6.506353861192571E+009,-3.954426289698792E+001,1.258789008118869E+002,
6.510263929618769E+009,-3.963052828005107E+001,1.070365540118870E+002,
6.514173998044966E+009,-3.972686039521491E+001,9.229014053117234E+001,
6.518084066471163E+009,-3.935030350677820E+001,7.815152511179370E+001,
6.521994134897361E+009,-3.866695904225712E+001,6.150325373736114E+001,
6.525904203323559E+009,-3.812043371470187E+001,4.219705987187901E+001,
6.529814271749756E+009,-3.792835002410683E+001,2.291758903586147E+001,
6.533724340175953E+009,-3.785033550497003E+001,3.053763738818601E+000,
6.537634408602150E+009,-3.794526337373581E+001,-1.382291877597480E+001,
6.541544477028348E+009,-3.775024038229719E+001,-3.043861192607768E+001,
6.545454545454546E+009,-3.752006093313139E+001,-4.976848018524558E+001,
6.549364613880743E+009,-3.757158603852341E+001,-6.794280366133957E+001,
6.553274682306940E+009,-3.773640198944820E+001,-8.560980020491310E+001,
6.557184750733138E+009,-3.777011982018064E+001,-1.017198252990670E+002,
6.561094819159335E+009,-3.770124597933604E+001,-1.181527974334206E+002,
6.565004887585533E+009,-3.761445538419090E+001,-1.354949432926384E+002,
6.568914956011730E+009,-3.753593594656335E+001,-1.526480452681785E+002,
6.572825024437927E+009,-3.756734900141644E+001,-1.703856580697519E+002,
6.576735092864125E+009,-3.771938251165876E+001,1.720534336850010E+002,
6.580645161290323E+009,-3.785041586236017E+001,1.568441875192430E+002,
6.584555229716520E+009,-3.794152435814669E+001,1.397301910329555E+002,
6.588465298142717E+009,-3.787641485990820E+001,1.237708325413554E+002,
6.592375366568914E+009,-3.816478281910183E+001,1.079457636525668E+002,
6.596285434995112E+009,-3.820165027815101E+001,9.371255017101029E+001,
6.600195503421310E+009,-3.807597897086579E+001,7.986059068104829E+001,
6.604105571847508E+009,-3.797671710741521E+001,6.427509364508416E+001,
6.608015640273705E+009,-3.768553492130258E+001,5.122892244194475E+001,
6.611925708699902E+009,-3.714942609670666E+001,3.522757436009952E+001,
6.615835777126100E+009,-3.671457190889475E+001,1.987223655127118E+001,
6.619745845552298E+009,-3.622534060731791E+001,2.938684741647683E+000,
6.623655913978495E+009,-3.571953920242101E+001,-1.429954796003418E+001,
6.627565982404692E+009,-3.533375678702833E+001,-3.254848422914944E+001,
6.631476050830890E+009,-3.490056955937288E+001,-5.224147967449689E+001,
6.635386119257088E+009,-3.515882307767315E+001,-7.280902255986734E+001,
6.639296187683285E+009,-3.546498186501631E+001,-8.843652502396103E+001,
6.643206256109482E+009,-3.541146528779287E+001,-1.034363357214268E+002,
6.647116324535679E+009,-3.532908766586454E+001,-1.179258703778712E+002,
6.651026392961877E+009,-3.493426582690599E+001,-1.331180041312661E+002,
6.654936461388075E+009,-3.436778727878895E+001,-1.494143165906751E+002,
6.658846529814272E+009,-3.393355071877259E+001,-1.671700816951666E+002,
6.662756598240469E+009,-3.366440412157898E+001,1.739453622084212E+002,
6.666666666666666E+009,-3.327620452989700E+001,1.567520791881989E+002,
6.670576735092864E+009,-3.303028692164673E+001,1.362187132221736E+002,
6.674486803519062E+009,-3.320647613349706E+001,1.169413099535048E+002,
6.678396871945259E+009,-3.325294720235798E+001,9.902455347459379E+001,
6.682306940371456E+009,-3.355057583093955E+001,8.204936795431647E+001,
6.686217008797654E+009,-3.364661733630658E+001,6.695427319666344E+001,
6.690127077223852E+009,-3.362815640034157E+001,5.237130541400211E+001,
6.694037145650049E+009,-3.321608182682730E+001,3.773120774437689E+001,
6.697947214076246E+009,-3.269149869115369E+001,2.098606506340572E+001,
6.701857282502443E+009,-3.225055380023041E+001,3.703846135306002E+000,
6.705767350928641E+009,-3.181718555217842E+001,-1.530748039671873E+001,
6.709677419354839E+009,-3.173027066907952E+001,-3.379456288519545E+001,
6.713587487781036E+009,-3.159391944891821E+001,-5.201405357332492E+001,
6.717497556207233E+009,-3.145867955956838E+001,-7.060891332981929E+001,
6.721407624633431E+009,-3.162391076486281E+001,-8.892647105101672E+001,
6.725317693059629E+009,-3.166851072329612E+001,-1.044066401407038E+002,
6.729227761485827E+009,-3.149455278786569E+001,-1.201991401682202E+002,
6.733137829912024E+009,-3.113927976528813E+001,-1.355958656051300E+002,
6.737047898338221E+009,-3.054585768898429E+001,-1.532946391203047E+002,
6.740957966764419E+009,-3.017980283504247E+001,-1.721509043590230E+002,
6.744868035190616E+009,-2.999071658955489E+001,1.695758609197232E+002,
6.748778103616814E+009,-2.973353011671401E+001,1.516299372880727E+002,
6.752688172043011E+009,-2.939779681744255E+001,1.325845159438367E+002,
6.756598240469208E+009,-2.924846657032289E+001,1.122933208274876E+002,
6.760508308895406E+009,-2.931847180568020E+001,9.349257860009212E+001,
6.764418377321604E+009,-2.966229512385908E+001,7.671340486109231E+001,
6.768328445747801E+009,-2.972309575767122E+001,6.055686281779657E+001,
6.772238514173998E+009,-2.946010641789614E+001,4.404391004205399E+001,
6.776148582600195E+009,-2.901728823236718E+001,2.666243248935112E+001,
6.780058651026393E+009,-2.872958830329974E+001,9.765955890059898E+000,
6.783968719452591E+009,-2.823767206569687E+001,-9.508814440327297E+000,
6.787878787878788E+009,-2.814096544934014E+001,-2.848984174571677E+001,
6.791788856304985E+009,-2.790561029010803E+001,-4.856773615479298E+001,
6.795698924731183E+009,-2.778822846378841E+001,-6.810745393051258E+001,
6.799608993157380E+009,-2.791671368831678E+001,-8.724957792847197E+001,
6.803519061583578E+009,-2.809701152216466E+001,-1.066856838347988E+002,
6.807429130009775E+009,-2.818546611851389E+001,-1.234098333600772E+002,
6.811339198435972E+009,-2.806101859661400E+001,-1.395231968444808E+002,
6.815249266862170E+009,-2.789243924040493E+001,-1.568267220871291E+002,
6.819159335288368E+009,-2.769996887390297E+001,-1.741354191833075E+002,
6.823069403714565E+009,-2.754414477334516E+001,1.671903771410634E+002,
6.826979472140762E+009,-2.719037041329000E+001,1.484217613436091E+002,
6.830889540566959E+009,-2.701053868921287E+001,1.284634974823957E+002,
6.834799608993157E+009,-2.700212458276774E+001,1.088585909171651E+002,
6.838709677419355E+009,-2.713741531444938E+001,9.013304805321151E+001,
6.842619745845552E+009,-2.715935028748302E+001,7.130626513151981E+001,
6.846529814271750E+009,-2.716329878535961E+001,5.263301272550733E+001,
6.850439882697948E+009,-2.727763183444592E+001,3.383389737997615E+001,
6.854349951124145E+009,-2.731516344139580E+001,1.728803724040143E+001,
6.858260019550343E+009,-2.723441673784370E+001,-2.280650030219581E-001,
6.862170087976540E+009,-2.705400594789368E+001,-1.816867496875391E+001,
6.866080156402737E+009,-2.683742256485134E+001,-3.755493667314703E+001,
6.869990224828935E+009,-2.669608466376289E+001,-5.672459600309583E+001,
6.873900293255133E+009,-2.665681837857485E+001,-7.726777571898404E+001,
6.877810361681330E+009,-2.666068513977420E+001,-9.696278022716304E+001,
6.881720430107527E+009,-2.680879927118623E+001,-1.173024146133464E+002,
6.885630498533724E+009,-2.707333625976173E+001,-1.362543280091473E+002,
6.889540566959922E+009,-2.730185339466652E+001,-1.538472204861643E+002,
6.893450635386120E+009,-2.739374479048715E+001,-1.724872678761382E+002,
6.897360703812317E+009,-2.746659381007667E+001,1.694201484708773E+002,
6.901270772238514E+009,-2.750665871519776E+001,1.506354776472340E+002,
6.905180840664711E+009,-2.768330551087286E+001,1.321671681610160E+002,
6.909090909090909E+009,-2.760398699460782E+001,1.122545794066832E+002,
6.913000977517107E+009,-2.795255928986531E+001,9.335366154298045E+001,
6.916911045943304E+009,-2.805568777287764E+001,7.543189167346273E+001,
6.920821114369501E+009,-2.812324122119746E+001,5.725348434510757E+001,
6.924731182795699E+009,-2.828351467984538E+001,3.845663705498358E+001,
6.928641251221897E+009,-2.846002306117610E+001,1.909321557787591E+001,
6.932551319648094E+009,-2.849956909816550E+001,-8.533486284316690E-001,
6.936461388074291E+009,-2.888807899596920E+001,-1.956359035145259E+001,
6.940371456500488E+009,-2.923997643272038E+001,-3.787280090027878E+001,
6.944281524926686E+009,-2.943423496298493E+001,-5.602060397747719E+001,
6.948191593352884E+009,-2.958590803803065E+001,-7.536825174793191E+001,
6.952101661779081E+009,-3.000548805337446E+001,-9.393568503398944E+001,
6.956011730205278E+009,-3.032076447979809E+001,-1.108389934208796E+002,
6.959921798631475E+009,-3.026682729554248E+001,-1.281828815533419E+002,
6.963831867057674E+009,-3.069096774795371E+001,-1.468695275458367E+002,
6.967741935483872E+009,-3.067522556881708E+001,-1.645409271161269E+002,
6.971652003910069E+009,-3.047136913672100E+001,1.743793110799898E+002,
6.975562072336266E+009,-3.099485983680525E+001,1.544262547221512E+002,
6.979472140762464E+009,-3.149797641909319E+001,1.359101753008949E+002,
6.983382209188661E+009,-3.193383286144574E+001,1.178725413571155E+002,
6.987292277614859E+009,-3.231427927295881E+001,9.898456569958582E+001,
6.991202346041056E+009,-3.250617712195808E+001,8.232982554421133E+001,
6.995112414467253E+009,-3.283740674229232E+001,6.325854682488060E+001,
6.999022482893451E+009,-3.325157354315336E+001,4.498817265180372E+001,
7.002932551319649E+009,-3.349965281627646E+001,2.738310647611986E+001,
7.006842619745846E+009,-3.377482278732331E+001,9.094615616589014E+000,
7.010752688172043E+009,-3.415836136615260E+001,-1.062161784076496E+001,
7.014662756598240E+009,-3.486618288831352E+001,-2.921126595015966E+001,
7.018572825024438E+009,-3.540116455837207E+001,-4.561053414842353E+001,
7.022482893450636E+009,-3.566139197602251E+001,-6.246244144749396E+001,
7.026392961876833E+009,-3.578647688157899E+001,-8.064652479732774E+001,
7.030303030303030E+009,-3.603006844018750E+001,-1.006211569185678E+002,
7.034213098729228E+009,-3.658948655551541E+001,-1.226236602869432E+002,
7.038123167155425E+009,-3.784058645404660E+001,-1.419708687937533E+002,
7.042033235581623E+009,-3.886822622013926E+001,-1.570986990772979E+002,
7.045943304007820E+009,-3.954111871672270E+001,-1.714002022275427E+002,
7.049853372434017E+009,-3.981672941732546E+001,1.727278314523680E+002,
7.053763440860215E+009,-4.007864051533898E+001,1.565412502528145E+002,
7.057673509286413E+009,-4.034682390502137E+001,1.385466736955803E+002,
7.061583577712610E+009,-4.088604646320291E+001,1.197090409299885E+002,
7.065493646138807E+009,-4.133917375417866E+001,1.038959397634725E+002,
7.069403714565004E+009,-4.132795961956640E+001,8.190030930854529E+001,
7.073313782991202E+009,-4.203776290271487E+001,5.896356066264860E+001,
7.077223851417400E+009,-4.340649882188784E+001,3.344983234555745E+001,
7.081133919843597E+009,-4.613799631585295E+001,1.394593768454189E+001,
7.085043988269795E+009,-4.826335306306039E+001,3.629038095369285E+000,
7.088954056695993E+009,-4.931886122451160E+001,-6.961028857919088E+000,
7.092864125122190E+009,-5.019610202713740E+001,-2.241903492632954E+001,
7.096774193548388E+009,-5.155428311208816E+001,-4.443500960037689E+001,
7.100684261974585E+009,-5.467226029683206E+001,-6.542620446168866E+001,
7.104594330400782E+009,-5.834650058853590E+001,-7.790376812840103E+001,
7.108504398826980E+009,-6.279622784059188E+001,-1.275288453384612E+002,
7.112414467253178E+009,-6.842440473581428E+001,1.143836768213095E+002,
7.116324535679375E+009,-5.714012965012221E+001,4.829860167253296E+001,
7.120234604105572E+009,-5.423580082898445E+001,1.406489547450359E+001,
7.124144672531769E+009,-5.226110424684981E+001,7.317218295847119E-001,
7.128054740957967E+009,-5.006883802765371E+001,-1.784608637266237E+001,
7.131964809384165E+009,-4.837235301958262E+001,-4.042205372343442E+001,
7.135874877810362E+009,-4.775819587064851E+001,-5.994731882324956E+001,
7.139784946236559E+009,-4.635708869880743E+001,-7.868785267897259E+001,
7.143695014662756E+009,-4.564303085953434E+001,-1.021782990604643E+002,
7.147605083088954E+009,-4.613675895053777E+001,-1.211049554875247E+002,
7.151515151515152E+009,-4.589685414098138E+001,-1.349237025695821E+002,
7.155425219941349E+009,-4.503332042995765E+001,-1.514152877753618E+002,
7.159335288367546E+009,-4.489821124410771E+001,-1.709690296291853E+002,
7.163245356793744E+009,-4.495510221874063E+001,1.710667694230724E+002,
7.167155425219942E+009,-4.544369186955252E+001,1.583310489088347E+002,
7.171065493646139E+009,-4.543344491489982E+001,1.463553597078526E+002,
7.174975562072336E+009,-4.464327353171868E+001,1.324004755736515E+002,
7.178885630498533E+009,-4.482567779055260E+001,1.203423642589003E+002,
7.182795698924731E+009,-4.364107471085420E+001,1.096780477786289E+002,
7.186705767350929E+009,-4.264213455008195E+001,9.428615604640554E+001,
7.190615835777126E+009,-4.189986210015310E+001,7.812066847571296E+001,
7.194525904203323E+009,-4.096084645124233E+001,6.198830483490353E+001,
7.198435972629520E+009,-4.005810982976971E+001,4.357453380930302E+001,
7.202346041055718E+009,-3.941623470671325E+001,2.592398195267505E+001,
7.206256109481916E+009,-3.871993614938175E+001,7.634300066598253E+000,
7.210166177908114E+009,-3.824874907803931E+001,-9.905577978442256E+000,
7.214076246334311E+009,-3.737700322105646E+001,-2.979862218894245E+001,
7.217986314760509E+009,-3.712652563051626E+001,-5.161049784089331E+001,
7.221896383186706E+009,-3.711384756354003E+001,-7.076786019454073E+001,
7.225806451612904E+009,-3.713061221257656E+001,-8.838810726582855E+001,
7.229716520039101E+009,-3.699470634496698E+001,-1.046146638598363E+002,
7.233626588465298E+009,-3.676389177448987E+001,-1.203210092625583E+002,
7.237536656891496E+009,-3.610110700164461E+001,-1.367940613924402E+002,
7.241446725317694E+009,-3.549712309035360E+001,-1.564103079881508E+002,
7.245356793743891E+009,-3.524474023844584E+001,-1.754630560165982E+002,
7.249266862170088E+009,-3.491514552518189E+001,1.657575215588003E+002,
7.253176930596285E+009,-3.479161484568594E+001,1.468760661053569E+002,
7.257086999022483E+009,-3.449048259100638E+001,1.289349581452187E+002,
7.260997067448681E+009,-3.425052623198812E+001,1.092943602105808E+002,
7.264907135874878E+009,-3.417834508456408E+001,9.061699171200375E+001,
7.268817204301075E+009,-3.403882022954526E+001,7.216264669731379E+001,
7.272727272727273E+009,-3.394338491104151E+001,5.316145948280914E+001,
7.276637341153470E+009,-3.401744079966004E+001,3.464768223937841E+001,
7.280547409579668E+009,-3.409381091195971E+001,1.764933597751218E+001,
7.284457478005865E+009,-3.390431586263330E+001,7.936351403038561E-001,
7.288367546432062E+009,-3.371150731733257E+001,-1.674478525666671E+001,
7.292277614858260E+009,-3.362815590560636E+001,-3.388530822374818E+001,
7.296187683284458E+009,-3.329628564979194E+001,-5.102776559373835E+001,
7.300097751710655E+009,-3.285543467285817E+001,-6.982612679414359E+001,
7.304007820136852E+009,-3.265956346988686E+001,-9.014966657660470E+001,
7.307917888563049E+009,-3.285015880009529E+001,-1.101150012173475E+002,
7.311827956989247E+009,-3.317312855709353E+001,-1.279490484176993E+002,
7.315738025415445E+009,-3.322088536835979E+001,-1.445525789339505E+002,
7.319648093841642E+009,-3.323359292697932E+001,-1.620128352973313E+002,
7.323558162267839E+009,-3.309064514167992E+001,-1.785354463913763E+002,
7.327468230694037E+009,-3.284961807900037E+001,1.644410331227105E+002,
7.331378299120235E+009,-3.252934140045961E+001,1.465975988174771E+002,
7.335288367546433E+009,-3.227046886138847E+001,1.275958833202272E+002,
7.339198435972630E+009,-3.219699587817705E+001,1.091892430030192E+002,
7.343108504398827E+009,-3.199899746312323E+001,8.999058690287959E+001,
7.347018572825025E+009,-3.192841088179764E+001,7.032754662168659E+001,
7.350928641251223E+009,-3.204282963425441E+001,5.045087940180370E+001,
7.354838709677420E+009,-3.220669520367187E+001,3.135740543203109E+001,
7.358748778103617E+009,-3.251803813994584E+001,1.294621779586172E+001,
7.362658846529814E+009,-3.278705961434383E+001,-4.874087335967731E+000,
7.366568914956012E+009,-3.309751928353603E+001,-2.156127312741816E+001,
7.370478983382210E+009,-3.312794428470097E+001,-3.639870528292292E+001,
7.374389051808407E+009,-3.293840799233658E+001,-5.328440859933638E+001,
7.378299120234604E+009,-3.277540098699370E+001,-7.081802548083749E+001,
7.382209188660801E+009,-3.267219768675007E+001,-8.901486193551075E+001,
7.386119257086999E+009,-3.259910629159296E+001,-1.079247484372103E+002,
7.390029325513197E+009,-3.274095761256712E+001,-1.271695526970218E+002,
7.393939393939394E+009,-3.306627183206673E+001,-1.456425488426829E+002,
7.397849462365591E+009,-3.339942782101756E+001,-1.621561296796456E+002,
7.401759530791789E+009,-3.357343017270781E+001,-1.773087720686909E+002,
7.405669599217987E+009,-3.349167295177358E+001,1.662222755716381E+002,
7.409579667644184E+009,-3.347563786176173E+001,1.485764503993752E+002,
7.413489736070381E+009,-3.358268132300108E+001,1.327695144698023E+002,
7.417399804496578E+009,-3.333834443815687E+001,1.168549563717920E+002,
7.421309872922776E+009,-3.310278201815358E+001,9.892838513371490E+001,
7.425219941348974E+009,-3.304508853469065E+001,8.010256691276538E+001,
7.429130009775171E+009,-3.307410259024125E+001,6.191969927008956E+001,
7.433040078201368E+009,-3.312016466958382E+001,4.378887448258875E+001,
7.436950146627565E+009,-3.337994594100641E+001,2.469697001231695E+001,
7.440860215053763E+009,-3.385154097013977E+001,8.505867398760916E+000,
7.444770283479961E+009,-3.388606340375743E+001,-5.872627494922218E+000,
7.448680351906158E+009,-3.364878561886393E+001,-2.238757995562378E+001,
7.452590420332356E+009,-3.360018330705125E+001,-4.066035172756725E+001,
7.456500488758554E+009,-3.365846050195341E+001,-5.712719124299677E+001,
7.460410557184751E+009,-3.357149550252358E+001,-7.432853977118084E+001,
7.464320625610949E+009,-3.356253490192064E+001,-9.129273727588188E+001,
7.468230694037146E+009,-3.350298942637574E+001,-1.078335531476926E+002,
7.472140762463343E+009,-3.333340486295923E+001,-1.250380262497455E+002,
7.476050830889541E+009,-3.315691416587407E+001,-1.427614721631811E+002,
7.479960899315739E+009,-3.309512069709824E+001,-1.618701376524663E+002,
7.483870967741936E+009,-3.330212350626942E+001,1.795212856546709E+002,
7.487781036168133E+009,-3.350992135360363E+001,1.621436716809054E+002,
7.491691104594330E+009,-3.368196668542309E+001,1.457770998220100E+002,
7.495601173020528E+009,-3.387797763171326E+001,1.296036654791999E+002,
7.499511241446726E+009,-3.382508625077395E+001,1.147845409228767E+002,
7.503421309872923E+009,-3.348021136294491E+001,9.825924781962146E+001,
7.507331378299120E+009,-3.333918629615767E+001,8.035849808931231E+001,
7.511241446725318E+009,-3.328343123525267E+001,6.327031323373297E+001,
7.515151515151515E+009,-3.305439532903434E+001,4.644697422269550E+001,
7.519061583577713E+009,-3.288514146271326E+001,2.791418582004399E+001,
7.522971652003910E+009,-3.283679169599462E+001,9.595956443030417E+000,
7.526881720430107E+009,-3.283320653249066E+001,-8.232718179023060E+000,
7.530791788856305E+009,-3.292211974080676E+001,-2.656030361731613E+001,
7.534701857282503E+009,-3.305156817449132E+001,-4.367368829380862E+001,
7.538611925708700E+009,-3.301968516272999E+001,-5.988778513686124E+001,
7.542521994134897E+009,-3.290999299681091E+001,-7.582324589114408E+001,
7.546432062561094E+009,-3.271677114441540E+001,-9.261948336984851E+001,
7.550342130987292E+009,-3.233085875850043E+001,-1.102413187341571E+002,
7.554252199413490E+009,-3.209803633526497E+001,-1.291021767710396E+002,
7.558162267839687E+009,-3.196268512225512E+001,-1.474148486044354E+002,
7.562072336265884E+009,-3.185736406303005E+001,-1.663674323776139E+002,
7.565982404692082E+009,-3.176175101873246E+001,1.746738330899669E+002,
7.569892473118280E+009,-3.183819273489753E+001,1.552665137812546E+002,
7.573802541544478E+009,-3.197806151905168E+001,1.371671007375313E+002,
7.577712609970675E+009,-3.202541473079292E+001,1.195719927575341E+002,
7.581622678396872E+009,-3.203619270598461E+001,1.016910644320339E+002,
7.585532746823070E+009,-3.214718783417303E+001,8.362223651573386E+001,
7.589442815249268E+009,-3.217681147721267E+001,6.739497687269095E+001,
7.593352883675465E+009,-3.198900040684636E+001,4.977850343484229E+001,
7.597262952101662E+009,-3.183577367253138E+001,3.218775300512356E+001,
7.601173020527859E+009,-3.159357796904543E+001,1.396540380206961E+001,
7.605083088954057E+009,-3.133322863016744E+001,-5.357809651760133E+000,
7.608993157380255E+009,-3.127669093807863E+001,-2.557052031967114E+001,
7.612903225806452E+009,-3.122602086696126E+001,-4.515065297929414E+001,
7.616813294232649E+009,-3.132774916128838E+001,-6.539321629237605E+001,
7.620723362658846E+009,-3.157446666389615E+001,-8.500219893886349E+001,
7.624633431085044E+009,-3.182278204777519E+001,-1.035244817076678E+002,
7.628543499511242E+009,-3.203503163494669E+001,-1.215376761357710E+002,
7.632453567937439E+009,-3.205078765638688E+001,-1.384702751674127E+002,
7.636363636363636E+009,-3.198417369814676E+001,-1.557124122107762E+002,
7.640273704789834E+009,-3.173746356339954E+001,-1.741474541689409E+002,
7.644183773216032E+009,-3.172718091879980E+001,1.662241965183427E+002,
7.648093841642229E+009,-3.173158984718220E+001,1.462322576059048E+002,
7.652003910068426E+009,-3.180396196124990E+001,1.266271090783245E+002,
7.655913978494623E+009,-3.191314856702798E+001,1.072805445344924E+002,
7.659824046920821E+009,-3.202582073752297E+001,8.760759064009875E+001,
7.663734115347019E+009,-3.221168257395906E+001,6.710579948265087E+001,
7.667644183773216E+009,-3.266410665435438E+001,4.719934299725477E+001,
7.671554252199413E+009,-3.309323368740412E+001,2.887202016508867E+001,
7.675464320625610E+009,-3.332938629992053E+001,1.142671676627472E+001,
7.679374389051808E+009,-3.341756976315243E+001,-6.441879234337535E+000,
7.683284457478006E+009,-3.361694911306002E+001,-2.687424504249478E+001,
7.687194525904203E+009,-3.385598225413813E+001,-4.486379982795315E+001,
7.691104594330401E+009,-3.393852233335178E+001,-6.388609373486487E+001,
7.695014662756599E+009,-3.422688209563584E+001,-8.399800058290499E+001,
7.698924731182797E+009,-3.464521481514983E+001,-1.032989889562210E+002,
7.702834799608994E+009,-3.498686506818230E+001,-1.216760354783107E+002,
7.706744868035191E+009,-3.526654964344730E+001,-1.404642944114909E+002,
7.710654936461388E+009,-3.569859538790085E+001,-1.584602677150307E+002,
7.714565004887586E+009,-3.598811474694993E+001,-1.760257074839692E+002,
7.718475073313784E+009,-3.608282287412876E+001,1.653924360489324E+002,
7.722385141739981E+009,-3.619738457220630E+001,1.463385633539220E+002,
7.726295210166178E+009,-3.645340412937759E+001,1.252985716867315E+002,
7.730205278592375E+009,-3.690862489988867E+001,1.050005381155231E+002,
7.734115347018573E+009,-3.762883790014271E+001,8.565563412083894E+001,
7.738025415444771E+009,-3.810169228970620E+001,6.830565714946833E+001,
7.741935483870968E+009,-3.856803122386134E+001,5.086958186141011E+001,
7.745845552297165E+009,-3.889294578983923E+001,3.572126349559004E+001,
7.749755620723363E+009,-3.847993442538879E+001,1.730451711844112E+001,
7.753665689149560E+009,-3.875741873278322E+001,-3.523089915915650E+000,
7.757575757575758E+009,-3.880902082859711E+001,-2.332621030942526E+001,
7.761485826001955E+009,-3.894541871709153E+001,-4.562016946116382E+001,
7.765395894428152E+009,-3.943615660987239E+001,-6.655203655893649E+001,
7.769305962854350E+009,-3.990716492019865E+001,-8.770459064386380E+001,
7.773216031280548E+009,-4.050109870446180E+001,-1.076953690429281E+002,
7.777126099706745E+009,-4.102380551725373E+001,-1.275365920704627E+002,
7.781036168132942E+009,-4.134337403368868E+001,-1.467787227765485E+002,
7.784946236559139E+009,-4.168534932255214E+001,-1.657217954054009E+002,
7.788856304985337E+009,-4.174872613410132E+001,1.726348880000860E+002,
7.792766373411535E+009,-4.209083489122436E+001,1.517579412572132E+002,
7.796676441837732E+009,-4.209346481288701E+001,1.289158169401008E+002,
7.800586510263929E+009,-4.236463965298658E+001,1.053842035787089E+002,
7.804496578690127E+009,-4.265040278785918E+001,7.912617880558707E+001,
7.808406647116324E+009,-4.371664409931881E+001,5.555481441057405E+001,
7.812316715542522E+009,-4.459402858977381E+001,3.452171548363067E+001,
7.816226783968720E+009,-4.514504116911682E+001,1.528792680595531E+001,
7.820136852394917E+009,-4.514053414565680E+001,-2.724488297150902E+000,
7.824046920821115E+009,-4.454553854894413E+001,-2.242999960463970E+001,
7.827956989247313E+009,-4.421878955448827E+001,-4.618478796643525E+001,
7.831867057673510E+009,-4.393156824980713E+001,-6.884146929057006E+001,
7.835777126099707E+009,-4.365484850854043E+001,-9.050149297383898E+001,
7.839687194525904E+009,-4.306808377442383E+001,-1.151834022209508E+002,
7.843597262952102E+009,-4.282615570021279E+001,-1.413644334662942E+002,
7.847507331378300E+009,-4.265017150528443E+001,-1.661829014080569E+002,
7.851417399804497E+009,-4.276683232284367E+001,1.688876277411748E+002,
7.855327468230694E+009,-4.352710348696239E+001,1.474273010556037E+002,
7.859237536656891E+009,-4.364017138876412E+001,1.299141159821414E+002,
7.863147605083089E+009,-4.352845934420185E+001,1.127218398643349E+002,
7.867057673509287E+009,-4.309536634816980E+001,9.465442228047739E+001,
7.870967741935484E+009,-4.229533060011509E+001,7.646895317288846E+001,
7.874877810361681E+009,-4.184924765566520E+001,5.645102154198837E+001,
7.878787878787879E+009,-4.122686881038583E+001,3.499560348090590E+001,
7.882697947214077E+009,-4.085845476818619E+001,1.440908705495785E+001,
7.886608015640274E+009,-4.082689232003303E+001,-5.732963594663975E+000,
7.890518084066471E+009,-4.053774103323111E+001,-2.485175025255419E+001,
7.894428152492668E+009,-3.998871615943847E+001,-4.384328016811051E+001,
7.898338220918866E+009,-3.981659086135312E+001,-6.280637376805398E+001,
7.902248289345064E+009,-3.946658996535381E+001,-8.068339442606968E+001,
7.906158357771261E+009,-3.875934363847366E+001,-9.895099690931305E+001,
7.910068426197458E+009,-3.838153063950511E+001,-1.200544601339881E+002,
7.913978494623655E+009,-3.801271556906445E+001,-1.410597292578262E+002,
7.917888563049853E+009,-3.795190902162978E+001,-1.612976565302158E+002,
7.921798631476051E+009,-3.813190792081602E+001,1.796203994971815E+002,
7.925708699902248E+009,-3.810161332083672E+001,1.625235667270328E+002,
7.929618768328445E+009,-3.781346025023234E+001,1.455274512019186E+002,
7.933528836754643E+009,-3.753395812101806E+001,1.278624067851908E+002,
7.937438905180841E+009,-3.706331582004908E+001,1.111449321846993E+002,
7.941348973607039E+009,-3.646008008475769E+001,9.208451601664565E+001,
7.945259042033236E+009,-3.601669693750276E+001,7.167623779988485E+001,
7.949169110459433E+009,-3.575968815369128E+001,5.196141610164862E+001,
7.953079178885631E+009,-3.553678085758581E+001,3.207009226035160E+001,
7.956989247311829E+009,-3.543012804727673E+001,1.207227935946268E+001,
7.960899315738026E+009,-3.532800120689929E+001,-7.527910480351120E+000,
7.964809384164223E+009,-3.538989118665903E+001,-2.646953688063056E+001,
7.968719452590420E+009,-3.532469741954546E+001,-4.324146544306083E+001,
7.972629521016618E+009,-3.509342435185982E+001,-6.017661970407944E+001,
7.976539589442816E+009,-3.465685397542127E+001,-7.868378567313529E+001,
7.980449657869013E+009,-3.432572388952106E+001,-9.847111819808134E+001,
7.984359726295210E+009,-3.410722669585016E+001,-1.186083344498144E+002,
7.988269794721408E+009,-3.406370591818592E+001,-1.386722595808531E+002,
7.992179863147605E+009,-3.401686284958727E+001,-1.577953371132386E+002,
7.996089931573803E+009,-3.389024506489556E+001,-1.769477450417196E+002,
8.000000000000000E+009,-3.390070841004268E+001,1.627686795141799E+002,
