% Version 1.00
%
%freq[Hz];db:Trc1_S21;ang:Trc1_S21;
4.000000000000000E+009,-2.870556737134598E+001,7.038171762325332E+001,
4.003910068426198E+009,-2.784873394392215E+001,5.320274041737946E+001,
4.007820136852395E+009,-2.737399315432603E+001,3.224763774125766E+001,
4.011730205278593E+009,-2.741407952613206E+001,1.299934889494268E+001,
4.015640273704790E+009,-2.731240970622948E+001,-3.975303006085395E+000,
4.019550342130987E+009,-2.701892456390042E+001,-2.081940160907056E+001,
4.023460410557185E+009,-2.634540711249806E+001,-3.829441370976787E+001,
4.027370478983382E+009,-2.570147372461712E+001,-6.066447626359021E+001,
4.031280547409580E+009,-2.593662017554043E+001,-8.234194829030315E+001,
4.035190615835777E+009,-2.620839545013902E+001,-1.004527199631061E+002,
4.039100684261975E+009,-2.622006911862227E+001,-1.167127710597240E+002,
4.043010752688172E+009,-2.581362317204610E+001,-1.325219344996226E+002,
4.046920821114369E+009,-2.542683484861824E+001,-1.534953336287344E+002,
4.050830889540567E+009,-2.540785381490709E+001,-1.725897201671710E+002,
4.054740957966765E+009,-2.531598837845546E+001,1.688292253430510E+002,
4.058651026392962E+009,-2.531313687153514E+001,1.498778847495063E+002,
4.062561094819160E+009,-2.514843055119959E+001,1.316997155986031E+002,
4.066471163245357E+009,-2.498865791396757E+001,1.126623118024317E+002,
4.070381231671554E+009,-2.520209823808455E+001,9.332028862038855E+001,
4.074291300097752E+009,-2.531419307352863E+001,7.427649239035016E+001,
4.078201368523949E+009,-2.538761872044587E+001,5.811037718237737E+001,
4.082111436950147E+009,-2.512692555249528E+001,4.034448070216286E+001,
4.086021505376344E+009,-2.495245207719813E+001,2.109343724918165E+001,
4.089931573802542E+009,-2.500654446132136E+001,2.304687821134303E+000,
4.093841642228739E+009,-2.513544005317800E+001,-1.630142909703041E+001,
4.097751710654936E+009,-2.523413650809840E+001,-3.400136542763392E+001,
4.101661779081134E+009,-2.494890890444221E+001,-5.124660638075121E+001,
4.105571847507331E+009,-2.495005352079433E+001,-7.050698124818739E+001,
4.109481915933529E+009,-2.495868109777410E+001,-8.886634502428674E+001,
4.113391984359726E+009,-2.497728943099709E+001,-1.079563582505662E+002,
4.117302052785924E+009,-2.517769136454588E+001,-1.263311681370846E+002,
4.121212121212121E+009,-2.504238333340325E+001,-1.444786919806805E+002,
4.125122189638319E+009,-2.496594918421833E+001,-1.637510033125994E+002,
4.129032258064516E+009,-2.503252533510860E+001,1.771333899637204E+002,
4.132942326490714E+009,-2.528848122731860E+001,1.576657294665487E+002,
4.136852394916911E+009,-2.547547161077357E+001,1.394873743309319E+002,
4.140762463343109E+009,-2.569373899135889E+001,1.220556317879335E+002,
4.144672531769306E+009,-2.582029050098782E+001,1.046058144179485E+002,
4.148582600195503E+009,-2.592975827614708E+001,8.688323002008042E+001,
4.152492668621701E+009,-2.580558465875175E+001,6.708114673253721E+001,
4.156402737047898E+009,-2.611830863787376E+001,4.798215878030567E+001,
4.160312805474096E+009,-2.632457581353231E+001,3.056451802360999E+001,
4.164222873900293E+009,-2.660985864616335E+001,1.102492673590497E+001,
4.168132942326491E+009,-2.713344351106654E+001,-6.610724372687956E+000,
4.172043010752688E+009,-2.748077734736053E+001,-2.312561529406439E+001,
4.175953079178886E+009,-2.752525316186146E+001,-3.864274905875357E+001,
4.179863147605083E+009,-2.762968114471441E+001,-5.508092757323404E+001,
4.183773216031281E+009,-2.753954772762663E+001,-7.317138763981062E+001,
4.187683284457478E+009,-2.764990175037315E+001,-9.129022170437983E+001,
4.191593352883676E+009,-2.790305361857341E+001,-1.091603607832484E+002,
4.195503421309873E+009,-2.793260298467510E+001,-1.266083393247125E+002,
4.199413489736071E+009,-2.821509861481339E+001,-1.453876249516103E+002,
4.203323558162268E+009,-2.835867240339629E+001,-1.630525080236007E+002,
4.207233626588465E+009,-2.862765986931618E+001,1.795534589552215E+002,
4.211143695014663E+009,-2.881874051213048E+001,1.617296342109390E+002,
4.215053763440860E+009,-2.924815425462272E+001,1.456013283397998E+002,
4.218963831867058E+009,-2.941189414071071E+001,1.296984169592776E+002,
4.222873900293255E+009,-2.945537101379006E+001,1.117689848050804E+002,
4.226783968719452E+009,-2.946626093628026E+001,9.554900515432479E+001,
4.230694037145650E+009,-2.935334752119569E+001,7.730959334224436E+001,
4.234604105571847E+009,-2.980228216437053E+001,5.836560567020968E+001,
4.238514173998045E+009,-2.992643939306960E+001,4.243940613685692E+001,
4.242424242424243E+009,-2.962574222045372E+001,2.492803694477190E+001,
4.246334310850440E+009,-2.995091609784461E+001,1.750897901384159E+000,
4.250244379276638E+009,-3.066877844113380E+001,-1.390673028354022E+001,
4.254154447702835E+009,-3.097443740475298E+001,-3.168681406998808E+001,
4.258064516129032E+009,-3.158083311753881E+001,-4.912207597964163E+001,
4.261974584555230E+009,-3.196319640985970E+001,-6.453491928003820E+001,
4.265884652981427E+009,-3.230704649038711E+001,-7.972163721972757E+001,
4.269794721407625E+009,-3.203992663635738E+001,-9.620709035032506E+001,
4.273704789833822E+009,-3.174241234776912E+001,-1.147464545926750E+002,
4.277614858260019E+009,-3.213641862151713E+001,-1.342192341097350E+002,
4.281524926686217E+009,-3.232964145026161E+001,-1.532702945215264E+002,
4.285434995112414E+009,-3.285258054741621E+001,-1.710899125293798E+002,
4.289345063538612E+009,-3.296655184679344E+001,1.698807401194181E+002,
4.293255131964809E+009,-3.370292453948013E+001,1.474498518679220E+002,
4.297165200391007E+009,-3.518562353240578E+001,1.288701375589592E+002,
4.301075268817205E+009,-3.644517678123889E+001,1.168250357703056E+002,
4.304985337243402E+009,-3.695916905189065E+001,1.058211260149581E+002,
4.308895405669600E+009,-3.717796221431807E+001,9.046908028727063E+001,
4.312805474095797E+009,-3.750876862696239E+001,7.850259326860260E+001,
4.316715542521994E+009,-3.759485613114508E+001,6.230797935111873E+001,
4.320625610948192E+009,-3.782555601373255E+001,4.703759228969921E+001,
4.324535679374389E+009,-3.799594152732361E+001,3.065617183335954E+001,
4.328445747800587E+009,-3.854657949056401E+001,1.215964125071647E+001,
4.332355816226784E+009,-3.932811908861697E+001,-4.116618369793957E+000,
4.336265884652982E+009,-4.104729741111537E+001,-1.779253541803887E+001,
4.340175953079179E+009,-4.120865162281726E+001,-1.808343877485582E+001,
4.344086021505377E+009,-4.006796250386824E+001,-2.583365983276138E+001,
4.347996089931574E+009,-3.862462737435891E+001,-4.354986112363002E+001,
4.351906158357771E+009,-3.779797010665399E+001,-6.773226656899162E+001,
4.355816226783969E+009,-3.863351095922896E+001,-9.198511704797781E+001,
4.359726295210166E+009,-3.956986218508170E+001,-1.033577683416580E+002,
4.363636363636364E+009,-3.873431805365489E+001,-1.187000942751234E+002,
4.367546432062561E+009,-3.823288910518460E+001,-1.419697941828320E+002,
4.371456500488758E+009,-3.893191489669864E+001,-1.684496724870955E+002,
4.375366568914956E+009,-4.082013291538513E+001,1.705316571370300E+002,
4.379276637341153E+009,-4.234889259799783E+001,1.558873751165546E+002,
4.383186705767351E+009,-4.385796427229256E+001,1.439805851250538E+002,
4.387096774193548E+009,-4.447517636141446E+001,1.391761408068364E+002,
4.391006842619746E+009,-4.347655218437892E+001,1.257280533795500E+002,
4.394916911045943E+009,-4.349452492533600E+001,9.801672665473733E+001,
4.398826979472141E+009,-4.559359051961600E+001,8.118658909874966E+001,
4.402737047898338E+009,-4.658672495101594E+001,6.352852141259672E+001,
4.406647116324535E+009,-4.852162577005964E+001,5.369974784176553E+001,
4.410557184750733E+009,-4.872743992477643E+001,3.806204901258408E+001,
4.414467253176930E+009,-5.143382459346275E+001,7.428199592529403E+000,
4.418377321603128E+009,-6.488160453365863E+001,-9.227660345086672E+000,
4.422287390029326E+009,-5.604999768256315E+001,8.686752027587571E+001,
4.426197458455523E+009,-5.327197083252727E+001,7.316137818334953E+001,
4.430107526881721E+009,-4.935894791982190E+001,4.793606809443846E+001,
4.434017595307918E+009,-4.983929184529110E+001,2.400906442036207E+001,
4.437927663734116E+009,-5.082817254879403E+001,1.271219600443956E+001,
4.441837732160313E+009,-5.173663099348998E+001,1.556487117223807E+001,
4.445747800586511E+009,-4.949765868990204E+001,1.438462278319190E+001,
4.449657869012708E+009,-4.920350114627212E+001,-3.675085523094364E-001,
4.453567937438905E+009,-4.780028284843376E+001,6.653063436614658E+000,
4.457478005865103E+009,-4.390526001044706E+001,-1.069557825607918E+001,
4.461388074291300E+009,-4.284413079776634E+001,-3.377658848727749E+001,
4.465298142717498E+009,-4.192668362764718E+001,-4.609110401488540E+001,
4.469208211143695E+009,-4.033239512740289E+001,-6.653636658476837E+001,
4.473118279569893E+009,-3.989651876738327E+001,-8.347833012189055E+001,
4.477028347996090E+009,-3.909141182483950E+001,-9.845141802031343E+001,
4.480938416422287E+009,-3.813720058599132E+001,-1.130645322125603E+002,
4.484848484848485E+009,-3.681748295987695E+001,-1.294531486422434E+002,
4.488758553274682E+009,-3.578451020152127E+001,-1.493890516932509E+002,
4.492668621700880E+009,-3.507131093260735E+001,-1.659269421793709E+002,
4.496578690127077E+009,-3.396311703767215E+001,1.758303323842835E+002,
4.500488758553275E+009,-3.309330221724132E+001,1.547376544220495E+002,
4.504398826979472E+009,-3.265012634018107E+001,1.347414311551019E+002,
4.508308895405669E+009,-3.208621686846057E+001,1.155591459689353E+002,
4.512218963831867E+009,-3.184644543022080E+001,9.587845557432787E+001,
4.516129032258064E+009,-3.153560851302907E+001,7.797400294772031E+001,
4.520039100684262E+009,-3.125834834944639E+001,5.922970931677435E+001,
4.523949169110459E+009,-3.096340881895708E+001,4.395351536958015E+001,
4.527859237536657E+009,-3.023059145011715E+001,2.708508592743884E+001,
4.531769305962854E+009,-2.963039261156794E+001,8.100639137396327E+000,
4.535679374389051E+009,-2.886498813835669E+001,-1.119359397916941E+001,
4.539589442815249E+009,-2.864411192959556E+001,-3.084719767774758E+001,
4.543499511241447E+009,-2.819675979421892E+001,-4.989366089390683E+001,
4.547409579667645E+009,-2.788572498554853E+001,-7.060678632751981E+001,
4.551319648093842E+009,-2.769449607547248E+001,-9.110268695235835E+001,
4.555229716520039E+009,-2.766249905022259E+001,-1.100536833284449E+002,
4.559139784946237E+009,-2.752489410516275E+001,-1.290546860959912E+002,
4.563049853372434E+009,-2.742241711120755E+001,-1.485346199306226E+002,
4.566959921798632E+009,-2.739491163709021E+001,-1.666170930487878E+002,
4.570869990224829E+009,-2.726426029718075E+001,1.764117163394408E+002,
4.574780058651027E+009,-2.696357531909105E+001,1.583187464383993E+002,
4.578690127077224E+009,-2.667817040647176E+001,1.396533596317059E+002,
4.582600195503422E+009,-2.643907317285916E+001,1.216722697500408E+002,
4.586510263929619E+009,-2.608346317808463E+001,1.017945114441656E+002,
4.590420332355816E+009,-2.593740754023808E+001,8.243531906852047E+001,
4.594330400782014E+009,-2.593172976775029E+001,6.277584924899374E+001,
4.598240469208211E+009,-2.594381383324377E+001,4.447142415627092E+001,
4.602150537634409E+009,-2.589015797012353E+001,2.527035689511272E+001,
4.606060606060606E+009,-2.594622951995824E+001,6.817198952175021E+000,
4.609970674486803E+009,-2.607618188350407E+001,-1.087560560883997E+001,
4.613880742913001E+009,-2.602241674418392E+001,-2.764759325923096E+001,
4.617790811339198E+009,-2.564588402812823E+001,-4.630283560199795E+001,
4.621700879765396E+009,-2.553292884158815E+001,-6.480743790589251E+001,
4.625610948191593E+009,-2.538844905896199E+001,-8.457737645470284E+001,
4.629521016617791E+009,-2.552498114602413E+001,-1.035075444962778E+002,
4.633431085043988E+009,-2.548076725060357E+001,-1.219549030303608E+002,
4.637341153470186E+009,-2.562096028387371E+001,-1.401753104310491E+002,
4.641251221896383E+009,-2.560116631662558E+001,-1.574332266434774E+002,
4.645161290322580E+009,-2.548779441949409E+001,-1.760535734002298E+002,
4.649071358748778E+009,-2.528672671290139E+001,1.647046034743380E+002,
4.652981427174975E+009,-2.544143704917276E+001,1.458846131583268E+002,
4.656891495601173E+009,-2.541296311299075E+001,1.282756754125276E+002,
4.660801564027371E+009,-2.524222046435685E+001,1.100812701621397E+002,
4.664711632453568E+009,-2.514273824431575E+001,9.069917255897292E+001,
4.668621700879766E+009,-2.516224465365406E+001,7.162658269230641E+001,
4.672531769305963E+009,-2.515632507124115E+001,5.217644372278532E+001,
4.676441837732161E+009,-2.526866051628010E+001,3.308206493760207E+001,
4.680351906158358E+009,-2.546943206612121E+001,1.436436702320082E+001,
4.684261974584556E+009,-2.553742726128971E+001,-2.841056520773903E+000,
4.688172043010753E+009,-2.557675396651826E+001,-2.128034644488533E+001,
4.692082111436951E+009,-2.548861907489810E+001,-3.979554560463010E+001,
4.695992179863148E+009,-2.562506742687035E+001,-5.902478754786709E+001,
4.699902248289345E+009,-2.576531387683001E+001,-7.677349381468233E+001,
4.703812316715543E+009,-2.566190400024757E+001,-9.577163657315089E+001,
4.707722385141740E+009,-2.596763539220513E+001,-1.148879343155061E+002,
4.711632453567938E+009,-2.604144738515583E+001,-1.320194578624965E+002,
4.715542521994135E+009,-2.599162301939904E+001,-1.503994807581271E+002,
4.719452590420332E+009,-2.602551913967261E+001,-1.694020657458173E+002,
4.723362658846530E+009,-2.606381345207521E+001,1.723515933149450E+002,
4.727272727272727E+009,-2.613790571062413E+001,1.524440673932275E+002,
4.731182795698925E+009,-2.634131196684678E+001,1.331402677029582E+002,
4.735092864125122E+009,-2.647144592873337E+001,1.149800924305012E+002,
4.739002932551320E+009,-2.666935107767669E+001,9.609520321589734E+001,
4.742913000977517E+009,-2.691577783412072E+001,7.799567697187545E+001,
4.746823069403714E+009,-2.721815679101260E+001,6.034582023391626E+001,
4.750733137829912E+009,-2.734067862965978E+001,4.209343527298458E+001,
4.754643206256109E+009,-2.757253088458477E+001,2.434672166362007E+001,
4.758553274682307E+009,-2.752158611138484E+001,7.174914157644187E+000,
4.762463343108504E+009,-2.746277825384702E+001,-1.198506198024951E+001,
4.766373411534702E+009,-2.761530981180071E+001,-3.234990565406757E+001,
4.770283479960899E+009,-2.793108593478302E+001,-5.126063523759434E+001,
4.774193548387096E+009,-2.832274212428823E+001,-6.955295374407679E+001,
4.778103616813294E+009,-2.879279688989949E+001,-8.765544956448721E+001,
4.782013685239492E+009,-2.891583351189551E+001,-1.041600007746303E+002,
4.785923753665690E+009,-2.895921808581186E+001,-1.205844589978374E+002,
4.789833822091887E+009,-2.919234975154328E+001,-1.396260313621330E+002,
4.793743890518084E+009,-2.955070976314377E+001,-1.571227457648591E+002,
4.797653958944282E+009,-2.952488732310394E+001,-1.746365387212162E+002,
4.801564027370479E+009,-2.957382248160180E+001,1.663655865929327E+002,
4.805474095796677E+009,-2.981678135659715E+001,1.486250538511670E+002,
4.809384164222874E+009,-2.982900907695207E+001,1.299741755530789E+002,
4.813294232649072E+009,-3.016252130291267E+001,1.113418890477162E+002,
4.817204301075269E+009,-3.049760829561049E+001,9.097941425670182E+001,
4.821114369501467E+009,-3.103214571576211E+001,7.291361605449239E+001,
4.825024437927664E+009,-3.154711021452398E+001,5.523564439411510E+001,
4.828934506353861E+009,-3.168391144957300E+001,4.067034432443991E+001,
4.832844574780059E+009,-3.168348327750803E+001,2.358365817185541E+001,
4.836754643206256E+009,-3.174840531432087E+001,5.774983111373022E+000,
4.840664711632454E+009,-3.214752823118602E+001,-1.462304344287592E+001,
4.844574780058651E+009,-3.278847811187380E+001,-3.311792608089045E+001,
4.848484848484848E+009,-3.267903764837421E+001,-4.981981900670591E+001,
4.852394916911046E+009,-3.285566208174026E+001,-6.771172127793984E+001,
4.856304985337243E+009,-3.317392501412500E+001,-8.593520718812833E+001,
4.860215053763441E+009,-3.345104523356169E+001,-1.055692055098853E+002,
4.864125122189638E+009,-3.403757184683253E+001,-1.224930634831583E+002,
4.868035190615836E+009,-3.441911171219976E+001,-1.381362961958357E+002,
4.871945259042033E+009,-3.439200748206766E+001,-1.537508333321737E+002,
4.875855327468231E+009,-3.432658783134993E+001,-1.716228192956283E+002,
4.879765395894428E+009,-3.435334806313497E+001,1.686230113859726E+002,
4.883675464320625E+009,-3.481957794259090E+001,1.491353598388692E+002,
4.887585532746823E+009,-3.506153021885516E+001,1.323738407636280E+002,
4.891495601173020E+009,-3.510170278985466E+001,1.142970095869402E+002,
4.895405669599218E+009,-3.545970100052376E+001,9.481878891645562E+001,
4.899315738025415E+009,-3.584264187657811E+001,7.812755137899161E+001,
4.903225806451613E+009,-3.596174807037475E+001,5.967470435357443E+001,
4.907135874877811E+009,-3.652902733921006E+001,4.292309624293732E+001,
4.911045943304008E+009,-3.627416002228534E+001,2.820213898748234E+001,
4.914956011730206E+009,-3.579719702405279E+001,8.389910911372128E+000,
4.918866080156403E+009,-3.593973043006007E+001,-1.417300485416440E+001,
4.922776148582601E+009,-3.650821412484925E+001,-3.432185146168401E+001,
4.926686217008798E+009,-3.662802930021260E+001,-5.093293318152338E+001,
4.930596285434996E+009,-3.661260480230610E+001,-7.300298243934655E+001,
4.934506353861193E+009,-3.718649870193281E+001,-9.452334144377582E+001,
4.938416422287390E+009,-3.809518690436882E+001,-1.140930832542049E+002,
4.942326490713588E+009,-3.877940349227916E+001,-1.296506726457422E+002,
4.946236559139785E+009,-3.897368113621384E+001,-1.465508598795087E+002,
4.950146627565983E+009,-3.924343183274613E+001,-1.609712914569283E+002,
4.954056695992180E+009,-3.823661903875620E+001,-1.789430889118025E+002,
4.957966764418377E+009,-3.816898784868005E+001,1.560578636912892E+002,
4.961876832844575E+009,-3.827344731232795E+001,1.331696962514620E+002,
4.965786901270772E+009,-3.866922832116265E+001,1.111344004555765E+002,
4.969696969696970E+009,-3.932346685231735E+001,8.675860083584747E+001,
4.973607038123167E+009,-4.046532322337744E+001,6.425094958340769E+001,
4.977517106549365E+009,-4.147445741998386E+001,4.548942422938259E+001,
4.981427174975562E+009,-4.249711077342088E+001,2.783484189667300E+001,
4.985337243401759E+009,-4.361033924076438E+001,1.218770097863951E+001,
4.989247311827957E+009,-4.407218652494067E+001,5.566507347913134E+000,
4.993157380254154E+009,-4.239229623649359E+001,-8.893163127165245E+000,
4.997067448680352E+009,-4.154997113130528E+001,-3.371895861944692E+001,
5.000977517106549E+009,-4.171925818582590E+001,-5.934908592639739E+001,
5.004887585532747E+009,-4.162837336463250E+001,-7.983349880778791E+001,
5.008797653958944E+009,-4.096110136420612E+001,-1.033483413773256E+002,
5.012707722385141E+009,-4.102422142619085E+001,-1.305792895776415E+002,
5.016617790811339E+009,-4.132274326708004E+001,-1.555283964606755E+002,
5.020527859237536E+009,-4.180608432782513E+001,1.757797922991047E+002,
5.024437927663734E+009,-4.306824243749368E+001,1.506625324997892E+002,
5.028347996089932E+009,-4.453968996692079E+001,1.295914609114052E+002,
5.032258064516129E+009,-4.584404250965250E+001,1.129668017593025E+002,
5.036168132942327E+009,-4.616842151490531E+001,1.005647128338163E+002,
5.040078201368524E+009,-4.638357479250817E+001,8.858281179587780E+001,
5.043988269794722E+009,-4.471142018093529E+001,7.630278678081498E+001,
5.047898338220919E+009,-4.350560875758732E+001,5.080495229224483E+001,
5.051808406647117E+009,-4.303859405589249E+001,2.420471027835269E+001,
5.055718475073314E+009,-4.296898396909019E+001,-9.275121535705572E-001,
5.059628543499512E+009,-4.371313921663776E+001,-2.465624343289124E+001,
5.063538611925709E+009,-4.417402799375108E+001,-4.627896738073018E+001,
5.067448680351906E+009,-4.489389103793503E+001,-6.249488253002551E+001,
5.071358748778104E+009,-4.532446224566638E+001,-7.598348393068795E+001,
5.075268817204301E+009,-4.482049320697178E+001,-8.364532555454332E+001,
5.079178885630499E+009,-4.288714493956640E+001,-1.057041852228167E+002,
5.083088954056696E+009,-4.226274923836824E+001,-1.291142568166130E+002,
5.086999022482893E+009,-4.226377904831772E+001,-1.511784503384478E+002,
5.090909090909091E+009,-4.198194460124046E+001,-1.677794946103600E+002,
5.094819159335288E+009,-4.110076455228595E+001,1.708847958191190E+002,
5.098729227761486E+009,-4.118424118002604E+001,1.483102145302447E+002,
5.102639296187683E+009,-4.074934465668045E+001,1.255844862736755E+002,
5.106549364613881E+009,-4.131919013525680E+001,1.027815688925757E+002,
5.110459433040078E+009,-4.249195529840157E+001,8.615385241378371E+001,
5.114369501466276E+009,-4.264078519413627E+001,7.730910426054531E+001,
5.118279569892473E+009,-4.200517461708338E+001,6.607021870472292E+001,
5.122189638318670E+009,-4.043242439058982E+001,5.016658379085615E+001,
5.126099706744868E+009,-3.955197576991608E+001,3.122543045269929E+001,
5.130009775171065E+009,-3.890030649478052E+001,1.094326793577709E+001,
5.133919843597263E+009,-3.807462166854754E+001,-9.820302637124206E+000,
5.137829912023460E+009,-3.773165123451205E+001,-3.121422077687724E+001,
5.141739980449657E+009,-3.742250523723443E+001,-5.309777890237104E+001,
5.145650048875855E+009,-3.764678500313391E+001,-7.375612657696031E+001,
5.149560117302053E+009,-3.771234270853064E+001,-9.067776793415378E+001,
5.153470185728251E+009,-3.747315079501582E+001,-1.071653967282485E+002,
5.157380254154448E+009,-3.710181085729866E+001,-1.246336166196256E+002,
5.161290322580645E+009,-3.659095009395442E+001,-1.414663220390207E+002,
5.165200391006843E+009,-3.613137711125165E+001,-1.594137264429776E+002,
5.169110459433041E+009,-3.567380848236756E+001,-1.774882117437129E+002,
5.173020527859238E+009,-3.492530142898830E+001,1.644584359264688E+002,
5.176930596285435E+009,-3.425599240970698E+001,1.445904083229729E+002,
5.180840664711633E+009,-3.380909127483236E+001,1.236203832370698E+002,
5.184750733137830E+009,-3.347553698589894E+001,1.037302686998197E+002,
5.188660801564028E+009,-3.314077303333108E+001,8.291094408409396E+001,
5.192570869990225E+009,-3.299806162210881E+001,6.279813207694040E+001,
5.196480938416422E+009,-3.307580350530509E+001,4.308051664043543E+001,
5.200391006842620E+009,-3.299488536477108E+001,2.705268120442649E+001,
5.204301075268817E+009,-3.241843907094837E+001,9.605632892191531E+000,
5.208211143695015E+009,-3.187449546228190E+001,-9.479780702465634E+000,
5.212121212121212E+009,-3.138958206859119E+001,-2.798321502722049E+001,
5.216031280547409E+009,-3.071893606444661E+001,-4.809258053931773E+001,
5.219941348973607E+009,-3.037117778264106E+001,-7.000550275764185E+001,
5.223851417399805E+009,-3.023483857530964E+001,-9.088859692677970E+001,
5.227761485826002E+009,-2.986812948624046E+001,-1.106036733954750E+002,
5.231671554252199E+009,-2.963159110405851E+001,-1.331183800548296E+002,
5.235581622678397E+009,-2.955386906131004E+001,-1.539236653126651E+002,
5.239491691104594E+009,-2.969880944377346E+001,-1.750007420753704E+002,
5.243401759530792E+009,-2.987241459990826E+001,1.661820052455714E+002,
5.247311827956989E+009,-2.974657806171754E+001,1.472102302399126E+002,
5.251221896383186E+009,-2.985960639155852E+001,1.277836765056011E+002,
5.255131964809384E+009,-2.991961904337000E+001,1.109995908211847E+002,
5.259042033235581E+009,-2.965278617835189E+001,9.375294373846758E+001,
5.262952101661779E+009,-2.911199806381148E+001,7.526063989248200E+001,
5.266862170087977E+009,-2.861828792404518E+001,5.487786861743427E+001,
5.270772238514174E+009,-2.833825206474769E+001,3.401469018752107E+001,
5.274682306940372E+009,-2.822068925464108E+001,1.354233230876019E+001,
5.278592375366570E+009,-2.822170945319520E+001,-7.579080580269506E+000,
5.282502443792767E+009,-2.829044844122247E+001,-2.887326334825197E+001,
5.286412512218964E+009,-2.839806622866098E+001,-4.939734523223564E+001,
5.290322580645162E+009,-2.858809934106098E+001,-6.833683366834148E+001,
5.294232649071359E+009,-2.886590206662129E+001,-8.768925051689745E+001,
5.298142717497557E+009,-2.899563769160774E+001,-1.055250744529436E+002,
5.302052785923754E+009,-2.904761207885089E+001,-1.227417565378350E+002,
5.305962854349951E+009,-2.901860856773925E+001,-1.409237391145724E+002,
5.309872922776149E+009,-2.879306488363573E+001,-1.593038606059792E+002,
5.313782991202346E+009,-2.868736222497858E+001,-1.785138844739100E+002,
5.317693059628544E+009,-2.862350628615060E+001,1.629602549566148E+002,
5.321603128054741E+009,-2.839453092538392E+001,1.431806085609644E+002,
5.325513196480938E+009,-2.852751292108561E+001,1.220038266763477E+002,
5.329423264907136E+009,-2.873968515778652E+001,1.028855645324136E+002,
5.333333333333333E+009,-2.908693891418930E+001,8.506463829806819E+001,
5.337243401759531E+009,-2.950860185336465E+001,6.796928187735713E+001,
5.341153470185728E+009,-2.935499635554163E+001,5.040308985107585E+001,
5.345063538611926E+009,-2.946319589120195E+001,3.309577750049286E+001,
5.348973607038123E+009,-2.938322669156193E+001,1.635521736451586E+001,
5.352883675464321E+009,-2.918400292647673E+001,-3.728091477180487E-001,
5.356793743890518E+009,-2.890765346948969E+001,-2.056048700756318E+001,
5.360703812316715E+009,-2.877514240824472E+001,-3.898881317030542E+001,
5.364613880742913E+009,-2.880890703629390E+001,-5.759841386039778E+001,
5.368523949169110E+009,-2.885394693442086E+001,-7.756068501495760E+001,
5.372434017595308E+009,-2.912308958634996E+001,-9.655167778437578E+001,
5.376344086021505E+009,-2.931589639677613E+001,-1.139697020365576E+002,
5.380254154447702E+009,-2.924807606890349E+001,-1.299192947505958E+002,
5.384164222873900E+009,-2.909866389899499E+001,-1.474965460071732E+002,
5.388074291300098E+009,-2.887995314639286E+001,-1.661812033425869E+002,
5.391984359726296E+009,-2.898086398643942E+001,1.761676653350108E+002,
5.395894428152493E+009,-2.891739320970210E+001,1.564039754376246E+002,
5.399804496578690E+009,-2.903317654439487E+001,1.382819202545158E+002,
5.403714565004888E+009,-2.892633301393939E+001,1.210050140699310E+002,
5.407624633431086E+009,-2.888876621400242E+001,1.029594360641759E+002,
5.411534701857283E+009,-2.881107913228199E+001,8.427422657101627E+001,
5.415444770283480E+009,-2.869457444700588E+001,6.549621707094408E+001,
5.419354838709678E+009,-2.894261422404149E+001,4.792666911554895E+001,
5.423264907135875E+009,-2.872675439974495E+001,3.091170480781189E+001,
5.427174975562073E+009,-2.865067262045049E+001,1.130461344718796E+001,
5.431085043988270E+009,-2.881075714288935E+001,-8.204331229898232E+000,
5.434995112414467E+009,-2.902452431856479E+001,-2.592539441432751E+001,
5.438905180840665E+009,-2.915997755781276E+001,-4.265382033417267E+001,
5.442815249266862E+009,-2.923092881684313E+001,-5.986592312781905E+001,
5.446725317693060E+009,-2.919338462551821E+001,-7.626168382367763E+001,
5.450635386119257E+009,-2.888936766751903E+001,-9.324138184723101E+001,
5.454545454545454E+009,-2.874270259084703E+001,-1.106896127726902E+002,
5.458455522971652E+009,-2.841325142761794E+001,-1.281826877931604E+002,
5.462365591397850E+009,-2.817628112332143E+001,-1.475968062101509E+002,
5.466275659824047E+009,-2.810221123554740E+001,-1.666229983588924E+002,
5.470185728250244E+009,-2.787737399428590E+001,1.738620957872438E+002,
5.474095796676442E+009,-2.795642157217418E+001,1.547915587463310E+002,
5.478005865102639E+009,-2.798067190684362E+001,1.354507110690458E+002,
5.481915933528837E+009,-2.803010224457817E+001,1.169936490320571E+002,
5.485826001955034E+009,-2.806288687639081E+001,9.859939006239392E+001,
5.489736070381231E+009,-2.801868276962561E+001,8.031744310930249E+001,
5.493646138807429E+009,-2.776446344868763E+001,6.159826066541018E+001,
5.497556207233626E+009,-2.751896528291168E+001,4.089036812643810E+001,
5.501466275659824E+009,-2.771787605693614E+001,2.029121887163750E+001,
5.505376344086021E+009,-2.796465879112719E+001,1.270409375753596E+000,
5.509286412512219E+009,-2.820995467995030E+001,-1.706123661946303E+001,
5.513196480938417E+009,-2.834819421185772E+001,-3.446665193035600E+001,
5.517106549364615E+009,-2.827203381094595E+001,-5.405395463038604E+001,
5.521016617790812E+009,-2.820130590615541E+001,-7.338807034990138E+001,
5.524926686217009E+009,-2.828615760629221E+001,-9.242166315760390E+001,
5.528836754643207E+009,-2.829344242581356E+001,-1.118988205919594E+002,
5.532746823069404E+009,-2.856559921915158E+001,-1.308441204229205E+002,
5.536656891495602E+009,-2.852417865617139E+001,-1.501486924590404E+002,
5.540566959921799E+009,-2.851390841139728E+001,-1.708694214129512E+002,
5.544477028347996E+009,-2.888004760734575E+001,1.671999670096641E+002,
5.548387096774194E+009,-2.935136433519308E+001,1.469797286788091E+002,
5.552297165200391E+009,-2.996981171572254E+001,1.271396558355937E+002,
5.556207233626589E+009,-3.043770794356978E+001,1.110035868114718E+002,
5.560117302052786E+009,-3.092673200204725E+001,9.393779988503648E+001,
5.564027370478983E+009,-3.109419946307656E+001,7.763597904835568E+001,
5.567937438905181E+009,-3.124719762350256E+001,6.003201563529445E+001,
5.571847507331378E+009,-3.117332543295167E+001,4.223441390853224E+001,
5.575757575757576E+009,-3.130899335572449E+001,2.297416887598552E+001,
5.579667644183773E+009,-3.140185855214178E+001,3.493949763939856E+000,
5.583577712609971E+009,-3.170940844306266E+001,-1.677550109422003E+001,
5.587487781036168E+009,-3.228141389880376E+001,-3.827806354344311E+001,
5.591397849462366E+009,-3.310484864224500E+001,-5.827195078598558E+001,
5.595307917888563E+009,-3.395454774917270E+001,-7.446758435993672E+001,
5.599217986314760E+009,-3.442451509596469E+001,-8.999904181565378E+001,
5.603128054740958E+009,-3.479594680057851E+001,-1.066160067314419E+002,
5.607038123167155E+009,-3.544040947156590E+001,-1.235300573989905E+002,
5.610948191593353E+009,-3.557346692497971E+001,-1.378991355314538E+002,
5.614858260019550E+009,-3.579944570065351E+001,-1.549873948679282E+002,
5.618768328445747E+009,-3.597985479428948E+001,-1.714336900677253E+002,
5.622678396871945E+009,-3.613498156717097E+001,1.726304266143969E+002,
5.626588465298142E+009,-3.596640235715610E+001,1.535957602284932E+002,
5.630498533724340E+009,-3.662194438389066E+001,1.346170255277589E+002,
5.634408602150538E+009,-3.716049146335195E+001,1.197631497840308E+002,
5.638318670576735E+009,-3.677126403007425E+001,1.034939074578295E+002,
5.642228739002933E+009,-3.665853851173442E+001,8.294475906071071E+001,
5.646138807429131E+009,-3.709643183792558E+001,6.108385447221112E+001,
5.650048875855328E+009,-3.818233689108599E+001,4.342789393414484E+001,
5.653958944281525E+009,-3.838585994262034E+001,2.944989888605240E+001,
5.657869012707723E+009,-3.848267914897500E+001,1.193673658246770E+001,
5.661779081133920E+009,-3.835565051311968E+001,-5.780497033775061E+000,
5.665689149560118E+009,-3.825279249528735E+001,-2.877573399964151E+001,
5.669599217986315E+009,-3.885161601115716E+001,-5.231637454962103E+001,
5.673509286412512E+009,-4.000891860152288E+001,-7.544772667256726E+001,
5.677419354838710E+009,-4.186654974995690E+001,-9.144349072592797E+001,
5.681329423264907E+009,-4.224449374076709E+001,-1.030014530962143E+002,
5.685239491691105E+009,-4.244102183362095E+001,-1.198359730191794E+002,
5.689149560117302E+009,-4.233048132428156E+001,-1.353583088328576E+002,
5.693059628543499E+009,-4.174398417733563E+001,-1.581494577521285E+002,
5.696969696969697E+009,-4.220363339381672E+001,1.756630009111844E+002,
5.700879765395895E+009,-4.288389393588993E+001,1.559436384186898E+002,
5.704789833822092E+009,-4.258117909076493E+001,1.334694449467172E+002,
5.708699902248289E+009,-4.234230866166786E+001,1.033667278929607E+002,
5.712609970674487E+009,-4.241826128037260E+001,6.734895766346750E+001,
5.716520039100684E+009,-4.372541256632132E+001,2.997220387344608E+001,
5.720430107526882E+009,-4.548127787989678E+001,-4.351124468649498E+000,
5.724340175953079E+009,-4.839006027312283E+001,-3.142354254410639E+001,
5.728250244379276E+009,-5.020225353242883E+001,-4.556991531187711E+001,
5.732160312805474E+009,-4.924928903605442E+001,-5.475059845793058E+001,
5.736070381231671E+009,-4.658958483267519E+001,-7.474398904794958E+001,
5.739980449657869E+009,-4.470301616041250E+001,-1.019416321830133E+002,
5.743890518084066E+009,-4.325434471984828E+001,-1.286127983751322E+002,
5.747800586510263E+009,-4.171775863914335E+001,-1.540094166383998E+002,
5.751710654936461E+009,-4.024089452369022E+001,1.793558318127243E+002,
5.755620723362660E+009,-3.916388860732684E+001,1.518254133286710E+002,
5.759530791788857E+009,-3.838822494570935E+001,1.237518605691688E+002,
5.763440860215054E+009,-3.839369400072113E+001,9.711923383369792E+001,
5.767350928641252E+009,-3.860279289153961E+001,7.408099483478934E+001,
5.771260997067449E+009,-3.895113625881724E+001,5.548066935992009E+001,
5.775171065493647E+009,-3.868319434990365E+001,3.952694967009250E+001,
5.779081133919844E+009,-3.783528804872684E+001,2.370792257077485E+001,
5.782991202346041E+009,-3.697609059951104E+001,4.376176922157891E+000,
5.786901270772239E+009,-3.642218412708272E+001,-1.761097857713306E+001,
5.790811339198436E+009,-3.608638960849768E+001,-3.584136858391737E+001,
5.794721407624634E+009,-3.539059405111925E+001,-5.652942307117833E+001,
5.798631476050831E+009,-3.501441691886970E+001,-7.711115238129881E+001,
5.802541544477028E+009,-3.477881941975631E+001,-9.898449296754031E+001,
5.806451612903226E+009,-3.486271388199928E+001,-1.193874008424588E+002,
5.810361681329423E+009,-3.520085097570178E+001,-1.383587288457733E+002,
5.814271749755621E+009,-3.518348284877593E+001,-1.533760353365105E+002,
5.818181818181818E+009,-3.459834517337862E+001,-1.690899517516445E+002,
5.822091886608016E+009,-3.414014854043158E+001,1.719853501944922E+002,
5.826001955034213E+009,-3.375628750052039E+001,1.524039023864456E+002,
5.829912023460411E+009,-3.368188835629903E+001,1.326610256281039E+002,
5.833822091886608E+009,-3.367529684744482E+001,1.158820133477660E+002,
5.837732160312805E+009,-3.313572211633730E+001,9.762694656317721E+001,
5.841642228739003E+009,-3.292339419788740E+001,7.664208244768005E+001,
5.845552297165200E+009,-3.318883921075852E+001,5.707109695954355E+001,
5.849462365591398E+009,-3.339118000734173E+001,4.115864200204663E+001,
5.853372434017595E+009,-3.309333749622608E+001,2.369122239223692E+001,
5.857282502443792E+009,-3.309647108068489E+001,6.919920970759825E+000,
5.861192570869990E+009,-3.284053083953338E+001,-9.150611998795769E+000,
5.865102639296187E+009,-3.244451065428108E+001,-2.679730658054152E+001,
5.869012707722385E+009,-3.217598060311564E+001,-4.525286872997231E+001,
5.872922776148583E+009,-3.193259504551310E+001,-6.521254832342054E+001,
5.876832844574780E+009,-3.220832837738448E+001,-8.368058439846065E+001,
5.880742913000978E+009,-3.217864874626052E+001,-9.863050430910528E+001,
5.884652981427176E+009,-3.161485275091506E+001,-1.161156160848349E+002,
5.888563049853373E+009,-3.148361242830680E+001,-1.362790757468873E+002,
5.892473118279570E+009,-3.164168043542594E+001,-1.556622086888513E+002,
5.896383186705768E+009,-3.204551745872293E+001,-1.717895275784453E+002,
5.900293255131965E+009,-3.193104450537113E+001,1.734111576083693E+002,
5.904203323558163E+009,-3.174335303035801E+001,1.575939621798049E+002,
5.908113391984360E+009,-3.130358300405665E+001,1.420542485887606E+002,
5.912023460410557E+009,-3.087063482104081E+001,1.238328542625995E+002,
5.915933528836755E+009,-3.053803457482996E+001,1.063461602705454E+002,
5.919843597262952E+009,-3.027153211063958E+001,8.687681565207070E+001,
5.923753665689150E+009,-3.030593212625828E+001,6.889676040179160E+001,
5.927663734115347E+009,-3.011551625160755E+001,5.167590248085289E+001,
5.931573802541544E+009,-2.996851228883708E+001,3.253062187978276E+001,
5.935483870967742E+009,-2.994852349781259E+001,1.540129439457664E+001,
5.939393939393940E+009,-2.983804247243420E+001,-9.015959572677924E-001,
5.943304007820137E+009,-2.967150120342172E+001,-1.694136197319751E+001,
5.947214076246334E+009,-2.930889400468973E+001,-3.433228904944618E+001,
5.951124144672532E+009,-2.902414487425275E+001,-5.178894001655099E+001,
5.955034213098729E+009,-2.864844898509377E+001,-6.981176116981580E+001,
5.958944281524927E+009,-2.839540900546149E+001,-8.807373299660614E+001,
5.962854349951124E+009,-2.791713062530107E+001,-1.079353807828502E+002,
5.966764418377321E+009,-2.792325865507967E+001,-1.275452858480029E+002,
5.970674486803519E+009,-2.771570868917440E+001,-1.457244011076023E+002,
5.974584555229716E+009,-2.760988058153967E+001,-1.655016367374909E+002,
5.978494623655914E+009,-2.757873321000653E+001,1.745037552180293E+002,
5.982404692082111E+009,-2.778452960171619E+001,1.557978895036248E+002,
5.986314760508308E+009,-2.795519013071216E+001,1.388262088091002E+002,
5.990224828934506E+009,-2.789476006827291E+001,1.227994597109560E+002,
5.994134897360704E+009,-2.756471822226492E+001,1.055294550886620E+002,
5.998044965786902E+009,-2.722673210485880E+001,8.678380198538154E+001,
6.001955034213099E+009,-2.714975808808721E+001,6.796049140394720E+001,
6.005865102639297E+009,-2.705393869522180E+001,4.971515046868755E+001,
6.009775171065494E+009,-2.686793016797633E+001,3.084337840695805E+001,
6.013685239491692E+009,-2.672758383833336E+001,1.099018403351255E+001,
6.017595307917889E+009,-2.658712668770800E+001,-8.685278657186400E+000,
6.021505376344086E+009,-2.666851625557425E+001,-2.988078330632655E+001,
6.025415444770284E+009,-2.692221388885983E+001,-4.954150303741994E+001,
6.029325513196481E+009,-2.732384210080829E+001,-6.752837238540045E+001,
6.033235581622679E+009,-2.764364430029287E+001,-8.555203503260098E+001,
6.037145650048876E+009,-2.778275564201538E+001,-1.032544996648446E+002,
6.041055718475073E+009,-2.780440704844505E+001,-1.202109340982008E+002,
6.044965786901271E+009,-2.783174954891056E+001,-1.378439767242751E+002,
6.048875855327468E+009,-2.794215499116619E+001,-1.551432769522258E+002,
6.052785923753666E+009,-2.797839796801252E+001,-1.727693689109753E+002,
6.056695992179863E+009,-2.807389964088185E+001,1.701627943478280E+002,
6.060606060606061E+009,-2.788219119012928E+001,1.520762205197637E+002,
6.064516129032258E+009,-2.808299673158805E+001,1.327375131853697E+002,
6.068426197458456E+009,-2.811670050446168E+001,1.143385939951887E+002,
6.072336265884653E+009,-2.820930053826296E+001,9.512417369511961E+001,
6.076246334310850E+009,-2.870545348506241E+001,7.868094062210349E+001,
6.080156402737048E+009,-2.885961600646564E+001,6.230918038114722E+001,
6.084066471163245E+009,-2.876641072155111E+001,4.601471724990709E+001,
6.087976539589443E+009,-2.859361333287446E+001,2.827707387454548E+001,
6.091886608015640E+009,-2.860615531729360E+001,9.126924560872892E+000,
6.095796676441837E+009,-2.868725448073298E+001,-9.090152505695352E+000,
6.099706744868035E+009,-2.906401607739172E+001,-2.733533561234464E+001,
6.103616813294232E+009,-2.904377807984410E+001,-4.425336259363286E+001,
6.107526881720430E+009,-2.914849039331411E+001,-6.155623849794034E+001,
6.111436950146627E+009,-2.950817928445618E+001,-7.962056738800223E+001,
6.115347018572825E+009,-2.980543947267538E+001,-9.602461699408821E+001,
6.119257086999023E+009,-2.999046449569473E+001,-1.126105275055695E+002,
6.123167155425221E+009,-3.004133461718981E+001,-1.274318499412623E+002,
6.127077223851418E+009,-2.983145394301414E+001,-1.442171119324217E+002,
6.130987292277615E+009,-2.971346159269142E+001,-1.604193139911146E+002,
6.134897360703813E+009,-2.976924136019913E+001,-1.793468440659482E+002,
6.138807429130010E+009,-2.973779654925287E+001,1.631888837936064E+002,
6.142717497556208E+009,-2.989920332613380E+001,1.472143713543038E+002,
6.146627565982405E+009,-2.951623533226074E+001,1.314461788204459E+002,
6.150537634408602E+009,-2.944093848678052E+001,1.125379190160665E+002,
6.154447702834800E+009,-2.942250893532026E+001,9.513817394646407E+001,
6.158357771260998E+009,-2.938207870178223E+001,7.684309715162817E+001,
6.162267839687195E+009,-2.930645862026690E+001,6.044621815120672E+001,
6.166177908113392E+009,-2.921269795024951E+001,4.134406380605103E+001,
6.170087976539589E+009,-2.919749094891758E+001,2.305675029911972E+001,
6.173998044965787E+009,-2.926371989706072E+001,5.279328337295853E+000,
6.177908113391985E+009,-2.928987482854055E+001,-1.033366644462758E+001,
6.181818181818182E+009,-2.902763028782235E+001,-2.858520021817838E+001,
6.185728250244379E+009,-2.912338281773039E+001,-4.732739840433909E+001,
6.189638318670576E+009,-2.892720240470967E+001,-6.402814830482029E+001,
6.193548387096774E+009,-2.854111416462147E+001,-8.357394929399966E+001,
6.197458455522972E+009,-2.841291912396240E+001,-1.024818874486563E+002,
6.201368523949169E+009,-2.839933443016228E+001,-1.226270218997750E+002,
6.205278592375366E+009,-2.851142693568452E+001,-1.429903407048111E+002,
6.209188660801564E+009,-2.875418642171418E+001,-1.617004396249394E+002,
6.213098729227762E+009,-2.909780433540202E+001,-1.792706038385648E+002,
6.217008797653959E+009,-2.919090013814418E+001,1.632926137079641E+002,
6.220918866080156E+009,-2.937650165452510E+001,1.446914906745790E+002,
6.224828934506353E+009,-2.927892098352924E+001,1.267465675494675E+002,
6.228739002932551E+009,-2.951549396337689E+001,1.086968339112565E+002,
6.232649071358749E+009,-2.938849726024830E+001,9.135074491014427E+001,
6.236559139784946E+009,-2.907853595606392E+001,7.362457782489159E+001,
6.240469208211144E+009,-2.892501225908220E+001,5.304209049409433E+001,
6.244379276637341E+009,-2.906266174474610E+001,3.275255395165341E+001,
6.248289345063539E+009,-2.940799817278012E+001,1.301086249925892E+001,
6.252199413489737E+009,-2.974356930192309E+001,-5.215327129211143E+000,
6.256109481915934E+009,-2.973692588382183E+001,-2.472958471156982E+001,
6.260019550342131E+009,-2.996621728408227E+001,-4.281190088417640E+001,
6.263929618768329E+009,-3.008510986299967E+001,-6.162153666838671E+001,
6.267839687194526E+009,-3.014710645602465E+001,-8.167782247407256E+001,
6.271749755620724E+009,-3.067551692604515E+001,-9.988379070507233E+001,
6.275659824046921E+009,-3.085421453497913E+001,-1.170273089637602E+002,
6.279569892473118E+009,-3.075828406274644E+001,-1.354224243296625E+002,
6.283479960899316E+009,-3.092541325581183E+001,-1.544427588259536E+002,
6.287390029325514E+009,-3.092026209222635E+001,-1.733919094124942E+002,
6.291300097751711E+009,-3.121085747588292E+001,1.651933437919765E+002,
6.295210166177908E+009,-3.147495547219645E+001,1.452438997593373E+002,
6.299120234604105E+009,-3.160650845428373E+001,1.264376701600014E+002,
6.303030303030303E+009,-3.196445181191151E+001,1.062229007293919E+002,
6.306940371456501E+009,-3.228070687179925E+001,8.447847009452315E+001,
6.310850439882698E+009,-3.266214976959561E+001,6.441466885845901E+001,
6.314760508308895E+009,-3.334216797904544E+001,4.462091782778753E+001,
6.318670576735093E+009,-3.390246066110018E+001,2.635679521118086E+001,
6.322580645161290E+009,-3.445854608020525E+001,8.191845472108250E+000,
6.326490713587488E+009,-3.483062410227360E+001,-1.088145227033007E+001,
6.330400782013685E+009,-3.537960340183049E+001,-2.971328093518936E+001,
6.334310850439882E+009,-3.591561206427100E+001,-4.801979207057627E+001,
6.338220918866080E+009,-3.656760630923463E+001,-6.537852049712267E+001,
6.342130987292278E+009,-3.671148619221497E+001,-8.058689279301112E+001,
6.346041055718475E+009,-3.663776986212122E+001,-1.000162903932887E+002,
6.349951124144672E+009,-3.674916955668092E+001,-1.206676735404213E+002,
6.353861192570869E+009,-3.694971324291303E+001,-1.425293270436259E+002,
6.357771260997068E+009,-3.733935890878912E+001,-1.655294852174283E+002,
6.361681329423266E+009,-3.833001632160080E+001,1.712827589227318E+002,
6.365591397849463E+009,-3.956001777599634E+001,1.519406170937587E+002,
6.369501466275660E+009,-4.042058341159528E+001,1.371703048259025E+002,
6.373411534701857E+009,-4.061281236471965E+001,1.211337549786673E+002,
6.377321603128055E+009,-4.055129851296424E+001,1.019638326891099E+002,
6.381231671554253E+009,-4.096461291852460E+001,7.946016056199291E+001,
6.385141739980450E+009,-4.146009272602317E+001,6.257009032734076E+001,
6.389051808406647E+009,-4.123242922067445E+001,4.343113375613813E+001,
6.392961876832845E+009,-4.071939613769295E+001,2.214568285790048E+001,
6.396871945259043E+009,-4.065746994833586E+001,-5.344606612361311E+000,
6.400782013685240E+009,-4.095746248780274E+001,-2.975023167156109E+001,
6.404692082111437E+009,-4.107804573126501E+001,-5.418154809856814E+001,
6.408602150537634E+009,-4.153002350347190E+001,-8.078243150836633E+001,
6.412512218963832E+009,-4.190580816663861E+001,-1.024739753101481E+002,
6.416422287390030E+009,-4.221656481196020E+001,-1.241127399464999E+002,
6.420332355816227E+009,-4.228109449982788E+001,-1.474626986848050E+002,
6.424242424242424E+009,-4.224078393218353E+001,-1.668462654172103E+002,
6.428152492668621E+009,-4.160816935649886E+001,1.716832718377240E+002,
6.432062561094819E+009,-4.103750840346218E+001,1.467728099239642E+002,
6.435972629521017E+009,-4.095908822584833E+001,1.213904008860381E+002,
6.439882697947214E+009,-4.099854846724963E+001,1.005426494258801E+002,
6.443792766373411E+009,-4.063790167382793E+001,7.718076805098299E+001,
6.447702834799609E+009,-4.049430056310732E+001,5.873968553684422E+001,
6.451612903225807E+009,-3.959464645134131E+001,3.736833504541569E+001,
6.455522971652004E+009,-3.910399139850938E+001,1.393631230877661E+001,
6.459433040078201E+009,-3.872684328352620E+001,-8.657323254427844E+000,
6.463343108504398E+009,-3.854140954070358E+001,-3.215901957676721E+001,
6.467253176930596E+009,-3.872766948678390E+001,-5.511923020500601E+001,
6.471163245356794E+009,-3.884820879128009E+001,-7.318435678421595E+001,
6.475073313782991E+009,-3.872088557008934E+001,-9.122403865778041E+001,
6.478983382209189E+009,-3.809868870803388E+001,-1.098705243114372E+002,
6.482893450635386E+009,-3.777607189026644E+001,-1.316515140253178E+002,
6.486803519061584E+009,-3.774900835942670E+001,-1.522154808713600E+002,
6.490713587487782E+009,-3.784862810947962E+001,-1.706644423593779E+002,
6.494623655913979E+009,-3.777432988981883E+001,1.721477156987323E+002,
6.498533724340176E+009,-3.733620254062751E+001,1.547860122073554E+002,
6.502443792766374E+009,-3.686039629275743E+001,1.344651057923915E+002,
6.506353861192571E+009,-3.674844949563735E+001,1.134181145854746E+002,
6.510263929618769E+009,-3.705031144824358E+001,9.479907075105732E+001,
6.514173998044966E+009,-3.710098717916092E+001,7.918645174888094E+001,
6.518084066471163E+009,-3.659938357710229E+001,6.364663228802956E+001,
6.521994134897361E+009,-3.592786512308237E+001,4.467986427201600E+001,
6.525904203323559E+009,-3.569806490448299E+001,2.448758240140319E+001,
6.529814271749756E+009,-3.560252155285512E+001,4.832858282545818E+000,
6.533724340175953E+009,-3.552416447520150E+001,-1.254369099301283E+001,
6.537634408602150E+009,-3.526414486493916E+001,-3.011099863247452E+001,
6.541544477028348E+009,-3.474666015230866E+001,-4.944703770118197E+001,
6.545454545454546E+009,-3.454014699646068E+001,-6.963354195156110E+001,
6.549364613880743E+009,-3.445695308626375E+001,-8.970772533834250E+001,
6.553274682306940E+009,-3.451994200277404E+001,-1.088594150470067E+002,
6.557184750733138E+009,-3.464613364839121E+001,-1.269483792028794E+002,
6.561094819159335E+009,-3.457804015341303E+001,-1.452457468783907E+002,
6.565004887585533E+009,-3.431361135446588E+001,-1.635243969688960E+002,
6.568914956011730E+009,-3.428312196398214E+001,1.760445738554739E+002,
6.572825024437927E+009,-3.445154280056763E+001,1.561020364969652E+002,
6.576735092864125E+009,-3.474955342363641E+001,1.378975279291782E+002,
6.580645161290323E+009,-3.513978538465035E+001,1.209029199033611E+002,
6.584555229716520E+009,-3.517726145903223E+001,1.054705028768148E+002,
6.588465298142717E+009,-3.491396321361285E+001,8.803217882125325E+001,
6.592375366568914E+009,-3.496230443987735E+001,6.830083541238255E+001,
6.596285434995112E+009,-3.516062516128714E+001,5.002319399615998E+001,
6.600195503421310E+009,-3.539214611737072E+001,3.287816642922972E+001,
6.604105571847508E+009,-3.578920370702807E+001,1.692424947008915E+001,
6.608015640273705E+009,-3.575105777340276E+001,1.822871031394832E+000,
6.611925708699902E+009,-3.572438765880794E+001,-1.459361035309818E+001,
6.615835777126100E+009,-3.571988026688678E+001,-3.097573531788467E+001,
6.619745845552298E+009,-3.564445352351972E+001,-4.644263128924493E+001,
6.623655913978495E+009,-3.546241867063398E+001,-6.295546270268502E+001,
6.627565982404692E+009,-3.536974991836203E+001,-7.905495232099216E+001,
6.631476050830890E+009,-3.505327429606534E+001,-9.645202982624218E+001,
6.635386119257088E+009,-3.489314711917246E+001,-1.149133958593968E+002,
6.639296187683285E+009,-3.510161158875386E+001,-1.328103704771026E+002,
6.643206256109482E+009,-3.556629068294700E+001,-1.490081747158275E+002,
6.647116324535679E+009,-3.564476285883693E+001,-1.608824465306926E+002,
6.651026392961877E+009,-3.508225786976541E+001,-1.742042252488282E+002,
6.654936461388075E+009,-3.445594979359568E+001,1.712530757872995E+002,
6.658846529814272E+009,-3.357787826306416E+001,1.537906287082217E+002,
6.662756598240469E+009,-3.303057111833068E+001,1.344144760152345E+002,
6.666666666666666E+009,-3.258759041677861E+001,1.145717611035134E+002,
6.670576735092864E+009,-3.234150568044919E+001,9.420102551572094E+001,
6.674486803519062E+009,-3.230689087069935E+001,7.463030337985244E+001,
6.678396871945259E+009,-3.222078373402957E+001,5.538316205161235E+001,
6.682306940371456E+009,-3.234083239454149E+001,3.600487142395590E+001,
6.686217008797654E+009,-3.249343396929367E+001,1.884451988409944E+001,
6.690127077223852E+009,-3.252255623622035E+001,2.197186530113445E+000,
6.694037145650049E+009,-3.222361963635008E+001,-1.456641659677785E+001,
6.697947214076246E+009,-3.190550685097688E+001,-3.289017502296715E+001,
6.701857282502443E+009,-3.168489761756788E+001,-5.204099066592531E+001,
6.705767350928641E+009,-3.145074444799613E+001,-7.090079270221597E+001,
6.709677419354839E+009,-3.143353980981370E+001,-9.102752406029052E+001,
6.713587487781036E+009,-3.147417026061231E+001,-1.105948316867485E+002,
6.717497556207233E+009,-3.155731561984143E+001,-1.305537087531132E+002,
6.721407624633431E+009,-3.181044567643631E+001,-1.502683329760743E+002,
6.725317693059629E+009,-3.226872071679714E+001,-1.688147461193013E+002,
6.729227761485827E+009,-3.264787554318366E+001,1.747479350804540E+002,
6.733137829912024E+009,-3.285614342262768E+001,1.593502348315137E+002,
6.737047898338221E+009,-3.279579182547266E+001,1.435996017918475E+002,
6.740957966764419E+009,-3.264705920341291E+001,1.262464937770272E+002,
6.744868035190616E+009,-3.263952048361046E+001,1.089424326276193E+002,
6.748778103616814E+009,-3.254256462277898E+001,9.099325108066093E+001,
6.752688172043011E+009,-3.260326918055705E+001,7.329600304752358E+001,
6.756598240469208E+009,-3.269716510973091E+001,5.526753532482343E+001,
6.760508308895406E+009,-3.297815870029194E+001,3.756344131323534E+001,
6.764418377321604E+009,-3.323392822788378E+001,2.200900543939429E+001,
6.768328445747801E+009,-3.324831026754327E+001,7.010260914660650E+000,
6.772238514173998E+009,-3.302890317528321E+001,-8.142278406789517E+000,
6.776148582600195E+009,-3.265661796955313E+001,-2.436242753798534E+001,
6.780058651026393E+009,-3.246338723076124E+001,-4.158691976371869E+001,
6.783968719452591E+009,-3.218288917525003E+001,-5.914668591282601E+001,
6.787878787878788E+009,-3.187658882547926E+001,-7.747110016692020E+001,
6.791788856304985E+009,-3.163350370501881E+001,-9.630511628135184E+001,
6.795698924731183E+009,-3.161812844940634E+001,-1.153072677355836E+002,
6.799608993157380E+009,-3.164561801838705E+001,-1.342138246404599E+002,
6.803519061583578E+009,-3.182740151921054E+001,-1.525955084746699E+002,
6.807429130009775E+009,-3.196545003072378E+001,-1.699539699654533E+002,
6.811339198435972E+009,-3.207104571349450E+001,1.735705076285042E+002,
6.815249266862170E+009,-3.191927198916739E+001,1.575244244538531E+002,
6.819159335288368E+009,-3.173189893872527E+001,1.403430978468368E+002,
6.823069403714565E+009,-3.148431609355528E+001,1.226425007057067E+002,
6.826979472140762E+009,-3.129334615626922E+001,1.035737326824047E+002,
6.830889540566959E+009,-3.124481913943450E+001,8.434610892542800E+001,
6.834799608993157E+009,-3.128147970960711E+001,6.590484275354106E+001,
6.838709677419355E+009,-3.133079467370775E+001,4.691279777848122E+001,
6.842619745845552E+009,-3.153112483014718E+001,2.897332950172897E+001,
6.846529814271750E+009,-3.168953930446449E+001,1.108446242582650E+001,
6.850439882697948E+009,-3.183265649143006E+001,-5.602101422965968E+000,
6.854349951124145E+009,-3.186637408909654E+001,-2.176312895374383E+001,
6.858260019550343E+009,-3.169439091417388E+001,-3.879772272853748E+001,
6.862170087976540E+009,-3.159528985387962E+001,-5.613697404926811E+001,
6.866080156402737E+009,-3.132666720235871E+001,-7.363092151109299E+001,
6.869990224828935E+009,-3.114135773217919E+001,-9.239180248515517E+001,
6.873900293255133E+009,-3.106279958508589E+001,-1.118065484144795E+002,
6.877810361681330E+009,-3.113945692650414E+001,-1.313345004679768E+002,
6.881720430107527E+009,-3.136149758265715E+001,-1.498701567723265E+002,
6.885630498533724E+009,-3.151062285766741E+001,-1.668693860556489E+002,
6.889540566959922E+009,-3.141404156773003E+001,1.762686098522105E+002,
6.893450635386120E+009,-3.134209110577360E+001,1.575687439641502E+002,
6.897360703812317E+009,-3.140740015603930E+001,1.398300328098754E+002,
6.901270772238514E+009,-3.129307465456343E+001,1.220384124352583E+002,
6.905180840664711E+009,-3.121926500548623E+001,1.034790249550737E+002,
6.909090909090909E+009,-3.125633608165720E+001,8.467776489426380E+001,
6.913000977517107E+009,-3.128048069125243E+001,6.650015846654655E+001,
6.916911045943304E+009,-3.130644347516128E+001,4.811804832192261E+001,
6.920821114369501E+009,-3.134141067580635E+001,2.975894405278715E+001,
6.924731182795699E+009,-3.134817557173850E+001,1.162598395913141E+001,
6.928641251221897E+009,-3.121403259263990E+001,-6.620266460751732E+000,
6.932551319648094E+009,-3.110322293463771E+001,-2.601940368556368E+001,
6.936461388074291E+009,-3.124444926661573E+001,-4.599446516927532E+001,
6.940371456500488E+009,-3.145692075188575E+001,-6.467022488574519E+001,
6.944281524926686E+009,-3.149141522945401E+001,-8.307177499550299E+001,
6.948191593352884E+009,-3.153056604448432E+001,-1.024018721765326E+002,
6.952101661779081E+009,-3.180116114714592E+001,-1.214554816563838E+002,
6.956011730205278E+009,-3.200932235463093E+001,-1.396333569582650E+002,
6.959921798631475E+009,-3.215179760384785E+001,-1.572006729876229E+002,
6.963831867057674E+009,-3.209434558459127E+001,-1.746375476286608E+002,
6.967741935483872E+009,-3.187240924961270E+001,1.656668683716700E+002,
6.971652003910069E+009,-3.205941983919607E+001,1.449362846087697E+002,
6.975562072336266E+009,-3.231830642154875E+001,1.251115796597992E+002,
6.979472140762464E+009,-3.267778514771584E+001,1.059688660292264E+002,
6.983382209188661E+009,-3.303817377663167E+001,8.788687062896869E+001,
6.987292277614859E+009,-3.310392380153873E+001,7.088153910282001E+001,
6.991202346041056E+009,-3.317618522787043E+001,5.166993668594743E+001,
6.995112414467253E+009,-3.346864278764272E+001,3.323114554488060E+001,
6.999022482893451E+009,-3.355508036975068E+001,1.594786254136736E+001,
7.002932551319649E+009,-3.348634102131064E+001,-3.293658104157415E+000,
7.006842619745846E+009,-3.341575282257470E+001,-2.252008879547387E+001,
7.010752688172043E+009,-3.355457268614651E+001,-4.305593332004874E+001,
7.014662756598240E+009,-3.386136375715496E+001,-6.329201171390679E+001,
7.018572825024438E+009,-3.416763857187683E+001,-8.247704249607797E+001,
7.022482893450636E+009,-3.438354556221994E+001,-1.014622441577191E+002,
7.026392961876833E+009,-3.452822798162706E+001,-1.213767164620766E+002,
7.030303030303030E+009,-3.475309769974874E+001,-1.407764012110982E+002,
7.034213098729228E+009,-3.506538355602388E+001,-1.612410779951026E+002,
7.038123167155425E+009,-3.548477231105517E+001,1.787884084684118E+002,
7.042033235581623E+009,-3.576367176228264E+001,1.597893822371751E+002,
7.045943304007820E+009,-3.597157646695912E+001,1.405583063839208E+002,
7.049853372434017E+009,-3.609373639290811E+001,1.205411959657782E+002,
7.053763440860215E+009,-3.629584988687984E+001,1.002070061793699E+002,
7.057673509286413E+009,-3.650362917351468E+001,7.878164735622377E+001,
7.061583577712610E+009,-3.705879193185028E+001,5.714742277945278E+001,
7.065493646138807E+009,-3.767008001359034E+001,3.733037578273084E+001,
7.069403714565004E+009,-3.794397432311550E+001,1.895090378743361E+001,
7.073313782991202E+009,-3.808337393745792E+001,-3.563972856330861E+000,
7.077223851417400E+009,-3.862369832485042E+001,-2.525233198681202E+001,
7.081133919843597E+009,-3.914639044433424E+001,-4.647299460742413E+001,
7.085043988269795E+009,-3.968624030006640E+001,-6.650710758329352E+001,
7.088954056695993E+009,-4.007580010221712E+001,-8.595467130461755E+001,
7.092864125122190E+009,-4.010048454789018E+001,-1.062103419745600E+002,
7.096774193548388E+009,-4.047329108169916E+001,-1.283645567221083E+002,
7.100684261974585E+009,-4.046256283588961E+001,-1.493739744571965E+002,
7.104594330400782E+009,-4.064467069823519E+001,-1.720657941668445E+002,
7.108504398826980E+009,-4.064981961586588E+001,1.652155540698172E+002,
7.112414467253178E+009,-4.095259231612140E+001,1.399826572169581E+002,
7.116324535679375E+009,-4.151334027858986E+001,1.174518521543030E+002,
7.120234604105572E+009,-4.172915894589500E+001,9.625119957735967E+001,
7.124144672531769E+009,-4.146856349800952E+001,7.503810905222788E+001,
7.128054740957967E+009,-4.151558994093694E+001,5.012361523082894E+001,
7.131964809384165E+009,-4.178697687737649E+001,2.718663285993717E+001,
7.135874877810362E+009,-4.206873111167142E+001,6.463660704777850E+000,
7.139784946236559E+009,-4.190789524970600E+001,-1.111172083246020E+001,
7.143695014662756E+009,-4.114423014935902E+001,-3.079067428860676E+001,
7.147605083088954E+009,-4.065620434830127E+001,-5.451744277042991E+001,
7.151515151515152E+009,-4.017545742920363E+001,-7.687480657303100E+001,
7.155425219941349E+009,-3.991841941228049E+001,-9.811947543552425E+001,
7.159335288367546E+009,-3.932201721255397E+001,-1.195189420318941E+002,
7.163245356793744E+009,-3.887113928779773E+001,-1.418386639452180E+002,
7.167155425219942E+009,-3.836721610739603E+001,-1.650227738626390E+002,
7.171065493646139E+009,-3.819449463749916E+001,1.706536303373449E+002,
7.174975562072336E+009,-3.853749043229183E+001,1.474674011956610E+002,
7.178885630498533E+009,-3.890821502247858E+001,1.285708435026581E+002,
7.182795698924731E+009,-3.906244439568982E+001,1.128662843243718E+002,
7.186705767350929E+009,-3.849045436390033E+001,9.793289733023059E+001,
7.190615835777126E+009,-3.751586540258590E+001,7.980677345274872E+001,
7.194525904203323E+009,-3.658415805506736E+001,5.883395674511294E+001,
7.198435972629520E+009,-3.590343652341711E+001,3.688970635720882E+001,
7.202346041055718E+009,-3.535319947286293E+001,1.406366978518568E+001,
7.206256109481916E+009,-3.521893941485264E+001,-9.319453104925492E+000,
7.210166177908114E+009,-3.512922340515608E+001,-3.012439061696273E+001,
7.214076246334311E+009,-3.499312313906719E+001,-5.238821419530073E+001,
7.217986314760509E+009,-3.539006951102787E+001,-7.443251668529807E+001,
7.221896383186706E+009,-3.579105476183489E+001,-9.181282292210048E+001,
7.225806451612904E+009,-3.560601780902063E+001,-1.079873270142593E+002,
7.229716520039101E+009,-3.531849189051809E+001,-1.254188600550604E+002,
7.233626588465298E+009,-3.491359855100426E+001,-1.437379362204376E+002,
7.237536656891496E+009,-3.445505000860582E+001,-1.635843697516044E+002,
7.241446725317694E+009,-3.414488882517618E+001,1.757147358341059E+002,
7.245356793743891E+009,-3.399783608267588E+001,1.557529123243113E+002,
7.249266862170088E+009,-3.378045940873885E+001,1.357457253089233E+002,
7.253176930596285E+009,-3.356104204347665E+001,1.151401332218267E+002,
7.257086999022483E+009,-3.359997197981645E+001,9.425654852297443E+001,
7.260997067448681E+009,-3.377186477283640E+001,7.412415116442854E+001,
7.264907135874878E+009,-3.392234458528599E+001,5.450714758744788E+001,
7.268817204301075E+009,-3.392132575777038E+001,3.618870709562955E+001,
7.272727272727273E+009,-3.393100425267535E+001,1.763735607988645E+001,
7.276637341153470E+009,-3.396703579485258E+001,-1.872147794947245E+000,
7.280547409579668E+009,-3.414511309849058E+001,-1.998531202627981E+001,
7.284457478005865E+009,-3.410066378250755E+001,-3.847988823291735E+001,
7.288367546432062E+009,-3.407301113711070E+001,-5.664487265488378E+001,
7.292277614858260E+009,-3.407567472188162E+001,-7.510807212763999E+001,
7.296187683284458E+009,-3.400247401728081E+001,-9.441370650162952E+001,
7.300097751710655E+009,-3.398284683881326E+001,-1.133221375128109E+002,
7.304007820136852E+009,-3.414238749926818E+001,-1.325928083137782E+002,
7.307917888563049E+009,-3.446939190474146E+001,-1.511482695562240E+002,
7.311827956989247E+009,-3.480032565659646E+001,-1.686548205674759E+002,
7.315738025415445E+009,-3.491891099936589E+001,1.748991438583335E+002,
7.319648093841642E+009,-3.491914292230244E+001,1.574165667245817E+002,
7.323558162267839E+009,-3.491091584680152E+001,1.406595558562055E+002,
7.327468230694037E+009,-3.478511697627668E+001,1.231440267130890E+002,
7.331378299120235E+009,-3.468127093991263E+001,1.047421071309275E+002,
7.335288367546433E+009,-3.475022241772577E+001,8.627681750581564E+001,
7.339198435972630E+009,-3.475231428605414E+001,6.892944568799214E+001,
7.343108504398827E+009,-3.460363953955358E+001,5.125171086238957E+001,
7.347018572825025E+009,-3.434397354059191E+001,3.189170898176817E+001,
7.350928641251223E+009,-3.446767292272903E+001,1.126918136197239E+001,
7.354838709677420E+009,-3.495794793287131E+001,-7.591182298274014E+000,
7.358748778103617E+009,-3.524474528201066E+001,-2.464369046944861E+001,
7.362658846529814E+009,-3.554248220499964E+001,-4.125574928528892E+001,
7.366568914956012E+009,-3.563035048623820E+001,-5.673701437397639E+001,
7.370478983382210E+009,-3.542996241540599E+001,-7.187964703570350E+001,
7.374389051808407E+009,-3.509897754025702E+001,-9.109979007562343E+001,
7.378299120234604E+009,-3.520655916317493E+001,-1.109731669447353E+002,
7.382209188660801E+009,-3.551028955008039E+001,-1.280691941070599E+002,
7.386119257086999E+009,-3.534340275392262E+001,-1.447114330294142E+002,
7.390029325513197E+009,-3.521079835118285E+001,-1.645801460185330E+002,
7.393939393939394E+009,-3.566609996366525E+001,1.756883650216331E+002,
7.397849462365591E+009,-3.628149185911767E+001,1.585318574829192E+002,
7.401759530791789E+009,-3.655786053600451E+001,1.445445524029881E+002,
7.405669599217987E+009,-3.661635620706596E+001,1.286563804908288E+002,
7.409579667644184E+009,-3.655550847783009E+001,1.133375954365992E+002,
7.413489736070381E+009,-3.634892968344794E+001,9.736007577768214E+001,
7.417399804496578E+009,-3.605882917771258E+001,7.944012939839217E+001,
7.421309872922776E+009,-3.620231910379835E+001,6.152604017880744E+001,
7.425219941348974E+009,-3.631445688160088E+001,4.513384663226027E+001,
7.429130009775171E+009,-3.615224757567619E+001,2.910809861633110E+001,
7.433040078201368E+009,-3.592646400692662E+001,1.153745879092625E+001,
7.436950146627565E+009,-3.577609934708356E+001,-7.434775924644427E+000,
7.440860215053763E+009,-3.593286252045782E+001,-2.670693527692948E+001,
7.444770283479961E+009,-3.614085714373635E+001,-4.345582560361695E+001,
7.448680351906158E+009,-3.623836889421474E+001,-5.966184658491522E+001,
7.452590420332356E+009,-3.619892624281959E+001,-7.735399123132271E+001,
7.456500488758554E+009,-3.624227604608428E+001,-9.397622448902585E+001,
7.460410557184751E+009,-3.615410390631318E+001,-1.113435226627617E+002,
7.464320625610949E+009,-3.611757295292717E+001,-1.297363782504614E+002,
7.468230694037146E+009,-3.637913481844608E+001,-1.473113318161304E+002,
7.472140762463343E+009,-3.634025627489557E+001,-1.632874627689564E+002,
7.476050830889541E+009,-3.630080028614255E+001,1.793074370879849E+002,
7.479960899315739E+009,-3.629207995727379E+001,1.622637711947282E+002,
7.483870967741936E+009,-3.622239414512617E+001,1.452332970724355E+002,
7.487781036168133E+009,-3.615111986558163E+001,1.269001670398035E+002,
7.491691104594330E+009,-3.633893917926615E+001,1.089718605753642E+002,
7.495601173020528E+009,-3.650494105027506E+001,9.157232320347613E+001,
7.499511241446726E+009,-3.656609704610621E+001,7.598228399840215E+001,
7.503421309872923E+009,-3.643576065578500E+001,5.861135597141797E+001,
7.507331378299120E+009,-3.657361766071126E+001,4.130214716620964E+001,
7.511241446725318E+009,-3.668187292550051E+001,2.570922150472481E+001,
7.515151515151515E+009,-3.644021333759288E+001,9.127473537018727E+000,
7.519061583577713E+009,-3.628720572344825E+001,-7.874593997144227E+000,
7.522971652003910E+009,-3.613083455355928E+001,-2.606896424114481E+001,
7.526881720430107E+009,-3.624022547146507E+001,-4.395790319990968E+001,
7.530791788856305E+009,-3.624260924290159E+001,-6.024582063694956E+001,
7.534701857282503E+009,-3.627413102993297E+001,-7.738234294421413E+001,
7.538611925708700E+009,-3.615084403423585E+001,-9.322747996392143E+001,
7.542521994134897E+009,-3.593060201772208E+001,-1.103124580223819E+002,
7.546432062561094E+009,-3.575415901165820E+001,-1.285504875924537E+002,
7.550342130987292E+009,-3.575665372249934E+001,-1.464378332615628E+002,
7.554252199413490E+009,-3.572416447032217E+001,-1.629083618653554E+002,
7.558162267839687E+009,-3.540268815035158E+001,-1.791965123747482E+002,
7.562072336265884E+009,-3.513918448432428E+001,1.619021346016964E+002,
7.565982404692082E+009,-3.500267078635891E+001,1.430837989679528E+002,
7.569892473118280E+009,-3.499655975542270E+001,1.244757391867884E+002,
7.573802541544478E+009,-3.491525078381258E+001,1.066154686929444E+002,
7.577712609970675E+009,-3.482188977659220E+001,8.851915325947384E+001,
7.581622678396872E+009,-3.473743473545341E+001,6.989213243510278E+001,
7.585532746823070E+009,-3.490102372465540E+001,5.206813924379027E+001,
7.589442815249268E+009,-3.481556538920700E+001,3.548516646560317E+001,
7.593352883675465E+009,-3.446154780780626E+001,1.686995281770456E+001,
7.597262952101662E+009,-3.435302639311777E+001,-2.918301920601695E+000,
7.601173020527859E+009,-3.434614625458202E+001,-2.194992273975837E+001,
7.605083088954057E+009,-3.442297462657079E+001,-4.129773128738373E+001,
7.608993157380255E+009,-3.451152891397709E+001,-5.909266625841919E+001,
7.612903225806452E+009,-3.449881032681493E+001,-7.793864096430801E+001,
7.616813294232649E+009,-3.452414719959039E+001,-9.752773219241210E+001,
7.620723362658846E+009,-3.488893295733168E+001,-1.161157521369515E+002,
7.624633431085044E+009,-3.509165499744518E+001,-1.333043559807329E+002,
7.628543499511242E+009,-3.508789921667984E+001,-1.502056818181566E+002,
7.632453567937439E+009,-3.491225010849532E+001,-1.668022165756456E+002,
7.636363636363636E+009,-3.453221385248529E+001,1.748875536149927E+002,
7.640273704789834E+009,-3.451728949026705E+001,1.553411805170742E+002,
7.644183773216032E+009,-3.463284175688337E+001,1.349146229273012E+002,
7.648093841642229E+009,-3.491721712333643E+001,1.160862718802586E+002,
7.652003910068426E+009,-3.511357046102408E+001,9.808651964990331E+001,
7.655913978494623E+009,-3.515284682761849E+001,8.060643494801143E+001,
7.659824046920821E+009,-3.524351418382925E+001,6.195997127954400E+001,
7.663734115347019E+009,-3.531583630184931E+001,4.392173045262354E+001,
7.667644183773216E+009,-3.551046272040726E+001,2.615267760510881E+001,
7.671554252199413E+009,-3.559977042191099E+001,8.115182972246826E+000,
7.675464320625610E+009,-3.559100206197009E+001,-1.021167026085685E+001,
7.679374389051808E+009,-3.567591046370747E+001,-2.863196621392143E+001,
7.683284457478006E+009,-3.573821427484604E+001,-4.633451557083628E+001,
7.687194525904203E+009,-3.567202306555784E+001,-6.468541673855472E+001,
7.691104594330401E+009,-3.563196169457345E+001,-8.326045037649047E+001,
7.695014662756599E+009,-3.563295534137139E+001,-1.024990291134561E+002,
7.698924731182797E+009,-3.572205998898613E+001,-1.212398120277248E+002,
7.702834799608994E+009,-3.574855878299472E+001,-1.410250832354174E+002,
7.706744868035191E+009,-3.604461629384097E+001,-1.602028075577195E+002,
7.710654936461388E+009,-3.623019644078162E+001,-1.781589422340708E+002,
7.714565004887586E+009,-3.603118928244006E+001,1.637419426807621E+002,
7.718475073313784E+009,-3.595312367310002E+001,1.438781818887738E+002,
7.722385141739981E+009,-3.621527242500062E+001,1.232810853245276E+002,
7.726295210166178E+009,-3.645116489861336E+001,1.045651430184909E+002,
7.730205278592375E+009,-3.673468804143696E+001,8.558126715462493E+001,
7.734115347018573E+009,-3.691514093993664E+001,6.617396392633297E+001,
7.738025415444771E+009,-3.703965562203414E+001,4.699204031263539E+001,
7.741935483870968E+009,-3.722954466734207E+001,2.870413094577818E+001,
7.745845552297165E+009,-3.703947463705502E+001,8.910939107215192E+000,
7.749755620723363E+009,-3.726506723608107E+001,-1.177006650069228E+001,
7.753665689149560E+009,-3.758811989006699E+001,-3.057923085821348E+001,
7.757575757575758E+009,-3.763867762677598E+001,-5.073080949790588E+001,
7.761485826001955E+009,-3.791025680794028E+001,-7.093683983770548E+001,
7.765395894428152E+009,-3.815555519953887E+001,-9.046658546375741E+001,
7.769305962854350E+009,-3.817784592268438E+001,-1.112130995291762E+002,
7.773216031280548E+009,-3.826395891038753E+001,-1.320167718162367E+002,
7.777126099706745E+009,-3.869647573351681E+001,-1.545091172717755E+002,
7.781036168132942E+009,-3.904307929938429E+001,-1.760787136634547E+002,
7.784946236559139E+009,-3.992087749504884E+001,1.617191775871127E+002,
7.788856304985337E+009,-4.068826287647540E+001,1.433550910032961E+002,
7.792766373411535E+009,-4.094941654161816E+001,1.280083680344696E+002,
7.796676441837732E+009,-4.096733525868743E+001,1.084459345854832E+002,
7.800586510263929E+009,-4.126612779446168E+001,8.905978864858564E+001,
7.804496578690127E+009,-4.149184820803172E+001,6.871604612650103E+001,
7.808406647116324E+009,-4.155460826868102E+001,4.886964013479118E+001,
7.812316715542522E+009,-4.180894275771185E+001,2.746795538907817E+001,
7.816226783968720E+009,-4.191305445268761E+001,5.608228395972263E+000,
7.820136852394917E+009,-4.179265730509464E+001,-1.645683328565915E+001,
7.824046920821115E+009,-4.227936442178010E+001,-4.118866132912989E+001,
7.827956989247313E+009,-4.313064276870186E+001,-6.329906660594338E+001,
7.831867057673510E+009,-4.401814245276921E+001,-8.242064162248592E+001,
7.835777126099707E+009,-4.455564698329231E+001,-9.838762174069069E+001,
7.839687194525904E+009,-4.395937944173624E+001,-1.150632909977475E+002,
7.843597262952102E+009,-4.343288772396023E+001,-1.388318110051058E+002,
7.847507331378300E+009,-4.359202357067601E+001,-1.650017461278096E+002,
7.851417399804497E+009,-4.386341101817757E+001,1.740220448547590E+002,
7.855327468230694E+009,-4.393578938550454E+001,1.540888221026690E+002,
7.859237536656891E+009,-4.394772696581623E+001,1.304946792102724E+002,
7.863147605083089E+009,-4.397833388911892E+001,1.091617523136870E+002,
7.867057673509287E+009,-4.404101797269257E+001,8.601573318550423E+001,
7.870967741935484E+009,-4.458085224900564E+001,6.222231745398287E+001,
7.874877810361681E+009,-4.513688610239569E+001,4.472742727744898E+001,
7.878787878787879E+009,-4.508291906091017E+001,2.763689538192209E+001,
7.882697947214077E+009,-4.529205988684041E+001,9.631973591447393E+000,
7.886608015640274E+009,-4.466170923761577E+001,-3.454459044061586E+000,
7.890518084066471E+009,-4.347892059956945E+001,-2.493708544059420E+001,
7.894428152492668E+009,-4.269410440020296E+001,-4.912175557918538E+001,
7.898338220918866E+009,-4.234630251860644E+001,-7.500292949695113E+001,
7.902248289345064E+009,-4.271395125347251E+001,-9.926920253612417E+001,
7.906158357771261E+009,-4.322383910450358E+001,-1.199586842426411E+002,
7.910068426197458E+009,-4.375372172634970E+001,-1.391722967875905E+002,
7.913978494623655E+009,-4.382463869084033E+001,-1.539686852500690E+002,
7.917888563049853E+009,-4.382206536230686E+001,-1.707232193205728E+002,
7.921798631476051E+009,-4.357161954068026E+001,1.736082634815054E+002,
7.925708699902248E+009,-4.310698812735755E+001,1.576578599295555E+002,
7.929618768328445E+009,-4.215567218938161E+001,1.405780837756132E+002,
7.933528836754643E+009,-4.119540208692129E+001,1.203458134214713E+002,
7.937438905180841E+009,-4.061464920613243E+001,9.853750923105514E+001,
7.941348973607039E+009,-4.028839102451147E+001,7.645233127511990E+001,
7.945259042033236E+009,-4.020872968806425E+001,5.463094560335129E+001,
7.949169110459433E+009,-4.007892494979657E+001,3.317162299581307E+001,
7.953079178885631E+009,-4.018889855530722E+001,1.317963302325141E+001,
7.956989247311829E+009,-4.028783193398783E+001,-5.662260552157727E+000,
7.960899315738026E+009,-4.031044764609395E+001,-2.383654430280724E+001,
7.964809384164223E+009,-4.024563967019540E+001,-4.063735965183149E+001,
7.968719452590420E+009,-3.991835933004833E+001,-5.742368395236425E+001,
7.972629521016618E+009,-3.955519961813509E+001,-7.623241095982209E+001,
7.976539589442816E+009,-3.917607647661362E+001,-9.476974875093126E+001,
7.980449657869013E+009,-3.891203339495817E+001,-1.159766231439695E+002,
7.984359726295210E+009,-3.890750879055852E+001,-1.339659925640389E+002,
7.988269794721408E+009,-3.862400318138639E+001,-1.528506542937967E+002,
7.992179863147605E+009,-3.834709496325763E+001,-1.716995293970377E+002,
7.996089931573803E+009,-3.811847292926393E+001,1.673342053112308E+002,
8.000000000000000E+009,-3.822969021916375E+001,1.470710203997199E+002,
