% Version 1.00
%
%freq[Hz];db:Trc1_S21;ang:Trc1_S21;
4.000000000000000E+009,-2.896297927343586E+001,6.134034320047650E+001,
4.003910068426198E+009,-2.859476801112893E+001,4.379591097969684E+001,
4.007820136852395E+009,-2.815548566136499E+001,2.358805688597745E+001,
4.011730205278593E+009,-2.815173020836297E+001,3.509243395889214E+000,
4.015640273704790E+009,-2.826635907195886E+001,-1.486524806693727E+001,
4.019550342130987E+009,-2.841292573083726E+001,-3.129294242635558E+001,
4.023460410557185E+009,-2.793512455304153E+001,-4.646749948847049E+001,
4.027370478983382E+009,-2.715232990198836E+001,-6.663330140962528E+001,
4.031280547409580E+009,-2.703031651138760E+001,-8.800808509929615E+001,
4.035190615835777E+009,-2.716255840635533E+001,-1.079153451293450E+002,
4.039100684261975E+009,-2.732859237272372E+001,-1.255549334142954E+002,
4.043010752688172E+009,-2.700423641621988E+001,-1.414654898717145E+002,
4.046920821114369E+009,-2.670673207178598E+001,-1.615941730722217E+002,
4.050830889540567E+009,-2.661534236193615E+001,-1.797980382481741E+002,
4.054740957966765E+009,-2.641215442738908E+001,1.607821418196785E+002,
4.058651026392962E+009,-2.647095023551538E+001,1.400946340689170E+002,
4.062561094819160E+009,-2.656391790134272E+001,1.217206478111970E+002,
4.066471163245357E+009,-2.646965947222408E+001,1.033590274595846E+002,
4.070381231671554E+009,-2.654577621729603E+001,8.387067381503169E+001,
4.074291300097752E+009,-2.661182466170375E+001,6.518127065615320E+001,
4.078201368523949E+009,-2.691677178629944E+001,4.776168436592737E+001,
4.082111436950147E+009,-2.686836611939273E+001,3.027774877451588E+001,
4.086021505376344E+009,-2.656609941781774E+001,1.080956591342695E+001,
4.089931573802542E+009,-2.659247021537871E+001,-9.415619813342183E+000,
4.093841642228739E+009,-2.691217056413082E+001,-2.874227166892356E+001,
4.097751710654936E+009,-2.727873351114126E+001,-4.551302351101225E+001,
4.101661779081134E+009,-2.737878349406334E+001,-6.268849528251750E+001,
4.105571847507331E+009,-2.740336791010699E+001,-8.014338996370799E+001,
4.109481915933529E+009,-2.737671444513459E+001,-9.687762329062605E+001,
4.113391984359726E+009,-2.720709088958471E+001,-1.155602611144796E+002,
4.117302052785924E+009,-2.728766161362275E+001,-1.342450955404980E+002,
4.121212121212121E+009,-2.716914238858386E+001,-1.525937544093156E+002,
4.125122189638319E+009,-2.724415219116544E+001,-1.720804728108064E+002,
4.129032258064516E+009,-2.746657804500126E+001,1.684192586662216E+002,
4.132942326490714E+009,-2.763143091736735E+001,1.504802638282062E+002,
4.136852394916911E+009,-2.769330226992074E+001,1.306136357710309E+002,
4.140762463343109E+009,-2.796412463513288E+001,1.116455870421206E+002,
4.144672531769306E+009,-2.839083562314030E+001,9.346621819046588E+001,
4.148582600195503E+009,-2.843010981174981E+001,7.676614631637702E+001,
4.152492668621701E+009,-2.844101678722069E+001,5.907957301089137E+001,
4.156402737047898E+009,-2.876271394531784E+001,3.820221278105930E+001,
4.160312805474096E+009,-2.904961596092992E+001,2.254063171438071E+001,
4.164222873900293E+009,-2.913015289052842E+001,4.001769033351438E+000,
4.168132942326491E+009,-2.948043373038482E+001,-1.482128041520255E+001,
4.172043010752688E+009,-2.987050151478983E+001,-3.149623407115740E+001,
4.175953079178886E+009,-2.999541375711698E+001,-4.704245328259825E+001,
4.179863147605083E+009,-3.022654009090374E+001,-6.467430455527824E+001,
4.183773216031281E+009,-3.016612073397698E+001,-8.315794752381628E+001,
4.187683284457478E+009,-3.027367067830286E+001,-1.019219244661315E+002,
4.191593352883676E+009,-3.061810119468938E+001,-1.210292643702090E+002,
4.195503421309873E+009,-3.074665711215235E+001,-1.370452216362594E+002,
4.199413489736071E+009,-3.103729705010959E+001,-1.572226828209699E+002,
4.203323558162268E+009,-3.149537533820119E+001,-1.755154357275506E+002,
4.207233626588465E+009,-3.170290270633843E+001,1.685196602789073E+002,
4.211143695014663E+009,-3.161400658249081E+001,1.484338508264811E+002,
4.215053763440860E+009,-3.210669472774094E+001,1.301857612049722E+002,
4.218963831867058E+009,-3.249747746079162E+001,1.105869831024024E+002,
4.222873900293255E+009,-3.307586750859256E+001,9.258060866837478E+001,
4.226783968719452E+009,-3.332917261089828E+001,7.804245462554793E+001,
4.230694037145650E+009,-3.349883154421455E+001,5.754101594749895E+001,
4.234604105571847E+009,-3.427469031510080E+001,3.811337490634333E+001,
4.238514173998045E+009,-3.495331962107677E+001,2.356108371972842E+001,
4.242424242424243E+009,-3.492877917233187E+001,5.508777208307734E+000,
4.246334310850440E+009,-3.561886215288546E+001,-1.401072260553396E+001,
4.250244379276638E+009,-3.626369726728890E+001,-2.985772317697150E+001,
4.254154447702835E+009,-3.638345336933503E+001,-4.845462768278986E+001,
4.258064516129032E+009,-3.744963177518847E+001,-6.851016349684500E+001,
4.261974584555230E+009,-3.845183957128236E+001,-8.649367512377539E+001,
4.265884652981427E+009,-3.988330708637533E+001,-9.734430909438578E+001,
4.269794721407625E+009,-3.959193991748752E+001,-1.097953300032557E+002,
4.273704789833822E+009,-3.986597263123690E+001,-1.289778738047549E+002,
4.277614858260019E+009,-4.104832762383204E+001,-1.455614975693315E+002,
4.281524926686217E+009,-4.170688043453752E+001,-1.582371250574354E+002,
4.285434995112414E+009,-4.206149611913880E+001,-1.699918192943245E+002,
4.289345063538612E+009,-4.225118972030355E+001,1.750690783549595E+002,
4.293255131964809E+009,-4.165038449760822E+001,1.643560721322498E+002,
4.297165200391007E+009,-4.120532803914821E+001,1.392152446419685E+002,
4.301075268817205E+009,-4.206341357453081E+001,1.166790146139370E+002,
4.304985337243402E+009,-4.308371001240765E+001,9.383066566653753E+001,
4.308895405669600E+009,-4.485439988723709E+001,7.615526765362468E+001,
4.312805474095797E+009,-4.720870257478797E+001,5.740357497825349E+001,
4.316715542521994E+009,-5.037230240570792E+001,5.011745164579494E+001,
4.320625610948192E+009,-5.026615981721669E+001,7.027452776087991E+001,
4.324535679374389E+009,-4.764467758805406E+001,5.743209813746974E+001,
4.328445747800587E+009,-4.599791197394904E+001,3.557608831619574E+001,
4.332355816226784E+009,-4.504129447866952E+001,6.097225651760510E+000,
4.336265884652982E+009,-4.646121095474744E+001,-2.951932119048973E+001,
4.340175953079179E+009,-5.117183349083078E+001,-5.662593132126307E+001,
4.344086021505377E+009,-5.572628588734865E+001,-6.081132254974435E+001,
4.347996089931574E+009,-5.778408826986635E+001,-3.210964884740125E+001,
4.351906158357771E+009,-5.249005907904598E+001,-3.595498412844260E+001,
4.355816226783969E+009,-5.158101977846408E+001,-7.819429411654086E+001,
4.359726295210166E+009,-5.657813032214220E+001,-8.523001089999507E+001,
4.363636363636364E+009,-5.096143773214645E+001,-7.945719688201628E+001,
4.367546432062561E+009,-4.771374771819908E+001,-1.291376753026317E+002,
4.371456500488758E+009,-4.786186044514462E+001,1.719723510070801E+002,
4.375366568914956E+009,-4.936209187202277E+001,1.165985338037955E+002,
4.379276637341153E+009,-4.895182953355988E+001,7.263909458387184E+001,
4.383186705767351E+009,-4.771444843341271E+001,2.836841934202877E+001,
4.387096774193548E+009,-4.678345700034442E+001,-1.065354239865412E+001,
4.391006842619746E+009,-4.589701486203802E+001,-4.108885874246760E+001,
4.394916911045943E+009,-4.539167223752642E+001,-6.805259397703591E+001,
4.398826979472141E+009,-4.490938171399495E+001,-9.396770796911046E+001,
4.402737047898338E+009,-4.539227414756674E+001,-1.173536066520276E+002,
4.406647116324535E+009,-4.561384718746103E+001,-1.271489915672349E+002,
4.410557184750733E+009,-4.508806428925234E+001,-1.424404966181382E+002,
4.414467253176930E+009,-4.437554826840798E+001,-1.480982829172075E+002,
4.418377321603128E+009,-4.189356288212474E+001,-1.589723899712276E+002,
4.422287390029326E+009,-3.947252980282576E+001,-1.794061119110544E+002,
4.426197458455523E+009,-3.793336837421423E+001,1.577278777866525E+002,
4.430107526881721E+009,-3.671147871478409E+001,1.338946446259336E+002,
4.434017595307918E+009,-3.584426030471546E+001,1.098625069325219E+002,
4.437927663734116E+009,-3.563433555630672E+001,8.404278167607298E+001,
4.441837732160313E+009,-3.611154567538597E+001,6.286495702269836E+001,
4.445747800586511E+009,-3.629081881983147E+001,4.496717278237553E+001,
4.449657869012708E+009,-3.656001553159193E+001,2.935010979490773E+001,
4.453567937438905E+009,-3.633257749754937E+001,1.587639845990325E+001,
4.457478005865103E+009,-3.564137834443628E+001,3.738346815113932E-001,
4.461388074291300E+009,-3.525357983099669E+001,-1.643509450569310E+001,
4.465298142717498E+009,-3.478202592399684E+001,-3.083368472582649E+001,
4.469208211143695E+009,-3.381839629892681E+001,-4.793859276148036E+001,
4.473118279569893E+009,-3.330804437542454E+001,-6.728580029147716E+001,
4.477028347996090E+009,-3.277775040380377E+001,-8.426863398401562E+001,
4.480938416422287E+009,-3.239669831152214E+001,-1.037542169335871E+002,
4.484848484848485E+009,-3.212492310184465E+001,-1.197490369564374E+002,
4.488758553274682E+009,-3.156925602481981E+001,-1.375630519077843E+002,
4.492668621700880E+009,-3.122870177794182E+001,-1.540767125456651E+002,
4.496578690127077E+009,-3.058125105488830E+001,-1.707949708410145E+002,
4.500488758553275E+009,-2.981219256238529E+001,1.701713501644732E+002,
4.504398826979472E+009,-2.931689561085418E+001,1.507527260044144E+002,
4.508308895405669E+009,-2.897600384619727E+001,1.314575693035077E+002,
4.512218963831867E+009,-2.875173297217692E+001,1.127935692132028E+002,
4.516129032258064E+009,-2.856062603638894E+001,9.480875366321151E+001,
4.520039100684262E+009,-2.826016127042593E+001,7.595783317273751E+001,
4.523949169110459E+009,-2.782768308984475E+001,5.908749851396321E+001,
4.527859237536657E+009,-2.759846193965617E+001,3.979192060462454E+001,
4.531769305962854E+009,-2.724361406297290E+001,2.177193163067509E+001,
4.535679374389051E+009,-2.690885754028884E+001,3.131280020191072E+000,
4.539589442815249E+009,-2.668307935012926E+001,-1.513527014844235E+001,
4.543499511241447E+009,-2.613169903021982E+001,-3.353084300705541E+001,
4.547409579667645E+009,-2.583489342252043E+001,-5.465777025154475E+001,
4.551319648093842E+009,-2.574172525636298E+001,-7.409323274356288E+001,
4.555229716520039E+009,-2.577106020724381E+001,-9.345124797303767E+001,
4.559139784946237E+009,-2.573186117423190E+001,-1.119010160519687E+002,
4.563049853372434E+009,-2.556744947251484E+001,-1.309790144416386E+002,
4.566959921798632E+009,-2.568958896800808E+001,-1.508206292436557E+002,
4.570869990224829E+009,-2.586115409410155E+001,-1.683207626790538E+002,
4.574780058651027E+009,-2.578104495457027E+001,1.748257981751117E+002,
4.578690127077224E+009,-2.572115541065366E+001,1.577681316926567E+002,
4.582600195503422E+009,-2.549480146044422E+001,1.416991859028584E+002,
4.586510263929619E+009,-2.509210545447358E+001,1.232209382433467E+002,
4.590420332355816E+009,-2.480795572750715E+001,1.044643051165931E+002,
4.594330400782014E+009,-2.470141111278562E+001,8.500331163837461E+001,
4.598240469208211E+009,-2.455784207830721E+001,6.661455379151299E+001,
4.602150537634409E+009,-2.450052835651079E+001,4.706852070932410E+001,
4.606060606060606E+009,-2.454946215575438E+001,2.759663681823590E+001,
4.609970674486803E+009,-2.468073944289946E+001,9.998946743961605E+000,
4.613880742913001E+009,-2.461260153457655E+001,-6.803231714544481E+000,
4.617790811339198E+009,-2.447263334337468E+001,-2.506055082723724E+001,
4.621700879765396E+009,-2.434929431365680E+001,-4.391275663637700E+001,
4.625610948191593E+009,-2.427329148349781E+001,-6.175559575808749E+001,
4.629521016617791E+009,-2.419663580101767E+001,-7.995961354942280E+001,
4.633431085043988E+009,-2.408674036536295E+001,-9.899303832959252E+001,
4.637341153470186E+009,-2.411556874353543E+001,-1.183853576066322E+002,
4.641251221896383E+009,-2.411353965717084E+001,-1.369282646856339E+002,
4.645161290322580E+009,-2.421525797379999E+001,-1.548042913969462E+002,
4.649071358748778E+009,-2.413953717358933E+001,-1.736016200663236E+002,
4.652981427174975E+009,-2.421908346682159E+001,1.679019911226028E+002,
4.656891495601173E+009,-2.408507934367828E+001,1.502844121676174E+002,
4.660801564027371E+009,-2.411805820984515E+001,1.315118788400156E+002,
4.664711632453568E+009,-2.422425388434839E+001,1.128553389091057E+002,
4.668621700879766E+009,-2.421916206459812E+001,9.540463500018906E+001,
4.672531769305963E+009,-2.401038262861338E+001,7.769779314490668E+001,
4.676441837732161E+009,-2.388488953575180E+001,5.653818518884605E+001,
4.680351906158358E+009,-2.417286775426998E+001,3.750935456413448E+001,
4.684261974584556E+009,-2.433416577205426E+001,1.902455376407838E+001,
4.688172043010753E+009,-2.435755666953507E+001,1.165089191274977E+000,
4.692082111436951E+009,-2.452962647956905E+001,-1.730315606294342E+001,
4.695992179863148E+009,-2.471786928333451E+001,-3.508022094097490E+001,
4.699902248289345E+009,-2.477687093236561E+001,-5.283243946940805E+001,
4.703812316715543E+009,-2.485064220076781E+001,-7.152032072656640E+001,
4.707722385141740E+009,-2.503279285301002E+001,-8.969104269914203E+001,
4.711632453567938E+009,-2.515693270348776E+001,-1.057483703475078E+002,
4.715542521994135E+009,-2.497290835473992E+001,-1.234601777119528E+002,
4.719452590420332E+009,-2.483170301336164E+001,-1.427624188173279E+002,
4.723362658846530E+009,-2.491372222990342E+001,-1.628867839016459E+002,
4.727272727272727E+009,-2.503514595955273E+001,1.775207273790459E+002,
4.731182795698925E+009,-2.532803043558853E+001,1.587480803460821E+002,
4.735092864125122E+009,-2.558510989654969E+001,1.404475350554990E+002,
4.739002932551320E+009,-2.560323466165844E+001,1.219264425584242E+002,
4.742913000977517E+009,-2.581107575518770E+001,1.027926383216867E+002,
4.746823069403714E+009,-2.628619603615141E+001,8.426297619770661E+001,
4.750733137829912E+009,-2.672078760822150E+001,6.723645242334806E+001,
4.754643206256109E+009,-2.685590594215235E+001,5.141039091115324E+001,
4.758553274682307E+009,-2.684413116855330E+001,3.373402021987534E+001,
4.762463343108504E+009,-2.692031942142691E+001,1.383974037096907E+001,
4.766373411534702E+009,-2.710732480091896E+001,-4.585580933375648E+000,
4.770283479960899E+009,-2.744703960120870E+001,-2.365739118035124E+001,
4.774193548387096E+009,-2.780319726478007E+001,-4.186432871484958E+001,
4.778103616813294E+009,-2.822044158390530E+001,-5.892915192410418E+001,
4.782013685239492E+009,-2.861904879796840E+001,-7.508287735299051E+001,
4.785923753665690E+009,-2.866512911822953E+001,-9.221596400192514E+001,
4.789833822091887E+009,-2.878452552264324E+001,-1.088924467825757E+002,
4.793743890518084E+009,-2.909679997525220E+001,-1.264283808867358E+002,
4.797653958944282E+009,-2.920281397234264E+001,-1.438799808727775E+002,
4.801564027370479E+009,-2.927338172033115E+001,-1.625607126151794E+002,
4.805474095796677E+009,-2.959758821976985E+001,1.789612952137441E+002,
4.809384164222874E+009,-2.988643285656565E+001,1.628992839301332E+002,
4.813294232649072E+009,-3.021221140231526E+001,1.440679546380587E+002,
4.817204301075269E+009,-3.054253470047382E+001,1.247731451367152E+002,
4.821114369501467E+009,-3.129820799308990E+001,1.080538556943406E+002,
4.825024437927664E+009,-3.164987706485822E+001,9.260030721758174E+001,
4.828934506353861E+009,-3.197383059707539E+001,7.583017927029751E+001,
4.832844574780059E+009,-3.224009898423100E+001,5.955846808592462E+001,
4.836754643206256E+009,-3.227010696588072E+001,4.269110376908502E+001,
4.840664711632454E+009,-3.237046119970535E+001,2.549314769060574E+001,
4.844574780058651E+009,-3.257656838469608E+001,6.253818610977469E+000,
4.848484848484848E+009,-3.283629341328381E+001,-1.217654184376473E+001,
4.852394916911046E+009,-3.342626539495026E+001,-3.329654463179968E+001,
4.856304985337243E+009,-3.428665764125260E+001,-5.013281601320556E+001,
4.860215053763441E+009,-3.494504362319862E+001,-6.630224757578149E+001,
4.864125122189638E+009,-3.578333434506050E+001,-8.079437907174342E+001,
4.868035190615836E+009,-3.631489242089381E+001,-9.304230588210704E+001,
4.871945259042033E+009,-3.618776691603608E+001,-1.075074179581464E+002,
4.875855327468231E+009,-3.665543484768337E+001,-1.252536954963052E+002,
4.879765395894428E+009,-3.706931094702731E+001,-1.412492058785865E+002,
4.883675464320625E+009,-3.771135952850646E+001,-1.563395972664765E+002,
4.887585532746823E+009,-3.844391520828438E+001,-1.657783581971651E+002,
4.891495601173020E+009,-3.792461161491075E+001,-1.768834549205610E+002,
4.895405669599218E+009,-3.758500608125051E+001,1.677448056107681E+002,
4.899315738025415E+009,-3.726507071451228E+001,1.494749543996555E+002,
4.903225806451613E+009,-3.762091054840655E+001,1.315197851640074E+002,
4.907135874877811E+009,-3.793212569821983E+001,1.189919982007666E+002,
4.911045943304008E+009,-3.742606974611186E+001,1.033199195562872E+002,
4.914956011730206E+009,-3.726382620376543E+001,8.327793552776579E+001,
4.918866080156403E+009,-3.786097956061263E+001,6.462130847127899E+001,
4.922776148582601E+009,-3.850525842378237E+001,5.069924109017602E+001,
4.926686217008798E+009,-3.837938105198589E+001,3.764722676291067E+001,
4.930596285434996E+009,-3.812957455438254E+001,2.094082248413058E+001,
4.934506353861193E+009,-3.819682874347515E+001,2.648596671942533E+000,
4.938416422287390E+009,-3.834818455504076E+001,-1.526599736281250E+001,
4.942326490713588E+009,-3.870322149193567E+001,-3.101952645800603E+001,
4.946236559139785E+009,-3.888257133001874E+001,-4.738336733407440E+001,
4.950146627565983E+009,-3.901938424987541E+001,-6.447577751201942E+001,
4.954056695992180E+009,-3.904861824541631E+001,-8.140221375694894E+001,
4.957966764418377E+009,-3.963390386409101E+001,-1.016448983372221E+002,
4.961876832844575E+009,-4.016693105587973E+001,-1.192678009970006E+002,
4.965786901270772E+009,-4.131247647012156E+001,-1.355611739941388E+002,
4.969696969696970E+009,-4.268591464772065E+001,-1.469303703397048E+002,
4.973607038123167E+009,-4.289310171925409E+001,-1.537564852489577E+002,
4.977517106549365E+009,-4.272265527918775E+001,-1.654034610087755E+002,
4.981427174975562E+009,-4.281766114166107E+001,-1.744260698017559E+002,
4.985337243401759E+009,-4.159145272751972E+001,1.767753053134300E+002,
4.989247311827957E+009,-4.021118440462918E+001,1.575162013937529E+002,
4.993157380254154E+009,-3.990982898357144E+001,1.329370043678455E+002,
4.997067448680352E+009,-4.023909171850384E+001,1.135883071212437E+002,
5.000977517106549E+009,-4.072854952474729E+001,9.546233496838470E+001,
5.004887585532747E+009,-4.136611498611661E+001,7.954767398071030E+001,
5.008797653958944E+009,-4.155457696138542E+001,6.391075365203931E+001,
5.012707722385141E+009,-4.227144597173847E+001,4.459319701336111E+001,
5.016617790811339E+009,-4.389776422048093E+001,3.075561760229145E+001,
5.020527859237536E+009,-4.494148990957174E+001,2.616755511359444E+001,
5.024437927663734E+009,-4.419426044775997E+001,2.795872479480174E+001,
5.028347996089932E+009,-4.197784074185033E+001,1.664408745920474E+001,
5.032258064516129E+009,-4.036131536937372E+001,-3.610799267811920E+000,
5.036168132942327E+009,-3.957069659321100E+001,-2.677695641865219E+001,
5.040078201368524E+009,-3.937722016915291E+001,-5.054864769760102E+001,
5.043988269794722E+009,-4.015969387197659E+001,-7.552037967121866E+001,
5.047898338220919E+009,-4.186751400471167E+001,-9.276600823017560E+001,
5.051808406647117E+009,-4.276139671349372E+001,-9.805533517490167E+001,
5.055718475073314E+009,-4.256169244313399E+001,-1.052574491341361E+002,
5.059628543499512E+009,-4.145030553999655E+001,-1.181956954497201E+002,
5.063538611925709E+009,-4.046870592189767E+001,-1.351446107632040E+002,
5.067448680351906E+009,-4.045392863006302E+001,-1.547719556571259E+002,
5.071358748778104E+009,-4.053316348652481E+001,-1.694286893586348E+002,
5.075268817204301E+009,-4.021119236734200E+001,1.754949731428352E+002,
5.079178885630499E+009,-3.979160120979572E+001,1.575688540868113E+002,
5.083088954056696E+009,-4.007368425946297E+001,1.365777511070384E+002,
5.086999022482893E+009,-4.086752171806197E+001,1.236709615827681E+002,
5.090909090909091E+009,-4.128166585440509E+001,1.141602344165525E+002,
5.094819159335288E+009,-3.998798363931950E+001,1.080360173252915E+002,
5.098729227761486E+009,-3.862427166323194E+001,9.082970820598254E+001,
5.102639296187683E+009,-3.732711741257545E+001,7.116625455169560E+001,
5.106549364613881E+009,-3.664281373655297E+001,4.637370779688748E+001,
5.110459433040078E+009,-3.693518837024339E+001,2.225713430334426E+001,
5.114369501466276E+009,-3.777924287632828E+001,9.005048723735692E-001,
5.118279569892473E+009,-3.904424302867917E+001,-1.465489757219543E+001,
5.122189638318670E+009,-3.990409155882659E+001,-2.459040920894235E+001,
5.126099706744868E+009,-3.954093734656129E+001,-3.158745581117691E+001,
5.130009775171065E+009,-3.832298300326882E+001,-4.349904179249915E+001,
5.133919843597263E+009,-3.717412630726425E+001,-6.154637868063021E+001,
5.137829912023460E+009,-3.682398230943731E+001,-8.124806694900971E+001,
5.141739980449657E+009,-3.616071055839620E+001,-9.972491098967393E+001,
5.145650048875855E+009,-3.589887252935395E+001,-1.215177521671332E+002,
5.149560117302053E+009,-3.621840205798664E+001,-1.435217383223890E+002,
5.153470185728251E+009,-3.695811048140247E+001,-1.615803734188230E+002,
5.157380254154448E+009,-3.752002717876065E+001,-1.755998544925196E+002,
5.161290322580645E+009,-3.796490329983038E+001,1.715201407589222E+002,
5.165200391006843E+009,-3.831439857591639E+001,1.624647411059427E+002,
5.169110459433041E+009,-3.712476830765119E+001,1.537974827025021E+002,
5.173020527859238E+009,-3.579847359969473E+001,1.369783762997896E+002,
5.176930596285435E+009,-3.512761803186830E+001,1.193315717952841E+002,
5.180840664711633E+009,-3.435613869379738E+001,1.008090806165965E+002,
5.184750733137830E+009,-3.385948962472902E+001,8.048305284790715E+001,
5.188660801564028E+009,-3.357157779793383E+001,5.934802632965642E+001,
5.192570869990225E+009,-3.364553126694688E+001,4.024661901844736E+001,
5.196480938416422E+009,-3.364821106554920E+001,2.226325278553496E+001,
5.200391006842620E+009,-3.393716627527488E+001,5.835697152772948E+000,
5.204301075268817E+009,-3.379039074044852E+001,-7.783340087230518E+000,
5.208211143695015E+009,-3.330386771656124E+001,-2.402273873532649E+001,
5.212121212121212E+009,-3.289644619273661E+001,-4.023989382943110E+001,
5.216031280547409E+009,-3.221720667106840E+001,-5.635688896830749E+001,
5.219941348973607E+009,-3.152347271780554E+001,-7.594300693380552E+001,
5.223851417399805E+009,-3.107662062842006E+001,-9.591266402252542E+001,
5.227761485826002E+009,-3.066855156145857E+001,-1.169935736499101E+002,
5.231671554252199E+009,-3.061497711487450E+001,-1.362782540408743E+002,
5.235581622678397E+009,-3.063689986074399E+001,-1.559261093862106E+002,
5.239491691104594E+009,-3.073720286614058E+001,-1.746393228293111E+002,
5.243401759530792E+009,-3.069902122153912E+001,1.672229691640858E+002,
5.247311827956989E+009,-3.066411514225428E+001,1.493106521769458E+002,
5.251221896383186E+009,-3.066753588078192E+001,1.310971718539792E+002,
5.255131964809384E+009,-3.074845919874870E+001,1.132380350980220E+002,
5.259042033235581E+009,-3.081824178283927E+001,9.664085179844281E+001,
5.262952101661779E+009,-3.059816284937366E+001,8.130143129577103E+001,
5.266862170087977E+009,-3.016943518742191E+001,6.438030800288958E+001,
5.270772238514174E+009,-2.951449226388132E+001,4.588369460049562E+001,
5.274682306940372E+009,-2.935482391603206E+001,2.703441397947776E+001,
5.278592375366570E+009,-2.907823653206394E+001,6.522201795925627E+000,
5.282502443792767E+009,-2.898331208019192E+001,-1.307509451850461E+001,
5.286412512218964E+009,-2.913346733313212E+001,-3.251672921838689E+001,
5.290322580645162E+009,-2.899640238286190E+001,-4.946887681558635E+001,
5.294232649071359E+009,-2.906601635990588E+001,-6.764012995423391E+001,
5.298142717497557E+009,-2.898777165798873E+001,-8.620974214388325E+001,
5.302052785923754E+009,-2.915463812712563E+001,-1.055987526303318E+002,
5.305962854349951E+009,-2.926783201013734E+001,-1.228546283026299E+002,
5.309872922776149E+009,-2.915143821084992E+001,-1.389226780224278E+002,
5.313782991202346E+009,-2.892881533870131E+001,-1.559114177235090E+002,
5.317693059628544E+009,-2.850235475562307E+001,-1.743420905823585E+002,
5.321603128054741E+009,-2.835219790335987E+001,1.663698402959145E+002,
5.325513196480938E+009,-2.837845836404635E+001,1.462654915736805E+002,
5.329423264907136E+009,-2.848759976976815E+001,1.282716389906298E+002,
5.333333333333333E+009,-2.872913674068097E+001,1.104486046034635E+002,
5.337243401759531E+009,-2.874980705039019E+001,9.321202279192670E+001,
5.341153470185728E+009,-2.864005562619715E+001,7.704110163822122E+001,
5.345063538611926E+009,-2.847289074613168E+001,5.914588568939399E+001,
5.348973607038123E+009,-2.814053583710297E+001,4.167275548569423E+001,
5.352883675464321E+009,-2.794888525298290E+001,2.393864493517362E+001,
5.356793743890518E+009,-2.770860425438441E+001,5.493907064418160E+000,
5.360703812316715E+009,-2.750537083591071E+001,-1.325947575217418E+001,
5.364613880742913E+009,-2.732871514551206E+001,-3.243274300120365E+001,
5.368523949169110E+009,-2.728736777648987E+001,-5.280126392778924E+001,
5.372434017595308E+009,-2.748728519613715E+001,-7.129203829209448E+001,
5.376344086021505E+009,-2.753552117912783E+001,-9.037419726088869E+001,
5.380254154447702E+009,-2.752192220190515E+001,-1.076894948070909E+002,
5.384164222873900E+009,-2.755895587324162E+001,-1.245551801153772E+002,
5.388074291300098E+009,-2.746360120045710E+001,-1.416826573001351E+002,
5.391984359726296E+009,-2.733231511849728E+001,-1.589821059392438E+002,
5.395894428152493E+009,-2.700969752514294E+001,-1.770361759639893E+002,
5.399804496578690E+009,-2.689134239657672E+001,1.629736820644919E+002,
5.403714565004888E+009,-2.683190196600020E+001,1.446551379773074E+002,
5.407624633431086E+009,-2.678380218678377E+001,1.271700332108227E+002,
5.411534701857283E+009,-2.659646194431394E+001,1.085720984942160E+002,
5.415444770283480E+009,-2.635323296691053E+001,8.951340912081334E+001,
5.419354838709678E+009,-2.629872960495293E+001,6.991044975358501E+001,
5.423264907135875E+009,-2.618877173763826E+001,5.077523724323002E+001,
5.427174975562073E+009,-2.615087640444200E+001,3.095448230662185E+001,
5.431085043988270E+009,-2.616540909075788E+001,1.140840099073185E+001,
5.434995112414467E+009,-2.626678088953231E+001,-8.348516229852812E+000,
5.438905180840665E+009,-2.650862394750753E+001,-2.656484925152352E+001,
5.442815249266862E+009,-2.645717655943651E+001,-4.441459412146512E+001,
5.446725317693060E+009,-2.644749807744369E+001,-6.309682972720146E+001,
5.450635386119257E+009,-2.641469696472393E+001,-8.200260623583154E+001,
5.454545454545454E+009,-2.644218840563481E+001,-1.008314568048724E+002,
5.458455522971652E+009,-2.646984994903022E+001,-1.184430288589948E+002,
5.462365591397850E+009,-2.639818792189614E+001,-1.379100488005885E+002,
5.466275659824047E+009,-2.644988679129202E+001,-1.560367884622824E+002,
5.470185728250244E+009,-2.628635419250227E+001,-1.749846729833208E+002,
5.474095796676442E+009,-2.623581224397006E+001,1.645996424997776E+002,
5.478005865102639E+009,-2.638327810174714E+001,1.443578234741464E+002,
5.481915933528837E+009,-2.655381013739191E+001,1.262799076811609E+002,
5.485826001955034E+009,-2.665088632221814E+001,1.069036824825794E+002,
5.489736070381231E+009,-2.664270612664195E+001,8.770558267775665E+001,
5.493646138807429E+009,-2.664293941176902E+001,6.859704417493029E+001,
5.497556207233626E+009,-2.683834050562520E+001,4.835097527235454E+001,
5.501466275659824E+009,-2.690207522062833E+001,2.750446813429802E+001,
5.505376344086021E+009,-2.720124336381100E+001,7.027422321560437E+000,
5.509286412512219E+009,-2.762522343667328E+001,-1.168500416117377E+001,
5.513196480938417E+009,-2.790824374671777E+001,-2.915934514688581E+001,
5.517106549364615E+009,-2.798861520137792E+001,-4.707484487890401E+001,
5.521016617790812E+009,-2.816334705012136E+001,-6.561636362159318E+001,
5.524926686217009E+009,-2.819287095291637E+001,-8.530148346190475E+001,
5.528836754643207E+009,-2.835974309572730E+001,-1.035052340858936E+002,
5.532746823069404E+009,-2.851863801936963E+001,-1.241398925973168E+002,
5.536656891495602E+009,-2.869397948433434E+001,-1.433857226605305E+002,
5.540566959921799E+009,-2.875340120818274E+001,-1.643344794452565E+002,
5.544477028347996E+009,-2.918700716736773E+001,1.741309665305951E+002,
5.548387096774194E+009,-2.997158971509973E+001,1.521782609862930E+002,
5.552297165200391E+009,-3.095170385832187E+001,1.338588136671032E+002,
5.556207233626589E+009,-3.194075253037023E+001,1.176244963394404E+002,
5.560117302052786E+009,-3.220803061576955E+001,1.054406724859603E+002,
5.564027370478983E+009,-3.231215357997908E+001,8.775622237464586E+001,
5.567937438905181E+009,-3.238809739969420E+001,7.230070582701717E+001,
5.571847507331378E+009,-3.225346490208713E+001,5.405708595682753E+001,
5.575757575757576E+009,-3.228281061462681E+001,3.449740025455564E+001,
5.579667644183773E+009,-3.225934950495006E+001,1.468859016734630E+001,
5.583577712609971E+009,-3.237697464746140E+001,-6.899143975590360E+000,
5.587487781036168E+009,-3.304555525148830E+001,-3.118787185594033E+001,
5.591397849462366E+009,-3.422556549827640E+001,-5.207501971655213E+001,
5.595307917888563E+009,-3.568894518077056E+001,-6.998384810530322E+001,
5.599217986314760E+009,-3.669343814138153E+001,-8.132863218654408E+001,
5.603128054740958E+009,-3.652958433686635E+001,-9.670083819111933E+001,
5.607038123167155E+009,-3.697520109177245E+001,-1.153147562794669E+002,
5.610948191593353E+009,-3.734723449442578E+001,-1.318027116822775E+002,
5.614858260019550E+009,-3.776052580265736E+001,-1.495608636839972E+002,
5.618768328445747E+009,-3.807002319268297E+001,-1.675488638517191E+002,
5.622678396871945E+009,-3.873138452866188E+001,1.722451432637851E+002,
5.626588465298142E+009,-3.995147164907206E+001,1.542944434078999E+002,
5.630498533724340E+009,-4.106717488144905E+001,1.391678021717539E+002,
5.634408602150538E+009,-4.183214000679878E+001,1.273843593116253E+002,
5.638318670576735E+009,-4.184996134372936E+001,1.140240026515106E+002,
5.642228739002933E+009,-4.177773043446958E+001,9.483421587698905E+001,
5.646138807429131E+009,-4.255920959572591E+001,7.295064287863858E+001,
5.650048875855328E+009,-4.401518675750553E+001,5.492879156679419E+001,
5.653958944281525E+009,-4.567366680585535E+001,4.223653033402586E+001,
5.657869012707723E+009,-4.707633953246113E+001,3.551286554604621E+001,
5.661779081133920E+009,-4.654377970679516E+001,2.862726767923259E+001,
5.665689149560118E+009,-4.615999717698970E+001,9.595657313393600E+000,
5.669599217986315E+009,-4.620771241450061E+001,-7.297395459626020E+000,
5.673509286412512E+009,-4.710235127858097E+001,-2.775252795167423E+001,
5.677419354838710E+009,-4.956626737308321E+001,-4.243766078267507E+001,
5.681329423264907E+009,-4.998227391172669E+001,-3.826099135208283E+001,
5.685239491691105E+009,-4.810555060736407E+001,-5.059607622378201E+001,
5.689149560117302E+009,-4.714302946588639E+001,-7.168955481802148E+001,
5.693059628543499E+009,-4.746104059046779E+001,-9.602385847332852E+001,
5.696969696969697E+009,-4.825265237955342E+001,-1.168927302739641E+002,
5.700879765395895E+009,-4.918072520838432E+001,-1.312478907332249E+002,
5.704789833822092E+009,-4.908098551440838E+001,-1.511347593093659E+002,
5.708699902248289E+009,-4.917269082188936E+001,-1.799107720329461E+002,
5.712609970674487E+009,-5.028291783245415E+001,1.445623349247898E+002,
5.716520039100684E+009,-5.509227023718746E+001,9.829932802689315E+001,
5.720430107526882E+009,-6.385522123151739E+001,3.304263126775694E+001,
5.724340175953079E+009,-6.703608998342048E+001,-1.343921259900281E+002,
5.728250244379276E+009,-6.547437028777709E+001,1.533583092395202E+002,
5.732160312805474E+009,-6.884411937986891E+001,5.567566229106303E+001,
5.736070381231671E+009,-5.992611296843968E+001,-3.114993569948604E+001,
5.739980449657869E+009,-5.442755304252994E+001,-8.777857561840207E+001,
5.743890518084066E+009,-5.182456614415499E+001,-1.132064425237363E+002,
5.747800586510263E+009,-4.920874100335892E+001,-1.391454603252610E+002,
5.751710654936461E+009,-4.661893281066710E+001,-1.611617093743907E+002,
5.755620723362660E+009,-4.443015099067740E+001,1.736031137294502E+002,
5.759530791788857E+009,-4.297186443033223E+001,1.465574343456655E+002,
5.763440860215054E+009,-4.215527290959327E+001,1.185487269646017E+002,
5.767350928641252E+009,-4.241240219150582E+001,9.217233407112819E+001,
5.771260997067449E+009,-4.365369506856268E+001,7.703762644160688E+001,
5.775171065493647E+009,-4.257275547585795E+001,6.914948352122894E+001,
5.779081133919844E+009,-4.111076203904584E+001,4.882647562147699E+001,
5.782991202346041E+009,-3.971808148168810E+001,3.194685822572274E+001,
5.786901270772239E+009,-3.919707472563690E+001,1.008321366845313E+001,
5.790811339198436E+009,-3.875782154826836E+001,-1.007297696089884E+001,
5.794721407624634E+009,-3.840197564504038E+001,-3.071723849682911E+001,
5.798631476050831E+009,-3.836737425151447E+001,-4.890668217516304E+001,
5.802541544477028E+009,-3.802968266025461E+001,-6.707506615147791E+001,
5.806451612903226E+009,-3.773867505374468E+001,-8.552107449841189E+001,
5.810361681329423E+009,-3.787215968774716E+001,-1.030446212708599E+002,
5.814271749755621E+009,-3.782648660807782E+001,-1.175900072558623E+002,
5.818181818181818E+009,-3.729640220083765E+001,-1.311965876074445E+002,
5.822091886608016E+009,-3.631411719684399E+001,-1.474134281640765E+002,
5.826001955034213E+009,-3.551030383231441E+001,-1.669379192088402E+002,
5.829912023460411E+009,-3.512801054321490E+001,1.724417486775688E+002,
5.833822091886608E+009,-3.493624385786328E+001,1.538458357659652E+002,
5.837732160312805E+009,-3.453214260769462E+001,1.348976797283928E+002,
5.841642228739003E+009,-3.436734955972854E+001,1.151660917154689E+002,
5.845552297165200E+009,-3.454635174087089E+001,9.693894142857505E+001,
5.849462365591398E+009,-3.462611992521760E+001,8.166417415038292E+001,
5.853372434017595E+009,-3.424234111436257E+001,6.525279939036517E+001,
5.857282502443792E+009,-3.413437357503853E+001,5.019283924020884E+001,
5.861192570869990E+009,-3.352371690855592E+001,3.541597496675738E+001,
5.865102639296187E+009,-3.272434207941257E+001,1.834199478927785E+001,
5.869012707722385E+009,-3.199517587500402E+001,7.047385870618804E-002,
5.872922776148583E+009,-3.134019067884087E+001,-2.108419663733750E+001,
5.876832844574780E+009,-3.115045191894175E+001,-4.155059171042349E+001,
5.880742913000978E+009,-3.095520843617009E+001,-6.119787637265998E+001,
5.884652981427176E+009,-3.087240565454653E+001,-8.125474144285032E+001,
5.888563049853373E+009,-3.102851199791720E+001,-1.003447945641265E+002,
5.892473118279570E+009,-3.113735555092856E+001,-1.178785364900643E+002,
5.896383186705768E+009,-3.113661705527251E+001,-1.341140100855616E+002,
5.900293255131965E+009,-3.092461870793090E+001,-1.511843498452975E+002,
5.904203323558163E+009,-3.079885325777503E+001,-1.675572768663334E+002,
5.908113391984360E+009,-3.042127750936920E+001,1.759095778021726E+002,
5.912023460410557E+009,-3.005442144957765E+001,1.579277128446891E+002,
5.915933528836755E+009,-2.958943986604723E+001,1.401850137453146E+002,
5.919843597262952E+009,-2.911995904695011E+001,1.204879194785026E+002,
5.923753665689150E+009,-2.907601393406663E+001,1.010574766160038E+002,
5.927663734115347E+009,-2.888675480735789E+001,8.120201921139297E+001,
5.931573802541544E+009,-2.916194406151306E+001,6.378708144040755E+001,
5.935483870967742E+009,-2.909387127937944E+001,4.681314989685554E+001,
5.939393939393940E+009,-2.901586952619407E+001,2.950140960273464E+001,
5.943304007820137E+009,-2.870959649257167E+001,1.276995981786533E+001,
5.947214076246334E+009,-2.819050669437738E+001,-4.888832012055382E+000,
5.951124144672532E+009,-2.789972420711388E+001,-2.337924696761238E+001,
5.955034213098729E+009,-2.750804163506760E+001,-4.272347075333776E+001,
5.958944281524927E+009,-2.743591807436349E+001,-6.185538717290496E+001,
5.962854349951124E+009,-2.733936342282459E+001,-8.188266830637942E+001,
5.966764418377321E+009,-2.727027020479737E+001,-1.007004730692234E+002,
5.970674486803519E+009,-2.727951773127518E+001,-1.205037290159296E+002,
5.974584555229716E+009,-2.727947570954509E+001,-1.391110599303034E+002,
5.978494623655914E+009,-2.741116774679309E+001,-1.579603366501049E+002,
5.982404692082111E+009,-2.754819047035334E+001,-1.757330587735367E+002,
5.986314760508308E+009,-2.768258771840847E+001,1.665512976931393E+002,
5.990224828934506E+009,-2.761425164137522E+001,1.504503984589720E+002,
5.994134897360704E+009,-2.745180567109940E+001,1.326635566203452E+002,
5.998044965786902E+009,-2.717563965037986E+001,1.146741769535973E+002,
6.001955034213099E+009,-2.712361329211397E+001,9.509811005042333E+001,
6.005865102639297E+009,-2.721345616430746E+001,7.703879746716487E+001,
6.009775171065494E+009,-2.714994488454523E+001,5.932546326265672E+001,
6.013685239491692E+009,-2.700830823217336E+001,4.125918095270523E+001,
6.017595307917889E+009,-2.702575267075390E+001,2.247620726157388E+001,
6.021505376344086E+009,-2.700335043683181E+001,4.077279435232172E+000,
6.025415444770284E+009,-2.704870144021552E+001,-1.439565570435672E+001,
6.029325513196481E+009,-2.707668494950228E+001,-3.362647971830737E+001,
6.033235581622679E+009,-2.726001911708887E+001,-5.183432005625467E+001,
6.037145650048876E+009,-2.751499048812985E+001,-6.920965426489916E+001,
6.041055718475073E+009,-2.753900674172893E+001,-8.622718540921760E+001,
6.044965786901271E+009,-2.751391441082000E+001,-1.033162070779242E+002,
6.048875855327468E+009,-2.769026398670479E+001,-1.194996222129509E+002,
6.052785923753666E+009,-2.749035285447769E+001,-1.358530687752739E+002,
6.056695992179863E+009,-2.720474230327145E+001,-1.542474466319869E+002,
6.060606060606061E+009,-2.703159765010522E+001,-1.727176713357551E+002,
6.064516129032258E+009,-2.690285085986159E+001,1.674958908605981E+002,
6.068426197458456E+009,-2.705393437485117E+001,1.481513425109237E+002,
6.072336265884653E+009,-2.718528709597921E+001,1.292911594353936E+002,
6.076246334310850E+009,-2.762962632508839E+001,1.116288260848473E+002,
6.080156402737048E+009,-2.786977254055692E+001,9.537767963939061E+001,
6.084066471163245E+009,-2.770009308241279E+001,7.978493239571156E+001,
6.087976539589443E+009,-2.747820903908920E+001,6.208419646828964E+001,
6.091886608015640E+009,-2.734430079413085E+001,4.309134161879783E+001,
6.095796676441837E+009,-2.735481663593187E+001,2.331804415196974E+001,
6.099706744868035E+009,-2.737529430896914E+001,4.822278089579188E+000,
6.103616813294232E+009,-2.745520195022930E+001,-1.369595197094677E+001,
6.107526881720430E+009,-2.752178283317759E+001,-3.251315655911708E+001,
6.111436950146627E+009,-2.790908805034004E+001,-5.162279150166751E+001,
6.115347018572825E+009,-2.826246604576927E+001,-6.811616931256998E+001,
6.119257086999023E+009,-2.836533796790735E+001,-8.509969500012306E+001,
6.123167155425221E+009,-2.854384908324851E+001,-1.015761895547932E+002,
6.127077223851418E+009,-2.859810941142861E+001,-1.186758240423676E+002,
6.130987292277615E+009,-2.856051154859033E+001,-1.348581929902380E+002,
6.134897360703813E+009,-2.853489182151196E+001,-1.524060126305178E+002,
6.138807429130010E+009,-2.843042854762686E+001,-1.705154265503184E+002,
6.142717497556208E+009,-2.857906961893209E+001,1.710353425888842E+002,
6.146627565982405E+009,-2.879408406736452E+001,1.534375934941555E+002,
6.150537634408602E+009,-2.886081314167231E+001,1.366661784438492E+002,
6.154447702834800E+009,-2.872653244371728E+001,1.200205024298391E+002,
6.158357771260998E+009,-2.866683283784234E+001,1.010334513925885E+002,
6.162267839687195E+009,-2.891502388778610E+001,8.214440808049972E+001,
6.166177908113392E+009,-2.919715197196775E+001,6.574608938411065E+001,
6.170087976539589E+009,-2.922603839168573E+001,4.934008208602788E+001,
6.173998044965787E+009,-2.932715595545286E+001,3.307465220461798E+001,
6.177908113391985E+009,-2.927650116405375E+001,1.840411913172717E+001,
6.181818181818182E+009,-2.888101463011698E+001,7.912335153019772E-001,
6.185728250244379E+009,-2.853722237041296E+001,-1.682424454820214E+001,
6.189638318670576E+009,-2.833473298528041E+001,-3.532320899446642E+001,
6.193548387096774E+009,-2.809331196040631E+001,-5.325604347983587E+001,
6.197458455522972E+009,-2.776392029019902E+001,-7.431374287033515E+001,
6.201368523949169E+009,-2.778245995140750E+001,-9.474206384697446E+001,
6.205278592375366E+009,-2.816789047483461E+001,-1.151645154445114E+002,
6.209188660801564E+009,-2.842995911279598E+001,-1.340336491545549E+002,
6.213098729227762E+009,-2.868380803756773E+001,-1.518096004640907E+002,
6.217008797653959E+009,-2.883824232289249E+001,-1.692560117822937E+002,
6.220918866080156E+009,-2.866916643848916E+001,1.744751302338223E+002,
6.224828934506353E+009,-2.856621218274001E+001,1.549802300875131E+002,
6.228739002932551E+009,-2.855244780895027E+001,1.351256087341635E+002,
6.232649071358749E+009,-2.871792757650050E+001,1.148298301979689E+002,
6.236559139784946E+009,-2.901211676959807E+001,9.578536142470242E+001,
6.240469208211144E+009,-2.916948064026694E+001,7.743437460815083E+001,
6.244379276637341E+009,-2.946125579936522E+001,5.854789485398619E+001,
6.248289345063539E+009,-2.971919676738581E+001,3.907517415805103E+001,
6.252199413489737E+009,-3.007699505207698E+001,2.057456667047481E+001,
6.256109481915934E+009,-3.012608000217402E+001,1.892247564376299E+000,
6.260019550342131E+009,-3.031516403433474E+001,-1.693609797466321E+001,
6.263929618768329E+009,-3.059850547039588E+001,-3.605953368142832E+001,
6.267839687194526E+009,-3.098423440863925E+001,-5.455339306292515E+001,
6.271749755620724E+009,-3.132169032865280E+001,-7.290973691253086E+001,
6.275659824046921E+009,-3.186222211349699E+001,-9.228944887447256E+001,
6.279569892473118E+009,-3.227024636051188E+001,-1.099602341377859E+002,
6.283479960899316E+009,-3.255689901945453E+001,-1.256300590424551E+002,
6.287390029325514E+009,-3.275355642449198E+001,-1.430582371864621E+002,
6.291300097751711E+009,-3.275537495981750E+001,-1.611810402561699E+002,
6.295210166177908E+009,-3.308032944802072E+001,-1.793191024487200E+002,
6.299120234604105E+009,-3.330568809192316E+001,1.622772526877961E+002,
6.303030303030303E+009,-3.347487436888352E+001,1.430028183913702E+002,
6.306940371456501E+009,-3.385124056844995E+001,1.231246552069023E+002,
6.310850439882698E+009,-3.441983584725850E+001,1.029916624538861E+002,
6.314760508308895E+009,-3.514619376987410E+001,8.601507984792626E+001,
6.318670576735093E+009,-3.537503271664622E+001,6.896221318251097E+001,
6.322580645161290E+009,-3.580781785964248E+001,4.920979932311294E+001,
6.326490713587488E+009,-3.644551887097978E+001,3.099618077962297E+001,
6.330400782013685E+009,-3.742791108542483E+001,1.271383157976886E+001,
6.334310850439882E+009,-3.794674603376097E+001,1.139654157329894E+000,
6.338220918866080E+009,-3.774657681623516E+001,-1.504314877032818E+001,
6.342130987292278E+009,-3.730050306945302E+001,-3.488967932644238E+001,
6.346041055718475E+009,-3.777019019211968E+001,-5.828850788220043E+001,
6.349951124144672E+009,-3.859488783073480E+001,-7.843879162894233E+001,
6.353861192570869E+009,-3.914878215074160E+001,-9.704034652314127E+001,
6.357771260997068E+009,-3.964939741377737E+001,-1.184263399843805E+002,
6.361681329423266E+009,-4.055328901530793E+001,-1.397507902409183E+002,
6.365591397849463E+009,-4.189493025779434E+001,-1.609473082374760E+002,
6.369501466275660E+009,-4.344029642474964E+001,-1.775173351294048E+002,
6.373411534701857E+009,-4.425855654730580E+001,1.688352302038308E+002,
6.377321603128055E+009,-4.426149558801710E+001,1.509688693400722E+002,
6.381231671554253E+009,-4.543998615995555E+001,1.249315117409046E+002,
6.385141739980450E+009,-4.736394127758637E+001,1.109433804115290E+002,
6.389051808406647E+009,-4.848750264344007E+001,9.597455062601740E+001,
6.392961876832845E+009,-4.814886445286481E+001,8.315981129558034E+001,
6.396871945259043E+009,-4.778942550027074E+001,5.345033013556835E+001,
6.400782013685240E+009,-4.923198543691917E+001,2.106126709851828E+001,
6.404692082111437E+009,-5.030554235394079E+001,-9.298064760162534E+000,
6.408602150537634E+009,-5.123143329582980E+001,-4.718332824315334E+001,
6.412512218963832E+009,-5.405630759111715E+001,-9.129884792747480E+001,
6.416422287390030E+009,-5.729158922940818E+001,-1.005877488360963E+002,
6.420332355816227E+009,-5.310070711185123E+001,-1.325449207759713E+002,
6.424242424242424E+009,-5.196207901462724E+001,-1.712965731301559E+002,
6.428152492668621E+009,-5.117518181791338E+001,1.600752380110747E+002,
6.432062561094819E+009,-5.050588781547693E+001,1.286131451909187E+002,
6.435972629521017E+009,-5.064265427480955E+001,1.082178189958450E+002,
6.439882697947214E+009,-4.989434875034537E+001,9.482877530057216E+001,
6.443792766373411E+009,-4.863619332304322E+001,7.592621012901907E+001,
6.447702834799609E+009,-4.802635128120870E+001,6.226040695048393E+001,
6.451612903225807E+009,-4.590270290168787E+001,4.785269782731708E+001,
6.455522971652004E+009,-4.371477949196112E+001,2.683988436835793E+001,
6.459433040078201E+009,-4.244580802134298E+001,-2.805008269305453E-001,
6.463343108504398E+009,-4.209514439574531E+001,-2.504323936469513E+001,
6.467253176930596E+009,-4.186235141541577E+001,-4.434708164381419E+001,
6.471163245356794E+009,-4.136825808733256E+001,-6.643151197544439E+001,
6.475073313782991E+009,-4.112475496526276E+001,-8.650482372478200E+001,
6.478983382209189E+009,-4.072146902246638E+001,-1.053111175808812E+002,
6.482893450635386E+009,-4.049910153873690E+001,-1.262463958947881E+002,
6.486803519061584E+009,-4.062082058729872E+001,-1.459688435613201E+002,
6.490713587487782E+009,-4.059444213593221E+001,-1.615705881850848E+002,
6.494623655913979E+009,-4.028116140061671E+001,-1.795995948748677E+002,
6.498533724340176E+009,-4.008856149555373E+001,1.634767332427765E+002,
6.502443792766374E+009,-3.978802433420528E+001,1.452321269859094E+002,
6.506353861192571E+009,-3.979314008921541E+001,1.269943387613230E+002,
6.510263929618769E+009,-3.985657610774700E+001,1.095349754117217E+002,
6.514173998044966E+009,-3.980349051042930E+001,9.498144931949523E+001,
6.518084066471163E+009,-3.937727897370039E+001,7.981814220011975E+001,
6.521994134897361E+009,-3.873044246361778E+001,6.254891785997062E+001,
6.525904203323559E+009,-3.830568771214770E+001,4.304266361425451E+001,
6.529814271749756E+009,-3.798942702439882E+001,2.389280796719662E+001,
6.533724340175953E+009,-3.800548463107494E+001,4.840204295999298E+000,
6.537634408602150E+009,-3.796059918385858E+001,-1.280353117322572E+001,
6.541544477028348E+009,-3.783451554027270E+001,-3.066207254664686E+001,
6.545454545454546E+009,-3.767406932566934E+001,-4.924897267946679E+001,
6.549364613880743E+009,-3.780962119923832E+001,-6.731269617007993E+001,
6.553274682306940E+009,-3.787369930773586E+001,-8.388241983580187E+001,
6.557184750733138E+009,-3.774213352910324E+001,-1.014535605367256E+002,
6.561094819159335E+009,-3.792653888968722E+001,-1.187446555959939E+002,
6.565004887585533E+009,-3.783088370564128E+001,-1.348059872513994E+002,
6.568914956011730E+009,-3.770214218020063E+001,-1.513679667555489E+002,
6.572825024437927E+009,-3.766486809678159E+001,-1.691483935793119E+002,
6.576735092864125E+009,-3.773020215825021E+001,1.733390107724837E+002,
6.580645161290323E+009,-3.782527987728284E+001,1.577971155619233E+002,
6.584555229716520E+009,-3.776896048444152E+001,1.405715165194939E+002,
6.588465298142717E+009,-3.789457959131593E+001,1.242108047821760E+002,
6.592375366568914E+009,-3.814445128128031E+001,1.085559972996554E+002,
6.596285434995112E+009,-3.811354988228829E+001,9.303030152862246E+001,
6.600195503421310E+009,-3.810384233950645E+001,7.941049819802936E+001,
6.604105571847508E+009,-3.793452434099068E+001,6.415393710019995E+001,
6.608015640273705E+009,-3.768793035958952E+001,5.012824123937392E+001,
6.611925708699902E+009,-3.734940086854824E+001,3.556402172399010E+001,
6.615835777126100E+009,-3.677538814691475E+001,2.048903158006229E+001,
6.619745845552298E+009,-3.626946653050246E+001,2.848452965801319E+000,
6.623655913978495E+009,-3.574157010059668E+001,-1.393537344026615E+001,
6.627565982404692E+009,-3.529038792747323E+001,-3.277612519364858E+001,
6.631476050830890E+009,-3.498322130841458E+001,-5.301662278680908E+001,
6.635386119257088E+009,-3.529814010524365E+001,-7.268967036626017E+001,
6.639296187683285E+009,-3.558370490611281E+001,-8.812576938697589E+001,
6.643206256109482E+009,-3.543999498738093E+001,-1.039411209187428E+002,
6.647116324535679E+009,-3.538932256931145E+001,-1.187154005376982E+002,
6.651026392961877E+009,-3.510428282981226E+001,-1.340021187073972E+002,
6.654936461388075E+009,-3.465343162395914E+001,-1.496638575567514E+002,
6.658846529814272E+009,-3.417588314745602E+001,-1.665474006201046E+002,
6.662756598240469E+009,-3.374039012435291E+001,1.748495066881523E+002,
6.666666666666666E+009,-3.344059451062589E+001,1.565308498124255E+002,
6.670576735092864E+009,-3.314117653918834E+001,1.368892033668233E+002,
6.674486803519062E+009,-3.321421941734739E+001,1.172654860408112E+002,
6.678396871945259E+009,-3.342713697616533E+001,9.896778470497362E+001,
6.682306940371456E+009,-3.370058978097579E+001,8.230141715715934E+001,
6.686217008797654E+009,-3.382434858273922E+001,6.768893142939514E+001,
6.690127077223852E+009,-3.369107059371685E+001,5.374327031676660E+001,
6.694037145650049E+009,-3.313432811290017E+001,3.877909384398887E+001,
6.697947214076246E+009,-3.265398790544992E+001,2.179294407214161E+001,
6.701857282502443E+009,-3.214702145673969E+001,3.555561172749969E+000,
6.705767350928641E+009,-3.185259459756416E+001,-1.504388330821019E+001,
6.709677419354839E+009,-3.175995141078067E+001,-3.386099236785166E+001,
6.713587487781036E+009,-3.155850940589850E+001,-5.200921055903261E+001,
6.717497556207233E+009,-3.152409114794663E+001,-7.022000971910020E+001,
6.721407624633431E+009,-3.162162943096104E+001,-8.836697017678843E+001,
6.725317693059629E+009,-3.167901379088733E+001,-1.040987709903999E+002,
6.729227761485827E+009,-3.149925755318382E+001,-1.195872531267044E+002,
6.733137829912024E+009,-3.104835090266704E+001,-1.350526377678915E+002,
6.737047898338221E+009,-3.048822995398951E+001,-1.527122524569559E+002,
6.740957966764419E+009,-3.013243250844520E+001,-1.719956276342486E+002,
6.744868035190616E+009,-2.993672109496012E+001,1.694128378010378E+002,
6.748778103616814E+009,-2.972954810973254E+001,1.512249615254481E+002,
6.752688172043011E+009,-2.936621691875128E+001,1.324117924277104E+002,
6.756598240469208E+009,-2.928645327958409E+001,1.128192569636363E+002,
6.760508308895406E+009,-2.939667687383551E+001,9.207920163031855E+001,
6.764418377321604E+009,-2.975672307778959E+001,7.584971663684758E+001,
6.768328445747801E+009,-2.972614189119670E+001,6.099822478036998E+001,
6.772238514173998E+009,-2.933800966613607E+001,4.448093661371825E+001,
6.776148582600195E+009,-2.895180063525098E+001,2.678985708208856E+001,
6.780058651026393E+009,-2.853097727704984E+001,9.879939106994705E+000,
6.783968719452591E+009,-2.816959205942842E+001,-1.043619598370031E+001,
6.787878787878788E+009,-2.799188175890819E+001,-2.980265109992231E+001,
6.791788856304985E+009,-2.780113215665229E+001,-4.960683445238063E+001,
6.795698924731183E+009,-2.777135114507909E+001,-6.841568479870971E+001,
6.799608993157380E+009,-2.786162113401021E+001,-8.809080615173770E+001,
6.803519061583578E+009,-2.798423238749143E+001,-1.064128327231053E+002,
6.807429130009775E+009,-2.821247935993480E+001,-1.247668087442044E+002,
6.811339198435972E+009,-2.822620359951491E+001,-1.398462589281089E+002,
6.815249266862170E+009,-2.807214603419276E+001,-1.572135375141279E+002,
6.819159335288368E+009,-2.779567225783878E+001,-1.746943907005057E+002,
6.823069403714565E+009,-2.743314547926858E+001,1.666980808454400E+002,
6.826979472140762E+009,-2.718192619256204E+001,1.478014586612071E+002,
6.830889540566959E+009,-2.708656739599975E+001,1.279506890389725E+002,
6.834799608993157E+009,-2.717097096914742E+001,1.082190557232184E+002,
6.838709677419355E+009,-2.719097537383960E+001,8.920401572403529E+001,
6.842619745845552E+009,-2.715084678110608E+001,7.096329659697943E+001,
6.846529814271750E+009,-2.729309388732819E+001,5.222367909523973E+001,
6.850439882697948E+009,-2.745343827024936E+001,3.339659825132031E+001,
6.854349951124145E+009,-2.743685755673027E+001,1.751062810520576E+001,
6.858260019550343E+009,-2.731856642332755E+001,-4.206615558919699E-001,
6.862170087976540E+009,-2.699201090434801E+001,-1.840690529968118E+001,
6.866080156402737E+009,-2.685282601534025E+001,-3.751619724225041E+001,
6.869990224828935E+009,-2.668374517576925E+001,-5.780361479555178E+001,
6.873900293255133E+009,-2.657606010699178E+001,-7.829309897187450E+001,
6.877810361681330E+009,-2.670440286575989E+001,-9.848600544709129E+001,
6.881720430107527E+009,-2.693104332616068E+001,-1.183213830070373E+002,
6.885630498533724E+009,-2.715707759672164E+001,-1.369974571838924E+002,
6.889540566959922E+009,-2.735667412284858E+001,-1.555996748385579E+002,
6.893450635386120E+009,-2.741521610924733E+001,-1.739708378941226E+002,
6.897360703812317E+009,-2.750359482777666E+001,1.678121606665668E+002,
6.901270772238514E+009,-2.764032848092506E+001,1.497724261914126E+002,
6.905180840664711E+009,-2.766289659085306E+001,1.307087440612864E+002,
6.909090909090909E+009,-2.759296855815310E+001,1.120606494426848E+002,
6.913000977517107E+009,-2.776594072521786E+001,9.171762896803057E+001,
6.916911045943304E+009,-2.791892608618581E+001,7.348758906343529E+001,
6.920821114369501E+009,-2.827362063498043E+001,5.476011126250341E+001,
6.924731182795699E+009,-2.825685475967750E+001,3.591394808105520E+001,
6.928641251221897E+009,-2.843035138682748E+001,1.697434524434781E+001,
6.932551319648094E+009,-2.872414838511994E+001,-2.570405969097390E+000,
6.936461388074291E+009,-2.903270640742135E+001,-2.188697452785662E+001,
6.940371456500488E+009,-2.933777945564676E+001,-3.995517809168621E+001,
6.944281524926686E+009,-2.954248984384104E+001,-5.696678397504880E+001,
6.948191593352884E+009,-2.965189343603741E+001,-7.600561350166751E+001,
6.952101661779081E+009,-2.984990416380979E+001,-9.509565403799940E+001,
6.956011730205278E+009,-3.035077103432235E+001,-1.130156505408162E+002,
6.959921798631475E+009,-3.051489217264978E+001,-1.298166961375505E+002,
6.963831867057674E+009,-3.065130037801665E+001,-1.476695745200844E+002,
6.967741935483872E+009,-3.066357753828383E+001,-1.669973434064293E+002,
6.971652003910069E+009,-3.080937376605151E+001,1.729965768002226E+002,
6.975562072336266E+009,-3.123468705037626E+001,1.540000303062543E+002,
6.979472140762464E+009,-3.163113803277809E+001,1.347188291677859E+002,
6.983382209188661E+009,-3.229284205107186E+001,1.173115903065110E+002,
6.987292277614859E+009,-3.254115594545858E+001,9.953409130150442E+001,
6.991202346041056E+009,-3.270612930188234E+001,8.180703847937814E+001,
6.995112414467253E+009,-3.300431826710193E+001,6.253568829467154E+001,
6.999022482893451E+009,-3.339441766904670E+001,4.414257378881228E+001,
7.002932551319649E+009,-3.369361757520722E+001,2.638274582344163E+001,
7.006842619745846E+009,-3.401248525174879E+001,7.799033192000128E+000,
7.010752688172043E+009,-3.439408413214292E+001,-1.218385388816114E+001,
7.014662756598240E+009,-3.520638098149608E+001,-3.115196826322726E+001,
7.018572825024438E+009,-3.584649068271595E+001,-4.679016196388213E+001,
7.022482893450636E+009,-3.608309391113744E+001,-6.239800233715630E+001,
7.026392961876833E+009,-3.608517567290057E+001,-8.024374815682110E+001,
7.030303030303030E+009,-3.629404351995718E+001,-1.002768376083887E+002,
7.034213098729228E+009,-3.677792454861513E+001,-1.215413533948126E+002,
7.038123167155425E+009,-3.789567766041460E+001,-1.420911734821311E+002,
7.042033235581623E+009,-3.906983648718306E+001,-1.586022122804237E+002,
7.045943304007820E+009,-3.966367604536761E+001,-1.718663106094792E+002,
7.049853372434017E+009,-4.012272214501525E+001,1.713642736668845E+002,
7.053763440860215E+009,-4.036334764619895E+001,1.567005370322948E+002,
7.057673509286413E+009,-4.067205687106781E+001,1.392292580061656E+002,
7.061583577712610E+009,-4.116248131252376E+001,1.216579791012740E+002,
7.065493646138807E+009,-4.118229017738205E+001,1.054539930698479E+002,
7.069403714565004E+009,-4.113138485960420E+001,8.256043899597361E+001,
7.073313782991202E+009,-4.190083013672131E+001,5.830468741935083E+001,
7.077223851417400E+009,-4.354088427465128E+001,3.246463213518364E+001,
7.081133919843597E+009,-4.600278229332417E+001,1.200774718822176E+001,
7.085043988269795E+009,-4.863378259859731E+001,-4.253965109984755E-001,
7.088954056695993E+009,-4.939650673328159E+001,-8.264774116071505E+000,
7.092864125122190E+009,-5.003053179614467E+001,-2.536995187462225E+001,
7.096774193548388E+009,-5.135076155360552E+001,-4.758052846630375E+001,
7.100684261974585E+009,-5.428208621143540E+001,-6.548794930202415E+001,
7.104594330400782E+009,-5.657162682963858E+001,-8.626504948242229E+001,
7.108504398826980E+009,-5.977576567354056E+001,-1.230064705942182E+002,
7.112414467253178E+009,-6.550000409586166E+001,1.476150250184921E+002,
7.116324535679375E+009,-6.003304912107658E+001,6.473170899925317E+001,
7.120234604105572E+009,-5.622384982779724E+001,3.064936483759981E+001,
7.124144672531769E+009,-5.279126729780033E+001,6.824415031581298E+000,
7.128054740957967E+009,-5.018680054469274E+001,-1.503390792558972E+001,
7.131964809384165E+009,-4.873593372497420E+001,-3.996838257035093E+001,
7.135874877810362E+009,-4.798102827183071E+001,-6.273385446376255E+001,
7.139784946236559E+009,-4.727353500696047E+001,-7.974821388594569E+001,
7.143695014662756E+009,-4.642941228383268E+001,-1.023861731770097E+002,
7.147605083088954E+009,-4.731253038378536E+001,-1.237452098255385E+002,
7.151515151515152E+009,-4.759717890208529E+001,-1.325349433439331E+002,
7.155425219941349E+009,-4.654745050980004E+001,-1.455430865043086E+002,
7.159335288367546E+009,-4.602263080661304E+001,-1.607544791488189E+002,
7.163245356793744E+009,-4.532657742029298E+001,-1.769701771377083E+002,
7.167155425219942E+009,-4.527040762936838E+001,1.657372390173174E+002,
7.171065493646139E+009,-4.520333830694925E+001,1.539375669237130E+002,
7.174975562072336E+009,-4.448441883721447E+001,1.375316734529311E+002,
7.178885630498533E+009,-4.458624832805037E+001,1.244151805397723E+002,
7.182795698924731E+009,-4.399168591508941E+001,1.129531758215267E+002,
7.186705767350929E+009,-4.282807993918443E+001,9.889758599140534E+001,
7.190615835777126E+009,-4.204757968574785E+001,8.313741049562519E+001,
7.194525904203323E+009,-4.101174311141395E+001,6.833356811956712E+001,
7.198435972629520E+009,-3.991637440637272E+001,4.947047446920210E+001,
7.202346041055718E+009,-3.920452909487173E+001,3.165877961811527E+001,
7.206256109481916E+009,-3.842018762800707E+001,1.228403086577961E+001,
7.210166177908114E+009,-3.773645849600988E+001,-5.927760181712876E+000,
7.214076246334311E+009,-3.701209244528534E+001,-2.639915973897687E+001,
7.217986314760509E+009,-3.671549353398751E+001,-4.847230621905931E+001,
7.221896383186706E+009,-3.674054952028541E+001,-6.759941458871637E+001,
7.225806451612904E+009,-3.666129066211624E+001,-8.522599709164533E+001,
7.229716520039101E+009,-3.646358900507244E+001,-1.023972405627258E+002,
7.233626588465298E+009,-3.609455166235169E+001,-1.189703968130696E+002,
7.237536656891496E+009,-3.548528228306276E+001,-1.361353036375381E+002,
7.241446725317694E+009,-3.499271628416612E+001,-1.567811000879953E+002,
7.245356793743891E+009,-3.489929347871762E+001,-1.769417195626366E+002,
7.249266862170088E+009,-3.467039153245276E+001,1.651407044009081E+002,
7.253176930596285E+009,-3.453381115850561E+001,1.463277978710783E+002,
7.257086999022483E+009,-3.421196340514237E+001,1.285677028182460E+002,
7.260997067448681E+009,-3.399755846857612E+001,1.091788781627836E+002,
7.264907135874878E+009,-3.395599703401792E+001,9.016607597669911E+001,
7.268817204301075E+009,-3.377144211128758E+001,7.147954095895777E+001,
7.272727272727273E+009,-3.373710920724010E+001,5.201699426470704E+001,
7.276637341153470E+009,-3.382133134996183E+001,3.331987380063281E+001,
7.280547409579668E+009,-3.398967071840021E+001,1.628432612608833E+001,
7.284457478005865E+009,-3.390850486235774E+001,-5.839641037946912E-001,
7.288367546432062E+009,-3.370745425265427E+001,-1.804093468114619E+001,
7.292277614858260E+009,-3.361559500564983E+001,-3.479893613888849E+001,
7.296187683284458E+009,-3.329246480429393E+001,-5.202513691654782E+001,
7.300097751710655E+009,-3.291345060636422E+001,-7.078479592241196E+001,
7.304007820136852E+009,-3.272235864901646E+001,-9.062930262210128E+001,
7.307917888563049E+009,-3.288462756996569E+001,-1.103637716651814E+002,
7.311827956989247E+009,-3.319398122178229E+001,-1.283530232379032E+002,
7.315738025415445E+009,-3.324250880172276E+001,-1.448306581238990E+002,
7.319648093841642E+009,-3.321980207644990E+001,-1.624234506527315E+002,
7.323558162267839E+009,-3.318333576455537E+001,-1.788464793300662E+002,
7.327468230694037E+009,-3.292371634337202E+001,1.644015147083038E+002,
7.331378299120235E+009,-3.254813786442100E+001,1.464006613848907E+002,
7.335288367546433E+009,-3.233535044566244E+001,1.276931754465304E+002,
7.339198435972630E+009,-3.212809093700856E+001,1.092372531144538E+002,
7.343108504398827E+009,-3.199530952257635E+001,8.938626713326744E+001,
7.347018572825025E+009,-3.187585138145163E+001,6.946001374518787E+001,
7.350928641251223E+009,-3.205435103336387E+001,4.950293832230855E+001,
7.354838709677420E+009,-3.228102217037474E+001,3.063035651802731E+001,
7.358748778103617E+009,-3.250649644217118E+001,1.215424443697456E+001,
7.362658846529814E+009,-3.281672667647219E+001,-5.531228037813014E+000,
7.366568914956012E+009,-3.318850474499898E+001,-2.231709080201407E+001,
7.370478983382210E+009,-3.321820129326857E+001,-3.724437566861374E+001,
7.374389051808407E+009,-3.296974571909692E+001,-5.388451745953359E+001,
7.378299120234604E+009,-3.282379162774302E+001,-7.190734744667849E+001,
7.382209188660801E+009,-3.274629016990709E+001,-8.984779073822458E+001,
7.386119257086999E+009,-3.269126437350628E+001,-1.089083353138313E+002,
7.390029325513197E+009,-3.284611693503995E+001,-1.281717135943949E+002,
7.393939393939394E+009,-3.315771634820892E+001,-1.467287721271802E+002,
7.397849462365591E+009,-3.356088917837771E+001,-1.632741730235083E+002,
7.401759530791789E+009,-3.378499088888647E+001,-1.786231352281461E+002,
7.405669599217987E+009,-3.370804250467027E+001,1.649764856456322E+002,
7.409579667644184E+009,-3.372943484050492E+001,1.482137094267866E+002,
7.413489736070381E+009,-3.377766114769805E+001,1.325116629462296E+002,
7.417399804496578E+009,-3.351840927266605E+001,1.158758994201600E+002,
7.421309872922776E+009,-3.329787938466665E+001,9.787483005281253E+001,
7.425219941348974E+009,-3.326630047078479E+001,7.941982624983439E+001,
7.429130009775171E+009,-3.336951117663223E+001,6.105023733586808E+001,
7.433040078201368E+009,-3.342172188473738E+001,4.319537823106584E+001,
7.436950146627565E+009,-3.368823789732743E+001,2.509778468056967E+001,
7.440860215053763E+009,-3.405712750852095E+001,8.420006028827435E+000,
7.444770283479961E+009,-3.415322257753326E+001,-6.558162234908611E+000,
7.448680351906158E+009,-3.398692738508244E+001,-2.256982990582398E+001,
7.452590420332356E+009,-3.390469227920968E+001,-4.038298945329625E+001,
7.456500488758554E+009,-3.394783960153604E+001,-5.667182079130823E+001,
7.460410557184751E+009,-3.397519981808389E+001,-7.289767172674939E+001,
7.464320625610949E+009,-3.383384649820770E+001,-9.008947088673907E+001,
7.468230694037146E+009,-3.366862247212476E+001,-1.063019214638328E+002,
7.472140762463343E+009,-3.341673435163029E+001,-1.243588743289449E+002,
7.476050830889541E+009,-3.334142594198029E+001,-1.426952178100848E+002,
7.479960899315739E+009,-3.327530373248275E+001,-1.618348048804146E+002,
7.483870967741936E+009,-3.358253224578228E+001,1.799046625252124E+002,
7.487781036168133E+009,-3.377284083423662E+001,1.632446256758064E+002,
7.491691104594330E+009,-3.394198163204332E+001,1.464584007003410E+002,
7.495601173020528E+009,-3.416167789505548E+001,1.310919759942338E+002,
7.499511241446726E+009,-3.400179480295422E+001,1.166033858518428E+002,
7.503421309872923E+009,-3.355773063619419E+001,1.003707989817327E+002,
7.507331378299120E+009,-3.340350136378748E+001,8.176274459943865E+001,
7.511241446725318E+009,-3.329369687415833E+001,6.411999322788239E+001,
7.515151515151515E+009,-3.306795824035270E+001,4.723131604635658E+001,
7.519061583577713E+009,-3.289259470780341E+001,2.838064626819543E+001,
7.522971652003910E+009,-3.290363773390476E+001,9.786057694014271E+000,
7.526881720430107E+009,-3.291758338214356E+001,-8.088799435627690E+000,
7.530791788856305E+009,-3.300270395160641E+001,-2.626282905691567E+001,
7.534701857282503E+009,-3.312269663855781E+001,-4.331360132700520E+001,
7.538611925708700E+009,-3.317887201993209E+001,-5.912130322159243E+001,
7.542521994134897E+009,-3.304088495707288E+001,-7.547327773962114E+001,
7.546432062561094E+009,-3.275819597734392E+001,-9.245584274373545E+001,
7.550342130987292E+009,-3.249255938087555E+001,-1.099374761564696E+002,
7.554252199413490E+009,-3.224670277762608E+001,-1.284339454146332E+002,
7.558162267839687E+009,-3.206365339041960E+001,-1.468288958768878E+002,
7.562072336265884E+009,-3.193187897592987E+001,-1.658198502508657E+002,
7.565982404692082E+009,-3.191773067027973E+001,1.746557361459802E+002,
7.569892473118280E+009,-3.204413443253911E+001,1.558300526433633E+002,
7.573802541544478E+009,-3.215633376168265E+001,1.382055840269788E+002,
7.577712609970675E+009,-3.215169783063128E+001,1.206731484566250E+002,
7.581622678396872E+009,-3.210660046889861E+001,1.029511285069209E+002,
7.585532746823070E+009,-3.212503886047513E+001,8.495350050650066E+001,
7.589442815249268E+009,-3.213747127154595E+001,6.818241996339324E+001,
7.593352883675465E+009,-3.195122223554464E+001,5.050744327567459E+001,
7.597262952101662E+009,-3.181919905463001E+001,3.255611346457304E+001,
7.601173020527859E+009,-3.154424904616469E+001,1.391097688712449E+001,
7.605083088954057E+009,-3.128689887012573E+001,-5.598099128604886E+000,
7.608993157380255E+009,-3.126950367287073E+001,-2.596296670902209E+001,
7.612903225806452E+009,-3.141004578767873E+001,-4.529732335683794E+001,
7.616813294232649E+009,-3.144941716942885E+001,-6.495675814666946E+001,
7.620723362658846E+009,-3.164203930306954E+001,-8.394413768910295E+001,
7.624633431085044E+009,-3.181577271011658E+001,-1.027258255614607E+002,
7.628543499511242E+009,-3.202860071693448E+001,-1.202572232795502E+002,
7.632453567937439E+009,-3.205630770263292E+001,-1.378333275426926E+002,
7.636363636363636E+009,-3.191267002104858E+001,-1.551842725032851E+002,
7.640273704789834E+009,-3.169286640558439E+001,-1.741170728350659E+002,
7.644183773216032E+009,-3.166210437956018E+001,1.661063202052453E+002,
7.648093841642229E+009,-3.172493042963890E+001,1.456656004286642E+002,
7.652003910068426E+009,-3.190327637716217E+001,1.263399727485624E+002,
7.655913978494623E+009,-3.211334919159333E+001,1.070084677506126E+002,
7.659824046920821E+009,-3.221513091307050E+001,8.835425022850488E+001,
7.663734115347019E+009,-3.242938160882012E+001,6.837706753526585E+001,
7.667644183773216E+009,-3.271464369639168E+001,4.826150613636749E+001,
7.671554252199413E+009,-3.307662609142911E+001,2.940935448569974E+001,
7.675464320625610E+009,-3.323472925099537E+001,1.196024305737077E+001,
7.679374389051808E+009,-3.330736799297854E+001,-6.466357940762925E+000,
7.683284457478006E+009,-3.345364050039269E+001,-2.612634167210617E+001,
7.687194525904203E+009,-3.372764475071568E+001,-4.539599990195268E+001,
7.691104594330401E+009,-3.389950035691737E+001,-6.473314512001892E+001,
7.695014662756599E+009,-3.421500773276912E+001,-8.580982427994130E+001,
7.698924731182797E+009,-3.480415363685835E+001,-1.041978402740713E+002,
7.702834799608994E+009,-3.502710385056152E+001,-1.216788118000653E+002,
7.706744868035191E+009,-3.519937563199402E+001,-1.413069999159480E+002,
7.710654936461388E+009,-3.572058777432137E+001,-1.592245269227521E+002,
7.714565004887586E+009,-3.594265882427192E+001,-1.765815588633146E+002,
7.718475073313784E+009,-3.591199352314968E+001,1.648533924377852E+002,
7.722385141739981E+009,-3.606691171939569E+001,1.448568011184476E+002,
7.726295210166178E+009,-3.636853995019717E+001,1.238598033852506E+002,
7.730205278592375E+009,-3.696265825319271E+001,1.030817381357140E+002,
7.734115347018573E+009,-3.762517407552553E+001,8.386613913464517E+001,
7.738025415444771E+009,-3.825988623745453E+001,6.641217928270579E+001,
7.741935483870968E+009,-3.879305772449914E+001,4.957374540581485E+001,
7.745845552297165E+009,-3.892259523459528E+001,3.462546552286028E+001,
7.749755620723363E+009,-3.855514831359185E+001,1.614739947140547E+001,
7.753665689149560E+009,-3.881451987181664E+001,-4.322165038323142E+000,
7.757575757575758E+009,-3.903345196124548E+001,-2.446067767989987E+001,
7.761485826001955E+009,-3.912710731704855E+001,-4.716982308399228E+001,
7.765395894428152E+009,-3.960178446848722E+001,-6.897097896843805E+001,
7.769305962854350E+009,-4.014675931971419E+001,-8.927973253748334E+001,
7.773216031280548E+009,-4.084709880492866E+001,-1.104072609776772E+002,
7.777126099706745E+009,-4.145806097688920E+001,-1.279416996217268E+002,
7.781036168132942E+009,-4.188443866074634E+001,-1.473299950616402E+002,
7.784946236559139E+009,-4.198543636422906E+001,-1.655933883747289E+002,
7.788856304985337E+009,-4.187984286460109E+001,1.733429617951821E+002,
7.792766373411535E+009,-4.211750579197624E+001,1.532851929550165E+002,
7.796676441837732E+009,-4.207900738047763E+001,1.287099730627415E+002,
7.800586510263929E+009,-4.215005418051237E+001,1.061150572143356E+002,
7.804496578690127E+009,-4.273226026162747E+001,7.927714998872607E+001,
7.808406647116324E+009,-4.351317036998520E+001,5.681556667692348E+001,
7.812316715542522E+009,-4.405106509273934E+001,3.589899852999572E+001,
7.816226783968720E+009,-4.440284044890604E+001,1.499621172741837E+001,
7.820136852394917E+009,-4.475779761869510E+001,-3.766744985681934E+000,
7.824046920821115E+009,-4.447105784190627E+001,-2.388671461728947E+001,
7.827956989247313E+009,-4.407127139751614E+001,-4.486337029915864E+001,
7.831867057673510E+009,-4.389908596234952E+001,-6.880326949839318E+001,
7.835777126099707E+009,-4.348933371216511E+001,-9.210395464824684E+001,
7.839687194525904E+009,-4.293343983396153E+001,-1.145576571641257E+002,
7.843597262952102E+009,-4.251702923543964E+001,-1.408693878685293E+002,
7.847507331378300E+009,-4.232453958903221E+001,-1.640917866773516E+002,
7.851417399804497E+009,-4.244227974159833E+001,1.708280226467067E+002,
7.855327468230694E+009,-4.303381167180770E+001,1.478553756169002E+002,
7.859237536656891E+009,-4.301699579197759E+001,1.315085041623780E+002,
7.863147605083089E+009,-4.297480586444050E+001,1.143489423782452E+002,
7.867057673509287E+009,-4.239005702852528E+001,9.418697609660808E+001,
7.870967741935484E+009,-4.178311681400113E+001,7.511590614646468E+001,
7.874877810361681E+009,-4.140181978537213E+001,5.455965202375089E+001,
7.878787878787879E+009,-4.074231753299220E+001,3.473265397209588E+001,
7.882697947214077E+009,-4.038635065121935E+001,1.167942908057555E+001,
7.886608015640274E+009,-4.048039650085848E+001,-7.835922888496910E+000,
7.890518084066471E+009,-4.021270799609492E+001,-2.707141829950560E+001,
7.894428152492668E+009,-4.004393835291104E+001,-4.520986899764210E+001,
7.898338220918866E+009,-3.970410818905029E+001,-6.401424249072520E+001,
7.902248289345064E+009,-3.934441419410461E+001,-8.173244994489768E+001,
7.906158357771261E+009,-3.870629554088926E+001,-1.016906777015295E+002,
7.910068426197458E+009,-3.840767995290192E+001,-1.213980898365126E+002,
7.913978494623655E+009,-3.806960010949315E+001,-1.416222225953092E+002,
7.917888563049853E+009,-3.803871237504532E+001,-1.621067825457781E+002,
7.921798631476051E+009,-3.803076625521572E+001,1.790042386734754E+002,
7.925708699902248E+009,-3.803687315850520E+001,1.617473375845324E+002,
7.929618768328445E+009,-3.777436730298832E+001,1.434613332934014E+002,
7.933528836754643E+009,-3.753628240455399E+001,1.262721825743220E+002,
7.937438905180841E+009,-3.722826164522996E+001,1.094148575103228E+002,
7.941348973607039E+009,-3.666495956502831E+001,9.123851989600806E+001,
7.945259042033236E+009,-3.617138799210453E+001,7.098557395415406E+001,
7.949169110459433E+009,-3.594848293013606E+001,5.105067225912917E+001,
7.953079178885631E+009,-3.572236507968308E+001,3.187718206277242E+001,
7.956989247311829E+009,-3.554116325232283E+001,1.180926753485978E+001,
7.960899315738026E+009,-3.551026105518857E+001,-7.744201128928865E+000,
7.964809384164223E+009,-3.556867430341767E+001,-2.671962221600877E+001,
7.968719452590420E+009,-3.556910905727440E+001,-4.335942952766843E+001,
7.972629521016618E+009,-3.528053584794131E+001,-6.080983250771587E+001,
7.976539589442816E+009,-3.490308587838279E+001,-7.854602071642971E+001,
7.980449657869013E+009,-3.456267041061820E+001,-9.840468122379497E+001,
7.984359726295210E+009,-3.440162328493952E+001,-1.183956279730199E+002,
7.988269794721408E+009,-3.430786636650922E+001,-1.374927877940601E+002,
7.992179863147605E+009,-3.423114456784339E+001,-1.565700053664354E+002,
7.996089931573803E+009,-3.407287788203517E+001,-1.753046888954363E+002,
8.000000000000000E+009,-3.399404193747041E+001,1.645436561522814E+002,
