% Version 1.00
%
%freq[Hz];db:Trc1_S21;ang:Trc1_S21;
4.000000000000000E+009,-2.871045385108643E+001,6.788561310365641E+001,
4.003910068426198E+009,-2.801343558721105E+001,5.143199746498106E+001,
4.007820136852395E+009,-2.766331186170914E+001,3.095010481758925E+001,
4.011730205278593E+009,-2.766246995620563E+001,1.275177891593975E+001,
4.015640273704790E+009,-2.743342892327896E+001,-3.217289804897609E+000,
4.019550342130987E+009,-2.694632211794435E+001,-2.097622196471362E+001,
4.023460410557185E+009,-2.625050390415632E+001,-3.873299036046004E+001,
4.027370478983382E+009,-2.563584399889621E+001,-6.094240657422088E+001,
4.031280547409580E+009,-2.580188565899786E+001,-8.212442084264291E+001,
4.035190615835777E+009,-2.607623555766750E+001,-1.009268569380397E+002,
4.039100684261975E+009,-2.615433313035638E+001,-1.176935163576335E+002,
4.043010752688172E+009,-2.571900191122528E+001,-1.340914747536920E+002,
4.046920821114369E+009,-2.542739017442302E+001,-1.538362300605427E+002,
4.050830889540567E+009,-2.527469519055787E+001,-1.730097686456872E+002,
4.054740957966765E+009,-2.511534160006902E+001,1.675730424003898E+002,
4.058651026392962E+009,-2.516626028579490E+001,1.481355844087382E+002,
4.062561094819160E+009,-2.519927355076258E+001,1.299291689440546E+002,
4.066471163245357E+009,-2.502114600988933E+001,1.110498565117810E+002,
4.070381231671554E+009,-2.504660796113828E+001,9.187795880965457E+001,
4.074291300097752E+009,-2.519287777834585E+001,7.314735897549853E+001,
4.078201368523949E+009,-2.525840162710585E+001,5.598604695400669E+001,
4.082111436950147E+009,-2.504110773018827E+001,3.770863360502278E+001,
4.086021505376344E+009,-2.510162594914607E+001,1.815806690713937E+001,
4.089931573802542E+009,-2.520632086002174E+001,-3.369715876820643E-001,
4.093841642228739E+009,-2.522725321607348E+001,-1.830628843617610E+001,
4.097751710654936E+009,-2.536907761206985E+001,-3.609738787600018E+001,
4.101661779081134E+009,-2.528633899058534E+001,-5.278581134681212E+001,
4.105571847507331E+009,-2.508018251800367E+001,-7.219240466306513E+001,
4.109481915933529E+009,-2.521293603355127E+001,-9.023596671201011E+001,
4.113391984359726E+009,-2.525047079937691E+001,-1.083273534633438E+002,
4.117302052785924E+009,-2.527602090102892E+001,-1.261979625331521E+002,
4.121212121212121E+009,-2.513266692400396E+001,-1.445822678056072E+002,
4.125122189638319E+009,-2.502952258450977E+001,-1.644383348113072E+002,
4.129032258064516E+009,-2.515767399005580E+001,1.763900542016322E+002,
4.132942326490714E+009,-2.539803397844004E+001,1.576447966518902E+002,
4.136852394916911E+009,-2.556707349646963E+001,1.383580244152431E+002,
4.140762463343109E+009,-2.594000541825262E+001,1.209241123217041E+002,
4.144672531769306E+009,-2.592528556284120E+001,1.044420457973938E+002,
4.148582600195503E+009,-2.585290836502166E+001,8.657111274963967E+001,
4.152492668621701E+009,-2.590774813423194E+001,6.729955851317389E+001,
4.156402737047898E+009,-2.604940520120131E+001,4.689090288934163E+001,
4.160312805474096E+009,-2.629156756694978E+001,2.919795411735527E+001,
4.164222873900293E+009,-2.651690329768302E+001,9.325174348565509E+000,
4.168132942326491E+009,-2.694669543483958E+001,-9.028956646332270E+000,
4.172043010752688E+009,-2.742419576783401E+001,-2.495579490331788E+001,
4.175953079178886E+009,-2.742697462914983E+001,-4.024066960029409E+001,
4.179863147605083E+009,-2.754417320050292E+001,-5.753957343659744E+001,
4.183773216031281E+009,-2.762488153979526E+001,-7.567875465170360E+001,
4.187683284457478E+009,-2.774053947606564E+001,-9.498017782478144E+001,
4.191593352883676E+009,-2.788566688041129E+001,-1.124061003665290E+002,
4.195503421309873E+009,-2.805991528410587E+001,-1.295847468612353E+002,
4.199413489736071E+009,-2.829301891321458E+001,-1.477416109684536E+002,
4.203323558162268E+009,-2.847834651458815E+001,-1.649002755762900E+002,
4.207233626588465E+009,-2.879239477283342E+001,1.765263076215657E+002,
4.211143695014663E+009,-2.909676876442546E+001,1.589069472930421E+002,
4.215053763440860E+009,-2.984725364746559E+001,1.426137686760791E+002,
4.218963831867058E+009,-2.980891105557846E+001,1.283713872580394E+002,
4.222873900293255E+009,-2.991665458546794E+001,1.102977608583702E+002,
4.226783968719452E+009,-2.986893968034385E+001,9.456703867907183E+001,
4.230694037145650E+009,-2.985876841303748E+001,7.670154530989539E+001,
4.234604105571847E+009,-3.004417099378279E+001,5.827633373461735E+001,
4.238514173998045E+009,-3.018986922998226E+001,4.179657920024741E+001,
4.242424242424243E+009,-3.003140158841023E+001,2.468377140272195E+001,
4.246334310850440E+009,-3.031096931227852E+001,2.958125350937396E+000,
4.250244379276638E+009,-3.070363198730490E+001,-1.311336090295200E+001,
4.254154447702835E+009,-3.097287968769026E+001,-3.301279442722093E+001,
4.258064516129032E+009,-3.153130905219440E+001,-5.048376630136571E+001,
4.261974584555230E+009,-3.212196739261795E+001,-6.675055954759451E+001,
4.265884652981427E+009,-3.243397654405275E+001,-8.137842508399959E+001,
4.269794721407625E+009,-3.223204702799145E+001,-9.653062452486243E+001,
4.273704789833822E+009,-3.223487289271851E+001,-1.151377632873201E+002,
4.277614858260019E+009,-3.248559431771192E+001,-1.344902661804702E+002,
4.281524926686217E+009,-3.244778783538204E+001,-1.542556469781812E+002,
4.285434995112414E+009,-3.278607995855450E+001,-1.714279158952610E+002,
4.289345063538612E+009,-3.302118972716046E+001,1.670629705976436E+002,
4.293255131964809E+009,-3.390577670872607E+001,1.457620147035885E+002,
4.297165200391007E+009,-3.512216527195240E+001,1.274276337459370E+002,
4.301075268817205E+009,-3.616880196652190E+001,1.130590480649868E+002,
4.304985337243402E+009,-3.698629829941374E+001,1.007603954532975E+002,
4.308895405669600E+009,-3.724930062688026E+001,8.602733699782691E+001,
4.312805474095797E+009,-3.772143764819649E+001,7.237772912092379E+001,
4.316715542521994E+009,-3.767008848505071E+001,5.588575375058196E+001,
4.320625610948192E+009,-3.820394365657616E+001,3.889742677155527E+001,
4.324535679374389E+009,-3.873993631520303E+001,2.319205111343602E+001,
4.328445747800587E+009,-3.947989770165356E+001,3.585302087126825E+000,
4.332355816226784E+009,-4.062098465969412E+001,-1.163767834935995E+001,
4.336265884652982E+009,-4.250192136749351E+001,-2.416240354481842E+001,
4.340175953079179E+009,-4.303990254006312E+001,-2.107820805613133E+001,
4.344086021505377E+009,-4.144008595872828E+001,-2.711405942030764E+001,
4.347996089931574E+009,-4.006232885550980E+001,-4.540745142094062E+001,
4.351906158357771E+009,-3.948465994401659E+001,-6.849156636207229E+001,
4.355816226783969E+009,-4.041947166836561E+001,-9.125229731992766E+001,
4.359726295210166E+009,-4.110976518056444E+001,-1.006141949774554E+002,
4.363636363636364E+009,-4.022228933928464E+001,-1.174308986450160E+002,
4.367546432062561E+009,-3.988711320574471E+001,-1.400600097311457E+002,
4.371456500488758E+009,-4.075236624644195E+001,-1.651575427407383E+002,
4.375366568914956E+009,-4.243390254735778E+001,1.736598227637740E+002,
4.379276637341153E+009,-4.446483332242665E+001,1.591408145441574E+002,
4.383186705767351E+009,-4.668737849044333E+001,1.545767961290430E+002,
4.387096774193548E+009,-4.626703362478278E+001,1.609690338817042E+002,
4.391006842619746E+009,-4.348519823202060E+001,1.424128109599671E+002,
4.394916911045943E+009,-4.317242645068139E+001,1.136249899175168E+002,
4.398826979472141E+009,-4.455362812621857E+001,9.215026022667112E+001,
4.402737047898338E+009,-4.569522897726926E+001,7.052113084666746E+001,
4.406647116324535E+009,-4.771214964523109E+001,5.933400155224135E+001,
4.410557184750733E+009,-4.759556716932291E+001,3.833482421606779E+001,
4.414467253176930E+009,-4.949408822014319E+001,5.671030894262405E+000,
4.418377321603128E+009,-5.623516995430902E+001,-3.656597632912735E+001,
4.422287390029326E+009,-7.099391421485309E+001,1.347731168534965E+002,
4.426197458455523E+009,-5.706683689330941E+001,1.081942066543873E+002,
4.430107526881721E+009,-5.148068439162395E+001,7.705640348526028E+001,
4.434017595307918E+009,-5.045803278240517E+001,5.639371271496381E+001,
4.437927663734116E+009,-4.973319535143405E+001,3.991894173345699E+001,
4.441837732160313E+009,-4.897514474055491E+001,3.363282353593866E+001,
4.445747800586511E+009,-4.643825881267682E+001,1.955628977514312E+001,
4.449657869012708E+009,-4.755408947180204E+001,-4.301168716855316E+000,
4.453567937438905E+009,-4.723336844315502E+001,5.075578912647259E+000,
4.457478005865103E+009,-4.380571581684158E+001,-1.058827235483715E+001,
4.461388074291300E+009,-4.293450825529862E+001,-2.873496951239875E+001,
4.465298142717498E+009,-4.155355997964580E+001,-3.935026469812549E+001,
4.469208211143695E+009,-3.975774846267176E+001,-6.073018269661196E+001,
4.473118279569893E+009,-3.935753891914010E+001,-7.950860593032483E+001,
4.477028347996090E+009,-3.846463067575876E+001,-9.505711950810458E+001,
4.480938416422287E+009,-3.758304345617231E+001,-1.100744455826988E+002,
4.484848484848485E+009,-3.619201053040893E+001,-1.265067213152769E+002,
4.488758553274682E+009,-3.528477772603188E+001,-1.472900298628085E+002,
4.492668621700880E+009,-3.463711360265388E+001,-1.640908415564350E+002,
4.496578690127077E+009,-3.356255574227986E+001,1.771748613785710E+002,
4.500488758553275E+009,-3.283361982343587E+001,1.571414303042197E+002,
4.504398826979472E+009,-3.214455200749879E+001,1.378576417255403E+002,
4.508308895405669E+009,-3.151855215720150E+001,1.176620316431483E+002,
4.512218963831867E+009,-3.117157155272681E+001,9.703757030548528E+001,
4.516129032258064E+009,-3.103231649384223E+001,7.788574756991395E+001,
4.520039100684262E+009,-3.088367482626085E+001,5.915428604549251E+001,
4.523949169110459E+009,-3.072561314305549E+001,4.399071990759263E+001,
4.527859237536657E+009,-3.007693085479687E+001,2.725851849002949E+001,
4.531769305962854E+009,-2.942467023691046E+001,8.721570681960428E+000,
4.535679374389051E+009,-2.880489828316195E+001,-1.078338475220299E+001,
4.539589442815249E+009,-2.859844105142994E+001,-3.088118617012255E+001,
4.543499511241447E+009,-2.801528654822463E+001,-4.950074714558927E+001,
4.547409579667645E+009,-2.765283551733451E+001,-7.014221155396020E+001,
4.551319648093842E+009,-2.753431656618395E+001,-8.990306348486492E+001,
4.555229716520039E+009,-2.736765991886362E+001,-1.098812899296957E+002,
4.559139784946237E+009,-2.741239939854205E+001,-1.290963862620060E+002,
4.563049853372434E+009,-2.735490142747047E+001,-1.489424819913341E+002,
4.566959921798632E+009,-2.747521310341944E+001,-1.662585196235820E+002,
4.570869990224829E+009,-2.723886801977664E+001,1.769401284555575E+002,
4.574780058651027E+009,-2.707383394781686E+001,1.599062325281751E+002,
4.578690127077224E+009,-2.667929606636939E+001,1.411836059435027E+002,
4.582600195503422E+009,-2.640982908784741E+001,1.231344388783824E+002,
4.586510263929619E+009,-2.619091909836196E+001,1.040585788414725E+002,
4.590420332355816E+009,-2.587101050084309E+001,8.413144205478314E+001,
4.594330400782014E+009,-2.587120457552996E+001,6.476734875904586E+001,
4.598240469208211E+009,-2.589004223538431E+001,4.533728328221179E+001,
4.602150537634409E+009,-2.591795166701974E+001,2.636398164560032E+001,
4.606060606060606E+009,-2.596463987923794E+001,7.883663332161157E+000,
4.609970674486803E+009,-2.617967749420877E+001,-9.510897825114098E+000,
4.613880742913001E+009,-2.600525492883278E+001,-2.516534993340099E+001,
4.617790811339198E+009,-2.561533659587877E+001,-4.335585353494586E+001,
4.621700879765396E+009,-2.541522195821123E+001,-6.287825190471833E+001,
4.625610948191593E+009,-2.534610062578593E+001,-8.205686562735554E+001,
4.629521016617791E+009,-2.528265393299310E+001,-1.013587320431265E+002,
4.633431085043988E+009,-2.527400839043985E+001,-1.202358340629743E+002,
4.637341153470186E+009,-2.535830121544895E+001,-1.389856762966697E+002,
4.641251221896383E+009,-2.529733646223001E+001,-1.567792922797545E+002,
4.645161290322580E+009,-2.513567903738498E+001,-1.749143730072852E+002,
4.649071358748778E+009,-2.508741813652062E+001,1.658504222870947E+002,
4.652981427174975E+009,-2.518070148454342E+001,1.466980770393631E+002,
4.656891495601173E+009,-2.522088090008287E+001,1.293281339222184E+002,
4.660801564027371E+009,-2.510785707150199E+001,1.108262174319210E+002,
4.664711632453568E+009,-2.501635546333159E+001,9.188674831594656E+001,
4.668621700879766E+009,-2.504840804209397E+001,7.308784796300105E+001,
4.672531769305963E+009,-2.496291928784099E+001,5.413247269089257E+001,
4.676441837732161E+009,-2.499616123532272E+001,3.458471259261273E+001,
4.680351906158358E+009,-2.515204042083998E+001,1.559476037599134E+001,
4.684261974584556E+009,-2.527425441220490E+001,-2.628982051625779E+000,
4.688172043010753E+009,-2.532620171506108E+001,-2.107460622602930E+001,
4.692082111436951E+009,-2.534619643472732E+001,-4.011996884159941E+001,
4.695992179863148E+009,-2.547390248619415E+001,-5.886867198870933E+001,
4.699902248289345E+009,-2.570231867071541E+001,-7.683776306925132E+001,
4.703812316715543E+009,-2.563806702172499E+001,-9.550237635363160E+001,
4.707722385141740E+009,-2.589793254523948E+001,-1.141808819764652E+002,
4.711632453567938E+009,-2.599246943349013E+001,-1.319500131070975E+002,
4.715542521994135E+009,-2.595434390743261E+001,-1.500406190615113E+002,
4.719452590420332E+009,-2.591862824634486E+001,-1.694925462796368E+002,
4.723362658846530E+009,-2.598650478038607E+001,1.714999369503157E+002,
4.727272727272727E+009,-2.629604158596774E+001,1.519130405079527E+002,
4.731182795698925E+009,-2.654109819783837E+001,1.330756178211246E+002,
4.735092864125122E+009,-2.684089336976279E+001,1.154850267564802E+002,
4.739002932551320E+009,-2.693002526834709E+001,9.722043663438164E+001,
4.742913000977517E+009,-2.710615053997827E+001,7.911010632655108E+001,
4.746823069403714E+009,-2.735079097965821E+001,6.129570425997037E+001,
4.750733137829912E+009,-2.757479056111502E+001,4.311189888884942E+001,
4.754643206256109E+009,-2.764686763704170E+001,2.513623599681473E+001,
4.758553274682307E+009,-2.776602219596839E+001,7.637245063579241E+000,
4.762463343108504E+009,-2.775223695907665E+001,-1.035514692741066E+001,
4.766373411534702E+009,-2.794072538420691E+001,-3.052347563298046E+001,
4.770283479960899E+009,-2.830596042446345E+001,-4.867562664099855E+001,
4.774193548387096E+009,-2.846154053333560E+001,-6.632969006046437E+001,
4.778103616813294E+009,-2.884338285786384E+001,-8.460713724481290E+001,
4.782013685239492E+009,-2.917134099174877E+001,-1.006878068675204E+002,
4.785923753665690E+009,-2.910087146191641E+001,-1.174029590631020E+002,
4.789833822091887E+009,-2.906673859401702E+001,-1.362104360069177E+002,
4.793743890518084E+009,-2.926921273177566E+001,-1.537473762326414E+002,
4.797653958944282E+009,-2.922946632141295E+001,-1.717485376790634E+002,
4.801564027370479E+009,-2.931483037303620E+001,1.693553238734288E+002,
4.805474095796677E+009,-2.951628601438387E+001,1.507374830034891E+002,
4.809384164222874E+009,-2.967797369608340E+001,1.314275785457693E+002,
4.813294232649072E+009,-3.009978292337662E+001,1.107490222141522E+002,
4.817204301075269E+009,-3.055355705502681E+001,9.189237797245303E+001,
4.821114369501467E+009,-3.115133886003880E+001,7.416904685074836E+001,
4.825024437927664E+009,-3.144854528284456E+001,5.809630234997949E+001,
4.828934506353861E+009,-3.160743858954210E+001,4.315977898817414E+001,
4.832844574780059E+009,-3.128639277035498E+001,2.528921499916347E+001,
4.836754643206256E+009,-3.124683520274824E+001,5.543626017158491E+000,
4.840664711632454E+009,-3.168249619330715E+001,-1.514490950698514E+001,
4.844574780058651E+009,-3.218041144877604E+001,-3.382003993170255E+001,
4.848484848484848E+009,-3.252174609471311E+001,-5.159229795570901E+001,
4.852394916911046E+009,-3.294884600601115E+001,-7.064258823017286E+001,
4.856304985337243E+009,-3.342524376944213E+001,-8.860404944305012E+001,
4.860215053763441E+009,-3.371065528777211E+001,-1.071456687976605E+002,
4.864125122189638E+009,-3.436541886268257E+001,-1.239711262245874E+002,
4.868035190615836E+009,-3.480443630817141E+001,-1.398002471338522E+002,
4.871945259042033E+009,-3.490625750024320E+001,-1.548180157539307E+002,
4.875855327468231E+009,-3.479970590424728E+001,-1.726649391694689E+002,
4.879765395894428E+009,-3.493654236427196E+001,1.669244726137894E+002,
4.883675464320625E+009,-3.559678098743004E+001,1.491154268125205E+002,
4.887585532746823E+009,-3.594684808387311E+001,1.332458268507198E+002,
4.891495601173020E+009,-3.601571264652296E+001,1.161811010527207E+002,
4.895405669599218E+009,-3.627791782766848E+001,9.837564736480596E+001,
4.899315738025415E+009,-3.651358065172035E+001,8.117151251376690E+001,
4.903225806451613E+009,-3.669790817393338E+001,6.319728195582831E+001,
4.907135874877811E+009,-3.715193213623822E+001,4.629879897440207E+001,
4.911045943304008E+009,-3.693601762065030E+001,3.069517232500472E+001,
4.914956011730206E+009,-3.656528090099727E+001,1.265906828856563E+001,
4.918866080156403E+009,-3.660614947365851E+001,-9.263339265068099E+000,
4.922776148582601E+009,-3.711075263801074E+001,-2.952665364434967E+001,
4.926686217008798E+009,-3.724553150504275E+001,-4.557782229337624E+001,
4.930596285434996E+009,-3.704440504744292E+001,-6.760035025444272E+001,
4.934506353861193E+009,-3.769791175947825E+001,-9.017815511687819E+001,
4.938416422287390E+009,-3.868921727060448E+001,-1.085950223871135E+002,
4.942326490713588E+009,-3.910395852665346E+001,-1.245532084997648E+002,
4.946236559139785E+009,-3.934950517424529E+001,-1.393267200311797E+002,
4.950146627565983E+009,-3.904002859976183E+001,-1.548009509746952E+002,
4.954056695992180E+009,-3.799494864704450E+001,-1.757890494377545E+002,
4.957966764418377E+009,-3.782014634407440E+001,1.575991729168313E+002,
4.961876832844575E+009,-3.843619033421310E+001,1.326658473028234E+002,
4.965786901270772E+009,-3.889912650350891E+001,1.096889663141252E+002,
4.969696969696970E+009,-3.947519738547278E+001,8.529313736185131E+001,
4.973607038123167E+009,-4.068385597242573E+001,6.086374854630010E+001,
4.977517106549365E+009,-4.192509306607476E+001,4.167376736089946E+001,
4.981427174975562E+009,-4.319671643240799E+001,2.341401048357040E+001,
4.985337243401759E+009,-4.429286540052485E+001,7.604510868760067E+000,
4.989247311827957E+009,-4.494444529290170E+001,-1.495393618565152E+000,
4.993157380254154E+009,-4.351187591305163E+001,-1.576951092805227E+001,
4.997067448680352E+009,-4.289943294211912E+001,-4.072422327702551E+001,
5.000977517106549E+009,-4.290772006704728E+001,-6.438153602946080E+001,
5.004887585532747E+009,-4.299960391975775E+001,-8.740222105942546E+001,
5.008797653958944E+009,-4.272660655503231E+001,-1.110908361502553E+002,
5.012707722385141E+009,-4.289699402719286E+001,-1.371127084716739E+002,
5.016617790811339E+009,-4.297479298850312E+001,-1.619976618721847E+002,
5.020527859237536E+009,-4.350066245417136E+001,1.688596915378781E+002,
5.024437927663734E+009,-4.456930565194674E+001,1.418163628404964E+002,
5.028347996089932E+009,-4.639552096975530E+001,1.227387016259457E+002,
5.032258064516129E+009,-4.711328920544305E+001,1.040217956364662E+002,
5.036168132942327E+009,-4.763030357800942E+001,9.147162188323222E+001,
5.040078201368524E+009,-4.794239270374364E+001,8.112136692439714E+001,
5.043988269794722E+009,-4.617881871402923E+001,6.749152787943066E+001,
5.047898338220919E+009,-4.479338265661501E+001,4.520143319005805E+001,
5.051808406647117E+009,-4.401673671961128E+001,1.711392009072875E+001,
5.055718475073314E+009,-4.378072072171447E+001,-9.015294321605616E+000,
5.059628543499512E+009,-4.453834410969500E+001,-3.359414482870779E+001,
5.063538611925709E+009,-4.533304974046337E+001,-5.298589435397080E+001,
5.067448680351906E+009,-4.572018615478815E+001,-6.583267815889323E+001,
5.071358748778104E+009,-4.520423174839448E+001,-8.027594123002342E+001,
5.075268817204301E+009,-4.439407316762014E+001,-9.221623893958791E+001,
5.079178885630499E+009,-4.246940895372826E+001,-1.132268716936564E+002,
5.083088954056696E+009,-4.183129484194350E+001,-1.394226277363939E+002,
5.086999022482893E+009,-4.194242732881490E+001,-1.594853999618940E+002,
5.090909090909091E+009,-4.153497609640776E+001,-1.780914533335073E+002,
5.094819159335288E+009,-4.051961333308874E+001,1.607301043245568E+002,
5.098729227761486E+009,-4.051532784742878E+001,1.359484342813823E+002,
5.102639296187683E+009,-4.013103725588117E+001,1.138564012992030E+002,
5.106549364613881E+009,-4.056692841826656E+001,8.926728887059180E+001,
5.110459433040078E+009,-4.190688596399948E+001,6.958346181208117E+001,
5.114369501466276E+009,-4.280805409873403E+001,5.693955003084302E+001,
5.118279569892473E+009,-4.286496735598118E+001,4.933315421671170E+001,
5.122189638318670E+009,-4.166856145660698E+001,3.673418570478871E+001,
5.126099706744868E+009,-4.034191896712474E+001,2.048097043995445E+001,
5.130009775171065E+009,-3.950890029474530E+001,8.400148877483467E-001,
5.133919843597263E+009,-3.878211139522563E+001,-1.917829816384534E+001,
5.137829912023460E+009,-3.847115295285690E+001,-4.017795776941515E+001,
5.141739980449657E+009,-3.823119807428149E+001,-6.156858416063420E+001,
5.145650048875855E+009,-3.834920615334944E+001,-8.047210883209735E+001,
5.149560117302053E+009,-3.820870687554947E+001,-9.643867763184535E+001,
5.153470185728251E+009,-3.782559548921622E+001,-1.139880353937949E+002,
5.157380254154448E+009,-3.752691116308417E+001,-1.314592823175632E+002,
5.161290322580645E+009,-3.715271319065432E+001,-1.491154671375332E+002,
5.165200391006843E+009,-3.697461454556541E+001,-1.666886716750436E+002,
5.169110459433041E+009,-3.641751946241988E+001,1.791911983345580E+002,
5.173020527859238E+009,-3.540508690736040E+001,1.620701280786892E+002,
5.176930596285435E+009,-3.447584629452685E+001,1.395633311485930E+002,
5.180840664711633E+009,-3.417079134285325E+001,1.193248217701962E+002,
5.184750733137830E+009,-3.392428843988138E+001,9.997927915062147E+001,
5.188660801564028E+009,-3.357442041895871E+001,7.986591780747249E+001,
5.192570869990225E+009,-3.339699682955765E+001,6.072712255084732E+001,
5.196480938416422E+009,-3.333199814761817E+001,4.117776850034531E+001,
5.200391006842620E+009,-3.317550327762179E+001,2.458015067865764E+001,
5.204301075268817E+009,-3.259785753280929E+001,7.898137345745457E+000,
5.208211143695015E+009,-3.194523438757060E+001,-1.160552984858400E+001,
5.212121212121212E+009,-3.143618784928762E+001,-3.029442857382768E+001,
5.216031280547409E+009,-3.084548921693051E+001,-5.067419987799388E+001,
5.219941348973607E+009,-3.046333132300988E+001,-7.245981253469130E+001,
5.223851417399805E+009,-3.024635275005574E+001,-9.315057697143990E+001,
5.227761485826002E+009,-2.998411400592730E+001,-1.121587374909431E+002,
5.231671554252199E+009,-2.954084842492641E+001,-1.344449612252779E+002,
5.235581622678397E+009,-2.957578436350502E+001,-1.564864153091187E+002,
5.239491691104594E+009,-2.975562192600208E+001,-1.774083260158767E+002,
5.243401759530792E+009,-2.998553531096183E+001,1.637786269009722E+002,
5.247311827956989E+009,-2.977250012435892E+001,1.456007038401470E+002,
5.251221896383186E+009,-2.993845364666722E+001,1.257629997922512E+002,
5.255131964809384E+009,-2.998569126240829E+001,1.074924329098871E+002,
5.259042033235581E+009,-2.990053925226242E+001,9.097966211011423E+001,
5.262952101661779E+009,-2.939334051057841E+001,7.314238128677093E+001,
5.266862170087977E+009,-2.904106478594152E+001,5.405593450961193E+001,
5.270772238514174E+009,-2.872927226559121E+001,3.372415610557395E+001,
5.274682306940372E+009,-2.863518618388804E+001,1.269695755838309E+001,
5.278592375366570E+009,-2.854621342272829E+001,-7.755536471390863E+000,
5.282502443792767E+009,-2.838564250358567E+001,-2.868053141443437E+001,
5.286412512218964E+009,-2.852166477795299E+001,-4.948590575099124E+001,
5.290322580645162E+009,-2.888447243075507E+001,-6.922013174084147E+001,
5.294232649071359E+009,-2.905192019217700E+001,-8.795114669035475E+001,
5.298142717497557E+009,-2.913647073532752E+001,-1.043865204562199E+002,
5.302052785923754E+009,-2.917674565954996E+001,-1.220326636617542E+002,
5.305962854349951E+009,-2.896094499734916E+001,-1.393210353951607E+002,
5.309872922776149E+009,-2.879904386587426E+001,-1.585138211508574E+002,
5.313782991202346E+009,-2.863651672731707E+001,-1.759130666975026E+002,
5.317693059628544E+009,-2.847971545251663E+001,1.647216278472630E+002,
5.321603128054741E+009,-2.840488626169476E+001,1.449332040097308E+002,
5.325513196480938E+009,-2.822602672988657E+001,1.238413117574360E+002,
5.329423264907136E+009,-2.849961098186742E+001,1.042256699145359E+002,
5.333333333333333E+009,-2.882251464634125E+001,8.590477250004506E+001,
5.337243401759531E+009,-2.906082107934325E+001,6.860876668760503E+001,
5.341153470185728E+009,-2.881792003269734E+001,5.100336060882787E+001,
5.345063538611926E+009,-2.886672377429566E+001,3.371387408653789E+001,
5.348973607038123E+009,-2.888172294299029E+001,1.625456879843886E+001,
5.352883675464321E+009,-2.875590491042420E+001,-2.182983879893139E+000,
5.356793743890518E+009,-2.839821993924749E+001,-2.142932156690985E+001,
5.360703812316715E+009,-2.843219018038351E+001,-4.052694926239438E+001,
5.364613880742913E+009,-2.830708494761252E+001,-5.919219321880819E+001,
5.368523949169110E+009,-2.838006253481355E+001,-8.060753104439004E+001,
5.372434017595308E+009,-2.888764997244694E+001,-9.928314340755678E+001,
5.376344086021505E+009,-2.902621384863750E+001,-1.149003511692161E+002,
5.380254154447702E+009,-2.907688273622023E+001,-1.314459440850783E+002,
5.384164222873900E+009,-2.903428120548710E+001,-1.495097116548015E+002,
5.388074291300098E+009,-2.871817989106856E+001,-1.675547476938700E+002,
5.391984359726296E+009,-2.879937856834946E+001,1.739097253025858E+002,
5.395894428152493E+009,-2.879975914987554E+001,1.558840748773086E+002,
5.399804496578690E+009,-2.900919268519535E+001,1.380744348546146E+002,
5.403714565004888E+009,-2.894515212929424E+001,1.203373892997605E+002,
5.407624633431086E+009,-2.871076487890547E+001,1.026999558780982E+002,
5.411534701857283E+009,-2.874971628917959E+001,8.358263319412585E+001,
5.415444770283480E+009,-2.858998578299907E+001,6.467018689141395E+001,
5.419354838709678E+009,-2.881336040349618E+001,4.759491733905281E+001,
5.423264907135875E+009,-2.854648099890395E+001,2.959486117384186E+001,
5.427174975562073E+009,-2.856461321947229E+001,1.157747344950353E+001,
5.431085043988270E+009,-2.873267469015180E+001,-7.144860137656082E+000,
5.434995112414467E+009,-2.872816790260608E+001,-2.602150639784728E+001,
5.438905180840665E+009,-2.893141382762274E+001,-4.359345862620673E+001,
5.442815249266862E+009,-2.897459735057412E+001,-6.050769670887923E+001,
5.446725317693060E+009,-2.878386423311047E+001,-7.615665996986112E+001,
5.450635386119257E+009,-2.854696228951786E+001,-9.422067467488760E+001,
5.454545454545454E+009,-2.845777810389201E+001,-1.124123218111728E+002,
5.458455522971652E+009,-2.816231537492071E+001,-1.304286258300226E+002,
5.462365591397850E+009,-2.804242364199150E+001,-1.489605888649066E+002,
5.466275659824047E+009,-2.786833616308415E+001,-1.677527788359369E+002,
5.470185728250244E+009,-2.767047761130943E+001,1.733331567505209E+002,
5.474095796676442E+009,-2.758466121473764E+001,1.532872700215264E+002,
5.478005865102639E+009,-2.763955786714967E+001,1.338130992800774E+002,
5.481915933528837E+009,-2.764229163009418E+001,1.147807660949654E+002,
5.485826001955034E+009,-2.769508951072994E+001,9.603782220071594E+001,
5.489736070381231E+009,-2.767694263273270E+001,7.751287954899131E+001,
5.493646138807429E+009,-2.748611095191412E+001,5.787434738675021E+001,
5.497556207233626E+009,-2.751569429462943E+001,3.813303607203874E+001,
5.501466275659824E+009,-2.767581281420511E+001,1.803648244013281E+001,
5.505376344086021E+009,-2.786049506083215E+001,-2.169680415773697E+000,
5.509286412512219E+009,-2.814932029288643E+001,-2.057374395181050E+001,
5.513196480938417E+009,-2.822747518032865E+001,-3.775881748835950E+001,
5.517106549364615E+009,-2.822609493803335E+001,-5.614142315077523E+001,
5.521016617790812E+009,-2.822587997251888E+001,-7.640296572841800E+001,
5.524926686217009E+009,-2.843185705418592E+001,-9.618268228603071E+001,
5.528836754643207E+009,-2.839071913155167E+001,-1.144527864602761E+002,
5.532746823069404E+009,-2.870711481179248E+001,-1.340694334132387E+002,
5.536656891495602E+009,-2.872822344361176E+001,-1.526285933856649E+002,
5.540566959921799E+009,-2.877428123598381E+001,-1.738968255300248E+002,
5.544477028347996E+009,-2.909938552419639E+001,1.656570261591190E+002,
5.548387096774194E+009,-2.955030042511741E+001,1.448601210178065E+002,
5.552297165200391E+009,-3.027032164191703E+001,1.267601303685634E+002,
5.556207233626589E+009,-3.087039754884707E+001,1.100270731809645E+002,
5.560117302052786E+009,-3.115217287914855E+001,9.282499091505873E+001,
5.564027370478983E+009,-3.138352588823580E+001,7.621843420231150E+001,
5.567937438905181E+009,-3.146015883454151E+001,5.861777228902941E+001,
5.571847507331378E+009,-3.145606228764184E+001,4.126121852089310E+001,
5.575757575757576E+009,-3.170746325555690E+001,2.299706349749931E+001,
5.579667644183773E+009,-3.193829903647438E+001,2.686079339939692E+000,
5.583577712609971E+009,-3.197542330941036E+001,-1.720290367473131E+001,
5.587487781036168E+009,-3.245722600268592E+001,-3.691817967523441E+001,
5.591397849462366E+009,-3.315521308027176E+001,-5.670675223582686E+001,
5.595307917888563E+009,-3.402099069490894E+001,-7.323129458422844E+001,
5.599217986314760E+009,-3.437159878722429E+001,-8.861929312037958E+001,
5.603128054740958E+009,-3.457362359364365E+001,-1.054107830875752E+002,
5.607038123167155E+009,-3.504887704971599E+001,-1.229608651671348E+002,
5.610948191593353E+009,-3.527238589181876E+001,-1.388623463624268E+002,
5.614858260019550E+009,-3.565107362048509E+001,-1.564461303393756E+002,
5.618768328445747E+009,-3.589871964141086E+001,-1.729143304746661E+002,
5.622678396871945E+009,-3.603696248368333E+001,1.710112641260017E+002,
5.626588465298142E+009,-3.606000255408237E+001,1.514732552630075E+002,
5.630498533724340E+009,-3.666918471491486E+001,1.331936339366325E+002,
5.634408602150538E+009,-3.700923834784926E+001,1.191450695580027E+002,
5.638318670576735E+009,-3.657039768338043E+001,1.021289930772396E+002,
5.642228739002933E+009,-3.659459733840136E+001,8.118569960107473E+001,
5.646138807429131E+009,-3.698760367007685E+001,5.927300055957675E+001,
5.650048875855328E+009,-3.816531763638248E+001,3.962225898592610E+001,
5.653958944281525E+009,-3.866982032431105E+001,2.593004684794931E+001,
5.657869012707723E+009,-3.886494878240465E+001,1.039460677948791E+001,
5.661779081133920E+009,-3.858255159922693E+001,-7.448802214738187E+000,
5.665689149560118E+009,-3.869258383492281E+001,-2.931740903083853E+001,
5.669599217986315E+009,-3.911937030388146E+001,-5.213351668106365E+001,
5.673509286412512E+009,-4.028512938449070E+001,-7.521390712098543E+001,
5.677419354838710E+009,-4.190806471191781E+001,-9.068443283675487E+001,
5.681329423264907E+009,-4.247773496568519E+001,-1.028769902123044E+002,
5.685239491691105E+009,-4.257981524696088E+001,-1.186892309214891E+002,
5.689149560117302E+009,-4.244962661070368E+001,-1.340649415911696E+002,
5.693059628543499E+009,-4.189465364231793E+001,-1.575899691593990E+002,
5.696969696969697E+009,-4.242283577697941E+001,1.772175201066515E+002,
5.700879765395895E+009,-4.306553943533877E+001,1.561001069514171E+002,
5.704789833822092E+009,-4.278158250851593E+001,1.332225823982086E+002,
5.708699902248289E+009,-4.283888122416929E+001,1.034468727035822E+002,
5.712609970674487E+009,-4.329099771015397E+001,6.971605311246053E+001,
5.716520039100684E+009,-4.511990485911429E+001,3.424337859992140E+001,
5.720430107526882E+009,-4.701797443902734E+001,1.982415459332284E+000,
5.724340175953079E+009,-5.024154407361414E+001,-2.089836545771927E+001,
5.728250244379276E+009,-5.108695837944200E+001,-2.864108634556589E+001,
5.732160312805474E+009,-4.926094454775905E+001,-4.058749612958265E+001,
5.736070381231671E+009,-4.662184995077280E+001,-6.056619849188358E+001,
5.739980449657869E+009,-4.437797146775392E+001,-9.123483052949896E+001,
5.743890518084066E+009,-4.300495371839765E+001,-1.198728868569616E+002,
5.747800586510263E+009,-4.154467791342862E+001,-1.486476926834039E+002,
5.751710654936461E+009,-4.040019424186427E+001,-1.769794090178586E+002,
5.755620723362660E+009,-3.923094701817994E+001,1.559831374659442E+002,
5.759530791788857E+009,-3.852402672716695E+001,1.277392565979937E+002,
5.763440860215054E+009,-3.835611859494375E+001,1.009794797219245E+002,
5.767350928641252E+009,-3.846920484209993E+001,7.622704319342608E+001,
5.771260997067449E+009,-3.903047196167245E+001,5.690897435950255E+001,
5.775171065493647E+009,-3.891527969231637E+001,4.069828104573674E+001,
5.779081133919844E+009,-3.995864194254192E+001,2.403943899921723E+001,
5.782991202346041E+009,-3.718073139526916E+001,6.209576317320066E+000,
5.786901270772239E+009,-3.663269810986322E+001,-1.578672889822106E+001,
5.790811339198436E+009,-3.623686664436436E+001,-3.422681271247570E+001,
5.794721407624634E+009,-3.552203383387739E+001,-5.441124117953548E+001,
5.798631476050831E+009,-3.513696314763832E+001,-7.580319064184569E+001,
5.802541544477028E+009,-3.476617061306953E+001,-9.705058812939049E+001,
5.806451612903226E+009,-3.468329791250109E+001,-1.190152899788155E+002,
5.810361681329423E+009,-3.512590104860281E+001,-1.389456460696324E+002,
5.814271749755621E+009,-3.541793879635144E+001,-1.547882186889362E+002,
5.818181818181818E+009,-3.502692368013874E+001,-1.696245056250697E+002,
5.822091886608016E+009,-3.447277128971076E+001,1.729034926380914E+002,
5.826001955034213E+009,-3.400013667498050E+001,1.530967524224274E+002,
5.829912023460411E+009,-3.391526898264304E+001,1.331330887829962E+002,
5.833822091886608E+009,-3.401688647088734E+001,1.167986365101547E+002,
5.837732160312805E+009,-3.348370053462609E+001,9.910553117231663E+001,
5.841642228739003E+009,-3.316460620075038E+001,7.869191169268757E+001,
5.845552297165200E+009,-3.325113376774014E+001,5.846751742369802E+001,
5.849462365591398E+009,-3.353379949528467E+001,4.135604019937955E+001,
5.853372434017595E+009,-3.334973825910617E+001,2.414484098483992E+001,
5.857282502443792E+009,-3.344633448141561E+001,8.165497641286400E+000,
5.861192570869990E+009,-3.315701114479565E+001,-7.411946280131626E+000,
5.865102639296187E+009,-3.263737043919191E+001,-2.468096115724609E+001,
5.869012707722385E+009,-3.229700911574597E+001,-4.319759825640097E+001,
5.872922776148583E+009,-3.198268172617333E+001,-6.318705869285564E+001,
5.876832844574780E+009,-3.219576377653515E+001,-8.234319445283219E+001,
5.880742913000978E+009,-3.216995576696663E+001,-9.811380340952508E+001,
5.884652981427176E+009,-3.171614705053571E+001,-1.155482672642633E+002,
5.888563049853373E+009,-3.155401455501426E+001,-1.357125000585251E+002,
5.892473118279570E+009,-3.183162384373636E+001,-1.552942966889628E+002,
5.896383186705768E+009,-3.222233270253675E+001,-1.707382854141419E+002,
5.900293255131965E+009,-3.215728268725963E+001,1.745668830981840E+002,
5.904203323558163E+009,-3.194856419858419E+001,1.590545760382703E+002,
5.908113391984360E+009,-3.137943458710549E+001,1.434821202817149E+002,
5.912023460410557E+009,-3.100915037489930E+001,1.245039070919687E+002,
5.915933528836755E+009,-3.071734280992877E+001,1.073027872691061E+002,
5.919843597262952E+009,-3.046719055647289E+001,8.809249761082707E+001,
5.923753665689150E+009,-3.059064981836854E+001,7.025066589972911E+001,
5.927663734115347E+009,-3.037273186871293E+001,5.412834502637026E+001,
5.931573802541544E+009,-3.001109967292323E+001,3.541999675206770E+001,
5.935483870967742E+009,-2.991297940379531E+001,1.676105416736681E+001,
5.939393939393940E+009,-2.993774439601365E+001,1.131835240926190E+000,
5.943304007820137E+009,-2.961930937125974E+001,-1.566875472889874E+001,
5.947214076246334E+009,-2.921915210886049E+001,-3.262100863149843E+001,
5.951124144672532E+009,-2.888362395707495E+001,-4.995101602702712E+001,
5.955034213098729E+009,-2.844301854706368E+001,-6.917856571179398E+001,
5.958944281524927E+009,-2.815263932151206E+001,-8.791555159696436E+001,
5.962854349951124E+009,-2.774935089767114E+001,-1.083829812051131E+002,
5.966764418377321E+009,-2.782749219775827E+001,-1.275793229007599E+002,
5.970674486803519E+009,-2.774650517715029E+001,-1.454979641868044E+002,
5.974584555229716E+009,-2.751406209572508E+001,-1.647259736570399E+002,
5.978494623655914E+009,-2.749537617899259E+001,1.746208139682159E+002,
5.982404692082111E+009,-2.775687759026244E+001,1.555052685699127E+002,
5.986314760508308E+009,-2.812167550156790E+001,1.382601124361902E+002,
5.990224828934506E+009,-2.798839395293214E+001,1.221530753741937E+002,
5.994134897360704E+009,-2.771182551100816E+001,1.054960105980808E+002,
5.998044965786902E+009,-2.750797235840777E+001,8.683003811487603E+001,
6.001955034213099E+009,-2.734601077349600E+001,6.775087365641767E+001,
6.005865102639297E+009,-2.723707999221449E+001,4.983335124101143E+001,
6.009775171065494E+009,-2.701868991312403E+001,3.132487634244236E+001,
6.013685239491692E+009,-2.688541520400655E+001,1.135490140497691E+001,
6.017595307917889E+009,-2.673851374027120E+001,-8.232582008876861E+000,
6.021505376344086E+009,-2.692019267528790E+001,-2.887870435194278E+001,
6.025415444770284E+009,-2.709157151054893E+001,-4.867583805093743E+001,
6.029325513196481E+009,-2.756598249835978E+001,-6.685560660953334E+001,
6.033235581622679E+009,-2.764879294513170E+001,-8.366891629466068E+001,
6.037145650048876E+009,-2.784526408223772E+001,-1.012963261954015E+002,
6.041055718475073E+009,-2.783137031014042E+001,-1.184013489538424E+002,
6.044965786901271E+009,-2.793765376103906E+001,-1.368075901193733E+002,
6.048875855327468E+009,-2.804800080770743E+001,-1.540078726240918E+002,
6.052785923753666E+009,-2.806417376150318E+001,-1.714296821930300E+002,
6.056695992179863E+009,-2.796513431509982E+001,1.718561131713522E+002,
6.060606060606061E+009,-2.780425739158579E+001,1.531653199193859E+002,
6.064516129032258E+009,-2.786066458856499E+001,1.341584592492378E+002,
6.068426197458456E+009,-2.790744726150077E+001,1.152166993011358E+002,
6.072336265884653E+009,-2.820363396449593E+001,9.678123076982629E+001,
6.076246334310850E+009,-2.843613276921458E+001,7.862052048869676E+001,
6.080156402737048E+009,-2.853288860508189E+001,6.157743853682204E+001,
6.084066471163245E+009,-2.851430227173774E+001,4.467686250918565E+001,
6.087976539589443E+009,-2.854528903572757E+001,2.696817920955282E+001,
6.091886608015640E+009,-2.861845161719609E+001,9.413107759758278E+000,
6.095796676441837E+009,-2.874194417623070E+001,-9.930814994965230E+000,
6.099706744868035E+009,-2.907782686241105E+001,-2.720246583419586E+001,
6.103616813294232E+009,-2.911224633860184E+001,-4.455544826829120E+001,
6.107526881720430E+009,-2.910209346863997E+001,-6.292440439264566E+001,
6.111436950146627E+009,-2.955532056024645E+001,-8.134910396412398E+001,
6.115347018572825E+009,-2.987980636159987E+001,-9.685287626934623E+001,
6.119257086999023E+009,-2.992014560605135E+001,-1.133769550880451E+002,
6.123167155425221E+009,-3.004189682312598E+001,-1.299620913417602E+002,
6.127077223851418E+009,-3.002216662140529E+001,-1.461941883806647E+002,
6.130987292277615E+009,-3.002898380565004E+001,-1.623947896379277E+002,
6.134897360703813E+009,-3.010334979443044E+001,1.799224122783306E+002,
6.138807429130010E+009,-3.004198755532322E+001,1.623516046374807E+002,
6.142717497556208E+009,-3.016720659390051E+001,1.467046311151121E+002,
6.146627565982405E+009,-3.002982111958486E+001,1.300844780977026E+002,
6.150537634408602E+009,-2.989306995765164E+001,1.128176036022183E+002,
6.154447702834800E+009,-2.983068039974985E+001,9.422312713721099E+001,
6.158357771260998E+009,-2.982264188563248E+001,7.793084629645874E+001,
6.162267839687195E+009,-2.970890434796096E+001,6.048559339295662E+001,
6.166177908113392E+009,-2.966474382932664E+001,4.321367688335051E+001,
6.170087976539589E+009,-2.960241462815862E+001,2.520645657750333E+001,
6.173998044965787E+009,-2.950711951660566E+001,6.869866830166180E+000,
6.177908113391985E+009,-2.950271138475881E+001,-8.229282625442988E+000,
6.181818181818182E+009,-2.914465337710692E+001,-2.663934898161618E+001,
6.185728250244379E+009,-2.917932318579150E+001,-4.507263324274728E+001,
6.189638318670576E+009,-2.892563722371449E+001,-6.209700503237374E+001,
6.193548387096774E+009,-2.856860588892539E+001,-8.213865998784310E+001,
6.197458455522972E+009,-2.839369606354251E+001,-1.012135581393325E+002,
6.201368523949169E+009,-2.846313197309935E+001,-1.218637935859145E+002,
6.205278592375366E+009,-2.857400328804890E+001,-1.414238612911396E+002,
6.209188660801564E+009,-2.878228710814724E+001,-1.611314605568792E+002,
6.213098729227762E+009,-2.897517415500348E+001,-1.787503787375857E+002,
6.217008797653959E+009,-2.913337454841448E+001,1.630978323257634E+002,
6.220918866080156E+009,-2.933189644814819E+001,1.446721394877610E+002,
6.224828934506353E+009,-2.933856860273854E+001,1.264292210992440E+002,
6.228739002932551E+009,-2.954240770049839E+001,1.074968241319998E+002,
6.232649071358749E+009,-2.952704480604556E+001,9.068313183991739E+001,
6.236559139784946E+009,-2.920774961789721E+001,7.300439139850097E+001,
6.240469208211144E+009,-2.909745969372606E+001,5.276587577168468E+001,
6.244379276637341E+009,-2.933513515841476E+001,3.208750548104925E+001,
6.248289345063539E+009,-2.955564277185090E+001,1.229507385152818E+001,
6.252199413489737E+009,-2.981065190705958E+001,-6.172191135797289E+000,
6.256109481915934E+009,-2.994159088617172E+001,-2.528304061142166E+001,
6.260019550342131E+009,-3.013694532462773E+001,-4.335006166350450E+001,
6.263929618768329E+009,-3.021629728451526E+001,-6.241386725922204E+001,
6.267839687194526E+009,-3.057103587369289E+001,-8.206268143818058E+001,
6.271749755620724E+009,-3.069010826321310E+001,-1.005223737665898E+002,
6.275659824046921E+009,-3.102023670801653E+001,-1.177759350856556E+002,
6.279569892473118E+009,-3.109886217486540E+001,-1.359333782460903E+002,
6.283479960899316E+009,-3.095544688166723E+001,-1.559481996300459E+002,
6.287390029325514E+009,-3.101219105688724E+001,-1.754685300592503E+002,
6.291300097751711E+009,-3.142273129236083E+001,1.650572485209035E+002,
6.295210166177908E+009,-3.155847193601296E+001,1.441767834324140E+002,
6.299120234604105E+009,-3.166735433880770E+001,1.258005177362287E+002,
6.303030303030303E+009,-3.197975636073299E+001,1.037054058311714E+002,
6.306940371456501E+009,-3.253505531504928E+001,8.325217389612175E+001,
6.310850439882698E+009,-3.287288520015125E+001,6.219813927657263E+001,
6.314760508308895E+009,-3.353440338810631E+001,4.217013341395349E+001,
6.318670576735093E+009,-3.417528062648120E+001,2.337999073429974E+001,
6.322580645161290E+009,-3.481049208367596E+001,4.861846379358797E+000,
6.326490713587488E+009,-3.525966379708874E+001,-1.369795455017918E+001,
6.330400782013685E+009,-3.579061638968952E+001,-3.304872359472456E+001,
6.334310850439882E+009,-3.639127057829347E+001,-5.209699314419571E+001,
6.338220918866080E+009,-3.725583751411408E+001,-7.013077237482544E+001,
6.342130987292278E+009,-3.751356661239701E+001,-8.567360098360065E+001,
6.346041055718475E+009,-3.759060280492712E+001,-1.041284332955897E+002,
6.349951124144672E+009,-3.779656978076542E+001,-1.237576974266767E+002,
6.353861192570869E+009,-3.797284309375539E+001,-1.448419153046856E+002,
6.357771260997068E+009,-3.841664197404241E+001,-1.677279377412424E+002,
6.361681329423266E+009,-3.929612716369002E+001,1.687853220812020E+002,
6.365591397849463E+009,-4.080330913219199E+001,1.497662015700190E+002,
6.369501466275660E+009,-4.166727322393107E+001,1.357522974102093E+002,
6.373411534701857E+009,-4.192306398982925E+001,1.198015324731917E+002,
6.377321603128055E+009,-4.173794749940314E+001,1.022823991175795E+002,
6.381231671554253E+009,-4.220248442497901E+001,8.037373421197970E+001,
6.385141739980450E+009,-4.271742142274292E+001,6.473214444509915E+001,
6.389051808406647E+009,-4.232617440688580E+001,4.611062373615034E+001,
6.392961876832845E+009,-4.169403195119926E+001,2.436194598640761E+001,
6.396871945259043E+009,-4.164200234033380E+001,-1.733600972676652E+000,
6.400782013685240E+009,-4.179001747533761E+001,-2.544755058961029E+001,
6.404692082111437E+009,-4.175819960396901E+001,-4.865530378170390E+001,
6.408602150537634E+009,-4.155492937332335E+001,-7.402470847423668E+001,
6.412512218963832E+009,-4.158499287155937E+001,-9.803563954263989E+001,
6.416422287390030E+009,-4.163622587290018E+001,-1.227465010828421E+002,
6.420332355816227E+009,-4.172961607444521E+001,-1.477644582877586E+002,
6.424242424242424E+009,-4.182405605467728E+001,-1.694686947194336E+002,
6.428152492668621E+009,-4.142314975387258E+001,1.691732406438019E+002,
6.432062561094819E+009,-4.079743035228741E+001,1.449574836376349E+002,
6.435972629521017E+009,-4.075324235030175E+001,1.198005427744892E+002,
6.439882697947214E+009,-4.083763311295826E+001,9.866084005893640E+001,
6.443792766373411E+009,-4.050935842562424E+001,7.746293013649962E+001,
6.447702834799609E+009,-4.010899341028960E+001,5.842224234797187E+001,
6.451612903225807E+009,-3.930870815089710E+001,3.698872229650363E+001,
6.455522971652004E+009,-3.877180626848193E+001,1.374369372289908E+001,
6.459433040078201E+009,-3.831470674884101E+001,-9.883263429439293E+000,
6.463343108504398E+009,-3.827408915640607E+001,-3.381862107622007E+001,
6.467253176930596E+009,-3.862506453005708E+001,-5.598903064148997E+001,
6.471163245356794E+009,-3.863789860653064E+001,-7.461205305316898E+001,
6.475073313782991E+009,-3.865318335468774E+001,-9.220948621442736E+001,
6.478983382209189E+009,-3.809120874973968E+001,-1.101087135571406E+002,
6.482893450635386E+009,-3.784927471891440E+001,-1.317041445384688E+002,
6.486803519061584E+009,-3.766818240801527E+001,-1.524282980190582E+002,
6.490713587487782E+009,-3.775666890174184E+001,-1.715250488823807E+002,
6.494623655913979E+009,-3.788370290457993E+001,1.708316783575881E+002,
6.498533724340176E+009,-3.761904499391959E+001,1.552213910076875E+002,
6.502443792766374E+009,-3.704000848148327E+001,1.360207143029718E+002,
6.506353861192571E+009,-3.677891677310706E+001,1.150692340459038E+002,
6.510263929618769E+009,-3.689246621376217E+001,9.576346711707404E+001,
6.514173998044966E+009,-3.709634190304814E+001,7.943267051863043E+001,
6.518084066471163E+009,-3.663778275432178E+001,6.368537408449437E+001,
6.521994134897361E+009,-3.600718662085490E+001,4.539842533237056E+001,
6.525904203323559E+009,-3.569692265526622E+001,2.536311166191450E+001,
6.529814271749756E+009,-3.561926965692669E+001,5.382113597983736E+000,
6.533724340175953E+009,-3.564567684257354E+001,-1.232360836342783E+001,
6.537634408602150E+009,-3.544204526421969E+001,-2.965565303885072E+001,
6.541544477028348E+009,-3.495821989152806E+001,-4.756025720582574E+001,
6.545454545454546E+009,-3.470942815876602E+001,-6.818000324536078E+001,
6.549364613880743E+009,-3.471101727327608E+001,-8.780426273249363E+001,
6.553274682306940E+009,-3.467569505338790E+001,-1.062982753728254E+002,
6.557184750733138E+009,-3.457820878485124E+001,-1.249050958733637E+002,
6.561094819159335E+009,-3.451019422151320E+001,-1.437216799184857E+002,
6.565004887585533E+009,-3.441172658433544E+001,-1.628995162929978E+002,
6.568914956011730E+009,-3.448149678687192E+001,1.779724997098202E+002,
6.572825024437927E+009,-3.449669443546547E+001,1.584456543417847E+002,
6.576735092864125E+009,-3.476778754249314E+001,1.391158657120985E+002,
6.580645161290323E+009,-3.516533530465229E+001,1.219880387275970E+002,
6.584555229716520E+009,-3.532686554535245E+001,1.062622347490128E+002,
6.588465298142717E+009,-3.515975141431752E+001,8.932929635081260E+001,
6.592375366568914E+009,-3.520257169148788E+001,7.058564243411972E+001,
6.596285434995112E+009,-3.533393783874993E+001,5.261070451276445E+001,
6.600195503421310E+009,-3.566852067136492E+001,3.546456643780006E+001,
6.604105571847508E+009,-3.587311969839754E+001,1.990442752312518E+001,
6.608015640273705E+009,-3.582158039720883E+001,4.447585453185025E+000,
6.611925708699902E+009,-3.569247540493772E+001,-1.185667104872511E+001,
6.615835777126100E+009,-3.568616815754272E+001,-2.874421043943388E+001,
6.619745845552298E+009,-3.571310958845839E+001,-4.436717349414906E+001,
6.623655913978495E+009,-3.565201437040456E+001,-6.040163507105755E+001,
6.627565982404692E+009,-3.540475168826745E+001,-7.582394939776094E+001,
6.631476050830890E+009,-3.504949970073876E+001,-9.274840235758958E+001,
6.635386119257088E+009,-3.491522380161004E+001,-1.113186157318727E+002,
6.639296187683285E+009,-3.501210298091882E+001,-1.297528938012588E+002,
6.643206256109482E+009,-3.534892858854691E+001,-1.456156895357950E+002,
6.647116324535679E+009,-3.536773773673636E+001,-1.587646485412804E+002,
6.651026392961877E+009,-3.483532584980133E+001,-1.723330130032720E+002,
6.654936461388075E+009,-3.419411894581916E+001,1.720011913652059E+002,
6.658846529814272E+009,-3.346812301345848E+001,1.539865948904270E+002,
6.662756598240469E+009,-3.298837136126289E+001,1.347307300391425E+002,
6.666666666666666E+009,-3.270586472131178E+001,1.153816426732874E+002,
6.670576735092864E+009,-3.241063785432993E+001,9.550287404476691E+001,
6.674486803519062E+009,-3.244927923352558E+001,7.611119050592053E+001,
6.678396871945259E+009,-3.230700274301091E+001,5.684639919717733E+001,
6.682306940371456E+009,-3.241253000378175E+001,3.741134860403715E+001,
6.686217008797654E+009,-3.253584758787282E+001,1.958814598027594E+001,
6.690127077223852E+009,-3.265091554313317E+001,2.961622550750553E+000,
6.694037145650049E+009,-3.241720785233071E+001,-1.365031862929308E+001,
6.697947214076246E+009,-3.211033472763931E+001,-3.150718198144454E+001,
6.701857282502443E+009,-3.189143071218785E+001,-5.036434326392246E+001,
6.705767350928641E+009,-3.179692981944679E+001,-6.924020540228125E+001,
6.709677419354839E+009,-3.177208611458194E+001,-8.867812793515432E+001,
6.713587487781036E+009,-3.172935829434204E+001,-1.073506594692305E+002,
6.717497556207233E+009,-3.171440490576138E+001,-1.270015730542312E+002,
6.721407624633431E+009,-3.192568069164887E+001,-1.467564948742554E+002,
6.725317693059629E+009,-3.236235751376547E+001,-1.654035120038896E+002,
6.729227761485827E+009,-3.275091202603905E+001,1.778594735586301E+002,
6.733137829912024E+009,-3.288877460778985E+001,1.622598707217068E+002,
6.737047898338221E+009,-3.277931176879397E+001,1.463374163180511E+002,
6.740957966764419E+009,-3.268215058637584E+001,1.286992429383589E+002,
6.744868035190616E+009,-3.273477917978860E+001,1.114401062315934E+002,
6.748778103616814E+009,-3.265826321064308E+001,9.458974481308444E+001,
6.752688172043011E+009,-3.263696319085204E+001,7.687676760638858E+001,
6.756598240469208E+009,-3.265615200623675E+001,5.879889724644250E+001,
6.760508308895406E+009,-3.275297575794774E+001,4.077431941378745E+001,
6.764418377321604E+009,-3.301105096244192E+001,2.403341955663302E+001,
6.768328445747801E+009,-3.310596059456163E+001,9.291861029687766E+000,
6.772238514173998E+009,-3.286424954379425E+001,-6.583500655537688E+000,
6.776148582600195E+009,-3.263826855855046E+001,-2.322032739209850E+001,
6.780058651026393E+009,-3.245504024843300E+001,-4.041799294338405E+001,
6.783968719452591E+009,-3.224308980632269E+001,-5.790787627858124E+001,
6.787878787878788E+009,-3.205557218337036E+001,-7.591330062615967E+001,
6.791788856304985E+009,-3.182703327837755E+001,-9.409325426300724E+001,
6.795698924731183E+009,-3.175254633164333E+001,-1.124627842143164E+002,
6.799608993157380E+009,-3.168904745660718E+001,-1.311611430823760E+002,
6.803519061583578E+009,-3.182321229136587E+001,-1.499538403450474E+002,
6.807429130009775E+009,-3.200392179050524E+001,-1.674046118129589E+002,
6.811339198435972E+009,-3.201037231462195E+001,1.764492078374913E+002,
6.815249266862170E+009,-3.191342797031854E+001,1.598224750890296E+002,
6.819159335288368E+009,-3.178794214642333E+001,1.428885727489741E+002,
6.823069403714565E+009,-3.147647988469328E+001,1.252934222954273E+002,
6.826979472140762E+009,-3.128040280841069E+001,1.067575385424718E+002,
6.830889540566959E+009,-3.117432370885362E+001,8.759341379661640E+001,
6.834799608993157E+009,-3.122772469964837E+001,6.915727717607994E+001,
6.838709677419355E+009,-3.119149214434119E+001,5.038004195055043E+001,
6.842619745845552E+009,-3.130410561678671E+001,3.201846206833271E+001,
6.846529814271750E+009,-3.142271900379386E+001,1.333076550962536E+001,
6.850439882697948E+009,-3.152143265155831E+001,-3.889014953813794E+000,
6.854349951124145E+009,-3.159949674783817E+001,-2.089415533710692E+001,
6.858260019550343E+009,-3.157006536544511E+001,-3.782163566278184E+001,
6.862170087976540E+009,-3.149676687731579E+001,-5.480665361510337E+001,
6.866080156402737E+009,-3.128780530521049E+001,-7.236537838032072E+001,
6.869990224828935E+009,-3.112196486710147E+001,-9.109307897745299E+001,
6.873900293255133E+009,-3.103438601687233E+001,-1.099721593353239E+002,
6.877810361681330E+009,-3.106396594001692E+001,-1.296062456215880E+002,
6.881720430107527E+009,-3.126985056311526E+001,-1.480580458475181E+002,
6.885630498533724E+009,-3.136815995935456E+001,-1.654101601192996E+002,
6.889540566959922E+009,-3.131883660050854E+001,1.770125533925941E+002,
6.893450635386120E+009,-3.128293457264112E+001,1.585217866515764E+002,
6.897360703812317E+009,-3.135391728115602E+001,1.408398859580747E+002,
6.901270772238514E+009,-3.123208165877876E+001,1.229372378868939E+002,
6.905180840664711E+009,-3.129692105620712E+001,1.039789606657311E+002,
6.909090909090909E+009,-3.131472037728070E+001,8.621224784937924E+001,
6.913000977517107E+009,-3.132029159934769E+001,6.787056206447656E+001,
6.916911045943304E+009,-3.132547742797271E+001,4.953159469623982E+001,
6.920821114369501E+009,-3.131719098143926E+001,3.114646382375869E+001,
6.924731182795699E+009,-3.131908209905854E+001,1.302625687626461E+001,
6.928641251221897E+009,-3.114498018698897E+001,-5.412191308357464E+000,
6.932551319648094E+009,-3.106423002220684E+001,-2.527420215615474E+001,
6.936461388074291E+009,-3.128201894716815E+001,-4.544561046844621E+001,
6.940371456500488E+009,-3.152294371345867E+001,-6.381302000134835E+001,
6.944281524926686E+009,-3.155910039290989E+001,-8.222350235965148E+001,
6.948191593352884E+009,-3.166030253931963E+001,-1.010878087866173E+002,
6.952101661779081E+009,-3.188307024541349E+001,-1.201362775680540E+002,
6.956011730205278E+009,-3.209715248137222E+001,-1.379324352114439E+002,
6.959921798631475E+009,-3.214348189102186E+001,-1.555973977134428E+002,
6.963831867057674E+009,-3.200948336663034E+001,-1.734001517102780E+002,
6.967741935483872E+009,-3.185146415219336E+001,1.664255324716278E+002,
6.971652003910069E+009,-3.203406561614842E+001,1.453766032436536E+002,
6.975562072336266E+009,-3.234104316565767E+001,1.256294933782247E+002,
6.979472140762464E+009,-3.264741141443943E+001,1.057876641893156E+002,
6.983382209188661E+009,-3.312379406472041E+001,8.791546535373324E+001,
6.987292277614859E+009,-3.329767120605613E+001,7.054952498650310E+001,
6.991202346041056E+009,-3.337554445036096E+001,5.154784136814975E+001,
6.995112414467253E+009,-3.367138338631355E+001,3.331745702291840E+001,
6.999022482893451E+009,-3.370855101542770E+001,1.553219622916059E+001,
7.002932551319649E+009,-3.377728410495307E+001,-3.034867683799237E+000,
7.006842619745846E+009,-3.380897220866608E+001,-2.233087930145408E+001,
7.010752688172043E+009,-3.389542194710761E+001,-4.229192222587390E+001,
7.014662756598240E+009,-3.416812009656059E+001,-6.264639398953100E+001,
7.018572825024438E+009,-3.441291343446610E+001,-8.180476658556752E+001,
7.022482893450636E+009,-3.465809537633628E+001,-1.011482997141552E+002,
7.026392961876833E+009,-3.493568579320602E+001,-1.206916391027459E+002,
7.030303030303030E+009,-3.521765912751488E+001,-1.401230282540171E+002,
7.034213098729228E+009,-3.543517903004349E+001,-1.600864989346191E+002,
7.038123167155425E+009,-3.580819619567239E+001,-1.797196128001231E+002,
7.042033235581623E+009,-3.607301443007385E+001,1.612676450467697E+002,
7.045943304007820E+009,-3.618822726359050E+001,1.413197045171156E+002,
7.049853372434017E+009,-3.642116461912798E+001,1.211238658161592E+002,
7.053763440860215E+009,-3.656851881671359E+001,1.006410222649046E+002,
7.057673509286413E+009,-3.682897785599623E+001,7.884974574622123E+001,
7.061583577712610E+009,-3.734051086549450E+001,5.689133756649341E+001,
7.065493646138807E+009,-3.799625841452551E+001,3.717258465343838E+001,
7.069403714565004E+009,-3.814051713269897E+001,1.789082539050272E+001,
7.073313782991202E+009,-3.834318516434205E+001,-4.929400473812838E+000,
7.077223851417400E+009,-3.894884510784786E+001,-2.729633187006293E+001,
7.081133919843597E+009,-3.963690099308671E+001,-4.902647564673978E+001,
7.085043988269795E+009,-4.028086187959195E+001,-6.868353435572233E+001,
7.088954056695993E+009,-4.069145609153616E+001,-8.708384113456222E+001,
7.092864125122190E+009,-4.058744302710176E+001,-1.083576909069449E+002,
7.096774193548388E+009,-4.076567091361896E+001,-1.295135866281925E+002,
7.100684261974585E+009,-4.075267177944809E+001,-1.514941637107894E+002,
7.104594330400782E+009,-4.076610044504466E+001,-1.760284560882720E+002,
7.108504398826980E+009,-4.095237376013527E+001,1.601931576371869E+002,
7.112414467253178E+009,-4.111192060745799E+001,1.365466868988399E+002,
7.116324535679375E+009,-4.154414378512382E+001,1.129667544001884E+002,
7.120234604105572E+009,-4.173920620937024E+001,9.135584727021909E+001,
7.124144672531769E+009,-4.159574688014401E+001,6.930644267971726E+001,
7.128054740957967E+009,-4.172224959961169E+001,4.538860490887844E+001,
7.131964809384165E+009,-4.173536628670198E+001,2.258668063321855E+001,
7.135874877810362E+009,-4.212169058601999E+001,3.956373469035667E+000,
7.139784946236559E+009,-4.163899523975975E+001,-1.430163195763487E+001,
7.143695014662756E+009,-4.092369044171803E+001,-3.452565684083031E+001,
7.147605083088954E+009,-4.033999141868889E+001,-5.724600991191421E+001,
7.151515151515152E+009,-3.987744157367823E+001,-8.023485224700391E+001,
7.155425219941349E+009,-3.962052444991463E+001,-1.009395302605355E+002,
7.159335288367546E+009,-3.896290853937502E+001,-1.223074559403666E+002,
7.163245356793744E+009,-3.841638951911302E+001,-1.445959542545081E+002,
7.167155425219942E+009,-3.797271756752370E+001,-1.674457520647542E+002,
7.171065493646139E+009,-3.791958051312417E+001,1.675705222269983E+002,
7.174975562072336E+009,-3.834733160965653E+001,1.457183309855421E+002,
7.178885630498533E+009,-3.873362978213875E+001,1.276022313953130E+002,
7.182795698924731E+009,-3.868190455923851E+001,1.123927093355270E+002,
7.186705767350929E+009,-3.801692598238792E+001,9.805320372291331E+001,
7.190615835777126E+009,-3.690421136990919E+001,7.919093721212393E+001,
7.194525904203323E+009,-3.597734986077650E+001,5.758466870385618E+001,
7.198435972629520E+009,-3.545467982373053E+001,3.517385289820112E+001,
7.202346041055718E+009,-3.498600895530574E+001,1.288396819002449E+001,
7.206256109481916E+009,-3.480380646582656E+001,-1.075181287144570E+001,
7.210166177908114E+009,-3.479568309003024E+001,-3.155344344823215E+001,
7.214076246334311E+009,-3.474182626927644E+001,-5.373728312437201E+001,
7.217986314760509E+009,-3.510388865797661E+001,-7.447159883568797E+001,
7.221896383186706E+009,-3.539763497191102E+001,-9.257015837800319E+001,
7.225806451612904E+009,-3.531731021826330E+001,-1.086051150953678E+002,
7.229716520039101E+009,-3.508472003039016E+001,-1.258728979719410E+002,
7.233626588465298E+009,-3.465164985976650E+001,-1.440149409210932E+002,
7.237536656891496E+009,-3.418361777162625E+001,-1.639930150606749E+002,
7.241446725317694E+009,-3.391800872027913E+001,1.754104199720638E+002,
7.245356793743891E+009,-3.378206612862701E+001,1.557947679982482E+002,
7.249266862170088E+009,-3.354873912739787E+001,1.360573546305989E+002,
7.253176930596285E+009,-3.341594987383758E+001,1.155576938901345E+002,
7.257086999022483E+009,-3.344449218140862E+001,9.526529287780924E+001,
7.260997067448681E+009,-3.349551724510249E+001,7.558824033839089E+001,
7.264907135874878E+009,-3.363263925321274E+001,5.557068645525417E+001,
7.268817204301075E+009,-3.373981039212382E+001,3.709017892739276E+001,
7.272727272727273E+009,-3.379341188818809E+001,1.869521761701152E+001,
7.276637341153470E+009,-3.379331488583144E+001,-7.623546672254285E-002,
7.280547409579668E+009,-3.388948800530346E+001,-1.819042753012243E+001,
7.284457478005865E+009,-3.382524633193442E+001,-3.636455140773137E+001,
7.288367546432062E+009,-3.382326798656379E+001,-5.491324891030300E+001,
7.292277614858260E+009,-3.380505747740668E+001,-7.329843164252428E+001,
7.296187683284458E+009,-3.370806610299673E+001,-9.221772296992752E+001,
7.300097751710655E+009,-3.378052494931881E+001,-1.113605997296109E+002,
7.304007820136852E+009,-3.377588297024106E+001,-1.308331993432026E+002,
7.307917888563049E+009,-3.410504097319851E+001,-1.497380578346972E+002,
7.311827956989247E+009,-3.445456304510139E+001,-1.669752562636410E+002,
7.315738025415445E+009,-3.458731863210297E+001,1.762357807196085E+002,
7.319648093841642E+009,-3.468209820995119E+001,1.583985323286515E+002,
7.323558162267839E+009,-3.467543361751614E+001,1.420976737082933E+002,
7.327468230694037E+009,-3.452700940566238E+001,1.242124541837127E+002,
7.331378299120235E+009,-3.444610618852187E+001,1.062573098492891E+002,
7.335288367546433E+009,-3.444947206290780E+001,8.820928799683912E+001,
7.339198435972630E+009,-3.442582810227661E+001,7.147454302974052E+001,
7.343108504398827E+009,-3.416914079395831E+001,5.348160412324710E+001,
7.347018572825025E+009,-3.392555635557629E+001,3.351754412797700E+001,
7.350928641251223E+009,-3.410506975196012E+001,1.272674174680881E+001,
7.354838709677420E+009,-3.450333899587485E+001,-6.142972988654064E+000,
7.358748778103617E+009,-3.486698754294852E+001,-2.376374423771931E+001,
7.362658846529814E+009,-3.525051351534965E+001,-4.019931314755306E+001,
7.366568914956012E+009,-3.543038930759379E+001,-5.554124894275805E+001,
7.370478983382210E+009,-3.519519497801739E+001,-7.097056156088161E+001,
7.374389051808407E+009,-3.493137802746721E+001,-8.891868905843251E+001,
7.378299120234604E+009,-3.490203632809495E+001,-1.085502401635356E+002,
7.382209188660801E+009,-3.516837730465684E+001,-1.262032910999392E+002,
7.386119257086999E+009,-3.505612538551099E+001,-1.432338294286473E+002,
7.390029325513197E+009,-3.498588377796335E+001,-1.625708441213952E+002,
7.393939393939394E+009,-3.542801404863934E+001,1.772181709732200E+002,
7.397849462365591E+009,-3.604261683515617E+001,1.611937754247158E+002,
7.401759530791789E+009,-3.624788355281288E+001,1.468445320337240E+002,
7.405669599217987E+009,-3.619157466561801E+001,1.312041777002476E+002,
7.409579667644184E+009,-3.611029505846825E+001,1.155785350441937E+002,
7.413489736070381E+009,-3.585908086810174E+001,9.988277264540449E+001,
7.417399804496578E+009,-3.555726312543083E+001,8.161986525060794E+001,
7.421309872922776E+009,-3.560472047308988E+001,6.307755970295308E+001,
7.425219941348974E+009,-3.573485436191835E+001,4.592145366295820E+001,
7.429130009775171E+009,-3.563456543543683E+001,2.921830831224593E+001,
7.433040078201368E+009,-3.548016550668346E+001,1.209590904970398E+001,
7.436950146627565E+009,-3.540545861234491E+001,-6.663994349452265E+000,
7.440860215053763E+009,-3.560992441302337E+001,-2.498054514622186E+001,
7.444770283479961E+009,-3.564998656352027E+001,-4.183175143330910E+001,
7.448680351906158E+009,-3.572166774873701E+001,-5.910004178329491E+001,
7.452590420332356E+009,-3.582291412318887E+001,-7.726429600533962E+001,
7.456500488758554E+009,-3.589922538598260E+001,-9.339685688050255E+001,
7.460410557184751E+009,-3.580767413745195E+001,-1.105321806951082E+002,
7.464320625610949E+009,-3.591328341122912E+001,-1.292960951345736E+002,
7.468230694037146E+009,-3.611717985874358E+001,-1.457077409128626E+002,
7.472140762463343E+009,-3.603470781628775E+001,-1.619603371900384E+002,
7.476050830889541E+009,-3.601249601092794E+001,-1.791538320302178E+002,
7.479960899315739E+009,-3.591262711986600E+001,1.637935088563004E+002,
7.483870967741936E+009,-3.588514127910508E+001,1.465563682762898E+002,
7.487781036168133E+009,-3.574349182885460E+001,1.286054885186904E+002,
7.491691104594330E+009,-3.586598664492585E+001,1.099662189024399E+002,
7.495601173020528E+009,-3.614511163787362E+001,9.295174621406396E+001,
7.499511241446726E+009,-3.618068421011249E+001,7.757251001744987E+001,
7.503421309872923E+009,-3.589170451010000E+001,6.024728213807832E+001,
7.507331378299120E+009,-3.596521341599774E+001,4.222455210985862E+001,
7.511241446725318E+009,-3.597188657431260E+001,2.605504742599804E+001,
7.515151515151515E+009,-3.584804616673805E+001,9.573357541032406E+000,
7.519061583577713E+009,-3.559517000757324E+001,-8.065721067033998E+000,
7.522971652003910E+009,-3.552848925004627E+001,-2.687985271713244E+001,
7.526881720430107E+009,-3.571657369011577E+001,-4.444689660125951E+001,
7.530791788856305E+009,-3.566234668547381E+001,-6.167248732939517E+001,
7.534701857282503E+009,-3.572504166664771E+001,-7.904240420790249E+001,
7.538611925708700E+009,-3.571883364464823E+001,-9.531478910263820E+001,
7.542521994134897E+009,-3.556037910943391E+001,-1.129617058374901E+002,
7.546432062561094E+009,-3.548175156505528E+001,-1.300534931373209E+002,
7.550342130987292E+009,-3.545259336155547E+001,-1.481862828664481E+002,
7.554252199413490E+009,-3.557733636418152E+001,-1.649801401158665E+002,
7.558162267839687E+009,-3.530861043949357E+001,1.787148409359701E+002,
7.562072336265884E+009,-3.505326071522973E+001,1.607642279932074E+002,
7.565982404692082E+009,-3.493691768183974E+001,1.419586658745480E+002,
7.569892473118280E+009,-3.495468193563702E+001,1.235609285912809E+002,
7.573802541544478E+009,-3.496450725901360E+001,1.061671000261054E+002,
7.577712609970675E+009,-3.483299818683175E+001,8.838915776200071E+001,
7.581622678396872E+009,-3.474820046370966E+001,6.946110697046700E+001,
7.585532746823070E+009,-3.498706455681609E+001,5.205282345268687E+001,
7.589442815249268E+009,-3.483550961453923E+001,3.623953879592484E+001,
7.593352883675465E+009,-3.455207573164633E+001,1.809271459785815E+001,
7.597262952101662E+009,-3.432494647271605E+001,-9.502968501653345E-001,
7.601173020527859E+009,-3.421652312768249E+001,-2.029171047874673E+001,
7.605083088954057E+009,-3.421323868790503E+001,-3.962189734799723E+001,
7.608993157380255E+009,-3.431901308990965E+001,-5.841118387191538E+001,
7.612903225806452E+009,-3.435322824709763E+001,-7.631428856253454E+001,
7.616813294232649E+009,-3.434364998901630E+001,-9.633042743055349E+001,
7.620723362658846E+009,-3.452534242182013E+001,-1.151252117321270E+002,
7.624633431085044E+009,-3.474588516729303E+001,-1.329903554754354E+002,
7.628543499511242E+009,-3.480820925968854E+001,-1.494442542048401E+002,
7.632453567937439E+009,-3.472626975092506E+001,-1.662016631054309E+002,
7.636363636363636E+009,-3.427468176073476E+001,1.752505769535361E+002,
7.640273704789834E+009,-3.424148792134461E+001,1.557077310443392E+002,
7.644183773216032E+009,-3.427155373395300E+001,1.353483183996559E+002,
7.648093841642229E+009,-3.456994961819766E+001,1.159309402449861E+002,
7.652003910068426E+009,-3.481021597163250E+001,9.781941078064234E+001,
7.655913978494623E+009,-3.487845725430444E+001,8.014694146726610E+001,
7.659824046920821E+009,-3.489829208031878E+001,6.220751822250187E+001,
7.663734115347019E+009,-3.505554127908118E+001,4.310591344720211E+001,
7.667644183773216E+009,-3.529105417031919E+001,2.491582333524503E+001,
7.671554252199413E+009,-3.543101318480690E+001,7.101930581302513E+000,
7.675464320625610E+009,-3.541091039606327E+001,-1.102183733411035E+001,
7.679374389051808E+009,-3.558880696325182E+001,-2.938626358621976E+001,
7.683284457478006E+009,-3.552430779419075E+001,-4.711672867269016E+001,
7.687194525904203E+009,-3.553881702491525E+001,-6.544016541970194E+001,
7.691104594330401E+009,-3.565850283133084E+001,-8.521675408110038E+001,
7.695014662756599E+009,-3.570393767921996E+001,-1.038446288779865E+002,
7.698924731182797E+009,-3.581166842402888E+001,-1.221251893761638E+002,
7.702834799608994E+009,-3.587761562025867E+001,-1.411606302563759E+002,
7.706744868035191E+009,-3.607155902904312E+001,-1.601680185052033E+002,
7.710654936461388E+009,-3.621584942680607E+001,-1.786455537340820E+002,
7.714565004887586E+009,-3.609130675081094E+001,1.642117155301617E+002,
7.718475073313784E+009,-3.595222167996742E+001,1.441159552807738E+002,
7.722385141739981E+009,-3.616660181367097E+001,1.230501901117976E+002,
7.726295210166178E+009,-3.637395840902479E+001,1.042224842458006E+002,
7.730205278592375E+009,-3.661208061488792E+001,8.534101310101475E+001,
7.734115347018573E+009,-3.678021916182338E+001,6.633407629275014E+001,
7.738025415444771E+009,-3.698973625018015E+001,4.698231458472401E+001,
7.741935483870968E+009,-3.715375841997066E+001,2.837091821486943E+001,
7.745845552297165E+009,-3.711839098759682E+001,8.198329689558641E+000,
7.749755620723363E+009,-3.726407287559266E+001,-1.234193401914202E+001,
7.753665689149560E+009,-3.759301666154686E+001,-3.144811263596289E+001,
7.757575757575758E+009,-3.766799227150970E+001,-5.142580475160790E+001,
7.761485826001955E+009,-3.783495439132143E+001,-7.217767809136156E+001,
7.765395894428152E+009,-3.809259453066409E+001,-9.226538959913853E+001,
7.769305962854350E+009,-3.825594911202406E+001,-1.126640883338093E+002,
7.773216031280548E+009,-3.845921663702269E+001,-1.345202849824339E+002,
7.777126099706745E+009,-3.869331057541680E+001,-1.561798477661823E+002,
7.781036168132942E+009,-3.919020269013481E+001,-1.785960806707536E+002,
7.784946236559139E+009,-3.998439083704010E+001,1.589495205792759E+002,
7.788856304985337E+009,-4.100637278186619E+001,1.397887181997448E+002,
7.792766373411535E+009,-4.140743890528430E+001,1.241267777177269E+002,
7.796676441837732E+009,-4.170207033578338E+001,1.048720809535433E+002,
7.800586510263929E+009,-4.190345002866170E+001,8.572753826798611E+001,
7.804496578690127E+009,-4.176669120178508E+001,6.584525519540591E+001,
7.808406647116324E+009,-4.194534937241424E+001,4.512287614708915E+001,
7.812316715542522E+009,-4.224039078762211E+001,2.229329619285191E+001,
7.816226783968720E+009,-4.252860892248093E+001,8.032776008960597E-001,
7.820136852394917E+009,-4.254573047433948E+001,-2.078510448158549E+001,
7.824046920821115E+009,-4.313796867447698E+001,-4.598121014465858E+001,
7.827956989247313E+009,-4.385320294723869E+001,-6.872488873330067E+001,
7.831867057673510E+009,-4.533620895863513E+001,-8.744463478740241E+001,
7.835777126099707E+009,-4.562496252057937E+001,-1.018384878025602E+002,
7.839687194525904E+009,-4.498789611737072E+001,-1.188956615417241E+002,
7.843597262952102E+009,-4.418080688981378E+001,-1.415919127521252E+002,
7.847507331378300E+009,-4.435633642814041E+001,-1.684304839499521E+002,
7.851417399804497E+009,-4.478508672204222E+001,1.716030358714821E+002,
7.855327468230694E+009,-4.460888280654579E+001,1.499379469669795E+002,
7.859237536656891E+009,-4.460071659358123E+001,1.264565092749432E+002,
7.863147605083089E+009,-4.485502327193250E+001,1.045097563181751E+002,
7.867057673509287E+009,-4.484443324774405E+001,8.168496045319077E+001,
7.870967741935484E+009,-4.553698175650328E+001,6.044654712978615E+001,
7.874877810361681E+009,-4.582959046882792E+001,4.262385048898739E+001,
7.878787878787879E+009,-4.576706034582639E+001,2.459671586896270E+001,
7.882697947214077E+009,-4.568033485399275E+001,8.807404056965082E+000,
7.886608015640274E+009,-4.487400764760132E+001,-6.137633098258804E+000,
7.890518084066471E+009,-4.369601479764921E+001,-2.790437622175827E+001,
7.894428152492668E+009,-4.271641362750685E+001,-5.238708571386579E+001,
7.898338220918866E+009,-4.249605061980861E+001,-7.652377639611467E+001,
7.902248289345064E+009,-4.288413649039246E+001,-1.009215406976747E+002,
7.906158357771261E+009,-4.325030523085039E+001,-1.212423938496269E+002,
7.910068426197458E+009,-4.343014583807685E+001,-1.396044467857253E+002,
7.913978494623655E+009,-4.361815639061136E+001,-1.568353341755449E+002,
7.917888563049853E+009,-4.343478063391207E+001,-1.730621481643800E+002,
7.921798631476051E+009,-4.305179756550673E+001,1.701449957868352E+002,
7.925708699902248E+009,-4.256929712898276E+001,1.527693046070947E+002,
7.929618768328445E+009,-4.183480692303153E+001,1.354688856698413E+002,
7.933528836754643E+009,-4.071853446139444E+001,1.159584912998256E+002,
7.937438905180841E+009,-4.032713162430960E+001,9.232795242264679E+001,
7.941348973607039E+009,-4.002374307087705E+001,7.014703374458736E+001,
7.945259042033236E+009,-3.997771568432544E+001,4.959870934123183E+001,
7.949169110459433E+009,-3.989047539932403E+001,2.876774244766583E+001,
7.953079178885631E+009,-4.027924674817848E+001,9.151452282442580E+000,
7.956989247311829E+009,-4.021932920297428E+001,-8.304187600066891E+000,
7.960899315738026E+009,-4.012596631415944E+001,-2.621857323608146E+001,
7.964809384164223E+009,-3.980568097100209E+001,-4.314090273144641E+001,
7.968719452590420E+009,-3.946720084053969E+001,-6.172302776764305E+001,
7.972629521016618E+009,-3.928904634621858E+001,-8.062216581404944E+001,
7.976539589442816E+009,-3.877987921202642E+001,-9.904558794463608E+001,
7.980449657869013E+009,-3.851685170991769E+001,-1.193810561527635E+002,
7.984359726295210E+009,-3.850480059214799E+001,-1.384964080149213E+002,
7.988269794721408E+009,-3.833044657800627E+001,-1.581308776523445E+002,
7.992179863147605E+009,-3.812045193505617E+001,-1.769236731470923E+002,
7.996089931573803E+009,-3.785425817269618E+001,1.625859805950754E+002,
8.000000000000000E+009,-3.793472139860839E+001,1.424818531125327E+002,
