% Version 1.00
%
%freq[Hz];db:Trc1_S21;ang:Trc1_S21;
4.000000000000000E+009,-2.904498964792715E+001,7.633702142696401E+001,
4.003910068426198E+009,-2.831587670973403E+001,5.948657426356050E+001,
4.007820136852395E+009,-2.783452150098319E+001,3.854603266818165E+001,
4.011730205278593E+009,-2.772420117668630E+001,1.986084914713308E+001,
4.015640273704790E+009,-2.749243596569153E+001,2.547067212493821E+000,
4.019550342130987E+009,-2.716095262503730E+001,-1.473985850695657E+001,
4.023460410557185E+009,-2.662591966107605E+001,-3.224476283918025E+001,
4.027370478983382E+009,-2.599983867781545E+001,-5.386756180433770E+001,
4.031280547409580E+009,-2.609724795649779E+001,-7.519647921220893E+001,
4.035190615835777E+009,-2.637164748016668E+001,-9.355278093935038E+001,
4.039100684261975E+009,-2.636481067065270E+001,-1.108205082669063E+002,
4.043010752688172E+009,-2.598106288373899E+001,-1.272296422970887E+002,
4.046920821114369E+009,-2.563433349540926E+001,-1.467309182612225E+002,
4.050830889540567E+009,-2.550189076599818E+001,-1.664464094647356E+002,
4.054740957966765E+009,-2.552362910852162E+001,1.745281774703696E+002,
4.058651026392962E+009,-2.558075938507779E+001,1.557492766394091E+002,
4.062561094819160E+009,-2.549975885543317E+001,1.386156907963022E+002,
4.066471163245357E+009,-2.530705336950608E+001,1.197976342373041E+002,
4.070381231671554E+009,-2.531659523305376E+001,1.007476788730653E+002,
4.074291300097752E+009,-2.537256777182096E+001,8.268005772006062E+001,
4.078201368523949E+009,-2.535549898039602E+001,6.594282235176156E+001,
4.082111436950147E+009,-2.503848821586468E+001,4.789504151492152E+001,
4.086021505376344E+009,-2.481727278094824E+001,2.838147263574142E+001,
4.089931573802542E+009,-2.478327857385480E+001,9.709794851845853E+000,
4.093841642228739E+009,-2.491138403444941E+001,-9.254206513708800E+000,
4.097751710654936E+009,-2.498149406269421E+001,-2.696886090049378E+001,
4.101661779081134E+009,-2.476295454039166E+001,-4.429993574981694E+001,
4.105571847507331E+009,-2.466526283370557E+001,-6.333471959958430E+001,
4.109481915933529E+009,-2.462766505555231E+001,-8.174710079988265E+001,
4.113391984359726E+009,-2.464012681458859E+001,-1.008499964058407E+002,
4.117302052785924E+009,-2.471803544526957E+001,-1.186729364003183E+002,
4.121212121212121E+009,-2.462933997309083E+001,-1.368348668605680E+002,
4.125122189638319E+009,-2.450484495727950E+001,-1.553338019985887E+002,
4.129032258064516E+009,-2.448421122389188E+001,-1.746015612939060E+002,
4.132942326490714E+009,-2.455152929834047E+001,1.663373735631692E+002,
4.136852394916911E+009,-2.456580606532405E+001,1.469446845133099E+002,
4.140762463343109E+009,-2.486164943869875E+001,1.293780545968931E+002,
4.144672531769306E+009,-2.488396898928581E+001,1.115321435741717E+002,
4.148582600195503E+009,-2.476143535306354E+001,9.372192607715425E+001,
4.152492668621701E+009,-2.466495914829000E+001,7.343986326068659E+001,
4.156402737047898E+009,-2.485778775853800E+001,5.468001524558895E+001,
4.160312805474096E+009,-2.497705135967742E+001,3.636080987948250E+001,
4.164222873900293E+009,-2.521231025110996E+001,1.735963377572747E+001,
4.168132942326491E+009,-2.547660782629470E+001,-8.613309125374972E-001,
4.172043010752688E+009,-2.579845235898162E+001,-1.738440105806921E+001,
4.175953079178886E+009,-2.574919833455000E+001,-3.527053779376347E+001,
4.179863147605083E+009,-2.582089164609920E+001,-5.329379819321560E+001,
4.183773216031281E+009,-2.574469215907485E+001,-7.148173044467971E+001,
4.187683284457478E+009,-2.590237831453933E+001,-9.021214750535933E+001,
4.191593352883676E+009,-2.602741862466142E+001,-1.083116247320092E+002,
4.195503421309873E+009,-2.599163702594542E+001,-1.264714246832590E+002,
4.199413489736071E+009,-2.611336108286155E+001,-1.453431316175072E+002,
4.203323558162268E+009,-2.633268240661836E+001,-1.640938046498499E+002,
4.207233626588465E+009,-2.659602452766700E+001,1.776902749601576E+002,
4.211143695014663E+009,-2.664721807000110E+001,1.592340864885061E+002,
4.215053763440860E+009,-2.707212069460302E+001,1.404155983225288E+002,
4.218963831867058E+009,-2.728887865505638E+001,1.237793497985268E+002,
4.222873900293255E+009,-2.748971616062935E+001,1.056949352308731E+002,
4.226783968719452E+009,-2.769084220539153E+001,8.847179512801513E+001,
4.230694037145650E+009,-2.771799607613716E+001,7.010246789392450E+001,
4.234604105571847E+009,-2.799623507201964E+001,5.139675785010263E+001,
4.238514173998045E+009,-2.815587703376239E+001,3.457435416665904E+001,
4.242424242424243E+009,-2.806060107720521E+001,1.637844712609660E+001,
4.246334310850440E+009,-2.818698947970188E+001,-5.543423575354219E+000,
4.250244379276638E+009,-2.877687056306003E+001,-2.302477846050850E+001,
4.254154447702835E+009,-2.901866475239298E+001,-4.261567492810134E+001,
4.258064516129032E+009,-2.951168590508784E+001,-6.251763293740719E+001,
4.261974584555230E+009,-3.038263715955092E+001,-8.118732154945803E+001,
4.265884652981427E+009,-3.102563243339198E+001,-9.739949179612742E+001,
4.269794721407625E+009,-3.128299505770854E+001,-1.117772176967571E+002,
4.273704789833822E+009,-3.142701533567788E+001,-1.288594666343969E+002,
4.277614858260019E+009,-3.175313924194785E+001,-1.460362627414804E+002,
4.281524926686217E+009,-3.198360498892708E+001,-1.634403030032659E+002,
4.285434995112414E+009,-3.215282857164640E+001,1.789587541404633E+002,
4.289345063538612E+009,-3.236682407768682E+001,1.593790764225487E+002,
4.293255131964809E+009,-3.299667128371932E+001,1.376689239695922E+002,
4.297165200391007E+009,-3.426558032320610E+001,1.193267746132650E+002,
4.301075268817205E+009,-3.517068902643586E+001,1.057092216045832E+002,
4.304985337243402E+009,-3.576354058923661E+001,9.130261045013643E+001,
4.308895405669600E+009,-3.619823391741887E+001,7.522870691788457E+001,
4.312805474095797E+009,-3.684033940838762E+001,6.089458752358615E+001,
4.316715542521994E+009,-3.727625456092896E+001,4.611951733191054E+001,
4.320625610948192E+009,-3.786978128109676E+001,3.212360790518914E+001,
4.324535679374389E+009,-3.811387424944945E+001,2.048073195944734E+001,
4.328445747800587E+009,-3.786933842261079E+001,2.866553304470684E+000,
4.332355816226784E+009,-3.837201378083871E+001,-1.282183901056636E+001,
4.336265884652982E+009,-3.894117735091180E+001,-3.100435269561613E+001,
4.340175953079179E+009,-4.014800168487648E+001,-3.950755223504699E+001,
4.344086021505377E+009,-3.962757699216238E+001,-4.718517885207812E+001,
4.347996089931574E+009,-3.859731020981694E+001,-6.025073323504387E+001,
4.351906158357771E+009,-3.723177210493326E+001,-8.056564409279551E+001,
4.355816226783969E+009,-3.739526403234749E+001,-1.075926285896777E+002,
4.359726295210166E+009,-3.859200918201039E+001,-1.248260752284259E+002,
4.363636363636364E+009,-3.858102534370114E+001,-1.376752145433183E+002,
4.367546432062561E+009,-3.768524666293862E+001,-1.562107805104248E+002,
4.371456500488758E+009,-3.777330835722994E+001,1.776771687877414E+002,
4.375366568914956E+009,-3.865827562426239E+001,1.530594798801462E+002,
4.379276637341153E+009,-3.989937112409358E+001,1.331782836904524E+002,
4.383186705767351E+009,-4.126776699171387E+001,1.143443566961285E+002,
4.387096774193548E+009,-4.321520202287934E+001,1.000500025854913E+002,
4.391006842619746E+009,-4.289332531000515E+001,9.489956159029954E+001,
4.394916911045943E+009,-4.189781963647289E+001,7.321269017201054E+001,
4.398826979472141E+009,-4.273738236458223E+001,5.057371200588224E+001,
4.402737047898338E+009,-4.333169683779382E+001,3.227941486071872E+001,
4.406647116324535E+009,-4.413161558837149E+001,1.394544005034644E+001,
4.410557184750733E+009,-4.334527573352542E+001,-6.587447824992908E+000,
4.414467253176930E+009,-4.360423115846742E+001,-3.761631219485938E+001,
4.418377321603128E+009,-4.459041365712466E+001,-7.189630640608566E+001,
4.422287390029326E+009,-4.677949208461392E+001,-1.034555491617580E+002,
4.426197458455523E+009,-4.860329536747541E+001,-1.297748106950195E+002,
4.430107526881721E+009,-5.171961830294543E+001,-1.551146144695848E+002,
4.434017595307918E+009,-5.141479547732863E+001,-1.648056081548289E+002,
4.437927663734116E+009,-5.085674240992064E+001,1.705676013579969E+002,
4.441837732160313E+009,-4.934308232447657E+001,1.428972289910415E+002,
4.445747800586511E+009,-4.871308348700345E+001,1.155056009575329E+002,
4.449657869012708E+009,-4.845683165169288E+001,9.974026861282229E+001,
4.453567937438905E+009,-4.480343609836017E+001,8.477664369140358E+001,
4.457478005865103E+009,-4.264896329834731E+001,5.168000715057141E+001,
4.461388074291300E+009,-4.175431107159177E+001,2.839740121376724E+001,
4.465298142717498E+009,-3.999255298732756E+001,6.744277298666727E+000,
4.469208211143695E+009,-3.869258870738885E+001,-2.139459150688774E+001,
4.473118279569893E+009,-3.833950065008451E+001,-4.330925557996069E+001,
4.477028347996090E+009,-3.748701764675933E+001,-6.436145160809352E+001,
4.480938416422287E+009,-3.680159601650812E+001,-8.392204181953461E+001,
4.484848484848485E+009,-3.577498163851872E+001,-1.032384005956617E+002,
4.488758553274682E+009,-3.506085204472879E+001,-1.251636700436867E+002,
4.492668621700880E+009,-3.440100779946431E+001,-1.439039717253568E+002,
4.496578690127077E+009,-3.356890148057379E+001,-1.639464073408630E+002,
4.500488758553275E+009,-3.291505370868008E+001,1.754399100620688E+002,
4.504398826979472E+009,-3.237310684145659E+001,1.553744237999142E+002,
4.508308895405669E+009,-3.171347857332318E+001,1.354285602602504E+002,
4.512218963831867E+009,-3.129707668230570E+001,1.144444408582760E+002,
4.516129032258064E+009,-3.099353484014397E+001,9.408809642601737E+001,
4.520039100684262E+009,-3.095405553200995E+001,7.398728315806410E+001,
4.523949169110459E+009,-3.073287019335293E+001,5.872549522273543E+001,
4.527859237536657E+009,-2.999698711565451E+001,4.091685325908835E+001,
4.531769305962854E+009,-2.943845553376547E+001,2.044059437631581E+001,
4.535679374389051E+009,-2.900632723802963E+001,5.636085729080611E-001,
4.539589442815249E+009,-2.876033360660721E+001,-1.866655736057078E+001,
4.543499511241447E+009,-2.815713225019580E+001,-3.761830426009158E+001,
4.547409579667645E+009,-2.784066681971805E+001,-5.888422664232927E+001,
4.551319648093842E+009,-2.775657776063097E+001,-7.931643632212604E+001,
4.555229716520039E+009,-2.766624095296251E+001,-9.888849199556726E+001,
4.559139784946237E+009,-2.764998469264507E+001,-1.180704734891789E+002,
4.563049853372434E+009,-2.751633449868322E+001,-1.369146640031813E+002,
4.566959921798632E+009,-2.761327812836587E+001,-1.553898275794061E+002,
4.570869990224829E+009,-2.742316633940025E+001,-1.728348481824821E+002,
4.574780058651027E+009,-2.725643058125501E+001,1.701023843461713E+002,
4.578690127077224E+009,-2.698010700422736E+001,1.513587208463314E+002,
4.582600195503422E+009,-2.667939723950720E+001,1.333840757954582E+002,
4.586510263929619E+009,-2.636419104926182E+001,1.146244682246704E+002,
4.590420332355816E+009,-2.612030035872096E+001,9.465718839666992E+001,
4.594330400782014E+009,-2.602615261407843E+001,7.546681725334452E+001,
4.598240469208211E+009,-2.603013650476833E+001,5.639223865379810E+001,
4.602150537634409E+009,-2.593339423083190E+001,3.781818279995149E+001,
4.606060606060606E+009,-2.595273813135494E+001,1.924923501548780E+001,
4.609970674486803E+009,-2.601778087872883E+001,1.298657935821874E+000,
4.613880742913001E+009,-2.589590793967245E+001,-1.486245390307820E+001,
4.617790811339198E+009,-2.555887678030914E+001,-3.320422704095631E+001,
4.621700879765396E+009,-2.532229528196812E+001,-5.280825140757418E+001,
4.625610948191593E+009,-2.523083377431695E+001,-7.204214958653897E+001,
4.629521016617791E+009,-2.514125686749895E+001,-9.125421016010520E+001,
4.633431085043988E+009,-2.505671840852143E+001,-1.101024053136653E+002,
4.637341153470186E+009,-2.511044983984172E+001,-1.292952047126870E+002,
4.641251221896383E+009,-2.518024027260130E+001,-1.469499760702406E+002,
4.645161290322580E+009,-2.503532339862822E+001,-1.652939266427387E+002,
4.649071358748778E+009,-2.488685062755870E+001,1.753995796796680E+002,
4.652981427174975E+009,-2.509232130751542E+001,1.562144251719972E+002,
4.656891495601173E+009,-2.504066919344746E+001,1.392349303078050E+002,
4.660801564027371E+009,-2.485770703889496E+001,1.210299510725514E+002,
4.664711632453568E+009,-2.471941991679598E+001,1.017043582627965E+002,
4.668621700879766E+009,-2.475131613826012E+001,8.306589746802506E+001,
4.672531769305963E+009,-2.462962279790275E+001,6.435843752807054E+001,
4.676441837732161E+009,-2.459846640985566E+001,4.440225295656560E+001,
4.680351906158358E+009,-2.477696586170642E+001,2.510373060118292E+001,
4.684261974584556E+009,-2.488948657293150E+001,7.231802558903883E+000,
4.688172043010753E+009,-2.482304256368835E+001,-1.136627895141386E+001,
4.692082111436951E+009,-2.489230344727388E+001,-2.978303327848730E+001,
4.695992179863148E+009,-2.493448791432690E+001,-4.808757137382226E+001,
4.699902248289345E+009,-2.505181754110337E+001,-6.628024259614355E+001,
4.703812316715543E+009,-2.499758774285511E+001,-8.465905785154968E+001,
4.707722385141740E+009,-2.508005421650023E+001,-1.033946420592378E+002,
4.711632453567938E+009,-2.509809828964730E+001,-1.218062829625939E+002,
4.715542521994135E+009,-2.505671100386653E+001,-1.400338410262958E+002,
4.719452590420332E+009,-2.506353715388382E+001,-1.589680652726811E+002,
4.723362658846530E+009,-2.502370965371804E+001,-1.785483006311394E+002,
4.727272727272727E+009,-2.513445895322714E+001,1.624837986354333E+002,
4.731182795698925E+009,-2.527492753894901E+001,1.432657179367260E+002,
4.735092864125122E+009,-2.543588260859579E+001,1.241467150582338E+002,
4.739002932551320E+009,-2.550057338602473E+001,1.051141364660319E+002,
4.742913000977517E+009,-2.567674252516369E+001,8.583682193424065E+001,
4.746823069403714E+009,-2.601806335597014E+001,6.713824374097413E+001,
4.750733137829912E+009,-2.614844532723312E+001,4.986861227994865E+001,
4.754643206256109E+009,-2.625451848393829E+001,3.209145019892738E+001,
4.758553274682307E+009,-2.645333206510263E+001,1.485726254726180E+001,
4.762463343108504E+009,-2.624305924315381E+001,-4.360587201041931E+000,
4.766373411534702E+009,-2.626063919783083E+001,-2.436317682837100E+001,
4.770283479960899E+009,-2.658619111257272E+001,-4.449712204879069E+001,
4.774193548387096E+009,-2.703610996869337E+001,-6.370690951713441E+001,
4.778103616813294E+009,-2.747622776915124E+001,-8.154003006691947E+001,
4.782013685239492E+009,-2.780053847457861E+001,-9.842380813602850E+001,
4.785923753665690E+009,-2.781247512046541E+001,-1.145708059586325E+002,
4.789833822091887E+009,-2.783833107577888E+001,-1.328096310722463E+002,
4.793743890518084E+009,-2.804188768317020E+001,-1.507625600137428E+002,
4.797653958944282E+009,-2.809117697714154E+001,-1.679245318124505E+002,
4.801564027370479E+009,-2.816298715266333E+001,1.735067192967956E+002,
4.805474095796677E+009,-2.817314117350194E+001,1.546577325164709E+002,
4.809384164222874E+009,-2.839837463656750E+001,1.350648257428705E+002,
4.813294232649072E+009,-2.850775884591936E+001,1.155762607958990E+002,
4.817204301075269E+009,-2.892797863144291E+001,9.557325302094010E+001,
4.821114369501467E+009,-2.959445160836814E+001,7.741827683881984E+001,
4.825024437927664E+009,-3.010867962775391E+001,6.176508283706890E+001,
4.828934506353861E+009,-3.035178790775409E+001,4.606498691729229E+001,
4.832844574780059E+009,-3.021390443884976E+001,2.835861852825536E+001,
4.836754643206256E+009,-3.019692504921832E+001,9.920302790657964E+000,
4.840664711632454E+009,-3.046764527708870E+001,-1.091500617475830E+001,
4.844574780058651E+009,-3.090597584740891E+001,-2.787527272936593E+001,
4.848484848484848E+009,-3.110287789875643E+001,-4.580139902606560E+001,
4.852394916911046E+009,-3.133349089457177E+001,-6.432533894692585E+001,
4.856304985337243E+009,-3.135791801150642E+001,-8.152233774918055E+001,
4.860215053763441E+009,-3.183236221129172E+001,-1.015149672985406E+002,
4.864125122189638E+009,-3.240899358646661E+001,-1.198947165135516E+002,
4.868035190615836E+009,-3.275091649966694E+001,-1.355824025531885E+002,
4.871945259042033E+009,-3.300476552339249E+001,-1.512947932381890E+002,
4.875855327468231E+009,-3.281555029898739E+001,-1.683754947263355E+002,
4.879765395894428E+009,-3.304177703386713E+001,1.735942713041634E+002,
4.883675464320625E+009,-3.341140584243357E+001,1.544785220411004E+002,
4.887585532746823E+009,-3.348199266327082E+001,1.401497103589762E+002,
4.891495601173020E+009,-3.331277681047978E+001,1.217509316052255E+002,
4.895405669599218E+009,-3.323096878640384E+001,1.020055258946986E+002,
4.899315738025415E+009,-3.372792934497132E+001,8.284135387434735E+001,
4.903225806451613E+009,-3.385358653652909E+001,6.464394971518462E+001,
4.907135874877811E+009,-3.450961938794507E+001,4.665188371551318E+001,
4.911045943304008E+009,-3.446498565182792E+001,3.311264419873033E+001,
4.914956011730206E+009,-3.406464660792927E+001,1.508440392676419E+001,
4.918866080156403E+009,-3.394505545400748E+001,-4.957595063344019E+000,
4.922776148582601E+009,-3.415134129922271E+001,-2.533946002794169E+001,
4.926686217008798E+009,-3.423861155544324E+001,-4.217883095851703E+001,
4.930596285434996E+009,-3.403803082646589E+001,-6.293499348397553E+001,
4.934506353861193E+009,-3.419362942732415E+001,-8.385014441093055E+001,
4.938416422287390E+009,-3.450761665847494E+001,-1.045121691397083E+002,
4.942326490713588E+009,-3.484255106709828E+001,-1.240045677188835E+002,
4.946236559139785E+009,-3.529658254916082E+001,-1.424503659229266E+002,
4.950146627565983E+009,-3.556330226525770E+001,-1.578375069095825E+002,
4.954056695992180E+009,-3.478742267863024E+001,-1.758372359464038E+002,
4.957966764418377E+009,-3.451456971870491E+001,1.607245151127546E+002,
4.961876832844575E+009,-3.466841369437343E+001,1.383068964511875E+002,
4.965786901270772E+009,-3.489202069909365E+001,1.163434388856539E+002,
4.969696969696970E+009,-3.497857272061578E+001,9.400357546860205E+001,
4.973607038123167E+009,-3.546830307838200E+001,7.139289391604885E+001,
4.977517106549365E+009,-3.571192731432284E+001,4.970730471838387E+001,
4.981427174975562E+009,-3.611691832864575E+001,2.680031030465962E+001,
4.985337243401759E+009,-3.686109688351974E+001,4.578163699984600E+000,
4.989247311827957E+009,-3.805648926795976E+001,-1.411723734362990E+001,
4.993157380254154E+009,-3.804907133116426E+001,-2.916369162087772E+001,
4.997067448680352E+009,-3.771419873041858E+001,-4.949366062696132E+001,
5.000977517106549E+009,-3.771583611323189E+001,-7.178780797449373E+001,
5.004887585532747E+009,-3.769192994141724E+001,-9.270312361754682E+001,
5.008797653958944E+009,-3.728587052182586E+001,-1.152063720097853E+002,
5.012707722385141E+009,-3.719666523965471E+001,-1.411679678136636E+002,
5.016617790811339E+009,-3.734475157829742E+001,-1.667791838061929E+002,
5.020527859237536E+009,-3.759073029041856E+001,1.672348143275663E+002,
5.024437927663734E+009,-3.781892884770488E+001,1.400585362051681E+002,
5.028347996089932E+009,-3.860495089702520E+001,1.115291838707587E+002,
5.032258064516129E+009,-3.995197902352398E+001,8.422946002118084E+001,
5.036168132942327E+009,-4.179355549210574E+001,6.058740051796598E+001,
5.040078201368524E+009,-4.434405433542280E+001,4.290068758083725E+001,
5.043988269794722E+009,-4.518186549371039E+001,4.345018251115117E+001,
5.047898338220919E+009,-4.305464490069265E+001,3.108135885188090E+001,
5.051808406647117E+009,-4.199886462989608E+001,7.331763756236442E+000,
5.055718475073314E+009,-4.139435938739103E+001,-1.847709249262279E+001,
5.059628543499512E+009,-4.162314992590315E+001,-4.452604752034004E+001,
5.063538611925709E+009,-4.177915612741379E+001,-6.877346358783917E+001,
5.067448680351906E+009,-4.213484946081661E+001,-9.368319287164101E+001,
5.071358748778104E+009,-4.314630595499782E+001,-1.178027882184128E+002,
5.075268817204301E+009,-4.446587943287430E+001,-1.401738496748706E+002,
5.079178885630499E+009,-4.544973055499745E+001,-1.540847581836496E+002,
5.083088954056696E+009,-4.602932396322971E+001,-1.682094579234747E+002,
5.086999022482893E+009,-4.664907197334836E+001,1.769904008879751E+002,
5.090909090909091E+009,-4.727878857805352E+001,1.689236591238372E+002,
5.094819159335288E+009,-4.577250124618395E+001,1.591410669354886E+002,
5.098729227761486E+009,-4.509682000086773E+001,1.409827243409807E+002,
5.102639296187683E+009,-4.381600423133943E+001,1.210079054254001E+002,
5.106549364613881E+009,-4.351883111455231E+001,9.677975459083756E+001,
5.110459433040078E+009,-4.478729199736715E+001,7.295776826649970E+001,
5.114369501466276E+009,-4.557604629342937E+001,6.158485685718261E+001,
5.118279569892473E+009,-4.581500880990564E+001,5.355193456560078E+001,
5.122189638318670E+009,-4.496806375574582E+001,4.249296329073166E+001,
5.126099706744868E+009,-4.392438435630311E+001,3.239071221208121E+001,
5.130009775171065E+009,-4.262011775450191E+001,1.568288753589548E+001,
5.133919843597263E+009,-4.128496766329899E+001,-2.873687008776059E+000,
5.137829912023460E+009,-4.059491241871270E+001,-2.464526936480429E+001,
5.141739980449657E+009,-4.013945146036208E+001,-4.248528594237837E+001,
5.145650048875855E+009,-3.971875811816837E+001,-6.215187303777898E+001,
5.149560117302053E+009,-3.910787802785053E+001,-7.950333630190495E+001,
5.153470185728251E+009,-3.856461113823787E+001,-9.865532690490636E+001,
5.157380254154448E+009,-3.799269918211046E+001,-1.173752072520406E+002,
5.161290322580645E+009,-3.751843689280545E+001,-1.362597302107543E+002,
5.165200391006843E+009,-3.719050324825135E+001,-1.536336378067012E+002,
5.169110459433041E+009,-3.673404646149888E+001,-1.703612862834719E+002,
5.173020527859238E+009,-3.532937725351415E+001,1.723447958401468E+002,
5.176930596285435E+009,-3.465926897716123E+001,1.484305631021433E+002,
5.180840664711633E+009,-3.432832060223937E+001,1.281617125802766E+002,
5.184750733137830E+009,-3.383678024874587E+001,1.083336136559966E+002,
5.188660801564028E+009,-3.356982479847545E+001,8.701799117030959E+001,
5.192570869990225E+009,-3.345450871153654E+001,6.766281966121535E+001,
5.196480938416422E+009,-3.329626628564928E+001,4.724370719147748E+001,
5.200391006842620E+009,-3.330689007635871E+001,3.060098049789942E+001,
5.204301075268817E+009,-3.269997071898224E+001,1.357911324814813E+001,
5.208211143695015E+009,-3.219271548655340E+001,-5.973394258547858E+000,
5.212121212121212E+009,-3.143725643495094E+001,-2.462195754262938E+001,
5.216031280547409E+009,-3.096813680238649E+001,-4.437748020460148E+001,
5.219941348973607E+009,-3.031844834812452E+001,-6.564610579959624E+001,
5.223851417399805E+009,-3.029610474046150E+001,-8.778293796410010E+001,
5.227761485826002E+009,-3.009312046878330E+001,-1.083359754694245E+002,
5.231671554252199E+009,-2.976438249647466E+001,-1.292077657761159E+002,
5.235581622678397E+009,-2.949461762616998E+001,-1.497811708689082E+002,
5.239491691104594E+009,-2.964916395062112E+001,-1.708661377548632E+002,
5.243401759530792E+009,-2.969115386808239E+001,1.686909952504848E+002,
5.247311827956989E+009,-2.971395055515152E+001,1.507246705059185E+002,
5.251221896383186E+009,-2.959422427273987E+001,1.316023651535297E+002,
5.255131964809384E+009,-2.958399852909161E+001,1.134369948611762E+002,
5.259042033235581E+009,-2.956115330050104E+001,9.586360129660841E+001,
5.262952101661779E+009,-2.907625328345493E+001,7.828819621645373E+001,
5.266862170087977E+009,-2.868431939083226E+001,5.773074229450765E+001,
5.270772238514174E+009,-2.842409439180922E+001,3.630455959898111E+001,
5.274682306940372E+009,-2.830163677204477E+001,1.663613323096345E+001,
5.278592375366570E+009,-2.817672213094610E+001,-3.836557121220316E+000,
5.282502443792767E+009,-2.808306228075468E+001,-2.526687382368813E+001,
5.286412512218964E+009,-2.824807138530691E+001,-4.577653586099319E+001,
5.290322580645162E+009,-2.846215566866306E+001,-6.514462701085320E+001,
5.294232649071359E+009,-2.865345708597626E+001,-8.445498033040160E+001,
5.298142717497557E+009,-2.881358121390048E+001,-1.012609464593158E+002,
5.302052785923754E+009,-2.875787807512536E+001,-1.189081028219551E+002,
5.305962854349951E+009,-2.863569201780637E+001,-1.381409933751801E+002,
5.309872922776149E+009,-2.855782376839256E+001,-1.563207992884437E+002,
5.313782991202346E+009,-2.852941142580822E+001,-1.745703501489756E+002,
5.317693059628544E+009,-2.856194137177585E+001,1.663822457906455E+002,
5.321603128054741E+009,-2.820312119593231E+001,1.474466895387220E+002,
5.325513196480938E+009,-2.818386592235405E+001,1.274333251322073E+002,
5.329423264907136E+009,-2.837981341493344E+001,1.076308930483781E+002,
5.333333333333333E+009,-2.864630152098854E+001,8.900091809789366E+001,
5.337243401759531E+009,-2.889176813007873E+001,7.172765417851979E+001,
5.341153470185728E+009,-2.876808307625372E+001,5.540956985531669E+001,
5.345063538611926E+009,-2.880923943581115E+001,3.706858183523458E+001,
5.348973607038123E+009,-2.873050366993787E+001,2.048768454086895E+001,
5.352883675464321E+009,-2.851321360340963E+001,3.502568738609606E+000,
5.356793743890518E+009,-2.810487123733043E+001,-1.597244357623194E+001,
5.360703812316715E+009,-2.813884516790925E+001,-3.533044614756261E+001,
5.364613880742913E+009,-2.803588858504806E+001,-5.418384708712687E+001,
5.368523949169110E+009,-2.800443974752540E+001,-7.346464343918903E+001,
5.372434017595308E+009,-2.816073678359746E+001,-9.286327016666066E+001,
5.376344086021505E+009,-2.847748446622033E+001,-1.102562369352078E+002,
5.380254154447702E+009,-2.846121402883115E+001,-1.271358915722142E+002,
5.384164222873900E+009,-2.844820378739960E+001,-1.453740084672806E+002,
5.388074291300098E+009,-2.839952162149406E+001,-1.627516584602742E+002,
5.391984359726296E+009,-2.839042331634306E+001,1.788071041457849E+002,
5.395894428152493E+009,-2.840106792499666E+001,1.599567952051226E+002,
5.399804496578690E+009,-2.852076443906939E+001,1.429880390421673E+002,
5.403714565004888E+009,-2.846245032650678E+001,1.265266710226866E+002,
5.407624633431086E+009,-2.822686254593295E+001,1.075890102153680E+002,
5.411534701857283E+009,-2.821137320159388E+001,8.968665317616410E+001,
5.415444770283480E+009,-2.822141849271776E+001,7.085424773054054E+001,
5.419354838709678E+009,-2.819769949692132E+001,5.322023322199893E+001,
5.423264907135875E+009,-2.801089760112090E+001,3.569453811185666E+001,
5.427174975562073E+009,-2.780125870166841E+001,1.587900521366048E+001,
5.431085043988270E+009,-2.796994874022349E+001,-3.458844099115428E+000,
5.434995112414467E+009,-2.824122684531112E+001,-2.189821131855149E+001,
5.438905180840665E+009,-2.847304197862225E+001,-3.782139040939206E+001,
5.442815249266862E+009,-2.852984689873040E+001,-5.455232309245626E+001,
5.446725317693060E+009,-2.828815681916478E+001,-7.066816167868498E+001,
5.450635386119257E+009,-2.813475761931648E+001,-8.807233168853013E+001,
5.454545454545454E+009,-2.794025180007646E+001,-1.053366836539046E+002,
5.458455522971652E+009,-2.769832670042242E+001,-1.235321294332326E+002,
5.462365591397850E+009,-2.739181698598232E+001,-1.428539090412109E+002,
5.466275659824047E+009,-2.734170608527797E+001,-1.611924432629467E+002,
5.470185728250244E+009,-2.732683832168420E+001,-1.798680752028413E+002,
5.474095796676442E+009,-2.726022562125710E+001,1.603577491640399E+002,
5.478005865102639E+009,-2.721284744282858E+001,1.425529118766852E+002,
5.481915933528837E+009,-2.730670785039308E+001,1.239987183053745E+002,
5.485826001955034E+009,-2.730909828599096E+001,1.063466320002163E+002,
5.489736070381231E+009,-2.706379302591353E+001,8.873082179484476E+001,
5.493646138807429E+009,-2.681347063174587E+001,7.044957851873610E+001,
5.497556207233626E+009,-2.656923294827330E+001,4.974411551434957E+001,
5.501466275659824E+009,-2.662766786583631E+001,2.980145416544435E+001,
5.505376344086021E+009,-2.678067677213891E+001,9.757446875022591E+000,
5.509286412512219E+009,-2.713963411665300E+001,-8.819941678547023E+000,
5.513196480938417E+009,-2.710717569020112E+001,-2.551578198931175E+001,
5.517106549364615E+009,-2.698950513581679E+001,-4.335973767329325E+001,
5.521016617790812E+009,-2.689009652757987E+001,-6.256456665377261E+001,
5.524926686217009E+009,-2.689341549990225E+001,-8.241641829378135E+001,
5.528836754643207E+009,-2.678273157771785E+001,-1.014900762886892E+002,
5.532746823069404E+009,-2.699524059804704E+001,-1.200862194660299E+002,
5.536656891495602E+009,-2.679407859741809E+001,-1.380256206077009E+002,
5.540566959921799E+009,-2.667600359409466E+001,-1.594479515725114E+002,
5.544477028347996E+009,-2.676130061387400E+001,1.794576494976711E+002,
5.548387096774194E+009,-2.709265311132034E+001,1.583253548703078E+002,
5.552297165200391E+009,-2.755102295386273E+001,1.396244622574918E+002,
5.556207233626589E+009,-2.803266481796418E+001,1.215190720655900E+002,
5.560117302052786E+009,-2.832627406553310E+001,1.034677433166951E+002,
5.564027370478983E+009,-2.851214916774759E+001,8.509504081448040E+001,
5.567937438905181E+009,-2.870358471158596E+001,6.837686576265455E+001,
5.571847507331378E+009,-2.888613779901679E+001,5.006440169716873E+001,
5.575757575757576E+009,-2.875297807571975E+001,3.188488704201284E+001,
5.579667644183773E+009,-2.885259823136779E+001,1.200774852090333E+001,
5.583577712609971E+009,-2.888301276500841E+001,-8.269650002692824E+000,
5.587487781036168E+009,-2.918746570835757E+001,-2.844977529081908E+001,
5.591397849462366E+009,-2.955960606549544E+001,-4.853152453388844E+001,
5.595307917888563E+009,-3.023857531879441E+001,-6.692286926365188E+001,
5.599217986314760E+009,-3.051254298149468E+001,-8.540768392614626E+001,
5.603128054740958E+009,-3.089800492051632E+001,-1.044207362146794E+002,
5.607038123167155E+009,-3.148133756697332E+001,-1.231784774746258E+002,
5.610948191593353E+009,-3.197151540155340E+001,-1.396685580539607E+002,
5.614858260019550E+009,-3.248378521883635E+001,-1.561206421091573E+002,
5.618768328445747E+009,-3.267541034960655E+001,-1.737713596881597E+002,
5.622678396871945E+009,-3.302291748187368E+001,1.690360111128272E+002,
5.626588465298142E+009,-3.328125252030931E+001,1.506133850365947E+002,
5.630498533724340E+009,-3.384698900881762E+001,1.325103852930105E+002,
5.634408602150538E+009,-3.431515954511045E+001,1.172946586509869E+002,
5.638318670576735E+009,-3.423858670530864E+001,1.009787706161650E+002,
5.642228739002933E+009,-3.409039669709991E+001,8.190631608111684E+001,
5.646138807429131E+009,-3.440267821521334E+001,6.010390250791573E+001,
5.650048875855328E+009,-3.545719916469374E+001,4.012138037367092E+001,
5.653958944281525E+009,-3.617724719896627E+001,2.518501931693849E+001,
5.657869012707723E+009,-3.655016664097742E+001,9.661022917339789E+000,
5.661779081133920E+009,-3.638898207636752E+001,-6.454938121924823E+000,
5.665689149560118E+009,-3.652403236828085E+001,-2.743769274451784E+001,
5.669599217986315E+009,-3.696743223328043E+001,-4.913346008941534E+001,
5.673509286412512E+009,-3.805253655829334E+001,-7.084175104531937E+001,
5.677419354838710E+009,-3.970773454291886E+001,-8.974766126010096E+001,
5.681329423264907E+009,-4.104885636109805E+001,-1.014194868212161E+002,
5.685239491691105E+009,-4.194900038064062E+001,-1.119359269529532E+002,
5.689149560117302E+009,-4.168554032018382E+001,-1.205337944818307E+002,
5.693059628543499E+009,-4.078954747074707E+001,-1.387354006720288E+002,
5.696969696969697E+009,-4.091270096458765E+001,-1.603796242403726E+002,
5.700879765395895E+009,-4.150064137446941E+001,1.799547789849432E+002,
5.704789833822092E+009,-4.142417617441724E+001,1.600499093125681E+002,
5.708699902248289E+009,-4.156686770563979E+001,1.346176741636372E+002,
5.712609970674487E+009,-4.255825569443654E+001,1.027186344089331E+002,
5.716520039100684E+009,-4.538732371367277E+001,7.297281472373938E+001,
5.720430107526882E+009,-4.927688689089807E+001,4.504926131523802E+001,
5.724340175953079E+009,-5.535564292998857E+001,4.123560130007263E+001,
5.728250244379276E+009,-5.607614931767714E+001,5.993328536392848E+001,
5.732160312805474E+009,-5.317653072334737E+001,4.650514933045876E+001,
5.736070381231671E+009,-5.192747515919012E+001,9.131922283824842E+000,
5.739980449657869E+009,-5.237700817321855E+001,-3.496845265458794E+001,
5.743890518084066E+009,-5.147165464015334E+001,-7.399609770096467E+001,
5.747800586510263E+009,-4.922180866503125E+001,-1.182494265725360E+002,
5.751710654936461E+009,-4.697186831905815E+001,-1.602490954612310E+002,
5.755620723362660E+009,-4.458186548131808E+001,1.660079820784619E+002,
5.759530791788857E+009,-4.269354672144345E+001,1.308005186345889E+002,
5.763440860215054E+009,-4.182491880897647E+001,9.905540330017595E+001,
5.767350928641252E+009,-4.145618399991545E+001,7.232027681217735E+001,
5.771260997067449E+009,-4.133088112467370E+001,5.152894614190497E+001,
5.775171065493647E+009,-4.072722389663135E+001,3.294856250723512E+001,
5.779081133919844E+009,-3.963817280608380E+001,1.979070382790422E+001,
5.782991202346041E+009,-3.863879202220016E+001,-4.459329754263798E+000,
5.786901270772239E+009,-3.815596800369540E+001,-2.749279419032749E+001,
5.790811339198436E+009,-3.781391874355345E+001,-4.403349410551800E+001,
5.794721407624634E+009,-3.686407504972829E+001,-6.278819352322180E+001,
5.798631476050831E+009,-3.604300802329677E+001,-8.308600057117681E+001,
5.802541544477028E+009,-3.538092612419955E+001,-1.047043988806552E+002,
5.806451612903226E+009,-3.508810354222936E+001,-1.271280303175456E+002,
5.810361681329423E+009,-3.520785719450272E+001,-1.479864983637293E+002,
5.814271749755621E+009,-3.534605806870164E+001,-1.654461199143333E+002,
5.818181818181818E+009,-3.500535500682062E+001,1.784204722166783E+002,
5.822091886608016E+009,-3.443126643138889E+001,1.603494864277208E+002,
5.826001955034213E+009,-3.398508700627853E+001,1.400451075486542E+002,
5.829912023460411E+009,-3.383091572819021E+001,1.194221270800894E+002,
5.833822091886608E+009,-3.410246261809882E+001,1.017846063314030E+002,
5.837732160312805E+009,-3.377591627343806E+001,8.583913543283192E+001,
5.841642228739003E+009,-3.330784938187883E+001,6.612799822667782E+001,
5.845552297165200E+009,-3.323751384060245E+001,4.661596668728458E+001,
5.849462365591398E+009,-3.322745388365646E+001,2.907465541301512E+001,
5.853372434017595E+009,-3.295134283036229E+001,1.030491126675280E+001,
5.857282502443792E+009,-3.314377008363604E+001,-8.802522324612403E+000,
5.861192570869990E+009,-3.308902661380295E+001,-2.517669354907898E+001,
5.865102639296187E+009,-3.286265216018676E+001,-4.255085898972470E+001,
5.869012707722385E+009,-3.263348668744553E+001,-6.082625824250654E+001,
5.872922776148583E+009,-3.245040965503797E+001,-8.073730286409898E+001,
5.876832844574780E+009,-3.280134598741181E+001,-9.999470323493033E+001,
5.880742913000978E+009,-3.309295240935051E+001,-1.147196650484597E+002,
5.884652981427176E+009,-3.266527271656553E+001,-1.300482715334216E+002,
5.888563049853373E+009,-3.245916169289230E+001,-1.494380738096260E+002,
5.892473118279570E+009,-3.251596037742510E+001,-1.688363156120444E+002,
5.896383186705768E+009,-3.290669194792194E+001,1.744184602717064E+002,
5.900293255131965E+009,-3.292770396437452E+001,1.592109989880338E+002,
5.904203323558163E+009,-3.296723329656754E+001,1.428798904423883E+002,
5.908113391984360E+009,-3.278841595403191E+001,1.281742551583483E+002,
5.912023460410557E+009,-3.251187848526832E+001,1.121660816549259E+002,
5.915933528836755E+009,-3.217582801457595E+001,9.635974290822644E+001,
5.919843597262952E+009,-3.180418671804820E+001,7.826842338836831E+001,
5.923753665689150E+009,-3.179480036810176E+001,6.090344830288294E+001,
5.927663734115347E+009,-3.147966962534628E+001,4.453944239443293E+001,
5.931573802541544E+009,-3.120956050709692E+001,2.623761313116783E+001,
5.935483870967742E+009,-3.123371577884468E+001,9.022479185705130E+000,
5.939393939393940E+009,-3.108867541194999E+001,-7.339403162327524E+000,
5.943304007820137E+009,-3.079522872245946E+001,-2.367282156731776E+001,
5.947214076246334E+009,-3.043299524421657E+001,-4.083466124968611E+001,
5.951124144672532E+009,-3.022215125263418E+001,-5.837382288839100E+001,
5.955034213098729E+009,-2.989531564527869E+001,-7.541855506756446E+001,
5.958944281524927E+009,-2.940715578636514E+001,-9.339246848468848E+001,
5.962854349951124E+009,-2.909904122666028E+001,-1.119791271975208E+002,
5.966764418377321E+009,-2.900554487210444E+001,-1.318574342530388E+002,
5.970674486803519E+009,-2.879049520016617E+001,-1.497386356970607E+002,
5.974584555229716E+009,-2.853798756726738E+001,-1.690715898144070E+002,
5.978494623655914E+009,-2.853705024400558E+001,1.705934407486949E+002,
5.982404692082111E+009,-2.874700914891733E+001,1.510329058067195E+002,
5.986314760508308E+009,-2.906231115179898E+001,1.334429665984752E+002,
5.990224828934506E+009,-2.912981803847183E+001,1.187331311520733E+002,
5.994134897360704E+009,-2.872635850323673E+001,1.018943598970522E+002,
5.998044965786902E+009,-2.850749033080689E+001,8.304410294604645E+001,
6.001955034213099E+009,-2.833163136002068E+001,6.604135120591549E+001,
6.005865102639297E+009,-2.810636712596041E+001,4.823402650070245E+001,
6.009775171065494E+009,-2.782853454209354E+001,2.937723143527762E+001,
6.013685239491692E+009,-2.762851440706324E+001,9.751189536731424E+000,
6.017595307917889E+009,-2.738123274378254E+001,-1.003506117680935E+001,
6.021505376344086E+009,-2.748556759438043E+001,-3.097225576344618E+001,
6.025415444770284E+009,-2.771419358994683E+001,-5.076175508117083E+001,
6.029325513196481E+009,-2.803305166054154E+001,-6.925046390352381E+001,
6.033235581622679E+009,-2.827009522918826E+001,-8.598540143584323E+001,
6.037145650048876E+009,-2.843964310642845E+001,-1.040262622883990E+002,
6.041055718475073E+009,-2.847068526565798E+001,-1.211100922516329E+002,
6.044965786901271E+009,-2.858787924479496E+001,-1.387277555709836E+002,
6.048875855327468E+009,-2.873190008142655E+001,-1.552144755761815E+002,
6.052785923753666E+009,-2.863753544274135E+001,-1.728081175451027E+002,
6.056695992179863E+009,-2.865671347405065E+001,1.702588174548042E+002,
6.060606060606061E+009,-2.838173209194557E+001,1.518830232898262E+002,
6.064516129032258E+009,-2.844554490977306E+001,1.329994285757166E+002,
6.068426197458456E+009,-2.848148607854447E+001,1.145590815720865E+002,
6.072336265884653E+009,-2.882298793362154E+001,9.433515190494975E+001,
6.076246334310850E+009,-2.912940728818262E+001,7.688014962295313E+001,
6.080156402737048E+009,-2.933832274189239E+001,6.005778442011570E+001,
6.084066471163245E+009,-2.934759807938183E+001,4.475543251852226E+001,
6.087976539589443E+009,-2.923150540599117E+001,2.708010415575821E+001,
6.091886608015640E+009,-2.920322141994766E+001,8.603398984873191E+000,
6.095796676441837E+009,-2.947755548825109E+001,-1.055712702594700E+001,
6.099706744868035E+009,-2.978082137724327E+001,-2.844339361896692E+001,
6.103616813294232E+009,-3.014673665395258E+001,-4.401137939435686E+001,
6.107526881720430E+009,-3.001383076004050E+001,-6.148726274362949E+001,
6.111436950146627E+009,-3.033484061153366E+001,-7.911136348231263E+001,
6.115347018572825E+009,-3.074947203702373E+001,-9.552371364430405E+001,
6.119257086999023E+009,-3.091252256802125E+001,-1.120062840301178E+002,
6.123167155425221E+009,-3.092970669741468E+001,-1.268156539387883E+002,
6.127077223851418E+009,-3.099686451698857E+001,-1.435485683522107E+002,
6.130987292277615E+009,-3.095830589702436E+001,-1.589394066267147E+002,
6.134897360703813E+009,-3.080896744657904E+001,-1.761188379477923E+002,
6.138807429130010E+009,-3.107597860010200E+001,1.682089104739222E+002,
6.142717497556208E+009,-3.113642031039804E+001,1.534041009307667E+002,
6.146627565982405E+009,-3.067472501215123E+001,1.380028648702866E+002,
6.150537634408602E+009,-3.043460023205840E+001,1.206859186642004E+002,
6.154447702834800E+009,-3.017668100139238E+001,1.026965793122899E+002,
6.158357771260998E+009,-3.014263871087655E+001,8.452803926748770E+001,
6.162267839687195E+009,-3.010424101560256E+001,6.704531999149927E+001,
6.166177908113392E+009,-2.999095516038118E+001,4.862085573042762E+001,
6.170087976539589E+009,-3.001211013134336E+001,3.154219380772153E+001,
6.173998044965787E+009,-3.015870908849646E+001,1.522392386427656E+001,
6.177908113391985E+009,-3.006305374402086E+001,-2.233484146409713E-002,
6.181818181818182E+009,-2.956182116595185E+001,-1.671787514634497E+001,
6.185728250244379E+009,-2.960371368572402E+001,-3.410306732868190E+001,
6.189638318670576E+009,-2.908366770656150E+001,-5.136798250675783E+001,
6.193548387096774E+009,-2.867039620051673E+001,-6.923348935026836E+001,
6.197458455522972E+009,-2.822021600956786E+001,-8.987660256079107E+001,
6.201368523949169E+009,-2.827017851854013E+001,-1.105262042937101E+002,
6.205278592375366E+009,-2.827269219599242E+001,-1.307060333539609E+002,
6.209188660801564E+009,-2.858222771070928E+001,-1.509209872261821E+002,
6.213098729227762E+009,-2.887423820629279E+001,-1.679428063486854E+002,
6.217008797653959E+009,-2.897442213199131E+001,1.751141692615879E+002,
6.220918866080156E+009,-2.884516795090313E+001,1.579554407951627E+002,
6.224828934506353E+009,-2.881211335511056E+001,1.406200241833383E+002,
6.228739002932551E+009,-2.890835102865117E+001,1.222130140587038E+002,
6.232649071358749E+009,-2.876702558744283E+001,1.047467485034070E+002,
6.236559139784946E+009,-2.850039072797578E+001,8.701510029870967E+001,
6.240469208211144E+009,-2.807965937259530E+001,6.697829218673739E+001,
6.244379276637341E+009,-2.817757792759772E+001,4.628226722111148E+001,
6.248289345063539E+009,-2.841999721824482E+001,2.660380104324276E+001,
6.252199413489737E+009,-2.854801035994267E+001,8.048539300592077E+000,
6.256109481915934E+009,-2.867012629023098E+001,-9.654519797044980E+000,
6.260019550342131E+009,-2.870687803157326E+001,-2.846048017832812E+001,
6.263929618768329E+009,-2.871304739132498E+001,-4.657956857138007E+001,
6.267839687194526E+009,-2.878015397688992E+001,-6.698361414989317E+001,
6.271749755620724E+009,-2.902523187549734E+001,-8.507925233376996E+001,
6.275659824046921E+009,-2.911976811800496E+001,-1.038690332387794E+002,
6.279569892473118E+009,-2.889623923454110E+001,-1.211378671669860E+002,
6.283479960899316E+009,-2.883725765968658E+001,-1.408390784689051E+002,
6.287390029325514E+009,-2.876250691835225E+001,-1.608411090808672E+002,
6.291300097751711E+009,-2.905878619183168E+001,1.774690038250251E+002,
6.295210166177908E+009,-2.934950628964462E+001,1.575450330265699E+002,
6.299120234604105E+009,-2.964297126264272E+001,1.398344330300909E+002,
6.303030303030303E+009,-2.981692669385024E+001,1.183266829646348E+002,
6.306940371456501E+009,-3.014791308871717E+001,9.881710123312058E+001,
6.310850439882698E+009,-3.056503727705519E+001,7.806582488459951E+001,
6.314760508308895E+009,-3.114886898544935E+001,5.840357240291417E+001,
6.318670576735093E+009,-3.146535197133434E+001,4.048114171390634E+001,
6.322580645161290E+009,-3.174574117231889E+001,2.086627226421980E+001,
6.326490713587488E+009,-3.211619201362942E+001,9.179769753252045E-001,
6.330400782013685E+009,-3.274686470556171E+001,-1.853318099590913E+001,
6.334310850439882E+009,-3.313514606738345E+001,-3.804381033043273E+001,
6.338220918866080E+009,-3.385566156710447E+001,-5.765256997717913E+001,
6.342130987292278E+009,-3.442038421313887E+001,-7.400285963815372E+001,
6.346041055718475E+009,-3.471640695610897E+001,-9.192572532886702E+001,
6.349951124144672E+009,-3.499230514823184E+001,-1.109393242390136E+002,
6.353861192570869E+009,-3.536274749026973E+001,-1.305005156834143E+002,
6.357771260997068E+009,-3.576937130048764E+001,-1.512886412278606E+002,
6.361681329423266E+009,-3.652820608196235E+001,-1.728744844789394E+002,
6.365591397849463E+009,-3.752712213176323E+001,1.684056313355808E+002,
6.369501466275660E+009,-3.832063526943560E+001,1.519835977318861E+002,
6.373411534701857E+009,-3.889215381520518E+001,1.345955629927517E+002,
6.377321603128055E+009,-3.933500102767261E+001,1.164808267903928E+002,
6.381231671554253E+009,-4.010114505071631E+001,9.459730900984037E+001,
6.385141739980450E+009,-4.143057478143638E+001,7.912319944841680E+001,
6.389051808406647E+009,-4.182784742195086E+001,6.499922444548325E+001,
6.392961876832845E+009,-4.165470373293695E+001,4.799469090307522E+001,
6.396871945259043E+009,-4.186578446315261E+001,2.727334279920961E+001,
6.400782013685240E+009,-4.185831648345048E+001,5.758337646851359E+000,
6.404692082111437E+009,-4.203912427094186E+001,-1.934972520995678E+001,
6.408602150537634E+009,-4.309304469240895E+001,-4.583775296521208E+001,
6.412512218963832E+009,-4.417774738234812E+001,-6.899586215143076E+001,
6.416422287390030E+009,-4.491364793159850E+001,-9.452549666155242E+001,
6.420332355816227E+009,-4.612580868065628E+001,-1.227963113411526E+002,
6.424242424242424E+009,-4.776429730785836E+001,-1.431666340491092E+002,
6.428152492668621E+009,-4.793594535750893E+001,-1.639387473782345E+002,
6.432062561094819E+009,-4.847399376263003E+001,1.674608295720048E+002,
6.435972629521017E+009,-4.932722867954130E+001,1.378707258441315E+002,
6.439882697947214E+009,-5.000628399163623E+001,1.193480794610254E+002,
6.443792766373411E+009,-4.933759573442329E+001,9.492411076212630E+001,
6.447702834799609E+009,-4.857797124112443E+001,7.353236311019663E+001,
6.451612903225807E+009,-4.683014391385594E+001,4.639251809505612E+001,
6.455522971652004E+009,-4.570464366636900E+001,1.676950759723134E+001,
6.459433040078201E+009,-4.512275195688383E+001,-1.266127432060606E+001,
6.463343108504398E+009,-4.479522826750261E+001,-4.167852325572596E+001,
6.467253176930596E+009,-4.530898359768515E+001,-7.121083815301503E+001,
6.471163245356794E+009,-4.681349049691746E+001,-9.173027892854010E+001,
6.475073313782991E+009,-4.767361922649123E+001,-9.931958792128170E+001,
6.478983382209189E+009,-4.560972770183859E+001,-1.098326932132034E+002,
6.482893450635386E+009,-4.460932063969182E+001,-1.322807341225847E+002,
6.486803519061584E+009,-4.403466571930253E+001,-1.544102180497833E+002,
6.490713587487782E+009,-4.407257326509412E+001,-1.721939624578812E+002,
6.494623655913979E+009,-4.385383324135526E+001,1.726835699457464E+002,
6.498533724340176E+009,-4.282964026493120E+001,1.585356446383863E+002,
6.502443792766374E+009,-4.142143779679010E+001,1.383953043956074E+002,
6.506353861192571E+009,-4.096458318147681E+001,1.137339015284772E+002,
6.510263929618769E+009,-4.120977486450730E+001,9.441969902721721E+001,
6.514173998044966E+009,-4.126280717831313E+001,7.807750513499589E+001,
6.518084066471163E+009,-4.077599016008902E+001,6.304319428317145E+001,
6.521994134897361E+009,-4.000224478729793E+001,4.485787561341880E+001,
6.525904203323559E+009,-3.944158745957689E+001,2.538651228267468E+001,
6.529814271749756E+009,-3.909760957056199E+001,4.952792979714173E+000,
6.533724340175953E+009,-3.932130196842478E+001,-1.248370314576730E+001,
6.537634408602150E+009,-3.901714781388979E+001,-2.791567024371268E+001,
6.541544477028348E+009,-3.818781217025877E+001,-4.557348844721236E+001,
6.545454545454546E+009,-3.751188988413988E+001,-6.616838132054254E+001,
6.549364613880743E+009,-3.732480269030328E+001,-8.767381168132492E+001,
6.553274682306940E+009,-3.730573395606119E+001,-1.077256922109800E+002,
6.557184750733138E+009,-3.740280051696229E+001,-1.264856868276651E+002,
6.561094819159335E+009,-3.730757618926288E+001,-1.440416716775443E+002,
6.565004887585533E+009,-3.699416185343227E+001,-1.623847974351802E+002,
6.568914956011730E+009,-3.707980063920625E+001,1.774633332490482E+002,
6.572825024437927E+009,-3.717754156058715E+001,1.579620270936424E+002,
6.576735092864125E+009,-3.745735154700419E+001,1.390637790914344E+002,
6.580645161290323E+009,-3.803551511448909E+001,1.224262197273952E+002,
6.584555229716520E+009,-3.794695349061376E+001,1.092939018637842E+002,
6.588465298142717E+009,-3.745584673009871E+001,9.246036122773172E+001,
6.592375366568914E+009,-3.731985408019747E+001,7.223921236879536E+001,
6.596285434995112E+009,-3.749056146025828E+001,5.420895285752110E+001,
6.600195503421310E+009,-3.786313985700097E+001,3.519248192448463E+001,
6.604105571847508E+009,-3.841469687108350E+001,2.008587065869524E+001,
6.608015640273705E+009,-3.854280162475098E+001,7.177098055129788E+000,
6.611925708699902E+009,-3.807155970042366E+001,-8.246129869668588E+000,
6.615835777126100E+009,-3.811842770998827E+001,-2.586312442825376E+001,
6.619745845552298E+009,-3.819177141644167E+001,-4.014747752949995E+001,
6.623655913978495E+009,-3.788525453152072E+001,-5.587483919667307E+001,
6.627565982404692E+009,-3.784854391719386E+001,-7.115992542532243E+001,
6.631476050830890E+009,-3.761483599384409E+001,-8.735745145496067E+001,
6.635386119257088E+009,-3.734922272028592E+001,-1.045829513082807E+002,
6.639296187683285E+009,-3.746995666182557E+001,-1.216239235300255E+002,
6.643206256109482E+009,-3.784675192553449E+001,-1.348452529274487E+002,
6.647116324535679E+009,-3.748586073048003E+001,-1.457622228322026E+002,
6.651026392961877E+009,-3.666023595154478E+001,-1.597160347827393E+002,
6.654936461388075E+009,-3.577780288422628E+001,-1.745875794533222E+002,
6.658846529814272E+009,-3.483397928938361E+001,1.660824359639824E+002,
6.662756598240469E+009,-3.428435243951844E+001,1.460831557913215E+002,
6.666666666666666E+009,-3.394377707922670E+001,1.267234562489556E+002,
6.670576735092864E+009,-3.367388397170750E+001,1.067467005874652E+002,
6.674486803519062E+009,-3.360121038210262E+001,8.765668430076572E+001,
6.678396871945259E+009,-3.353599969089873E+001,6.850992365769228E+001,
6.682306940371456E+009,-3.362763359574543E+001,5.017462890438949E+001,
6.686217008797654E+009,-3.365216616404767E+001,3.375433357633620E+001,
6.690127077223852E+009,-3.362992050974559E+001,1.743268395165513E+001,
6.694037145650049E+009,-3.311692473331079E+001,1.555908887583333E+000,
6.697947214076246E+009,-3.264673730346906E+001,-1.732992288214705E+001,
6.701857282502443E+009,-3.239446671017799E+001,-3.647675357146164E+001,
6.705767350928641E+009,-3.213965601028173E+001,-5.543312158135612E+001,
6.709677419354839E+009,-3.202807568986681E+001,-7.532429902176884E+001,
6.713587487781036E+009,-3.191890972002926E+001,-9.451451478126118E+001,
6.717497556207233E+009,-3.195373817290071E+001,-1.145160247792742E+002,
6.721407624633431E+009,-3.221410310147692E+001,-1.343219455033697E+002,
6.725317693059629E+009,-3.264255667065393E+001,-1.522198413094539E+002,
6.729227761485827E+009,-3.296761348033356E+001,-1.678804681210544E+002,
6.733137829912024E+009,-3.298250875736408E+001,1.768403763029371E+002,
6.737047898338221E+009,-3.276068698890279E+001,1.610885757242502E+002,
6.740957966764419E+009,-3.250884381450524E+001,1.432245692829219E+002,
6.744868035190616E+009,-3.245518110009358E+001,1.259237522458667E+002,
6.748778103616814E+009,-3.228120666452649E+001,1.078762581594431E+002,
6.752688172043011E+009,-3.232886184498062E+001,8.947796088055787E+001,
6.756598240469208E+009,-3.248944918738485E+001,7.127242302944312E+001,
6.760508308895406E+009,-3.274685708422292E+001,5.428046604150464E+001,
6.764418377321604E+009,-3.301652076123227E+001,3.921005808821397E+001,
6.768328445747801E+009,-3.300697096655932E+001,2.515001835887001E+001,
6.772238514173998E+009,-3.270975772516407E+001,1.118971625869168E+001,
6.776148582600195E+009,-3.219805999549135E+001,-4.562501560463604E+000,
6.780058651026393E+009,-3.176725104137670E+001,-2.109009518408374E+001,
6.783968719452591E+009,-3.119378830699341E+001,-3.886734845607384E+001,
6.787878787878788E+009,-3.079562373018595E+001,-5.801197617115199E+001,
6.791788856304985E+009,-3.054482579186740E+001,-7.742711317649111E+001,
6.795698924731183E+009,-3.042521706399319E+001,-9.677565595288840E+001,
6.799608993157380E+009,-3.043551774691310E+001,-1.158333252889655E+002,
6.803519061583578E+009,-3.056987517444402E+001,-1.341354765719054E+002,
6.807429130009775E+009,-3.075309067690102E+001,-1.507555240967187E+002,
6.811339198435972E+009,-3.062395748524672E+001,-1.666609045751829E+002,
6.815249266862170E+009,-3.035033219408276E+001,1.770472293824888E+002,
6.819159335288368E+009,-2.998736127179008E+001,1.600032476141261E+002,
6.823069403714565E+009,-2.962574110769975E+001,1.415312827479521E+002,
6.826979472140762E+009,-2.922855469140054E+001,1.223123427525662E+002,
6.830889540566959E+009,-2.915971138310446E+001,1.029053660885956E+002,
6.834799608993157E+009,-2.902463859723527E+001,8.293247943362970E+001,
6.838709677419355E+009,-2.919469511140832E+001,6.339992406824027E+001,
6.842619745845552E+009,-2.923209680979631E+001,4.591888419070458E+001,
6.846529814271750E+009,-2.932375407801684E+001,2.644984243076985E+001,
6.850439882697948E+009,-2.964089230077091E+001,9.714973392115969E+000,
6.854349951124145E+009,-2.956925130911031E+001,-6.928390113249381E+000,
6.858260019550343E+009,-2.930884774252453E+001,-2.310252824808696E+001,
6.862170087976540E+009,-2.916976341640334E+001,-4.059820682594351E+001,
6.866080156402737E+009,-2.882289697681497E+001,-5.833873201051688E+001,
6.869990224828935E+009,-2.855574641825852E+001,-7.747594153172956E+001,
6.873900293255133E+009,-2.838801686262713E+001,-9.802694155394860E+001,
6.877810361681330E+009,-2.852966629454201E+001,-1.176177624424121E+002,
6.881720430107527E+009,-2.854823125433160E+001,-1.367072314349280E+002,
6.885630498533724E+009,-2.884699022633954E+001,-1.552892660259244E+002,
6.889540566959922E+009,-2.889531039495948E+001,-1.725787371265763E+002,
6.893450635386120E+009,-2.897110336286459E+001,1.685542417279181E+002,
6.897360703812317E+009,-2.907369690952637E+001,1.513208131836373E+002,
6.901270772238514E+009,-2.894479426801524E+001,1.347082643975100E+002,
6.905180840664711E+009,-2.891784016897881E+001,1.167168719347304E+002,
6.909090909090909E+009,-2.874899337973640E+001,9.914755890363844E+001,
6.913000977517107E+009,-2.859741392483208E+001,8.014941245313439E+001,
6.916911045943304E+009,-2.849410191624701E+001,6.181487423508570E+001,
6.920821114369501E+009,-2.840464635917465E+001,4.280669314868531E+001,
6.924731182795699E+009,-2.852711110852123E+001,2.328630735796379E+001,
6.928641251221897E+009,-2.845962646514905E+001,4.700944565594280E+000,
6.932551319648094E+009,-2.847848049126890E+001,-1.466968637264280E+001,
6.936461388074291E+009,-2.872393871628649E+001,-3.461108565078952E+001,
6.940371456500488E+009,-2.893690684235205E+001,-5.317227554964973E+001,
6.944281524926686E+009,-2.914581032847888E+001,-7.042606113640909E+001,
6.948191593352884E+009,-2.916412640561421E+001,-8.810245241778890E+001,
6.952101661779081E+009,-2.931855857333058E+001,-1.061247159196378E+002,
6.956011730205278E+009,-2.948614203857396E+001,-1.232320699874525E+002,
6.959921798631475E+009,-2.937521770221911E+001,-1.417517284213417E+002,
6.963831867057674E+009,-2.924286895793782E+001,-1.594003498201716E+002,
6.967741935483872E+009,-2.902290031871351E+001,-1.787929078702489E+002,
6.971652003910069E+009,-2.912489537531552E+001,1.605850237631916E+002,
6.975562072336266E+009,-2.929793681062662E+001,1.416564466706177E+002,
6.979472140762464E+009,-2.958736846453250E+001,1.228784321272318E+002,
6.983382209188661E+009,-2.988097013163864E+001,1.043727367453746E+002,
6.987292277614859E+009,-3.005307479884356E+001,8.708008418321515E+001,
6.991202346041056E+009,-3.002849495160534E+001,6.921357480232798E+001,
6.995112414467253E+009,-3.006846876149103E+001,5.177749786269887E+001,
6.999022482893451E+009,-3.015719978033442E+001,3.495787581192742E+001,
7.002932551319649E+009,-2.991864021564157E+001,1.736553640001581E+001,
7.006842619745846E+009,-2.979510489153261E+001,-3.296420722143384E+000,
7.010752688172043E+009,-2.978384304949903E+001,-2.365243333734310E+001,
7.014662756598240E+009,-3.025239083355533E+001,-4.446111260380983E+001,
7.018572825024438E+009,-3.030032638093568E+001,-6.271898244381034E+001,
7.022482893450636E+009,-3.053223129466851E+001,-8.036821681885867E+001,
7.026392961876833E+009,-3.058061994765239E+001,-9.914376170006555E+001,
7.030303030303030E+009,-3.073140681726670E+001,-1.181690084760224E+002,
7.034213098729228E+009,-3.091519864173446E+001,-1.375591258967122E+002,
7.038123167155425E+009,-3.106928675166750E+001,-1.576657958661431E+002,
7.042033235581623E+009,-3.134360341328704E+001,-1.772903609609175E+002,
7.045943304007820E+009,-3.140410380646824E+001,1.643405916608627E+002,
7.049853372434017E+009,-3.158142070924745E+001,1.450382414761583E+002,
7.053763440860215E+009,-3.161944090609672E+001,1.246805343884702E+002,
7.057673509286413E+009,-3.186806320881646E+001,1.035847796340368E+002,
7.061583577712610E+009,-3.225906027959241E+001,8.154712135821156E+001,
7.065493646138807E+009,-3.289322826752196E+001,6.198458623592911E+001,
7.069403714565004E+009,-3.330132530611412E+001,4.306694674805046E+001,
7.073313782991202E+009,-3.358760862173453E+001,2.260882429870603E+001,
7.077223851417400E+009,-3.411735260347974E+001,1.251400855264389E+000,
7.081133919843597E+009,-3.495284331985030E+001,-1.809870429072619E+001,
7.085043988269795E+009,-3.571834665906145E+001,-3.651809271184646E+001,
7.088954056695993E+009,-3.614132004609898E+001,-5.339316225423433E+001,
7.092864125122190E+009,-3.634393552083368E+001,-7.193497586756594E+001,
7.096774193548388E+009,-3.674269305733685E+001,-9.160025682042102E+001,
7.100684261974585E+009,-3.696403257521570E+001,-1.114182080161172E+002,
7.104594330400782E+009,-3.735045242893561E+001,-1.330842952938883E+002,
7.108504398826980E+009,-3.789713990143684E+001,-1.553703473325282E+002,
7.112414467253178E+009,-3.873970229292363E+001,-1.773019679840556E+002,
7.116324535679375E+009,-3.971419036998611E+001,1.614828380568407E+002,
7.120234604105572E+009,-4.070049665030761E+001,1.425855249180893E+002,
7.124144672531769E+009,-4.140484761582317E+001,1.233199653889069E+002,
7.128054740957967E+009,-4.229977814483987E+001,1.025913296184480E+002,
7.131964809384165E+009,-4.301236788872775E+001,8.187379523399606E+001,
7.135874877810362E+009,-4.360617513932996E+001,6.245298970098698E+001,
7.139784946236559E+009,-4.423726257192886E+001,4.254315627390113E+001,
7.143695014662756E+009,-4.427356083726048E+001,2.029670814539689E+001,
7.147605083088954E+009,-4.447027083260384E+001,-4.993497157304166E+000,
7.151515151515152E+009,-4.502358240056868E+001,-3.020734727873429E+001,
7.155425219941349E+009,-4.530847266079221E+001,-5.422827955061145E+001,
7.159335288367546E+009,-4.529639840633244E+001,-7.958502984761938E+001,
7.163245356793744E+009,-4.484849476718345E+001,-1.057247186402011E+002,
7.167155425219942E+009,-4.435903280599965E+001,-1.355569308424490E+002,
7.171065493646139E+009,-4.454641761943269E+001,-1.644569295852350E+002,
7.174975562072336E+009,-4.455562094471380E+001,1.676170589846258E+002,
7.178885630498533E+009,-4.496031198348659E+001,1.442927140213165E+002,
7.182795698924731E+009,-4.491348918269152E+001,1.220512685323158E+002,
7.186705767350929E+009,-4.451792095460837E+001,1.060709313701779E+002,
7.190615835777126E+009,-4.288529297441908E+001,8.795939365816402E+001,
7.194525904203323E+009,-4.138593335904783E+001,6.487775815516667E+001,
7.198435972629520E+009,-4.050239784928916E+001,3.964399274960100E+001,
7.202346041055718E+009,-3.964025127245997E+001,1.616314235905275E+001,
7.206256109481916E+009,-3.907293727656515E+001,-9.654281696037881E+000,
7.210166177908114E+009,-3.860934552072488E+001,-3.347834786351931E+001,
7.214076246334311E+009,-3.832374909830254E+001,-5.932508996239231E+001,
7.217986314760509E+009,-3.884705936068121E+001,-8.405201645616533E+001,
7.221896383186706E+009,-3.946454493815268E+001,-1.030672986681047E+002,
7.225806451612904E+009,-3.948878427368364E+001,-1.183487331905448E+002,
7.229716520039101E+009,-3.918996013143549E+001,-1.366058178805820E+002,
7.233626588465298E+009,-3.907146432252320E+001,-1.542701086244325E+002,
7.237536656891496E+009,-3.876859319841642E+001,-1.718560269507669E+002,
7.241446725317694E+009,-3.831627976720875E+001,1.700640755926221E+002,
7.245356793743891E+009,-3.776370731904395E+001,1.517058454317892E+002,
7.249266862170088E+009,-3.714390117915623E+001,1.322853815477733E+002,
7.253176930596285E+009,-3.664622042636620E+001,1.099995275462015E+002,
7.257086999022483E+009,-3.663367644011528E+001,8.818146778546159E+001,
7.260997067448681E+009,-3.676440427947494E+001,6.640304386765418E+001,
7.264907135874878E+009,-3.706927136237757E+001,4.622535230292287E+001,
7.268817204301075E+009,-3.748867654643623E+001,2.692483119666747E+001,
7.272727272727273E+009,-3.785214010534869E+001,9.148006354731441E+000,
7.276637341153470E+009,-3.802368782602179E+001,-7.467190298673877E+000,
7.280547409579668E+009,-3.831789981347286E+001,-2.262736170343573E+001,
7.284457478005865E+009,-3.809488574788384E+001,-3.800700005981385E+001,
7.288367546432062E+009,-3.788882289043496E+001,-5.501666276295204E+001,
7.292277614858260E+009,-3.773518404314782E+001,-7.165385928592328E+001,
7.296187683284458E+009,-3.741087563802350E+001,-8.924872663579582E+001,
7.300097751710655E+009,-3.713799930733499E+001,-1.080749478505259E+002,
7.304007820136852E+009,-3.700728633634254E+001,-1.279767898262855E+002,
7.307917888563049E+009,-3.738930127395075E+001,-1.470941237840129E+002,
7.311827956989247E+009,-3.768940019456358E+001,-1.642952834557407E+002,
7.315738025415445E+009,-3.793294848660879E+001,1.790678274910325E+002,
7.319648093841642E+009,-3.815521632291745E+001,1.623362961211329E+002,
7.323558162267839E+009,-3.836304869373048E+001,1.488854501065437E+002,
7.327468230694037E+009,-3.803077517570461E+001,1.351023249917944E+002,
7.331378299120235E+009,-3.742312206180061E+001,1.185248490810867E+002,
7.335288367546433E+009,-3.705999766315809E+001,1.008666253667419E+002,
7.339198435972630E+009,-3.668854680798801E+001,8.319844430297515E+001,
7.343108504398827E+009,-3.629664609408112E+001,6.431198783136505E+001,
7.347018572825025E+009,-3.605402878522028E+001,4.437209577512124E+001,
7.350928641251223E+009,-3.613831765759841E+001,2.326026250055709E+001,
7.354838709677420E+009,-3.659840110411630E+001,4.571903347348457E+000,
7.358748778103617E+009,-3.707007849558731E+001,-1.297236212386535E+001,
7.362658846529814E+009,-3.752892280190140E+001,-2.728021918293062E+001,
7.366568914956012E+009,-3.738951891100759E+001,-3.956864755885118E+001,
7.370478983382210E+009,-3.682256138294911E+001,-5.414528145569531E+001,
7.374389051808407E+009,-3.613758577241241E+001,-7.270965821504592E+001,
7.378299120234604E+009,-3.592334068448407E+001,-9.273703252145691E+001,
7.382209188660801E+009,-3.590797918398064E+001,-1.111829745096644E+002,
7.386119257086999E+009,-3.571166297162426E+001,-1.308431109594314E+002,
7.390029325513197E+009,-3.583404644377166E+001,-1.517966160213951E+002,
7.393939393939394E+009,-3.648876875192755E+001,-1.716874436420528E+002,
7.397849462365591E+009,-3.741930684557877E+001,1.716328900352091E+002,
7.401759530791789E+009,-3.800718894045478E+001,1.608313545088314E+002,
7.405669599217987E+009,-3.789570426611964E+001,1.487880251891099E+002,
7.409579667644184E+009,-3.732563195158879E+001,1.350582366308833E+002,
7.413489736070381E+009,-3.676793137903527E+001,1.196193469341478E+002,
7.417399804496578E+009,-3.623660670471718E+001,1.015024313416685E+002,
7.421309872922776E+009,-3.607471343681873E+001,8.262012350651418E+001,
7.425219941348974E+009,-3.593291697325419E+001,6.641819747472751E+001,
7.429130009775171E+009,-3.558259395559618E+001,4.730346671635973E+001,
7.433040078201368E+009,-3.561518241003341E+001,2.777337398594377E+001,
7.436950146627565E+009,-3.566603957278502E+001,9.042573449723248E+000,
7.440860215053763E+009,-3.613353819453776E+001,-8.246864867333613E+000,
7.444770283479961E+009,-3.624483623915808E+001,-2.302543477029106E+001,
7.448680351906158E+009,-3.614634931249677E+001,-3.775501231825660E+001,
7.452590420332356E+009,-3.593833259975031E+001,-5.432615762767670E+001,
7.456500488758554E+009,-3.567139746353897E+001,-7.050046893518720E+001,
7.460410557184751E+009,-3.529291770730973E+001,-8.830213991299276E+001,
7.464320625610949E+009,-3.532665212893435E+001,-1.071169656405059E+002,
7.468230694037146E+009,-3.527159713371194E+001,-1.240411145844819E+002,
7.472140762463343E+009,-3.514012391411753E+001,-1.412254301172588E+002,
7.476050830889541E+009,-3.491920857842359E+001,-1.585426946092087E+002,
7.479960899315739E+009,-3.504387081244149E+001,-1.776777650841444E+002,
7.483870967741936E+009,-3.516699325544283E+001,1.659749413182461E+002,
7.487781036168133E+009,-3.513657277837838E+001,1.483481527140358E+002,
7.491691104594330E+009,-3.530194373475321E+001,1.315988348022854E+002,
7.495601173020528E+009,-3.540036839638121E+001,1.162068243415739E+002,
7.499511241446726E+009,-3.528029011535448E+001,1.020484613907497E+002,
7.503421309872923E+009,-3.478647003087004E+001,8.549090799562171E+001,
7.507331378299120E+009,-3.455430089198694E+001,6.810656110830263E+001,
7.511241446725318E+009,-3.428737081050353E+001,5.167666653646273E+001,
7.515151515151515E+009,-3.382139400060851E+001,3.369538391269590E+001,
7.519061583577713E+009,-3.343219659595548E+001,1.490595583649487E+001,
7.522971652003910E+009,-3.337071664961450E+001,-5.384932424292790E+000,
7.526881720430107E+009,-3.350616400271807E+001,-2.378135627395651E+001,
7.530791788856305E+009,-3.366733507292258E+001,-4.167237290889722E+001,
7.534701857282503E+009,-3.378092425853991E+001,-5.803887955296054E+001,
7.538611925708700E+009,-3.363469336333145E+001,-7.368929560729958E+001,
7.542521994134897E+009,-3.334650306539562E+001,-9.031143849261746E+001,
7.546432062561094E+009,-3.298978569657690E+001,-1.076369392602065E+002,
7.550342130987292E+009,-3.285575401462049E+001,-1.267661159459546E+002,
7.554252199413490E+009,-3.280401409731773E+001,-1.438039445326775E+002,
7.558162267839687E+009,-3.230824676917401E+001,-1.611153623099256E+002,
7.562072336265884E+009,-3.194588788557019E+001,1.781672259268597E+002,
7.565982404692082E+009,-3.204551704818559E+001,1.568899467283901E+002,
7.569892473118280E+009,-3.252224037703446E+001,1.382653616149421E+002,
7.573802541544478E+009,-3.271020273353988E+001,1.223472531017787E+002,
7.577712609970675E+009,-3.259332303582475E+001,1.058602127349595E+002,
7.581622678396872E+009,-3.244790849172847E+001,8.830245461034114E+001,
7.585532746823070E+009,-3.250082705367919E+001,7.118795910212495E+001,
7.589442815249268E+009,-3.227001670682589E+001,5.482678509952314E+001,
7.593352883675465E+009,-3.194046110349607E+001,3.649313974968993E+001,
7.597262952101662E+009,-3.170773695426460E+001,1.812320469404488E+001,
7.601173020527859E+009,-3.149820716117605E+001,-1.443507080704596E+000,
7.605083088954057E+009,-3.131014066836008E+001,-2.163992521742009E+001,
7.608993157380255E+009,-3.145807146773832E+001,-4.282059328059352E+001,
7.612903225806452E+009,-3.187485991779729E+001,-6.211340705864551E+001,
7.616813294232649E+009,-3.228586464895734E+001,-8.051625560136040E+001,
7.620723362658846E+009,-3.266736963932231E+001,-9.720923154593787E+001,
7.624633431085044E+009,-3.286878438021199E+001,-1.116715281164007E+002,
7.628543499511242E+009,-3.273347167226418E+001,-1.265272716386932E+002,
7.632453567937439E+009,-3.225470954816474E+001,-1.424987654798480E+002,
7.636363636363636E+009,-3.178698775550089E+001,-1.607288678537657E+002,
7.640273704789834E+009,-3.144178051028815E+001,-1.798153029964730E+002,
7.644183773216032E+009,-3.131486381144527E+001,1.598188003292368E+002,
7.648093841642229E+009,-3.138806034801297E+001,1.394177622884384E+002,
7.652003910068426E+009,-3.157451980698417E+001,1.199066839713852E+002,
7.655913978494623E+009,-3.185419140694194E+001,1.012316936021348E+002,
7.659824046920821E+009,-3.206914492896357E+001,8.347318654683205E+001,
7.663734115347019E+009,-3.230757138988457E+001,6.559533267687776E+001,
7.667644183773216E+009,-3.259681979457557E+001,4.879804964787100E+001,
7.671554252199413E+009,-3.258705744894571E+001,3.347675407497248E+001,
7.675464320625610E+009,-3.232407215722950E+001,1.708773606500526E+001,
7.679374389051808E+009,-3.205574204221259E+001,-1.478388932434278E+000,
7.683284457478006E+009,-3.199709928355143E+001,-2.092396010921172E+001,
7.687194525904203E+009,-3.195384332593709E+001,-3.887588951750781E+001,
7.691104594330401E+009,-3.183888093287781E+001,-5.772088943921470E+001,
7.695014662756599E+009,-3.174561134738309E+001,-7.791400394618725E+001,
7.698924731182797E+009,-3.204662943258494E+001,-9.736589127468774E+001,
7.702834799608994E+009,-3.222647948956060E+001,-1.159492560209245E+002,
7.706744868035191E+009,-3.247017185330663E+001,-1.343836856154196E+002,
7.710654936461388E+009,-3.266526200564252E+001,-1.508417435179770E+002,
7.714565004887586E+009,-3.244761547839780E+001,-1.677676607651809E+002,
7.718475073313784E+009,-3.219316935171543E+001,1.734045315592481E+002,
7.722385141739981E+009,-3.214186886987341E+001,1.537712132236152E+002,
7.726295210166178E+009,-3.219981676726039E+001,1.341710074858239E+002,
7.730205278592375E+009,-3.225698380737157E+001,1.150648401223653E+002,
7.734115347018573E+009,-3.231247473365705E+001,9.512055132893525E+001,
7.738025415444771E+009,-3.246805672105273E+001,7.442028977557682E+001,
7.741935483870968E+009,-3.294873658104346E+001,5.495487135175487E+001,
7.745845552297165E+009,-3.313861436221151E+001,3.700220624267190E+001,
7.749755620723363E+009,-3.328586725521022E+001,1.783349133391990E+001,
7.753665689149560E+009,-3.364344637569101E+001,-6.350337385538435E-001,
7.757575757575758E+009,-3.373985954665703E+001,-1.854584575555837E+001,
7.761485826001955E+009,-3.377113321215257E+001,-3.772023286314488E+001,
7.765395894428152E+009,-3.401471978762530E+001,-5.673007209485106E+001,
7.769305962854350E+009,-3.401975723233201E+001,-7.641253330732037E+001,
7.773216031280548E+009,-3.405547486538759E+001,-9.611769435595753E+001,
7.777126099706745E+009,-3.409465863249382E+001,-1.180111472914515E+002,
7.781036168132942E+009,-3.449004840966057E+001,-1.417703254099456E+002,
7.784946236559139E+009,-3.535615556076352E+001,-1.628807789197214E+002,
7.788856304985337E+009,-3.621705211191419E+001,1.784172046830998E+002,
7.792766373411535E+009,-3.683753551637025E+001,1.604724581684250E+002,
7.796676441837732E+009,-3.734360751200443E+001,1.417261594683341E+002,
7.800586510263929E+009,-3.802716000021108E+001,1.235037161208288E+002,
7.804496578690127E+009,-3.864933317439164E+001,1.061661537123539E+002,
7.808406647116324E+009,-3.892546842484025E+001,8.986900867420474E+001,
7.812316715542522E+009,-3.917968767726483E+001,7.019940060903723E+001,
7.816226783968720E+009,-3.940140193419691E+001,5.230467236279647E+001,
7.820136852394917E+009,-3.944070410875249E+001,3.213691567472163E+001,
7.824046920821115E+009,-3.984742233768918E+001,8.134583455245570E+000,
7.827956989247313E+009,-4.079211818791306E+001,-1.550386295606415E+001,
7.831867057673510E+009,-4.217032309130299E+001,-3.637296333057144E+001,
7.835777126099707E+009,-4.357445659299984E+001,-5.251229079790893E+001,
7.839687194525904E+009,-4.410045898037570E+001,-6.572029880846837E+001,
7.843597262952102E+009,-4.430859606925625E+001,-8.614295248495311E+001,
7.847507331378300E+009,-4.547720923592980E+001,-1.060513157270934E+002,
7.851417399804497E+009,-4.620411437597201E+001,-1.193772883931842E+002,
7.855327468230694E+009,-4.547955114371955E+001,-1.376345180871353E+002,
7.859237536656891E+009,-4.561863449959585E+001,-1.604677841720943E+002,
7.863147605083089E+009,-4.557410839731854E+001,1.730023727979075E+002,
7.867057673509287E+009,-4.625072907725883E+001,1.453131542149589E+002,
7.870967741935484E+009,-4.770185516840112E+001,1.194071558434572E+002,
7.874877810361681E+009,-4.894244571079634E+001,9.567343966616591E+001,
7.878787878787879E+009,-5.010385900542102E+001,7.680877049978963E+001,
7.882697947214077E+009,-5.002548822122307E+001,5.883284171619382E+001,
7.886608015640274E+009,-4.946450806290584E+001,3.857778895339649E+001,
7.890518084066471E+009,-4.855831598412870E+001,9.884749176251969E+000,
7.894428152492668E+009,-4.820271726750040E+001,-1.955956943975390E+001,
7.898338220918866E+009,-4.803277740092177E+001,-4.862560646849275E+001,
7.902248289345064E+009,-4.890178899059472E+001,-7.288315552065389E+001,
7.906158357771261E+009,-4.821889361333859E+001,-8.958695418000637E+001,
7.910068426197458E+009,-4.764396623300770E+001,-1.105677698964410E+002,
7.913978494623655E+009,-4.624053733830994E+001,-1.317163852825130E+002,
7.917888563049853E+009,-4.536734293089629E+001,-1.548418593483135E+002,
7.921798631476051E+009,-4.458220925649990E+001,-1.772043610159088E+002,
7.925708699902248E+009,-4.394120256027632E+001,1.599827866700484E+002,
7.929618768328445E+009,-4.318444709305381E+001,1.403371349066647E+002,
7.933528836754643E+009,-4.202504864503814E+001,1.182966731025927E+002,
7.937438905180841E+009,-4.125304712409456E+001,9.342846320558027E+001,
7.941348973607039E+009,-4.092331803178812E+001,6.929907832909670E+001,
7.945259042033236E+009,-4.096132872052663E+001,4.677352623252741E+001,
7.949169110459433E+009,-4.083925667521727E+001,2.720908081279958E+001,
7.953079178885631E+009,-4.069424976510719E+001,7.518546159157927E+000,
7.956989247311829E+009,-4.040078839129804E+001,-1.091828463449885E+001,
7.960899315738026E+009,-4.011666793230958E+001,-2.985828786534956E+001,
7.964809384164223E+009,-3.966676873951872E+001,-4.831811394748866E+001,
7.968719452590420E+009,-3.913807402723444E+001,-6.792780550861950E+001,
7.972629521016618E+009,-3.897642173241365E+001,-8.814401959997345E+001,
7.976539589442816E+009,-3.854584879820552E+001,-1.074148852610226E+002,
7.980449657869013E+009,-3.833393583591999E+001,-1.285181052709966E+002,
7.984359726295210E+009,-3.827340409424371E+001,-1.470460625572001E+002,
7.988269794721408E+009,-3.823135179640020E+001,-1.673935074573127E+002,
7.992179863147605E+009,-3.820776340853794E+001,1.745903299559774E+002,
7.996089931573803E+009,-3.797020840431391E+001,1.564511716009148E+002,
8.000000000000000E+009,-3.781792941227268E+001,1.369785855739040E+002,
