% Version 1.00
%
%freq[Hz];db:Trc1_S21;ang:Trc1_S21;
4.000000000000000E+009,-2.395250734997196E+001,-1.536222063232422E+002,
4.003910068426198E+009,-2.411961932049470E+001,-1.723492262674856E+002,
4.007820136852395E+009,-2.414491551517852E+001,1.684845467900337E+002,
4.011730205278593E+009,-2.437675365044755E+001,1.479966657904715E+002,
4.015640273704790E+009,-2.472784262777052E+001,1.309168586779760E+002,
4.019550342130987E+009,-2.482449513697877E+001,1.131189859170413E+002,
4.023460410557185E+009,-2.443764960886603E+001,9.550797945978006E+001,
4.027370478983382E+009,-2.412732355808538E+001,7.435142727734660E+001,
4.031280547409580E+009,-2.436125552118717E+001,5.233913915284277E+001,
4.035190615835777E+009,-2.459167473498395E+001,3.242792165940662E+001,
4.039100684261975E+009,-2.487650814720954E+001,1.163652565805734E+001,
4.043010752688172E+009,-2.539114720930203E+001,-7.386577225428383E+000,
4.046920821114369E+009,-2.575057022357954E+001,-2.614584582299084E+001,
4.050830889540567E+009,-2.625173208830147E+001,-4.327437520878415E+001,
4.054740957966765E+009,-2.644902666339510E+001,-5.873767029023158E+001,
4.058651026392962E+009,-2.616276748058059E+001,-7.555393065669006E+001,
4.062561094819160E+009,-2.612847243668779E+001,-9.458825920489556E+001,
4.066471163245357E+009,-2.612455551895387E+001,-1.136634064022853E+002,
4.070381231671554E+009,-2.627032802304509E+001,-1.326356150168136E+002,
4.074291300097752E+009,-2.633926448381731E+001,-1.524940601402160E+002,
4.078201368523949E+009,-2.666008345467033E+001,-1.713265539385108E+002,
4.082111436950147E+009,-2.718357491490191E+001,1.714471312538531E+002,
4.086021505376344E+009,-2.759857365509574E+001,1.563465989892741E+002,
4.089931573802542E+009,-2.722578224189168E+001,1.431617256220505E+002,
4.093841642228739E+009,-2.679812190368044E+001,1.259667030725067E+002,
4.097751710654936E+009,-2.617366268372003E+001,1.089447840571931E+002,
4.101661779081134E+009,-2.562780808335101E+001,8.978246271301504E+001,
4.105571847507331E+009,-2.538822263378085E+001,6.892352305913735E+001,
4.109481915933529E+009,-2.530741413804172E+001,4.921186639404080E+001,
4.113391984359726E+009,-2.514208386586681E+001,2.950337168863390E+001,
4.117302052785924E+009,-2.526337312676937E+001,9.449120194397349E+000,
4.121212121212121E+009,-2.520195208183941E+001,-8.393561357441771E+000,
4.125122189638319E+009,-2.526330117868610E+001,-2.786095500643987E+001,
4.129032258064516E+009,-2.528343422846094E+001,-4.539374067557957E+001,
4.132942326490714E+009,-2.524483473342455E+001,-6.145915049613546E+001,
4.136852394916911E+009,-2.470759494792356E+001,-7.821858654337673E+001,
4.140762463343109E+009,-2.429837344048977E+001,-9.729901889768364E+001,
4.144672531769306E+009,-2.371147667617947E+001,-1.165111759093423E+002,
4.148582600195503E+009,-2.321063247082848E+001,-1.373802853643619E+002,
4.152492668621701E+009,-2.290176708357869E+001,-1.602245233035537E+002,
4.156402737047898E+009,-2.299408977815567E+001,1.778341447983712E+002,
4.160312805474096E+009,-2.326419782896637E+001,1.573932646990535E+002,
4.164222873900293E+009,-2.353982377262677E+001,1.376253440739444E+002,
4.168132942326491E+009,-2.379465201448274E+001,1.201335489297134E+002,
4.172043010752688E+009,-2.376853017373719E+001,1.032172299405342E+002,
4.175953079178886E+009,-2.357926127757773E+001,8.608940204576182E+001,
4.179863147605083E+009,-2.313302394702110E+001,6.792904723196642E+001,
4.183773216031281E+009,-2.275604795696971E+001,4.815515955350819E+001,
4.187683284457478E+009,-2.243119698796873E+001,2.761611242694747E+001,
4.191593352883676E+009,-2.221033642834460E+001,6.866779801255386E+000,
4.195503421309873E+009,-2.206925292173651E+001,-1.472619288393991E+001,
4.199413489736071E+009,-2.220310391757628E+001,-3.684515862226265E+001,
4.203323558162268E+009,-2.263450383576434E+001,-5.721185865915638E+001,
4.207233626588465E+009,-2.299430884287804E+001,-7.544253014494750E+001,
4.211143695014663E+009,-2.311789151500013E+001,-9.308393814966995E+001,
4.215053763440860E+009,-2.309567165397247E+001,-1.107694156077086E+002,
4.218963831867058E+009,-2.301656151239413E+001,-1.294979280340820E+002,
4.222873900293255E+009,-2.286131504787960E+001,-1.484966848369912E+002,
4.226783968719452E+009,-2.290803635696892E+001,-1.681720687648072E+002,
4.230694037145650E+009,-2.286944628676162E+001,1.715385529149878E+002,
4.234604105571847E+009,-2.304829534432299E+001,1.516989317543613E+002,
4.238514173998045E+009,-2.329045547949368E+001,1.318331345427565E+002,
4.242424242424243E+009,-2.358543300076757E+001,1.125849185597666E+002,
4.246334310850440E+009,-2.388787995856584E+001,9.323172976216779E+001,
4.250244379276638E+009,-2.443315144492319E+001,7.555644336794076E+001,
4.254154447702835E+009,-2.460238580560162E+001,5.924618106413497E+001,
4.258064516129032E+009,-2.474977327130644E+001,4.265101161138834E+001,
4.261974584555230E+009,-2.492022811975086E+001,2.534156264883841E+001,
4.265884652981427E+009,-2.476920585872948E+001,8.938232381563894E+000,
4.269794721407625E+009,-2.467372107634318E+001,-8.409392571938906E+000,
4.273704789833822E+009,-2.469414813530150E+001,-2.756787032571008E+001,
4.277614858260019E+009,-2.454433422651723E+001,-4.603833303046714E+001,
4.281524926686217E+009,-2.498672368573814E+001,-6.640374776436885E+001,
4.285434995112414E+009,-2.574852810727424E+001,-8.386287380507326E+001,
4.289345063538612E+009,-2.604978373323988E+001,-9.741099145566560E+001,
4.293255131964809E+009,-2.598674480861218E+001,-1.120359223541215E+002,
4.297165200391007E+009,-2.576440104948773E+001,-1.270913370530654E+002,
4.301075268817205E+009,-2.556876550433205E+001,-1.439687341116240E+002,
4.304985337243402E+009,-2.524707478242547E+001,-1.595610842888997E+002,
4.308895405669600E+009,-2.486804823538371E+001,-1.776595081224202E+002,
4.312805474095797E+009,-2.472646480309668E+001,1.636013401377733E+002,
4.316715542521994E+009,-2.445842058445405E+001,1.444775910602981E+002,
4.320625610948192E+009,-2.452429736448196E+001,1.246256246094774E+002,
4.324535679374389E+009,-2.491507602040213E+001,1.060847517824097E+002,
4.328445747800587E+009,-2.514967192648145E+001,9.013469507998130E+001,
4.332355816226784E+009,-2.524092193804363E+001,7.464287416983441E+001,
4.336265884652982E+009,-2.512999229834872E+001,5.864748696646856E+001,
4.340175953079179E+009,-2.481636074868322E+001,4.292330608919416E+001,
4.344086021505377E+009,-2.448568241266487E+001,2.603295641069583E+001,
4.347996089931574E+009,-2.404995707135235E+001,8.249523785445419E+000,
4.351906158357771E+009,-2.375716030312363E+001,-1.085890142400348E+001,
4.355816226783969E+009,-2.366830326302322E+001,-2.872179221662263E+001,
4.359726295210166E+009,-2.322175516380011E+001,-4.757558487162934E+001,
4.363636363636364E+009,-2.320505344137519E+001,-6.838711165721119E+001,
4.367546432062561E+009,-2.339642763361106E+001,-8.679587085948931E+001,
4.371456500488758E+009,-2.339218483144560E+001,-1.048826142781729E+002,
4.375366568914956E+009,-2.338903479802035E+001,-1.230906446380004E+002,
4.379276637341153E+009,-2.334448388070073E+001,-1.404554386493433E+002,
4.383186705767351E+009,-2.324552435319485E+001,-1.573238193672144E+002,
4.387096774193548E+009,-2.286050857047077E+001,-1.750384898216460E+002,
4.391006842619746E+009,-2.253026740796829E+001,1.653052842824560E+002,
4.394916911045943E+009,-2.247685823420544E+001,1.444832910300216E+002,
4.398826979472141E+009,-2.272666761554348E+001,1.258700899879086E+002,
4.402737047898338E+009,-2.266458686433914E+001,1.080237297308436E+002,
4.406647116324535E+009,-2.257399733729105E+001,8.952368563685079E+001,
4.410557184750733E+009,-2.252745131373540E+001,7.085194696310813E+001,
4.414467253176930E+009,-2.258317195774259E+001,5.267699553094476E+001,
4.418377321603128E+009,-2.252531757340016E+001,3.421131750593452E+001,
4.422287390029326E+009,-2.253522250193023E+001,1.682663038984978E+001,
4.426197458455523E+009,-2.249387856878069E+001,-4.442114828933526E-001,
4.430107526881721E+009,-2.204306276516986E+001,-1.804128527469845E+001,
4.434017595307918E+009,-2.172255847658065E+001,-3.814390710716422E+001,
4.437927663734116E+009,-2.159965435779025E+001,-5.792326921099822E+001,
4.441837732160313E+009,-2.155038614791787E+001,-7.762804201793274E+001,
4.445747800586511E+009,-2.155659748176878E+001,-9.704502860820749E+001,
4.449657869012708E+009,-2.154849253157362E+001,-1.158069819604841E+002,
4.453567937438905E+009,-2.143371557494290E+001,-1.348388985637435E+002,
4.457478005865103E+009,-2.139674284268409E+001,-1.541078864293746E+002,
4.461388074291300E+009,-2.130576119690614E+001,-1.732512042136410E+002,
4.465298142717498E+009,-2.121998767708653E+001,1.671652931855641E+002,
4.469208211143695E+009,-2.116508769467919E+001,1.471753142944609E+002,
4.473118279569893E+009,-2.125955813042520E+001,1.278268563328671E+002,
4.477028347996090E+009,-2.118761371067348E+001,1.094850721419187E+002,
4.480938416422287E+009,-2.105453980424288E+001,8.981373324909013E+001,
4.484848484848485E+009,-2.094846441215065E+001,6.982376486895517E+001,
4.488758553274682E+009,-2.082239417698707E+001,5.002888248402956E+001,
4.492668621700880E+009,-2.065635428088560E+001,2.836406298325733E+001,
4.496578690127077E+009,-2.089960771275387E+001,7.182905504464491E+000,
4.500488758553275E+009,-2.119977039047430E+001,-1.310285118825864E+001,
4.504398826979472E+009,-2.157382063306177E+001,-3.241707718812104E+001,
4.508308895405669E+009,-2.173771732025619E+001,-4.975869021316141E+001,
4.512218963831867E+009,-2.172117187537477E+001,-6.743126870711933E+001,
4.516129032258064E+009,-2.155345165947785E+001,-8.609052316270349E+001,
4.520039100684262E+009,-2.143200596276830E+001,-1.062481998983725E+002,
4.523949169110459E+009,-2.143233451029901E+001,-1.263671723874677E+002,
4.527859237536657E+009,-2.140031875023758E+001,-1.462561904699223E+002,
4.531769305962854E+009,-2.136011072037512E+001,-1.676476763375978E+002,
4.535679374389051E+009,-2.164863420968643E+001,1.714554945766272E+002,
4.539589442815249E+009,-2.197958838973162E+001,1.517570094530782E+002,
4.543499511241447E+009,-2.221476692593136E+001,1.323411443813716E+002,
4.547409579667645E+009,-2.238426901391222E+001,1.129050506593316E+002,
4.551319648093842E+009,-2.264311270605547E+001,9.387764954289482E+001,
4.555229716520039E+009,-2.283963966112347E+001,7.539579783676892E+001,
4.559139784946237E+009,-2.279149200641484E+001,5.714686962194817E+001,
4.563049853372434E+009,-2.276570483329720E+001,3.769230966635101E+001,
4.566959921798632E+009,-2.294255468549232E+001,1.817902848948505E+001,
4.570869990224829E+009,-2.299843894143368E+001,-9.317088381039520E-001,
4.574780058651027E+009,-2.306420637183774E+001,-1.939478449924426E+001,
4.578690127077224E+009,-2.305034766322047E+001,-3.905159963463945E+001,
4.582600195503422E+009,-2.309403350694632E+001,-5.825245266552385E+001,
4.586510263929619E+009,-2.312499520139873E+001,-7.804286692866262E+001,
4.590420332355816E+009,-2.323568320137007E+001,-9.744049827734322E+001,
4.594330400782014E+009,-2.331391144188046E+001,-1.164918576168779E+002,
4.598240469208211E+009,-2.334432656516098E+001,-1.350492713306430E+002,
4.602150537634409E+009,-2.329983868433191E+001,-1.548362945546272E+002,
4.606060606060606E+009,-2.349607557930024E+001,-1.744385432227894E+002,
4.609970674486803E+009,-2.354199002975777E+001,1.665074769913442E+002,
4.613880742913001E+009,-2.358152674942790E+001,1.475981513408517E+002,
4.617790811339198E+009,-2.360729354215722E+001,1.284040501689030E+002,
4.621700879765396E+009,-2.353154601280943E+001,1.089677485239714E+002,
4.625610948191593E+009,-2.362387132489015E+001,8.881519729237206E+001,
4.629521016617791E+009,-2.385942470929975E+001,6.863971593823544E+001,
4.633431085043988E+009,-2.415429396021290E+001,5.099992741738612E+001,
4.637341153470186E+009,-2.396683238722286E+001,3.418221251101821E+001,
4.641251221896383E+009,-2.384400484330282E+001,1.441450424612521E+001,
4.645161290322580E+009,-2.385842401202549E+001,-4.999174580349716E+000,
4.649071358748778E+009,-2.379417721444214E+001,-2.430168977612979E+001,
4.652981427174975E+009,-2.379396490327730E+001,-4.296454008877559E+001,
4.656891495601173E+009,-2.379399525539345E+001,-6.243928730923729E+001,
4.660801564027371E+009,-2.371960883914678E+001,-8.150314014011404E+001,
4.664711632453568E+009,-2.364436349761608E+001,-1.010324379461925E+002,
4.668621700879766E+009,-2.382374485986590E+001,-1.210143036349147E+002,
4.672531769305963E+009,-2.387751519970437E+001,-1.404889536658302E+002,
4.676441837732161E+009,-2.400823294605489E+001,-1.585823975440570E+002,
4.680351906158358E+009,-2.397202651782548E+001,-1.766670559988188E+002,
4.684261974584556E+009,-2.385627331012316E+001,1.655069505238053E+002,
4.688172043010753E+009,-2.367764993455799E+001,1.454782098979724E+002,
4.692082111436951E+009,-2.368824980400898E+001,1.260248222286585E+002,
4.695992179863148E+009,-2.373374787996871E+001,1.075996710510734E+002,
4.699902248289345E+009,-2.367431233891465E+001,8.953661777143417E+001,
4.703812316715543E+009,-2.356978333200629E+001,6.967516677073057E+001,
4.707722385141740E+009,-2.363919927411756E+001,5.053328927101963E+001,
4.711632453567938E+009,-2.354511058314740E+001,3.205024402378882E+001,
4.715542521994135E+009,-2.348569234243649E+001,1.260721007754800E+001,
4.719452590420332E+009,-2.344704948691422E+001,-6.361922886878697E+000,
4.723362658846530E+009,-2.368221285709079E+001,-2.564411043964574E+001,
4.727272727272727E+009,-2.357434200271607E+001,-4.282847796889025E+001,
4.731182795698925E+009,-2.333262829238086E+001,-6.131013293348802E+001,
4.735092864125122E+009,-2.307075118704228E+001,-8.156999165943546E+001,
4.739002932551320E+009,-2.325748410495154E+001,-1.021046126747824E+002,
4.742913000977517E+009,-2.351586037321452E+001,-1.201888747444057E+002,
4.746823069403714E+009,-2.335417460901847E+001,-1.380666032430176E+002,
4.750733137829912E+009,-2.325926361591760E+001,-1.576703944227393E+002,
4.754643206256109E+009,-2.320737790007352E+001,-1.766081767849602E+002,
4.758553274682307E+009,-2.309477541653173E+001,1.637928912574694E+002,
4.762463343108504E+009,-2.327506700900776E+001,1.429765048404449E+002,
4.766373411534702E+009,-2.351367474436090E+001,1.247533340434689E+002,
4.770283479960899E+009,-2.363702034866317E+001,1.079466504955815E+002,
4.774193548387096E+009,-2.346507511819789E+001,8.992387986415339E+001,
4.778103616813294E+009,-2.335177599020401E+001,7.075546741042075E+001,
4.782013685239492E+009,-2.327800016778610E+001,5.175099895675242E+001,
4.785923753665690E+009,-2.322074807695141E+001,3.197836125565574E+001,
4.789833822091887E+009,-2.332325804723577E+001,1.275327768594670E+001,
4.793743890518084E+009,-2.327118411661767E+001,-6.143205817537051E+000,
4.797653958944282E+009,-2.329127899997918E+001,-2.580462032430085E+001,
4.801564027370479E+009,-2.341055469808897E+001,-4.604958460046068E+001,
4.805474095796677E+009,-2.378147396595466E+001,-6.670844790500853E+001,
4.809384164222874E+009,-2.429395474960244E+001,-8.478338430408505E+001,
4.813294232649072E+009,-2.463911863069054E+001,-1.018876035301488E+002,
4.817204301075269E+009,-2.476211087290200E+001,-1.181869647324998E+002,
4.821114369501467E+009,-2.467385993092503E+001,-1.357764668106151E+002,
4.825024437927664E+009,-2.472545918556087E+001,-1.535662636343188E+002,
4.828934506353861E+009,-2.473143247917015E+001,-1.707749860608066E+002,
4.832844574780059E+009,-2.455812778787073E+001,1.706373064165983E+002,
4.836754643206256E+009,-2.461954256754679E+001,1.515369687240993E+002,
4.840664711632454E+009,-2.463422867312620E+001,1.329858528321013E+002,
4.844574780058651E+009,-2.466672286525201E+001,1.136483073181623E+002,
4.848484848484848E+009,-2.500427808165599E+001,9.365389858336121E+001,
4.852394916911046E+009,-2.556687688182425E+001,7.676421059684023E+001,
4.856304985337243E+009,-2.568099698729899E+001,6.282920991510186E+001,
4.860215053763441E+009,-2.533287029465284E+001,4.620898588441752E+001,
4.864125122189638E+009,-2.506448717346307E+001,2.743502000100843E+001,
4.868035190615836E+009,-2.511746195156688E+001,8.350493120948444E+000,
4.871945259042033E+009,-2.511888999078359E+001,-9.626522451285430E+000,
4.875855327468231E+009,-2.505761455170529E+001,-2.845875205960217E+001,
4.879765395894428E+009,-2.520257848016156E+001,-4.756005913856311E+001,
4.883675464320625E+009,-2.533158004410148E+001,-6.456760072631440E+001,
4.887585532746823E+009,-2.519277261177818E+001,-8.179728729028935E+001,
4.891495601173020E+009,-2.505769107300738E+001,-1.000366298419997E+002,
4.895405669599218E+009,-2.490862630318609E+001,-1.193882813954564E+002,
4.899315738025415E+009,-2.500862494017505E+001,-1.383927576288578E+002,
4.903225806451613E+009,-2.505196154686816E+001,-1.564354224180496E+002,
4.907135874877811E+009,-2.495231102678946E+001,-1.768018424460869E+002,
4.911045943304008E+009,-2.504763496705266E+001,1.632276544112312E+002,
4.914956011730206E+009,-2.534926318016238E+001,1.448111097869764E+002,
4.918866080156403E+009,-2.540670815086562E+001,1.260609491476113E+002,
4.922776148582601E+009,-2.573039781993305E+001,1.075524723854295E+002,
4.926686217008798E+009,-2.594597158526729E+001,9.142819120780696E+001,
4.930596285434996E+009,-2.585638710279476E+001,7.428090085172893E+001,
4.934506353861193E+009,-2.580931896871037E+001,5.618343505526876E+001,
4.938416422287390E+009,-2.560868650985237E+001,3.846394141921032E+001,
4.942326490713588E+009,-2.562968562309756E+001,2.046693280841069E+001,
4.946236559139785E+009,-2.543839590174335E+001,2.093272862594046E+000,
4.950146627565983E+009,-2.522549149178040E+001,-1.625489439536704E+001,
4.954056695992180E+009,-2.512053996661232E+001,-3.583029937963426E+001,
4.957966764418377E+009,-2.510746106213431E+001,-5.597984023012872E+001,
4.961876832844575E+009,-2.511784559395930E+001,-7.569478997484499E+001,
4.965786901270772E+009,-2.523767326623711E+001,-9.525589458902948E+001,
4.969696969696970E+009,-2.534870639887977E+001,-1.144594103808370E+002,
4.973607038123167E+009,-2.542488239878461E+001,-1.339744669800458E+002,
4.977517106549365E+009,-2.559309619637613E+001,-1.532520175717407E+002,
4.981427174975562E+009,-2.565422273357319E+001,-1.724524161267433E+002,
4.985337243401759E+009,-2.587958981042624E+001,1.679669136872940E+002,
4.989247311827957E+009,-2.613705155333325E+001,1.498991423713831E+002,
4.993157380254154E+009,-2.612523266545020E+001,1.328750939066862E+002,
4.997067448680352E+009,-2.609495639000723E+001,1.150152065863781E+002,
5.000977517106549E+009,-2.586208851901171E+001,9.568358093565544E+001,
5.004887585532747E+009,-2.584426016590018E+001,7.483720040976219E+001,
5.008797653958944E+009,-2.589578602868962E+001,5.529945771110856E+001,
5.012707722385141E+009,-2.595083386498487E+001,3.434324890241670E+001,
5.016617790811339E+009,-2.624322611260217E+001,1.347462363785114E+001,
5.020527859237536E+009,-2.658532962278332E+001,-5.906407335480902E+000,
5.024437927663734E+009,-2.691718507447522E+001,-2.461393396577619E+001,
5.028347996089932E+009,-2.701958376514556E+001,-4.296667953438853E+001,
5.032258064516129E+009,-2.692265850014834E+001,-6.209437581978757E+001,
5.036168132942327E+009,-2.730421117213135E+001,-8.347104502178100E+001,
5.040078201368524E+009,-2.758864165180810E+001,-1.018717096378278E+002,
5.043988269794722E+009,-2.767746572529043E+001,-1.209587915443948E+002,
5.047898338220919E+009,-2.813763570235507E+001,-1.409380233109082E+002,
5.051808406647117E+009,-2.840153731588867E+001,-1.591237458433586E+002,
5.055718475073314E+009,-2.882885409398859E+001,-1.786899828069303E+002,
5.059628543499512E+009,-2.925376062493824E+001,1.626933723932609E+002,
5.063538611925709E+009,-2.971789813855391E+001,1.445294624750126E+002,
5.067448680351906E+009,-3.048801714349789E+001,1.289183504463444E+002,
5.071358748778104E+009,-3.078756521916493E+001,1.171699738121238E+002,
5.075268817204301E+009,-3.004106942045791E+001,1.029052654752940E+002,
5.079178885630499E+009,-2.974455721049951E+001,8.355262173738390E+001,
5.083088954056696E+009,-2.959372148324711E+001,6.452840898675831E+001,
5.086999022482893E+009,-2.958424950187276E+001,4.688008197946433E+001,
5.090909090909091E+009,-2.934808228397989E+001,2.834732104608487E+001,
5.094819159335288E+009,-2.914438730839877E+001,7.709893277694597E+000,
5.098729227761486E+009,-2.982152504788416E+001,-1.383871785491124E+001,
5.102639296187683E+009,-3.038405220234153E+001,-2.787167636746169E+001,
5.106549364613881E+009,-3.067268714413391E+001,-4.055021730060165E+001,
5.110459433040078E+009,-3.004785898931654E+001,-5.208705013732099E+001,
5.114369501466276E+009,-2.879570287855556E+001,-6.887070773069856E+001,
5.118279569892473E+009,-2.792458560313721E+001,-9.053009089981400E+001,
5.122189638318670E+009,-2.758834242029572E+001,-1.129494107719891E+002,
5.126099706744868E+009,-2.769209334214813E+001,-1.319363715329501E+002,
5.130009775171065E+009,-2.756755590754476E+001,-1.496869789235153E+002,
5.133919843597263E+009,-2.698782631891440E+001,-1.689907279781705E+002,
5.137829912023460E+009,-2.684272132680732E+001,1.698764888073766E+002,
5.141739980449657E+009,-2.695207580114137E+001,1.504948717902930E+002,
5.145650048875855E+009,-2.682532592104138E+001,1.340242474482043E+002,
5.149560117302053E+009,-2.621264749107843E+001,1.170523308339530E+002,
5.153470185728251E+009,-2.557258331329027E+001,9.638629930805799E+001,
5.157380254154448E+009,-2.513997766380185E+001,7.594358157594037E+001,
5.161290322580645E+009,-2.468519303599591E+001,5.444925427452542E+001,
5.165200391006843E+009,-2.467371161688710E+001,3.209898471855298E+001,
5.169110459433041E+009,-2.468153959842970E+001,1.266235183975428E+001,
5.173020527859238E+009,-2.457745635597468E+001,-6.116118289848255E+000,
5.176930596285435E+009,-2.431218243292925E+001,-2.487000094127792E+001,
5.180840664711633E+009,-2.378343811029327E+001,-4.333908171612134E+001,
5.184750733137830E+009,-2.329268964123691E+001,-6.491148006553557E+001,
5.188660801564028E+009,-2.300680893208677E+001,-8.651630013407771E+001,
5.192570869990225E+009,-2.273336428020365E+001,-1.076894654758002E+002,
5.196480938416422E+009,-2.241102595226666E+001,-1.295123749704915E+002,
5.200391006842620E+009,-2.234334923815145E+001,-1.522167687830676E+002,
5.204301075268817E+009,-2.244377310942156E+001,-1.741554815685306E+002,
5.208211143695015E+009,-2.260974475420505E+001,1.647372431556674E+002,
5.212121212121212E+009,-2.272860450656428E+001,1.445828168187799E+002,
5.216031280547409E+009,-2.285793004548090E+001,1.240081809281177E+002,
5.219941348973607E+009,-2.300126688574136E+001,1.046678928027314E+002,
5.223851417399805E+009,-2.307106598919425E+001,8.588266045699163E+001,
5.227761485826002E+009,-2.308569855617999E+001,6.677395074582960E+001,
5.231671554252199E+009,-2.306733142608707E+001,4.841305732599951E+001,
5.235581622678397E+009,-2.285646858922189E+001,2.921285633760243E+001,
5.239491691104594E+009,-2.254357449642823E+001,8.690788230513585E+000,
5.243401759530792E+009,-2.256844520237435E+001,-1.191679634426096E+001,
5.247311827956989E+009,-2.240427089717261E+001,-3.259999548701520E+001,
5.251221896383186E+009,-2.248199570114085E+001,-5.407853650881892E+001,
5.255131964809384E+009,-2.262695486316778E+001,-7.486210584617325E+001,
5.259042033235581E+009,-2.286697847932642E+001,-9.538480442885968E+001,
5.262952101661779E+009,-2.314963411150674E+001,-1.152540566287870E+002,
5.266862170087977E+009,-2.343874328972042E+001,-1.339810482561346E+002,
5.270772238514174E+009,-2.365733092927255E+001,-1.518384624068532E+002,
5.274682306940372E+009,-2.364915062522492E+001,-1.700462119876330E+002,
5.278592375366570E+009,-2.360860770072348E+001,1.711600216171783E+002,
5.282502443792767E+009,-2.360859897113792E+001,1.519499433789117E+002,
5.286412512218964E+009,-2.358052500956934E+001,1.328865561897605E+002,
5.290322580645162E+009,-2.366211987740485E+001,1.133105834488638E+002,
5.294232649071359E+009,-2.379325287860949E+001,9.348676315781765E+001,
5.298142717497557E+009,-2.403727163659230E+001,7.469045317593515E+001,
5.302052785923754E+009,-2.418588030507129E+001,5.632430189837758E+001,
5.305962854349951E+009,-2.420852999008260E+001,3.704904558538532E+001,
5.309872922776149E+009,-2.440724443369963E+001,1.892179127665536E+001,
5.313782991202346E+009,-2.451873596461759E+001,4.948544607197685E-001,
5.317693059628544E+009,-2.455051251435158E+001,-1.726649440912760E+001,
5.321603128054741E+009,-2.460372464120080E+001,-3.629985593732244E+001,
5.325513196480938E+009,-2.467089756080192E+001,-5.505831547635752E+001,
5.329423264907136E+009,-2.479948381090456E+001,-7.341450183319346E+001,
5.333333333333333E+009,-2.487290064977674E+001,-9.180385255413643E+001,
5.337243401759531E+009,-2.501464257523079E+001,-1.104602973419452E+002,
5.341153470185728E+009,-2.529136965686189E+001,-1.289875848870786E+002,
5.345063538611926E+009,-2.542914703276418E+001,-1.463467624815889E+002,
5.348973607038123E+009,-2.557541337426049E+001,-1.643059361689783E+002,
5.352883675464321E+009,-2.572164924843502E+001,1.783234724807397E+002,
5.356793743890518E+009,-2.609660772290010E+001,1.619629361702346E+002,
5.360703812316715E+009,-2.587157523370841E+001,1.468353191665206E+002,
5.364613880742913E+009,-2.565089030602139E+001,1.299006522131389E+002,
5.368523949169110E+009,-2.542223749285392E+001,1.121335607749979E+002,
5.372434017595308E+009,-2.526378427709949E+001,9.333617408260535E+001,
5.376344086021505E+009,-2.527477833833828E+001,7.450629915724490E+001,
5.380254154447702E+009,-2.529527993859215E+001,5.685537025054534E+001,
5.384164222873900E+009,-2.529940397483658E+001,3.959038239311766E+001,
5.388074291300098E+009,-2.496880304698460E+001,2.199875643828101E+001,
5.391984359726296E+009,-2.492674244640118E+001,2.463258228467592E+000,
5.395894428152493E+009,-2.509176269338056E+001,-1.548448621799654E+001,
5.399804496578690E+009,-2.506455825115829E+001,-3.231478689124331E+001,
5.403714565004888E+009,-2.482141633585087E+001,-4.878650453085508E+001,
5.407624633431086E+009,-2.455969804704082E+001,-6.696993725134989E+001,
5.411534701857283E+009,-2.435245555521767E+001,-8.490243044486832E+001,
5.415444770283480E+009,-2.399619133014763E+001,-1.037901288823567E+002,
5.419354838709678E+009,-2.376766554605268E+001,-1.228898099449105E+002,
5.423264907135875E+009,-2.362575968362149E+001,-1.420870859425481E+002,
5.427174975562073E+009,-2.346932571645421E+001,-1.622045413813155E+002,
5.431085043988270E+009,-2.330848342598684E+001,1.790859213579571E+002,
5.434995112414467E+009,-2.324340787551858E+001,1.586483901775131E+002,
5.438905180840665E+009,-2.336303490466685E+001,1.390781379896945E+002,
5.442815249266862E+009,-2.345380203203602E+001,1.208648936427605E+002,
5.446725317693060E+009,-2.334762970042077E+001,1.037539708811810E+002,
5.450635386119257E+009,-2.304172919445516E+001,8.451915412500696E+001,
5.454545454545454E+009,-2.285385062146072E+001,6.507673767207633E+001,
5.458455522971652E+009,-2.277717800882012E+001,4.592160751007543E+001,
5.462365591397850E+009,-2.263383742868076E+001,2.654374010971928E+001,
5.466275659824047E+009,-2.239916808238657E+001,6.501554461266556E+000,
5.470185728250244E+009,-2.231387315660160E+001,-1.410756463790314E+001,
5.474095796676442E+009,-2.231544976407902E+001,-3.499078113786284E+001,
5.478005865102639E+009,-2.242863473072340E+001,-5.546053916480202E+001,
5.481915933528837E+009,-2.256669048596776E+001,-7.649198049330866E+001,
5.485826001955034E+009,-2.289349906155684E+001,-9.558080929175546E+001,
5.489736070381231E+009,-2.306857563904963E+001,-1.129159680572431E+002,
5.493646138807429E+009,-2.292181638310758E+001,-1.314787382155242E+002,
5.497556207233626E+009,-2.280873348961457E+001,-1.512234707538465E+002,
5.501466275659824E+009,-2.281012911298351E+001,-1.713381211400480E+002,
5.505376344086021E+009,-2.274137682033421E+001,1.690340671891141E+002,
5.509286412512219E+009,-2.272359693871315E+001,1.479399470423486E+002,
5.513196480938417E+009,-2.295585882051973E+001,1.269938092245845E+002,
5.517106549364615E+009,-2.328249297558445E+001,1.073517829815868E+002,
5.521016617790812E+009,-2.345301985408954E+001,8.789175849093654E+001,
5.524926686217009E+009,-2.367354503726689E+001,6.798121496824224E+001,
5.528836754643207E+009,-2.394636206713510E+001,4.854184424213519E+001,
5.532746823069404E+009,-2.417670208719486E+001,3.005857424987012E+001,
5.536656891495602E+009,-2.435041707098869E+001,1.111839275104489E+001,
5.540566959921799E+009,-2.453214927948779E+001,-8.556423417365306E+000,
5.544477028347996E+009,-2.482745515326245E+001,-2.709702888901273E+001,
5.548387096774194E+009,-2.501418770249988E+001,-4.566480223847735E+001,
5.552297165200391E+009,-2.516866054595417E+001,-6.399198689524999E+001,
5.556207233626589E+009,-2.523950659638260E+001,-8.349028566208945E+001,
5.560117302052786E+009,-2.545937373434027E+001,-1.028530415393336E+002,
5.564027370478983E+009,-2.579219472772772E+001,-1.229424719799071E+002,
5.567937438905181E+009,-2.621480841807909E+001,-1.426152055667271E+002,
5.571847507331378E+009,-2.670430019810566E+001,-1.620352367634724E+002,
5.575757575757576E+009,-2.759143617155925E+001,-1.796150340360192E+002,
5.579667644183773E+009,-2.832701341242311E+001,1.661735285579557E+002,
5.583577712609971E+009,-2.830308497431413E+001,1.523549165130857E+002,
5.587487781036168E+009,-2.840351112225370E+001,1.369002465583480E+002,
5.591397849462366E+009,-2.815374421686167E+001,1.220693686051338E+002,
5.595307917888563E+009,-2.794284188944944E+001,1.048632720916196E+002,
5.599217986314760E+009,-2.797540746952880E+001,8.761257345553470E+001,
5.603128054740958E+009,-2.788947775242527E+001,7.210697625802636E+001,
5.607038123167155E+009,-2.752479273924967E+001,5.372713390876296E+001,
5.610948191593353E+009,-2.759845884487653E+001,3.653257600691128E+001,
5.614858260019550E+009,-2.757251670202294E+001,2.073016162513924E+001,
5.618768328445747E+009,-2.728548717555259E+001,4.770629731036910E+000,
5.622678396871945E+009,-2.682301705408084E+001,-1.199298111623250E+001,
5.626588465298142E+009,-2.637086419309555E+001,-3.004834905273599E+001,
5.630498533724340E+009,-2.593129318611485E+001,-4.957521931145679E+001,
5.634408602150538E+009,-2.567945829510752E+001,-6.853531827114188E+001,
5.638318670576735E+009,-2.535661303257703E+001,-8.817229801790224E+001,
5.642228739002933E+009,-2.508945411492072E+001,-1.075451433982642E+002,
5.646138807429131E+009,-2.496033715834949E+001,-1.271123242184812E+002,
5.650048875855328E+009,-2.468312502986086E+001,-1.451974299832808E+002,
5.653958944281525E+009,-2.424946202654855E+001,-1.653782612756769E+002,
5.657869012707723E+009,-2.406813352957412E+001,1.738037071563917E+002,
5.661779081133920E+009,-2.401200920288945E+001,1.539027307721279E+002,
5.665689149560118E+009,-2.381565107906076E+001,1.342092640934663E+002,
5.669599217986315E+009,-2.355074893488774E+001,1.141053080538190E+002,
5.673509286412512E+009,-2.325831696997900E+001,9.288905623974007E+001,
5.677419354838710E+009,-2.314136430785335E+001,7.065101438470954E+001,
5.681329423264907E+009,-2.328709413700283E+001,4.833725677477634E+001,
5.685239491691105E+009,-2.360466749004619E+001,2.645605005981621E+001,
5.689149560117302E+009,-2.393976643650925E+001,6.636426162051223E+000,
5.693059628543499E+009,-2.409940234756110E+001,-1.258901524278072E+001,
5.696969696969697E+009,-2.437463689487835E+001,-3.192701850649787E+001,
5.700879765395895E+009,-2.453368992417659E+001,-5.058875841620441E+001,
5.704789833822092E+009,-2.466392252853854E+001,-6.963554183811723E+001,
5.708699902248289E+009,-2.476631163925932E+001,-8.954984916772000E+001,
5.712609970674487E+009,-2.497965433559453E+001,-1.085915694639714E+002,
5.716520039100684E+009,-2.504788501280570E+001,-1.268895633990192E+002,
5.720430107526882E+009,-2.503762705085197E+001,-1.463431643801332E+002,
5.724340175953079E+009,-2.523606537006314E+001,-1.658351650670869E+002,
5.728250244379276E+009,-2.556962576992349E+001,1.743916221926845E+002,
5.732160312805474E+009,-2.586869121702797E+001,1.565205537083234E+002,
5.736070381231671E+009,-2.595389944663438E+001,1.374215798510504E+002,
5.739980449657869E+009,-2.626058347684772E+001,1.196242063376342E+002,
5.743890518084066E+009,-2.626411172559604E+001,1.028290595504877E+002,
5.747800586510263E+009,-2.614429958302616E+001,8.261629220455922E+001,
5.751710654936461E+009,-2.637024999112607E+001,6.355660208167281E+001,
5.755620723362660E+009,-2.665100496336356E+001,4.557215551757074E+001,
5.759530791788857E+009,-2.670663347223656E+001,2.739505713131841E+001,
5.763440860215054E+009,-2.699343659978656E+001,9.476608621174121E+000,
5.767350928641252E+009,-2.699329936479455E+001,-7.176043025117350E+000,
5.771260997067449E+009,-2.687481078955007E+001,-2.514652989109561E+001,
5.775171065493647E+009,-2.683035557406944E+001,-4.568082424124225E+001,
5.779081133919844E+009,-2.704006403989041E+001,-6.531849769006625E+001,
5.782991202346041E+009,-2.739237414670256E+001,-8.258136026489501E+001,
5.786901270772239E+009,-2.761910880462865E+001,-9.893723749012105E+001,
5.790811339198436E+009,-2.748024099615556E+001,-1.155383281075622E+002,
5.794721407624634E+009,-2.730736685215039E+001,-1.346598451520869E+002,
5.798631476050831E+009,-2.743829041166430E+001,-1.544182428385809E+002,
5.802541544477028E+009,-2.768819135894688E+001,-1.729065486111890E+002,
5.806451612903226E+009,-2.791446748934793E+001,1.707760804851840E+002,
5.810361681329423E+009,-2.782025891023400E+001,1.548482362890966E+002,
5.814271749755621E+009,-2.754416763066258E+001,1.364697598893999E+002,
5.818181818181818E+009,-2.751330959105733E+001,1.168415285802718E+002,
5.822091886608016E+009,-2.769395382027631E+001,9.752816004349360E+001,
5.826001955034213E+009,-2.785032630948923E+001,8.105749592703801E+001,
5.829912023460411E+009,-2.776621318129418E+001,6.311705757406199E+001,
5.833822091886608E+009,-2.781114511316060E+001,4.518337790412375E+001,
5.837732160312805E+009,-2.789080829303964E+001,2.789456389517828E+001,
5.841642228739003E+009,-2.763706580203104E+001,1.145058194654368E+001,
5.845552297165200E+009,-2.738723966230339E+001,-7.573856455663082E+000,
5.849462365591398E+009,-2.739503718800417E+001,-2.627695071017015E+001,
5.853372434017595E+009,-2.723522623479423E+001,-4.521112111123168E+001,
5.857282502443792E+009,-2.720126889424175E+001,-6.526661693090266E+001,
5.861192570869990E+009,-2.746260674221381E+001,-8.367020199272355E+001,
5.865102639296187E+009,-2.750689474071482E+001,-1.020078716175482E+002,
5.869012707722385E+009,-2.757449659581431E+001,-1.185234255118448E+002,
5.872922776148583E+009,-2.740146048777111E+001,-1.363818822030895E+002,
5.876832844574780E+009,-2.734971845714632E+001,-1.552196364137177E+002,
5.880742913000978E+009,-2.727868821626645E+001,-1.731239471688112E+002,
5.884652981427176E+009,-2.714919537877038E+001,1.686192482324211E+002,
5.888563049853373E+009,-2.689304529892445E+001,1.500442263570771E+002,
5.892473118279570E+009,-2.670686161025109E+001,1.298508222309895E+002,
5.896383186705768E+009,-2.673336544290250E+001,1.095489808842802E+002,
5.900293255131965E+009,-2.699004990520981E+001,8.939073986067869E+001,
5.904203323558163E+009,-2.740930279755532E+001,7.107747460075508E+001,
5.908113391984360E+009,-2.767769663239666E+001,5.598637648570861E+001,
5.912023460410557E+009,-2.739174445739980E+001,3.981015485390687E+001,
5.915933528836755E+009,-2.696326799044473E+001,2.158693420402383E+001,
5.919843597262952E+009,-2.669433259215635E+001,1.799589441478079E+000,
5.923753665689150E+009,-2.671369172130186E+001,-1.823249101165869E+001,
5.927663734115347E+009,-2.668806446615194E+001,-3.739902461031200E+001,
5.931573802541544E+009,-2.670598003598613E+001,-5.679663271637386E+001,
5.935483870967742E+009,-2.684623287288875E+001,-7.609580461947775E+001,
5.939393939393940E+009,-2.695846786728413E+001,-9.428717856773174E+001,
5.943304007820137E+009,-2.694759152633111E+001,-1.130349187495030E+002,
5.947214076246334E+009,-2.693540614849370E+001,-1.303161653929202E+002,
5.951124144672532E+009,-2.695803229347074E+001,-1.490117035387439E+002,
5.955034213098729E+009,-2.693091028700759E+001,-1.669327479124371E+002,
5.958944281524927E+009,-2.683755540623371E+001,1.744835687377881E+002,
5.962854349951124E+009,-2.677757668019129E+001,1.559481412398073E+002,
5.966764418377321E+009,-2.668323261608601E+001,1.375058826202530E+002,
5.970674486803519E+009,-2.666095434410918E+001,1.184212899856619E+002,
5.974584555229716E+009,-2.664131988128391E+001,1.001261516924230E+002,
5.978494623655914E+009,-2.660388772758424E+001,8.190294024928349E+001,
5.982404692082111E+009,-2.659102383366731E+001,6.350375628634502E+001,
5.986314760508308E+009,-2.634344118801672E+001,4.476207685726955E+001,
5.990224828934506E+009,-2.617837168683259E+001,2.471109661579358E+001,
5.994134897360704E+009,-2.621023053052379E+001,4.496717410531947E+000,
5.998044965786902E+009,-2.627413714085172E+001,-1.539769131442447E+001,
6.001955034213099E+009,-2.663922490269905E+001,-3.372636307484287E+001,
6.005865102639297E+009,-2.690105515394663E+001,-5.074461336265786E+001,
6.009775171065494E+009,-2.665543454231684E+001,-6.510196137628323E+001,
6.013685239491692E+009,-2.607711825856218E+001,-8.425291595867657E+001,
6.017595307917889E+009,-2.589565529961086E+001,-1.041245727922892E+002,
6.021505376344086E+009,-2.574336923295868E+001,-1.233356658766933E+002,
6.025415444770284E+009,-2.562724010719252E+001,-1.418545126048728E+002,
6.029325513196481E+009,-2.527158615779272E+001,-1.615042113081255E+002,
6.033235581622679E+009,-2.511017800492398E+001,1.779085762282243E+002,
6.037145650048876E+009,-2.510003759400272E+001,1.573358980876549E+002,
6.041055718475073E+009,-2.505128260174761E+001,1.372994663266067E+002,
6.044965786901271E+009,-2.506972107504760E+001,1.177901326398315E+002,
6.048875855327468E+009,-2.525192895808925E+001,9.732982652286965E+001,
6.052785923753666E+009,-2.528942298958300E+001,7.882182761953133E+001,
6.056695992179863E+009,-2.519163220048633E+001,6.054018396684435E+001,
6.060606060606061E+009,-2.495476647704586E+001,4.177911148873670E+001,
6.064516129032258E+009,-2.460865051836449E+001,2.106857500974532E+001,
6.068426197458456E+009,-2.442764170490336E+001,-5.721059915630349E-002,
6.072336265884653E+009,-2.444690319672028E+001,-2.186377697836729E+001,
6.076246334310850E+009,-2.462441234724947E+001,-4.363098631952413E+001,
6.080156402737048E+009,-2.499776633262631E+001,-6.483542803418231E+001,
6.084066471163245E+009,-2.532370445893049E+001,-8.318808232846207E+001,
6.087976539589443E+009,-2.534504802886222E+001,-1.010114775622511E+002,
6.091886608015640E+009,-2.524413107933499E+001,-1.196518843146082E+002,
6.095796676441837E+009,-2.514027834010797E+001,-1.403803216867923E+002,
6.099706744868035E+009,-2.525274165929720E+001,-1.608741987039999E+002,
6.103616813294232E+009,-2.526316838119809E+001,1.793917841435753E+002,
6.107526881720430E+009,-2.522544685273105E+001,1.588901471842652E+002,
6.111436950146627E+009,-2.535641936263644E+001,1.374853370727785E+002,
6.115347018572825E+009,-2.560281656984339E+001,1.163833053148862E+002,
6.119257086999023E+009,-2.593985521340222E+001,9.532691474155183E+001,
6.123167155425221E+009,-2.643898410966350E+001,7.440975917487545E+001,
6.127077223851418E+009,-2.712027172305214E+001,5.702398960126986E+001,
6.130987292277615E+009,-2.741304853054064E+001,3.984415550860823E+001,
6.134897360703813E+009,-2.748722926703186E+001,2.272533158766963E+001,
6.138807429130010E+009,-2.739195506760250E+001,4.392461091532960E+000,
6.142717497556208E+009,-2.738319692156588E+001,-1.497604233475184E+001,
6.146627565982405E+009,-2.760752127823367E+001,-3.409895670222091E+001,
6.150537634408602E+009,-2.771229557979688E+001,-5.261079548591030E+001,
6.154447702834800E+009,-2.775723728096596E+001,-7.200555071084507E+001,
6.158357771260998E+009,-2.792892830470222E+001,-9.145563475365526E+001,
6.162267839687195E+009,-2.820448815367737E+001,-1.112529337703924E+002,
6.166177908113392E+009,-2.872014686747953E+001,-1.290374250372659E+002,
6.170087976539589E+009,-2.889617478794235E+001,-1.452790052630342E+002,
6.173998044965787E+009,-2.897603824160600E+001,-1.632456008815815E+002,
6.177908113391985E+009,-2.908945414480210E+001,-1.798033533144743E+002,
6.181818181818182E+009,-2.883955794264452E+001,1.630228773985780E+002,
6.185728250244379E+009,-2.888020156874615E+001,1.447293116366303E+002,
6.189638318670576E+009,-2.870423458499141E+001,1.271804453620463E+002,
6.193548387096774E+009,-2.861928702262109E+001,1.081368247653497E+002,
6.197458455522972E+009,-2.839324451225966E+001,8.923824941618186E+001,
6.201368523949169E+009,-2.854501798733982E+001,6.968376629726865E+001,
6.205278592375366E+009,-2.852235790380830E+001,5.161125642573580E+001,
6.209188660801564E+009,-2.838685397209263E+001,3.314748538923320E+001,
6.213098729227762E+009,-2.836793584637788E+001,1.419979804728769E+001,
6.217008797653959E+009,-2.855389831904557E+001,-5.353782717488517E+000,
6.220918866080156E+009,-2.854909990030144E+001,-2.253918795990539E+001,
6.224828934506353E+009,-2.828988042926151E+001,-3.990495251973199E+001,
6.228739002932551E+009,-2.796880326055048E+001,-5.962837305096045E+001,
6.232649071358749E+009,-2.785939666149469E+001,-8.076241776944762E+001,
6.236559139784946E+009,-2.804862266897911E+001,-1.004540366632008E+002,
6.240469208211144E+009,-2.819127805896964E+001,-1.177948129082009E+002,
6.244379276637341E+009,-2.805866367397552E+001,-1.361823959959277E+002,
6.248289345063539E+009,-2.798394032825650E+001,-1.549349026311142E+002,
6.252199413489737E+009,-2.785454058062237E+001,-1.745119470827967E+002,
6.256109481915934E+009,-2.784045160982278E+001,1.664300734288325E+002,
6.260019550342131E+009,-2.779138761640397E+001,1.472920951612465E+002,
6.263929618768329E+009,-2.757827095587012E+001,1.269420057458359E+002,
6.267839687194526E+009,-2.776010263855941E+001,1.056042093599950E+002,
6.271749755620724E+009,-2.814066378729605E+001,8.630124668036561E+001,
6.275659824046921E+009,-2.837896440583037E+001,6.829036628164144E+001,
6.279569892473118E+009,-2.843942001718137E+001,5.042792041805272E+001,
6.283479960899316E+009,-2.828311736729141E+001,3.219687111215838E+001,
6.287390029325514E+009,-2.824040320270580E+001,1.289123480002935E+001,
6.291300097751711E+009,-2.849435240091307E+001,-7.497890948732954E+000,
6.295210166177908E+009,-2.871013344530832E+001,-2.649153964940637E+001,
6.299120234604105E+009,-2.885915557640191E+001,-4.383055430810190E+001,
6.303030303030303E+009,-2.905733055226054E+001,-6.276789013557732E+001,
6.306940371456501E+009,-2.930439973569135E+001,-8.032723579607901E+001,
6.310850439882698E+009,-2.940450098981282E+001,-9.857314656471755E+001,
6.314760508308895E+009,-2.974155861333093E+001,-1.156699013465325E+002,
6.318670576735093E+009,-2.989496362891519E+001,-1.312031869881748E+002,
6.322580645161290E+009,-2.990790473572357E+001,-1.464372369406664E+002,
6.326490713587488E+009,-2.957107287138659E+001,-1.614022620657077E+002,
6.330400782013685E+009,-2.907454377193825E+001,-1.796779781718133E+002,
6.334310850439882E+009,-2.868295138708667E+001,1.605665445327674E+002,
6.338220918866080E+009,-2.856929186495389E+001,1.414442788487057E+002,
6.342130987292278E+009,-2.840530789707490E+001,1.223316667760468E+002,
6.346041055718475E+009,-2.842839269356363E+001,1.019936953392171E+002,
6.349951124144672E+009,-2.862708871025197E+001,8.433203143572406E+001,
6.353861192570869E+009,-2.843120448663746E+001,6.699523692452254E+001,
6.357771260997068E+009,-2.836048012561468E+001,4.856515562687046E+001,
6.361681329423266E+009,-2.814398230504753E+001,3.033765760599318E+001,
6.365591397849463E+009,-2.793702689423931E+001,1.156411835398797E+001,
6.369501466275660E+009,-2.764209085087648E+001,-7.364344634386427E+000,
6.373411534701857E+009,-2.735556833449415E+001,-2.777263350310998E+001,
6.377321603128055E+009,-2.736456371108502E+001,-5.009945063117429E+001,
6.381231671554253E+009,-2.764124954939897E+001,-7.066435113698115E+001,
6.385141739980450E+009,-2.799792189381352E+001,-8.868947256369025E+001,
6.389051808406647E+009,-2.813627978783924E+001,-1.069882927392835E+002,
6.392961876832845E+009,-2.822493709772905E+001,-1.252833568865167E+002,
6.396871945259043E+009,-2.821937303910070E+001,-1.425551026290373E+002,
6.400782013685240E+009,-2.812714419869885E+001,-1.602725480503551E+002,
6.404692082111437E+009,-2.794158466360383E+001,-1.783077851558600E+002,
6.408602150537634E+009,-2.766762559944118E+001,1.625440141173508E+002,
6.412512218963832E+009,-2.749947930525735E+001,1.427045105226453E+002,
6.416422287390030E+009,-2.740872510476439E+001,1.223617287064671E+002,
6.420332355816227E+009,-2.747196879841951E+001,1.019194751327587E+002,
6.424242424242424E+009,-2.771376301376956E+001,8.114264690852386E+001,
6.428152492668621E+009,-2.779921424785022E+001,6.268008807050385E+001,
6.432062561094819E+009,-2.784303696670546E+001,4.207235955722745E+001,
6.435972629521017E+009,-2.817482490100619E+001,2.190334472662718E+001,
6.439882697947214E+009,-2.868474008686459E+001,2.762165211465210E+000,
6.443792766373411E+009,-2.915438671583276E+001,-1.451639434106436E+001,
6.447702834799609E+009,-2.935563674542583E+001,-2.937726033501538E+001,
6.451612903225807E+009,-2.921562850179651E+001,-4.545928471010656E+001,
6.455522971652004E+009,-2.892468226509856E+001,-6.233261447837677E+001,
6.459433040078201E+009,-2.852186994817435E+001,-8.155039370588217E+001,
6.463343108504398E+009,-2.844174955864995E+001,-1.028475277052786E+002,
6.467253176930596E+009,-2.850596543237112E+001,-1.228667805531514E+002,
6.471163245356794E+009,-2.862319667937466E+001,-1.427944062442032E+002,
6.475073313782991E+009,-2.906305358180666E+001,-1.643192460152307E+002,
6.478983382209189E+009,-2.978257024187579E+001,1.786855833960833E+002,
6.482893450635386E+009,-3.027225752265400E+001,1.641891734147507E+002,
6.486803519061584E+009,-3.012573247119794E+001,1.502627401431861E+002,
6.490713587487782E+009,-2.969422295324682E+001,1.335031304007279E+002,
6.494623655913979E+009,-2.920960880440788E+001,1.156361379416514E+002,
6.498533724340176E+009,-2.896643223280337E+001,9.441639858068136E+001,
6.502443792766374E+009,-2.872350230961006E+001,7.308367304416053E+001,
6.506353861192571E+009,-2.898003920731171E+001,5.003239150258338E+001,
6.510263929618769E+009,-2.993726724245532E+001,3.059730441373996E+001,
6.514173998044966E+009,-3.076010855767905E+001,1.619190485484885E+001,
6.518084066471163E+009,-3.082053567811135E+001,2.119706643186935E+000,
6.521994134897361E+009,-3.087764596342011E+001,-1.325853391081405E+001,
6.525904203323559E+009,-3.060675851979784E+001,-2.693562185446304E+001,
6.529814271749756E+009,-2.987324665527319E+001,-4.426078632838799E+001,
6.533724340175953E+009,-2.931974854573589E+001,-6.427298994110957E+001,
6.537634408602150E+009,-2.922629311412224E+001,-8.662409469847263E+001,
6.541544477028348E+009,-2.956684357935255E+001,-1.092548232946577E+002,
6.545454545454546E+009,-3.004881166403742E+001,-1.280782354028504E+002,
6.549364613880743E+009,-3.079286120658767E+001,-1.445977457697261E+002,
6.553274682306940E+009,-3.135542721179753E+001,-1.593309449409830E+002,
6.557184750733138E+009,-3.141647964584137E+001,-1.696741489639681E+002,
6.561094819159335E+009,-3.069442812097422E+001,1.757942686101308E+002,
6.565004887585533E+009,-3.018399317988554E+001,1.591347238665283E+002,
6.568914956011730E+009,-2.933938490046536E+001,1.418832759105991E+002,
6.572825024437927E+009,-2.895739658750426E+001,1.192384462261053E+002,
6.576735092864125E+009,-2.899729448611513E+001,9.874423482853402E+001,
6.580645161290323E+009,-2.916433533902675E+001,7.998159820143918E+001,
6.584555229716520E+009,-2.928647550599703E+001,6.134265938073357E+001,
6.588465298142717E+009,-2.959846831822446E+001,4.521478908040179E+001,
6.592375366568914E+009,-2.957223021636508E+001,2.956629986497288E+001,
6.596285434995112E+009,-2.908990784321870E+001,1.300911619089870E+001,
6.600195503421310E+009,-2.859109264820253E+001,-3.657501455019542E+000,
6.604105571847508E+009,-2.822734149978500E+001,-2.266046501627045E+001,
6.608015640273705E+009,-2.754731329566765E+001,-4.146194891406609E+001,
6.611925708699902E+009,-2.726279590366831E+001,-6.219116687759610E+001,
6.615835777126100E+009,-2.706226541368953E+001,-8.329229974890987E+001,
6.619745845552298E+009,-2.707131206662623E+001,-1.051244974860722E+002,
6.623655913978495E+009,-2.744890808778862E+001,-1.238957067007750E+002,
6.627565982404692E+009,-2.750439460092546E+001,-1.398106795806126E+002,
6.631476050830890E+009,-2.723708274510002E+001,-1.570740126050962E+002,
6.635386119257088E+009,-2.676597148405410E+001,-1.763005519354757E+002,
6.639296187683285E+009,-2.644809548413261E+001,1.642007722007540E+002,
6.643206256109482E+009,-2.611048018880310E+001,1.430684826967681E+002,
6.647116324535679E+009,-2.615542582790840E+001,1.217628594041211E+002,
6.651026392961877E+009,-2.627763794099521E+001,1.019442702638952E+002,
6.654936461388075E+009,-2.634904181791094E+001,8.193255608750266E+001,
6.658846529814272E+009,-2.634802089243345E+001,6.150194630402398E+001,
6.662756598240469E+009,-2.648615892667958E+001,4.256511490192820E+001,
6.666666666666666E+009,-2.657027789465741E+001,2.360892665113813E+001,
6.670576735092864E+009,-2.643185497725751E+001,4.066567434910541E+000,
6.674486803519062E+009,-2.652691348601411E+001,-1.547862295882830E+001,
6.678396871945259E+009,-2.653292709896770E+001,-3.540854776156126E+001,
6.682306940371456E+009,-2.672731716925173E+001,-5.528374753658527E+001,
6.686217008797654E+009,-2.692280185548792E+001,-7.327725073213912E+001,
6.690127077223852E+009,-2.700568432068640E+001,-9.172269938240336E+001,
6.694037145650049E+009,-2.719833864852862E+001,-1.113483476666244E+002,
6.697947214076246E+009,-2.744097882773761E+001,-1.293789394082422E+002,
6.701857282502443E+009,-2.760479764067037E+001,-1.458831926358610E+002,
6.705767350928641E+009,-2.728658580188967E+001,-1.626169335589174E+002,
6.709677419354839E+009,-2.699795093427293E+001,1.784230960038474E+002,
6.713587487781036E+009,-2.677806866690565E+001,1.598339538665043E+002,
6.717497556207233E+009,-2.641128663130414E+001,1.387390195776724E+002,
6.721407624633431E+009,-2.654018610186650E+001,1.171187511593279E+002,
6.725317693059629E+009,-2.697292205814545E+001,9.660633029409081E+001,
6.729227761485827E+009,-2.734131297379535E+001,7.873526311850600E+001,
6.733137829912024E+009,-2.743484465690662E+001,6.221758333101266E+001,
6.737047898338221E+009,-2.732481004722742E+001,4.487768622320109E+001,
6.740957966764419E+009,-2.709408781721701E+001,2.707171526937274E+001,
6.744868035190616E+009,-2.697187833586423E+001,8.466048209755034E+000,
6.748778103616814E+009,-2.682922987678477E+001,-1.050880915036490E+001,
6.752688172043011E+009,-2.661391312148066E+001,-2.979068869216738E+001,
6.756598240469208E+009,-2.654432982629972E+001,-5.015204108999240E+001,
6.760508308895406E+009,-2.661084131469948E+001,-7.027073234492254E+001,
6.764418377321604E+009,-2.659092888111701E+001,-9.026116579162169E+001,
6.768328445747801E+009,-2.681513987060736E+001,-1.095450299648790E+002,
6.772238514173998E+009,-2.694441185293219E+001,-1.268168639599616E+002,
6.776148582600195E+009,-2.686232064768375E+001,-1.451397223559061E+002,
6.780058651026393E+009,-2.678572634364678E+001,-1.637322219035363E+002,
6.783968719452591E+009,-2.663315986203693E+001,1.779018528612194E+002,
6.787878787878788E+009,-2.643355656256386E+001,1.572408813809086E+002,
6.791788856304985E+009,-2.650983051806703E+001,1.374143162130733E+002,
6.795698924731183E+009,-2.651503971132268E+001,1.182853739392278E+002,
6.799608993157380E+009,-2.660312966762395E+001,9.831783891065408E+001,
6.803519061583578E+009,-2.675732409084638E+001,7.879392520795989E+001,
6.807429130009775E+009,-2.694317582589066E+001,5.936034677055343E+001,
6.811339198435972E+009,-2.716372605750348E+001,4.149492073701227E+001,
6.815249266862170E+009,-2.717587167487756E+001,2.373602610377650E+001,
6.819159335288368E+009,-2.723888496533338E+001,5.567084427780888E+000,
6.823069403714565E+009,-2.734009105604572E+001,-1.160485793855524E+001,
6.826979472140762E+009,-2.720332231319463E+001,-3.061434893181661E+001,
6.830889540566959E+009,-2.711698727529163E+001,-4.951823144627755E+001,
6.834799608993157E+009,-2.706187482164581E+001,-6.855815717509006E+001,
6.838709677419355E+009,-2.698931088245228E+001,-8.746061813113313E+001,
6.842619745845552E+009,-2.690469711396570E+001,-1.073131201517711E+002,
6.846529814271750E+009,-2.703305081127254E+001,-1.271678966199320E+002,
6.850439882697948E+009,-2.726837349694755E+001,-1.465041739503956E+002,
6.854349951124145E+009,-2.744139094895546E+001,-1.651469186729588E+002,
6.858260019550343E+009,-2.767923081582287E+001,1.765263310930517E+002,
6.862170087976540E+009,-2.797831047972653E+001,1.588899390251171E+002,
6.866080156402737E+009,-2.806063606249264E+001,1.430113299465833E+002,
6.869990224828935E+009,-2.814321938962650E+001,1.261649076874161E+002,
6.873900293255133E+009,-2.787586441790026E+001,1.103328960291012E+002,
6.877810361681330E+009,-2.757038333450739E+001,9.176484899087274E+001,
6.881720430107527E+009,-2.752343422255029E+001,7.375724470120976E+001,
6.885630498533724E+009,-2.724464346537376E+001,5.509368822074298E+001,
6.889540566959922E+009,-2.723445673135367E+001,3.656057938764744E+001,
6.893450635386120E+009,-2.716387874260999E+001,1.823543229704472E+001,
6.897360703812317E+009,-2.693677147029784E+001,6.191766223802891E-001,
6.901270772238514E+009,-2.678287481760060E+001,-1.797380688437846E+001,
6.905180840664711E+009,-2.652192965485429E+001,-3.660424920481922E+001,
6.909090909090909E+009,-2.628830932358518E+001,-5.517909154741276E+001,
6.913000977517107E+009,-2.617413926447888E+001,-7.402729705242530E+001,
6.916911045943304E+009,-2.597408899698917E+001,-9.358024597173932E+001,
6.920821114369501E+009,-2.583018058306408E+001,-1.122715237016381E+002,
6.924731182795699E+009,-2.550220632664338E+001,-1.308179185975782E+002,
6.928641251221897E+009,-2.520412447930147E+001,-1.521017005483870E+002,
6.932551319648094E+009,-2.519497595452067E+001,-1.727479314166251E+002,
6.936461388074291E+009,-2.522041637120463E+001,1.676080583248784E+002,
6.940371456500488E+009,-2.518689007410094E+001,1.475481002232632E+002,
6.944281524926686E+009,-2.518359027467725E+001,1.287400270465469E+002,
6.948191593352884E+009,-2.509104888553602E+001,1.094501868425551E+002,
6.952101661779081E+009,-2.506774033543697E+001,8.958723347064775E+001,
6.956011730205278E+009,-2.502178574968861E+001,6.976234228342766E+001,
6.959921798631475E+009,-2.500030441402758E+001,5.037245335838870E+001,
6.963831867057674E+009,-2.479298656610115E+001,3.109362314625797E+001,
6.967741935483872E+009,-2.468029291500104E+001,1.014011715844463E+001,
6.971652003910069E+009,-2.483348650513941E+001,-1.101774443680181E+001,
6.975562072336266E+009,-2.502785403338409E+001,-3.122538423961665E+001,
6.979472140762464E+009,-2.535758323917719E+001,-5.032405831734028E+001,
6.983382209188661E+009,-2.560315654411671E+001,-6.899473179327687E+001,
6.987292277614859E+009,-2.559452957487076E+001,-8.671323714136551E+001,
6.991202346041056E+009,-2.564364686449873E+001,-1.057488971127623E+002,
6.995112414467253E+009,-2.570347554501398E+001,-1.231306644243525E+002,
6.999022482893451E+009,-2.553078018817334E+001,-1.409053872307351E+002,
7.002932551319649E+009,-2.526258244063999E+001,-1.600741145289281E+002,
7.006842619745846E+009,-2.510666521335352E+001,1.792388370160965E+002,
7.010752688172043E+009,-2.516217326176717E+001,1.585416462509118E+002,
7.014662756598240E+009,-2.529654468819566E+001,1.384828292392941E+002,
7.018572825024438E+009,-2.549646892613609E+001,1.186430470549452E+002,
7.022482893450636E+009,-2.572119998213971E+001,1.001024023219317E+002,
7.026392961876833E+009,-2.571704713880983E+001,8.124089464366558E+001,
7.030303030303030E+009,-2.578864389810150E+001,6.218394983313104E+001,
7.034213098729228E+009,-2.590499094283102E+001,4.270950585940772E+001,
7.038123167155425E+009,-2.605930724330048E+001,2.332030259882967E+001,
7.042033235581623E+009,-2.615272624478352E+001,3.447789626170656E+000,
7.045943304007820E+009,-2.638691957153260E+001,-1.494935430913546E+001,
7.049853372434017E+009,-2.645882521322181E+001,-3.233606403411747E+001,
7.053763440860215E+009,-2.652732878119366E+001,-5.119243915278329E+001,
7.057673509286413E+009,-2.653516497063488E+001,-6.942851008519716E+001,
7.061583577712610E+009,-2.655747102956774E+001,-8.865329503688351E+001,
7.065493646138807E+009,-2.680942258547009E+001,-1.078372329996758E+002,
7.069403714565004E+009,-2.699524290180700E+001,-1.251829716068388E+002,
7.073313782991202E+009,-2.688812151155414E+001,-1.440534355761184E+002,
7.077223851417400E+009,-2.696501319273094E+001,-1.623503722936246E+002,
7.081133919843597E+009,-2.708257294334705E+001,-1.794782794182359E+002,
7.085043988269795E+009,-2.692790453302984E+001,1.632262752042501E+002,
7.088954056695993E+009,-2.688354181379811E+001,1.454579887582510E+002,
7.092864125122190E+009,-2.671939021383921E+001,1.256815798780972E+002,
7.096774193548388E+009,-2.661689575917592E+001,1.065173690086086E+002,
7.100684261974585E+009,-2.673105804286090E+001,8.765789331205971E+001,
7.104594330400782E+009,-2.681661330992871E+001,6.960741882260003E+001,
7.108504398826980E+009,-2.679820532327187E+001,5.089013780824498E+001,
7.112414467253178E+009,-2.676237462361232E+001,3.235783666208938E+001,
7.116324535679375E+009,-2.673369458057990E+001,1.509312111474441E+001,
7.120234604105572E+009,-2.673028865683577E+001,-3.139349459076847E+000,
7.124144672531769E+009,-2.662273400780310E+001,-2.164985718240436E+001,
7.128054740957967E+009,-2.645940680900933E+001,-3.928544027355546E+001,
7.131964809384165E+009,-2.614170819474193E+001,-5.862463547377237E+001,
7.135874877810362E+009,-2.589177793811010E+001,-7.794272963757871E+001,
7.139784946236559E+009,-2.580471835780321E+001,-9.805699696457026E+001,
7.143695014662756E+009,-2.583475244257622E+001,-1.179309542837088E+002,
7.147605083088954E+009,-2.591979532152309E+001,-1.381586860203922E+002,
7.151515151515152E+009,-2.600206254206103E+001,-1.575412216719855E+002,
7.155425219941349E+009,-2.615491901965105E+001,-1.761147270567435E+002,
7.159335288367546E+009,-2.613375409761466E+001,1.661535809860221E+002,
7.163245356793744E+009,-2.608784695443131E+001,1.480130641405540E+002,
7.167155425219942E+009,-2.589655094647857E+001,1.293329189429995E+002,
7.171065493646139E+009,-2.575831132563562E+001,1.093792670895108E+002,
7.174975562072336E+009,-2.572451305761948E+001,9.044968790374277E+001,
7.178885630498533E+009,-2.561507178902768E+001,6.987275781356691E+001,
7.182795698924731E+009,-2.561798981236992E+001,4.943142252444692E+001,
7.186705767350929E+009,-2.555681693356484E+001,2.914642309139994E+001,
7.190615835777126E+009,-2.576225888629152E+001,7.924882578486735E+000,
7.194525904203323E+009,-2.612127176428107E+001,-1.173787367448668E+001,
7.198435972629520E+009,-2.653490273232284E+001,-2.868104249623296E+001,
7.202346041055718E+009,-2.641870014808836E+001,-4.579858548873160E+001,
7.206256109481916E+009,-2.638056151655456E+001,-6.487683981671340E+001,
7.210166177908114E+009,-2.634526879501549E+001,-8.300336977536058E+001,
7.214076246334311E+009,-2.615684574872364E+001,-1.019849954055312E+002,
7.217986314760509E+009,-2.609426466583535E+001,-1.221446150158461E+002,
7.221896383186706E+009,-2.607058436194571E+001,-1.417592107545120E+002,
7.225806451612904E+009,-2.600845868687166E+001,-1.620224278754335E+002,
7.229716520039101E+009,-2.614051621530164E+001,1.768055703995681E+002,
7.233626588465298E+009,-2.641989249697243E+001,1.564014314253137E+002,
7.237536656891496E+009,-2.691173339079760E+001,1.368461435526116E+002,
7.241446725317694E+009,-2.740576294305878E+001,1.209386989356272E+002,
7.245356793743891E+009,-2.731192916069393E+001,1.047709373333857E+002,
7.249266862170088E+009,-2.728144429730558E+001,8.734790820188562E+001,
7.253176930596285E+009,-2.698138842964912E+001,6.951770010130726E+001,
7.257086999022483E+009,-2.679504263375264E+001,5.002778824678886E+001,
7.260997067448681E+009,-2.657744769794525E+001,3.081560964633703E+001,
7.264907135874878E+009,-2.671028588725685E+001,9.920122493761873E+000,
7.268817204301075E+009,-2.677590495253605E+001,-8.372364326712741E+000,
7.272727272727273E+009,-2.678400434437075E+001,-2.717921325007595E+001,
7.276637341153470E+009,-2.672951775958916E+001,-4.676552439460010E+001,
7.280547409579668E+009,-2.671178639629850E+001,-6.649903087956700E+001,
7.284457478005865E+009,-2.701948031245722E+001,-8.664640396924490E+001,
7.288367546432062E+009,-2.733837848188623E+001,-1.050160894830300E+002,
7.292277614858260E+009,-2.751163352423422E+001,-1.213041623627664E+002,
7.296187683284458E+009,-2.743274617949299E+001,-1.383630643191695E+002,
7.300097751710655E+009,-2.728289095455401E+001,-1.552337659964046E+002,
7.304007820136852E+009,-2.684095106918850E+001,-1.736420796240963E+002,
7.307917888563049E+009,-2.661788150846068E+001,1.663206967680063E+002,
7.311827956989247E+009,-2.648791298594184E+001,1.450332530463340E+002,
7.315738025415445E+009,-2.669820670027223E+001,1.239222936723858E+002,
7.319648093841642E+009,-2.691267457102764E+001,1.035787272754675E+002,
7.323558162267839E+009,-2.712159118722358E+001,8.456846208461892E+001,
7.327468230694037E+009,-2.736805086267043E+001,6.502862580492703E+001,
7.331378299120235E+009,-2.774367812111613E+001,4.860723169599985E+001,
7.335288367546433E+009,-2.761428066558534E+001,3.170046586291608E+001,
7.339198435972630E+009,-2.740118463515596E+001,1.348112663270811E+001,
7.343108504398827E+009,-2.736342472413217E+001,-5.540481439110429E+000,
7.347018572825025E+009,-2.730072322227486E+001,-2.312444267573156E+001,
7.350928641251223E+009,-2.715631097524783E+001,-4.235155325942539E+001,
7.354838709677420E+009,-2.704758016303260E+001,-6.232888660165346E+001,
7.358748778103617E+009,-2.704332138416529E+001,-8.125513576846252E+001,
7.362658846529814E+009,-2.718118302545762E+001,-1.017119786557397E+002,
7.366568914956012E+009,-2.749472062178265E+001,-1.210876001019306E+002,
7.370478983382210E+009,-2.782001195863019E+001,-1.383557719932151E+002,
7.374389051808407E+009,-2.795002508608717E+001,-1.549858117962803E+002,
7.378299120234604E+009,-2.784324115516310E+001,-1.717474433699881E+002,
7.382209188660801E+009,-2.755788048403239E+001,1.711766146231868E+002,
7.386119257086999E+009,-2.735885071225395E+001,1.522643592720720E+002,
7.390029325513197E+009,-2.719226626856072E+001,1.332850433263096E+002,
7.393939393939394E+009,-2.710052037950073E+001,1.141439487277000E+002,
7.397849462365591E+009,-2.697559105245570E+001,9.479148039412210E+001,
7.401759530791789E+009,-2.702023110060919E+001,7.553146250708123E+001,
7.405669599217987E+009,-2.709612822146942E+001,5.683860973908953E+001,
7.409579667644184E+009,-2.710753160415544E+001,3.805319555130188E+001,
7.413489736070381E+009,-2.715184824960066E+001,2.014251404240236E+001,
7.417399804496578E+009,-2.711072208115500E+001,1.788672467975187E+000,
7.421309872922776E+009,-2.688210995626970E+001,-1.556769776262977E+001,
7.425219941348974E+009,-2.664913262312772E+001,-3.436771587325362E+001,
7.429130009775171E+009,-2.645232737050215E+001,-5.441580530317479E+001,
7.433040078201368E+009,-2.643729750058996E+001,-7.369524991069470E+001,
7.436950146627565E+009,-2.630752894965685E+001,-9.328855136385417E+001,
7.440860215053763E+009,-2.627078203996040E+001,-1.125044498679068E+002,
7.444770283479961E+009,-2.625300137112024E+001,-1.323611164910207E+002,
7.448680351906158E+009,-2.621402680890214E+001,-1.511511265247740E+002,
7.452590420332356E+009,-2.601742423691332E+001,-1.701487282246743E+002,
7.456500488758554E+009,-2.584365822020473E+001,1.697251152032903E+002,
7.460410557184751E+009,-2.582102820042385E+001,1.488970991681044E+002,
7.464320625610949E+009,-2.590304406966391E+001,1.283249701239049E+002,
7.468230694037146E+009,-2.599553826866459E+001,1.075411152241440E+002,
7.472140762463343E+009,-2.616046767555805E+001,8.767221335384596E+001,
7.476050830889541E+009,-2.643337190419652E+001,6.832646792368342E+001,
7.479960899315739E+009,-2.654898422167925E+001,4.993818372180227E+001,
7.483870967741936E+009,-2.649219234759565E+001,3.030106622102644E+001,
7.487781036168133E+009,-2.673535980086976E+001,9.531247802414322E+000,
7.491691104594330E+009,-2.692664995715663E+001,-8.926578045369531E+000,
7.495601173020528E+009,-2.724687257568098E+001,-2.877254391113814E+001,
7.499511241446726E+009,-2.745501101711611E+001,-4.565609014983640E+001,
7.503421309872923E+009,-2.732201356066865E+001,-6.455168392232115E+001,
7.507331378299120E+009,-2.745642349975059E+001,-8.461999859964691E+001,
7.511241446725318E+009,-2.774184933415380E+001,-1.045685352000004E+002,
7.515151515151515E+009,-2.827612403246821E+001,-1.230070171064167E+002,
7.519061583577713E+009,-2.852954714797233E+001,-1.385893716934107E+002,
7.522971652003910E+009,-2.848738299177116E+001,-1.552152647614205E+002,
7.526881720430107E+009,-2.835832470216819E+001,-1.735309302192511E+002,
7.530791788856305E+009,-2.831804167368249E+001,1.669841327984104E+002,
7.534701857282503E+009,-2.849859477477427E+001,1.485537530067523E+002,
7.538611925708700E+009,-2.863933626008464E+001,1.303312794487714E+002,
7.542521994134897E+009,-2.883004387095954E+001,1.132652305102157E+002,
7.546432062561094E+009,-2.880753728456183E+001,9.496880476431258E+001,
7.550342130987292E+009,-2.882734947389900E+001,7.782125801828708E+001,
7.554252199413490E+009,-2.901036668335284E+001,6.019685865407794E+001,
7.558162267839687E+009,-2.894822526951495E+001,4.344496233475735E+001,
7.562072336265884E+009,-2.869729886589295E+001,2.658355897460566E+001,
7.565982404692082E+009,-2.833020342216319E+001,8.182538240127283E+000,
7.569892473118280E+009,-2.818905261828608E+001,-1.053957297373617E+001,
7.573802541544478E+009,-2.792124297897757E+001,-2.992273064282935E+001,
7.577712609970675E+009,-2.786446190512385E+001,-5.005743656563668E+001,
7.581622678396872E+009,-2.805414144023000E+001,-7.063439066248398E+001,
7.585532746823070E+009,-2.809788649940373E+001,-9.010046268244403E+001,
7.589442815249268E+009,-2.831154611658716E+001,-1.089819964549214E+002,
7.593352883675465E+009,-2.863591167410942E+001,-1.266909706270613E+002,
7.597262952101662E+009,-2.858034154281491E+001,-1.428062161056210E+002,
7.601173020527859E+009,-2.843180591742307E+001,-1.600576200268895E+002,
7.605083088954057E+009,-2.794373435553648E+001,-1.781665463116606E+002,
7.608993157380255E+009,-2.769128392836881E+001,1.614531256535645E+002,
7.612903225806452E+009,-2.764660702941370E+001,1.404189517102901E+002,
7.616813294232649E+009,-2.774970382518433E+001,1.203953538574003E+002,
7.620723362658846E+009,-2.780988374470599E+001,1.006693339586605E+002,
7.624633431085044E+009,-2.780031989113795E+001,8.084484571329875E+001,
7.628543499511242E+009,-2.807366958486725E+001,6.169184979425780E+001,
7.632453567937439E+009,-2.830725071996696E+001,4.374727344191394E+001,
7.636363636363636E+009,-2.838645633016456E+001,2.468486659134939E+001,
7.640273704789834E+009,-2.838927674612431E+001,7.729851321820207E+000,
7.644183773216032E+009,-2.846438963408211E+001,-1.079868648047450E+001,
7.648093841642229E+009,-2.842668930399475E+001,-3.014933719179736E+001,
7.652003910068426E+009,-2.868620267166382E+001,-4.835653094416916E+001,
7.655913978494623E+009,-2.859398076610010E+001,-6.631353211820640E+001,
7.659824046920821E+009,-2.869310975147025E+001,-8.463082009968230E+001,
7.663734115347019E+009,-2.866637378970804E+001,-1.041727717037838E+002,
7.667644183773216E+009,-2.895412359303244E+001,-1.223093473359266E+002,
7.671554252199413E+009,-2.917403167359846E+001,-1.392852741322278E+002,
7.675464320625610E+009,-2.905361545549665E+001,-1.558250020737461E+002,
7.679374389051808E+009,-2.894283753797948E+001,-1.735911449029899E+002,
7.683284457478006E+009,-2.878663463065178E+001,1.694174740137227E+002,
7.687194525904203E+009,-2.849801657237779E+001,1.498074862977769E+002,
7.691104594330401E+009,-2.854368321345459E+001,1.314017337067828E+002,
7.695014662756599E+009,-2.844924265727613E+001,1.124070960943338E+002,
7.698924731182797E+009,-2.819255485255371E+001,9.461593794534927E+001,
7.702834799608994E+009,-2.786159943014800E+001,7.617820588790060E+001,
7.706744868035191E+009,-2.762857404034593E+001,5.495545116049923E+001,
7.710654936461388E+009,-2.746539377703725E+001,3.418888587390568E+001,
7.714565004887586E+009,-2.773044540717072E+001,1.365731746668418E+001,
7.718475073313784E+009,-2.794880788263816E+001,-6.744324639120872E+000,
7.722385141739981E+009,-2.826112976701974E+001,-2.475337879345982E+001,
7.726295210166178E+009,-2.837490951837550E+001,-4.184444340073580E+001,
7.730205278592375E+009,-2.819476488086245E+001,-5.919637488126634E+001,
7.734115347018573E+009,-2.808391179123367E+001,-7.668874115925267E+001,
7.738025415444771E+009,-2.766756218732680E+001,-9.533829786119458E+001,
7.741935483870968E+009,-2.727617349535274E+001,-1.162028392042219E+002,
7.745845552297165E+009,-2.707573972118940E+001,-1.381079906085768E+002,
7.749755620723363E+009,-2.712901476144213E+001,-1.617390157936726E+002,
7.753665689149560E+009,-2.759671864182003E+001,1.766434267927810E+002,
7.757575757575758E+009,-2.824722119549943E+001,1.573108982898174E+002,
7.761485826001955E+009,-2.884751489327040E+001,1.398364835611988E+002,
7.765395894428152E+009,-2.923180951718646E+001,1.240390856756239E+002,
7.769305962854350E+009,-2.911412180166802E+001,1.082087418889196E+002,
7.773216031280548E+009,-2.886225162175632E+001,8.984147833857594E+001,
7.777126099706745E+009,-2.864887788626851E+001,7.188232003594106E+001,
7.781036168132942E+009,-2.851597338533630E+001,5.265334935954149E+001,
7.784946236559139E+009,-2.845121937596305E+001,3.214768368222087E+001,
7.788856304985337E+009,-2.846315546224619E+001,1.175925750531768E+001,
7.792766373411535E+009,-2.864703485236605E+001,-7.150117226751838E+000,
7.796676441837732E+009,-2.889545073370990E+001,-2.742168028266325E+001,
7.800586510263929E+009,-2.916520850856731E+001,-4.667490139635530E+001,
7.804496578690127E+009,-2.966405554601934E+001,-6.319692700766775E+001,
7.808406647116324E+009,-2.983593632166227E+001,-7.934617614625648E+001,
7.812316715542522E+009,-2.951979428017307E+001,-9.581556252181943E+001,
7.816226783968720E+009,-2.921148700650936E+001,-1.152669129264249E+002,
7.820136852394917E+009,-2.893261569228105E+001,-1.351764981507057E+002,
7.824046920821115E+009,-2.887615147735517E+001,-1.559282480791266E+002,
7.827956989247313E+009,-2.901327983824957E+001,-1.759798966405039E+002,
7.831867057673510E+009,-2.933402035444437E+001,1.645429099163194E+002,
7.835777126099707E+009,-2.964919658500787E+001,1.455001650299259E+002,
7.839687194525904E+009,-2.989789494100229E+001,1.294552471918201E+002,
7.843597262952102E+009,-2.987423255357414E+001,1.136699839500903E+002,
7.847507331378300E+009,-2.958882029095257E+001,9.565243510474831E+001,
7.851417399804497E+009,-2.932534410805166E+001,7.688606707540873E+001,
7.855327468230694E+009,-2.903306033949302E+001,5.738240476540347E+001,
7.859237536656891E+009,-2.882070848232326E+001,3.526033993776650E+001,
7.863147605083089E+009,-2.902996956517050E+001,1.394131561078591E+001,
7.867057673509287E+009,-2.930128671531718E+001,-5.094501744480662E+000,
7.870967741935484E+009,-2.932106410330421E+001,-2.398455557297677E+001,
7.874877810361681E+009,-2.947667479907014E+001,-4.466401085935490E+001,
7.878787878787879E+009,-2.998017417873834E+001,-6.321464271894652E+001,
7.882697947214077E+009,-3.005231866888992E+001,-8.031597372419935E+001,
7.886608015640274E+009,-3.017358932077048E+001,-9.809464062979757E+001,
7.890518084066471E+009,-3.016482147459520E+001,-1.161163915545389E+002,
7.894428152492668E+009,-3.008522762221201E+001,-1.334745252675084E+002,
7.898338220918866E+009,-2.972965289865584E+001,-1.520644851934921E+002,
7.902248289345064E+009,-2.954883429938244E+001,-1.713103878964664E+002,
7.906158357771261E+009,-2.949273144495168E+001,1.679195154002692E+002,
7.910068426197458E+009,-2.953248163904529E+001,1.470321151790425E+002,
7.913978494623655E+009,-2.971573248358330E+001,1.267407641361612E+002,
7.917888563049853E+009,-3.011321973164138E+001,1.076296087765353E+002,
7.921798631476051E+009,-3.033876509210467E+001,8.920821400029058E+001,
7.925708699902248E+009,-3.061950483939142E+001,7.253560980376166E+001,
7.929618768328445E+009,-3.048865981679180E+001,5.508850110950798E+001,
7.933528836754643E+009,-3.030654148957048E+001,3.669878101246991E+001,
7.937438905180841E+009,-3.017613209924545E+001,1.783462533893170E+001,
7.941348973607039E+009,-3.002366569479317E+001,-1.823837605820980E+000,
7.945259042033236E+009,-3.009871974317652E+001,-2.147700996193099E+001,
7.949169110459433E+009,-3.012551989033159E+001,-3.987977606329639E+001,
7.953079178885631E+009,-3.026226638369564E+001,-5.987307030609935E+001,
7.956989247311829E+009,-3.030832471254794E+001,-7.855828061179930E+001,
7.960899315738026E+009,-3.020139331916367E+001,-9.756170022804794E+001,
7.964809384164223E+009,-3.016128786303060E+001,-1.170170712425663E+002,
7.968719452590420E+009,-3.031666515500321E+001,-1.357502255572269E+002,
7.972629521016618E+009,-3.020475371669448E+001,-1.554671292817041E+002,
7.976539589442816E+009,-3.037898752744096E+001,-1.748941067339024E+002,
7.980449657869013E+009,-3.045112633825371E+001,1.664038792685996E+002,
7.984359726295210E+009,-3.026110402813833E+001,1.474571573443010E+002,
7.988269794721408E+009,-3.022509086483325E+001,1.278722377344109E+002,
7.992179863147605E+009,-2.994079116433148E+001,1.084339465724725E+002,
7.996089931573803E+009,-2.982781923837492E+001,8.634949989313883E+001,
8.000000000000000E+009,-2.998579707682022E+001,6.457256238168944E+001,
