% Version 1.00
%
%freq[Hz];db:Trc1_S21;ang:Trc1_S21;
4.000000000000000E+009,-2.603499531962815E+001,-1.512101251846356E+002,
4.003910068426198E+009,-2.612725106044947E+001,-1.716009481883449E+002,
4.007820136852395E+009,-2.647885345822110E+001,1.681263848046028E+002,
4.011730205278593E+009,-2.717764956997014E+001,1.490480985252417E+002,
4.015640273704790E+009,-2.788131132207024E+001,1.330021711012632E+002,
4.019550342130987E+009,-2.831986281352963E+001,1.188885248647405E+002,
4.023460410557185E+009,-2.836433168201841E+001,1.055393386430388E+002,
4.027370478983382E+009,-2.770547607709137E+001,9.224394818258145E+001,
4.031280547409580E+009,-2.702227377171261E+001,7.270911806329440E+001,
4.035190615835777E+009,-2.684341469277912E+001,5.305161955509846E+001,
4.039100684261975E+009,-2.672132498312243E+001,3.334512717169449E+001,
4.043010752688172E+009,-2.665510546992984E+001,1.564145401551194E+001,
4.046920821114369E+009,-2.617361863538477E+001,-2.300128969083097E+000,
4.050830889540567E+009,-2.568907705613309E+001,-2.326644389406165E+001,
4.054740957966765E+009,-2.540657534578325E+001,-4.658718510962122E+001,
4.058651026392962E+009,-2.570300800085454E+001,-6.794926072822500E+001,
4.062561094819160E+009,-2.617762185856813E+001,-8.846483247876698E+001,
4.066471163245357E+009,-2.654411910601636E+001,-1.054265052794547E+002,
4.070381231671554E+009,-2.656214927272348E+001,-1.228103140177144E+002,
4.074291300097752E+009,-2.626535058263575E+001,-1.406897435548589E+002,
4.078201368523949E+009,-2.600294943428344E+001,-1.613823942870963E+002,
4.082111436950147E+009,-2.608272165516666E+001,1.799215942441331E+002,
4.086021505376344E+009,-2.587267113853564E+001,1.596033872014532E+002,
4.089931573802542E+009,-2.593386130801676E+001,1.407052810683515E+002,
4.093841642228739E+009,-2.580881924021035E+001,1.213003717822229E+002,
4.097751710654936E+009,-2.581139801077434E+001,1.024199503552050E+002,
4.101661779081134E+009,-2.544663362910135E+001,8.284040710641480E+001,
4.105571847507331E+009,-2.564414842696687E+001,6.192467402215333E+001,
4.109481915933529E+009,-2.537834667848071E+001,4.308065748670773E+001,
4.113391984359726E+009,-2.542430100813896E+001,2.182380443640746E+001,
4.117302052785924E+009,-2.557587115890849E+001,2.811885081892076E+000,
4.121212121212121E+009,-2.552517699148972E+001,-1.733681250204744E+001,
4.125122189638319E+009,-2.559452841283121E+001,-3.646133759290742E+001,
4.129032258064516E+009,-2.556236841731497E+001,-5.601998987456642E+001,
4.132942326490714E+009,-2.544304067220887E+001,-7.633996621925343E+001,
4.136852394916911E+009,-2.570831626351566E+001,-9.640092222615283E+001,
4.140762463343109E+009,-2.577697109216634E+001,-1.147999930743538E+002,
4.144672531769306E+009,-2.585203535294443E+001,-1.342944572582614E+002,
4.148582600195503E+009,-2.601576425767006E+001,-1.518100621613500E+002,
4.152492668621701E+009,-2.579154456200289E+001,-1.703693650985526E+002,
4.156402737047898E+009,-2.566367415718027E+001,1.698223321927820E+002,
4.160312805474096E+009,-2.600899820149804E+001,1.505790044369315E+002,
4.164222873900293E+009,-2.596070190489001E+001,1.328414937874709E+002,
4.168132942326491E+009,-2.592316693181832E+001,1.137510202025726E+002,
4.172043010752688E+009,-2.598148845623255E+001,9.641107221299791E+001,
4.175953079178886E+009,-2.599771727593180E+001,7.879948637540886E+001,
4.179863147605083E+009,-2.561043010787339E+001,6.111297032556261E+001,
4.183773216031281E+009,-2.537373755355081E+001,4.240109287245711E+001,
4.187683284457478E+009,-2.519776212301970E+001,2.188242296804823E+001,
4.191593352883676E+009,-2.509356363465358E+001,2.868509875416460E+000,
4.195503421309873E+009,-2.500282206333701E+001,-1.711936092383324E+001,
4.199413489736071E+009,-2.520726651918332E+001,-3.725424982868954E+001,
4.203323558162268E+009,-2.530066391215612E+001,-5.431593955211957E+001,
4.207233626588465E+009,-2.529182536069310E+001,-7.310611025688995E+001,
4.211143695014663E+009,-2.519857413853808E+001,-9.253950759065103E+001,
4.215053763440860E+009,-2.556210484361529E+001,-1.094885295328182E+002,
4.218963831867058E+009,-2.563631974108955E+001,-1.256506646923575E+002,
4.222873900293255E+009,-2.499527376612195E+001,-1.426988978691348E+002,
4.226783968719452E+009,-2.476088685978195E+001,-1.625278086922668E+002,
4.230694037145650E+009,-2.471719711324060E+001,1.784632341629263E+002,
4.234604105571847E+009,-2.455816131175521E+001,1.582994213831890E+002,
4.238514173998045E+009,-2.464441804157444E+001,1.404340320567161E+002,
4.242424242424243E+009,-2.443892341797355E+001,1.206612109646048E+002,
4.246334310850440E+009,-2.468426509526406E+001,1.002770136710694E+002,
4.250244379276638E+009,-2.497526712715029E+001,8.289004750667928E+001,
4.254154447702835E+009,-2.504014978865499E+001,6.690823615482847E+001,
4.258064516129032E+009,-2.482977951649431E+001,4.954559731954160E+001,
4.261974584555230E+009,-2.469769607752980E+001,3.190974954662742E+001,
4.265884652981427E+009,-2.445591963015058E+001,1.445369649580356E+001,
4.269794721407625E+009,-2.424310878500161E+001,-4.384462748140055E+000,
4.273704789833822E+009,-2.400082228281271E+001,-2.336811419831925E+001,
4.277614858260019E+009,-2.402521206947189E+001,-4.181503521735693E+001,
4.281524926686217E+009,-2.383982661704360E+001,-6.042543406177067E+001,
4.285434995112414E+009,-2.361503348472797E+001,-7.935762130841587E+001,
4.289345063538612E+009,-2.366829961216901E+001,-9.936983747094091E+001,
4.293255131964809E+009,-2.360749738780898E+001,-1.180781852170987E+002,
4.297165200391007E+009,-2.387236327646725E+001,-1.376156813016104E+002,
4.301075268817205E+009,-2.389738294958904E+001,-1.542205603837600E+002,
4.304985337243402E+009,-2.374949142869924E+001,-1.717222503556952E+002,
4.308895405669600E+009,-2.364371056671082E+001,1.704562581703601E+002,
4.312805474095797E+009,-2.340043639761464E+001,1.527985118875041E+002,
4.316715542521994E+009,-2.315744814190160E+001,1.329439184694187E+002,
4.320625610948192E+009,-2.308044255485419E+001,1.130813118311724E+002,
4.324535679374389E+009,-2.305741741766358E+001,9.380176591994989E+001,
4.328445747800587E+009,-2.303795521866378E+001,7.444880258445093E+001,
4.332355816226784E+009,-2.312142327303103E+001,5.450534486327325E+001,
4.336265884652982E+009,-2.339727345689649E+001,3.579269243873770E+001,
4.340175953079179E+009,-2.361053390566120E+001,1.798772428673540E+001,
4.344086021505377E+009,-2.370195766123357E+001,7.806628182472736E-001,
4.347996089931574E+009,-2.368327407319159E+001,-1.558122802823047E+001,
4.351906158357771E+009,-2.356689416210640E+001,-3.279421974414787E+001,
4.355816226783969E+009,-2.318560959569343E+001,-4.982681048445679E+001,
4.359726295210166E+009,-2.286756075089466E+001,-7.045478174842474E+001,
4.363636363636364E+009,-2.292487267416268E+001,-8.995987500471524E+001,
4.367546432062561E+009,-2.282018291609949E+001,-1.094226815116569E+002,
4.371456500488758E+009,-2.302669127389884E+001,-1.292770806296003E+002,
4.375366568914956E+009,-2.326433671865176E+001,-1.468671005211797E+002,
4.379276637341153E+009,-2.329874433010594E+001,-1.644392282957236E+002,
4.383186705767351E+009,-2.323677376394502E+001,1.777348691062003E+002,
4.387096774193548E+009,-2.326702950720535E+001,1.602123932269236E+002,
4.391006842619746E+009,-2.304748404965292E+001,1.439180825428597E+002,
4.394916911045943E+009,-2.260091975205366E+001,1.252248936828500E+002,
4.398826979472141E+009,-2.226242144689388E+001,1.049987128079441E+002,
4.402737047898338E+009,-2.226099003838973E+001,8.484644604488939E+001,
4.406647116324535E+009,-2.228427462545462E+001,6.496179798495074E+001,
4.410557184750733E+009,-2.228688381729411E+001,4.658399179204783E+001,
4.414467253176930E+009,-2.214286366953922E+001,2.749235044264819E+001,
4.418377321603128E+009,-2.203865646217250E+001,7.085091997719279E+000,
4.422287390029326E+009,-2.207647049974323E+001,-1.276293291669995E+001,
4.426197458455523E+009,-2.220516794460325E+001,-3.271000769831920E+001,
4.430107526881721E+009,-2.232975547393741E+001,-5.107299532936028E+001,
4.434017595307918E+009,-2.227744876621400E+001,-6.946632523521234E+001,
4.437927663734116E+009,-2.217868528163562E+001,-8.937052017676878E+001,
4.441837732160313E+009,-2.221494698032992E+001,-1.088382121725727E+002,
4.445747800586511E+009,-2.223750313545953E+001,-1.273396347580536E+002,
4.449657869012708E+009,-2.224472212551312E+001,-1.462540983461284E+002,
4.453567937438905E+009,-2.207314799939104E+001,-1.659881395857297E+002,
4.457478005865103E+009,-2.209789273124227E+001,1.746701910772432E+002,
4.461388074291300E+009,-2.207510695895502E+001,1.553678066207616E+002,
4.465298142717498E+009,-2.182593061708145E+001,1.355164075710673E+002,
4.469208211143695E+009,-2.172927863758291E+001,1.135360367958611E+002,
4.473118279569893E+009,-2.201844178038200E+001,9.221565987219029E+001,
4.477028347996090E+009,-2.219548969433902E+001,7.250938762775974E+001,
4.480938416422287E+009,-2.240568204367938E+001,5.261100977499694E+001,
4.484848484848485E+009,-2.254474825225485E+001,3.247778248117157E+001,
4.488758553274682E+009,-2.280109273878198E+001,1.191990557186138E+001,
4.492668621700880E+009,-2.325714912155202E+001,-7.491168460252059E+000,
4.496578690127077E+009,-2.367179111356969E+001,-2.398500817199012E+001,
4.500488758553275E+009,-2.355545297580705E+001,-4.056316626577485E+001,
4.504398826979472E+009,-2.328296905554280E+001,-5.933979280951380E+001,
4.508308895405669E+009,-2.322745600507736E+001,-7.870267284509814E+001,
4.512218963831867E+009,-2.320130307512979E+001,-9.812856521933699E+001,
4.516129032258064E+009,-2.303544836644781E+001,-1.185472799813377E+002,
4.520039100684262E+009,-2.318702358687139E+001,-1.394385977884965E+002,
4.523949169110459E+009,-2.322270534912786E+001,-1.595887306472308E+002,
4.527859237536657E+009,-2.345911400989709E+001,1.794995571282121E+002,
4.531769305962854E+009,-2.380203843984603E+001,1.597966725992560E+002,
4.535679374389051E+009,-2.398768738298170E+001,1.412099084507860E+002,
4.539589442815249E+009,-2.422806802131076E+001,1.218397628586313E+002,
4.543499511241447E+009,-2.447992845794416E+001,1.045462614499586E+002,
4.547409579667645E+009,-2.436380612545100E+001,8.634209374463585E+001,
4.551319648093842E+009,-2.420712406904046E+001,6.542833154822927E+001,
4.555229716520039E+009,-2.439582787027727E+001,4.391418862441373E+001,
4.559139784946237E+009,-2.479367913287333E+001,2.387303345331949E+001,
4.563049853372434E+009,-2.533770494074888E+001,6.494340231603997E+000,
4.566959921798632E+009,-2.530701616645503E+001,-9.669877303428013E+000,
4.570869990224829E+009,-2.533782255918867E+001,-2.800718249182218E+001,
4.574780058651027E+009,-2.528685780849916E+001,-4.491533527581557E+001,
4.578690127077224E+009,-2.500265710318347E+001,-6.398030577784211E+001,
4.582600195503422E+009,-2.500151085961858E+001,-8.297718839898226E+001,
4.586510263929619E+009,-2.484225974597929E+001,-1.022762708152346E+002,
4.590420332355816E+009,-2.491158687222176E+001,-1.218913142508850E+002,
4.594330400782014E+009,-2.488034513940769E+001,-1.400355831097030E+002,
4.598240469208211E+009,-2.466559605682745E+001,-1.588801840646231E+002,
4.602150537634409E+009,-2.465358278677510E+001,-1.794103585712876E+002,
4.606060606060606E+009,-2.484766868969299E+001,1.605246834524123E+002,
4.609970674486803E+009,-2.521265744853705E+001,1.434216489751519E+002,
4.613880742913001E+009,-2.519123250563509E+001,1.267113470821606E+002,
4.617790811339198E+009,-2.492274974294565E+001,1.096334612099233E+002,
4.621700879765396E+009,-2.454188537317184E+001,9.100114200719628E+001,
4.625610948191593E+009,-2.450383539027683E+001,7.083289052796440E+001,
4.629521016617791E+009,-2.432952143037532E+001,5.313480773963298E+001,
4.633431085043988E+009,-2.384078258096705E+001,3.443413825892073E+001,
4.637341153470186E+009,-2.352307442165717E+001,1.302293744995308E+001,
4.641251221896383E+009,-2.358275418039408E+001,-7.749091888824816E+000,
4.645161290322580E+009,-2.356671769043058E+001,-2.708032502625996E+001,
4.649071358748778E+009,-2.339234311771499E+001,-4.624017248816192E+001,
4.652981427174975E+009,-2.338626303936210E+001,-6.759981621245534E+001,
4.656891495601173E+009,-2.355830333779009E+001,-8.682446207278399E+001,
4.660801564027371E+009,-2.364415419582769E+001,-1.040927997762876E+002,
4.664711632453568E+009,-2.342315982627147E+001,-1.218614453779868E+002,
4.668621700879766E+009,-2.315009735966488E+001,-1.405556911471033E+002,
4.672531769305963E+009,-2.296099929735368E+001,-1.607892326546553E+002,
4.676441837732161E+009,-2.275601696286133E+001,-1.798163637274466E+002,
4.680351906158358E+009,-2.252224502540165E+001,1.600532816844669E+002,
4.684261974584556E+009,-2.225448876961565E+001,1.386794032758458E+002,
4.688172043010753E+009,-2.231723889640594E+001,1.173134770880241E+002,
4.692082111436951E+009,-2.252274580214337E+001,9.617119796160628E+001,
4.695992179863148E+009,-2.272878377473741E+001,7.658834623598980E+001,
4.699902248289345E+009,-2.290154377598217E+001,5.847859096899548E+001,
4.703812316715543E+009,-2.286968160411697E+001,3.981193189790091E+001,
4.707722385141740E+009,-2.279008382141098E+001,2.050905366823775E+001,
4.711632453567938E+009,-2.283949961123750E+001,9.482157339470252E-001,
4.715542521994135E+009,-2.294735027551267E+001,-1.968090787293275E+001,
4.719452590420332E+009,-2.319619488935026E+001,-3.790014709101995E+001,
4.723362658846530E+009,-2.325038008765535E+001,-5.611872740534646E+001,
4.727272727272727E+009,-2.318434436958533E+001,-7.559651528728645E+001,
4.731182795698925E+009,-2.333661925485054E+001,-9.498256159043901E+001,
4.735092864125122E+009,-2.335609940068048E+001,-1.135022580969127E+002,
4.739002932551320E+009,-2.337295336779241E+001,-1.332000515951224E+002,
4.742913000977517E+009,-2.364699547316104E+001,-1.534247847078706E+002,
4.746823069403714E+009,-2.396595260770663E+001,-1.718022796556958E+002,
4.750733137829912E+009,-2.414044754843649E+001,1.698279841885969E+002,
4.754643206256109E+009,-2.439712882544507E+001,1.516981533875550E+002,
4.758553274682307E+009,-2.466135731122391E+001,1.342603593669034E+002,
4.762463343108504E+009,-2.484626062003919E+001,1.176196193788211E+002,
4.766373411534702E+009,-2.506903305965906E+001,1.000937596819145E+002,
4.770283479960899E+009,-2.498971250813261E+001,8.410291481155720E+001,
4.774193548387096E+009,-2.484913883968979E+001,6.698753162094478E+001,
4.778103616813294E+009,-2.492213359728791E+001,4.816938442439189E+001,
4.782013685239492E+009,-2.512511916093950E+001,3.088166523887002E+001,
4.785923753665690E+009,-2.502180576369885E+001,1.431415108141503E+001,
4.789833822091887E+009,-2.499452979107091E+001,-3.401789309606653E+000,
4.793743890518084E+009,-2.487985157514065E+001,-2.136901026883128E+001,
4.797653958944282E+009,-2.506701398990587E+001,-3.954857417677321E+001,
4.801564027370479E+009,-2.516552615730195E+001,-5.616941199281146E+001,
4.805474095796677E+009,-2.501556444731176E+001,-7.269881872667440E+001,
4.809384164222874E+009,-2.490851734980515E+001,-9.015728738412274E+001,
4.813294232649072E+009,-2.498957580113003E+001,-1.080044040421944E+002,
4.817204301075269E+009,-2.485782120422140E+001,-1.245407951119304E+002,
4.821114369501467E+009,-2.466758703736353E+001,-1.407559587506154E+002,
4.825024437927664E+009,-2.425779483481293E+001,-1.592658737239202E+002,
4.828934506353861E+009,-2.407855285060222E+001,-1.786577742420272E+002,
4.832844574780059E+009,-2.417077573514530E+001,1.636901342645518E+002,
4.836754643206256E+009,-2.402176209002051E+001,1.456364983585608E+002,
4.840664711632454E+009,-2.377093238990396E+001,1.280835410408190E+002,
4.844574780058651E+009,-2.343133727898701E+001,1.087488239901548E+002,
4.848484848484848E+009,-2.342544395221767E+001,8.838711335681590E+001,
4.852394916911046E+009,-2.343467061050842E+001,7.026550487595995E+001,
4.856304985337243E+009,-2.334593708259341E+001,5.080105250993259E+001,
4.860215053763441E+009,-2.349283003685784E+001,3.158415410506981E+001,
4.864125122189638E+009,-2.349880269809075E+001,1.444312485340382E+001,
4.868035190615836E+009,-2.331757753237333E+001,-3.643580795709860E+000,
4.871945259042033E+009,-2.315028190215505E+001,-2.260437013628332E+001,
4.875855327468231E+009,-2.309743383279317E+001,-4.184144427236056E+001,
4.879765395894428E+009,-2.302457435979768E+001,-6.033336723185388E+001,
4.883675464320625E+009,-2.282928549027357E+001,-8.062557477642922E+001,
4.887585532746823E+009,-2.284223811170497E+001,-9.984977736350123E+001,
4.891495601173020E+009,-2.278810357134269E+001,-1.194212835974370E+002,
4.895405669599218E+009,-2.275607216746848E+001,-1.398737438134228E+002,
4.899315738025415E+009,-2.287034063400329E+001,-1.595746361007553E+002,
4.903225806451613E+009,-2.302350819909518E+001,-1.795911455125525E+002,
4.907135874877811E+009,-2.331874101862237E+001,1.604145502533531E+002,
4.911045943304008E+009,-2.364739324633489E+001,1.418387550891405E+002,
4.914956011730206E+009,-2.377973150027748E+001,1.233672107215409E+002,
4.918866080156403E+009,-2.404512168514152E+001,1.045226514704183E+002,
4.922776148582601E+009,-2.428492397014523E+001,8.669251604551594E+001,
4.926686217008798E+009,-2.434654397119453E+001,6.898131121122961E+001,
4.930596285434996E+009,-2.442774908181174E+001,5.082994108301649E+001,
4.934506353861193E+009,-2.453479834228031E+001,3.164767850440559E+001,
4.938416422287390E+009,-2.469369659807130E+001,1.374836044708186E+001,
4.942326490713588E+009,-2.489202184589199E+001,-3.706726330425781E+000,
4.946236559139785E+009,-2.482766953918308E+001,-2.129315373831158E+001,
4.950146627565983E+009,-2.481142020637187E+001,-4.009678335287300E+001,
4.954056695992180E+009,-2.481714762219944E+001,-5.858832105349179E+001,
4.957966764418377E+009,-2.485123576261699E+001,-7.681959867448181E+001,
4.961876832844575E+009,-2.473799931476999E+001,-9.676392183279661E+001,
4.965786901270772E+009,-2.465108672864889E+001,-1.168554543052703E+002,
4.969696969696970E+009,-2.497282816696139E+001,-1.385146766422977E+002,
4.973607038123167E+009,-2.537638811317397E+001,-1.574468779278011E+002,
4.977517106549365E+009,-2.595079531897039E+001,-1.768819509587669E+002,
4.981427174975562E+009,-2.636929885905374E+001,1.659913711950898E+002,
4.985337243401759E+009,-2.651386466159795E+001,1.507664829870143E+002,
4.989247311827957E+009,-2.654753842507324E+001,1.328036284829693E+002,
4.993157380254154E+009,-2.644612267658515E+001,1.143199495265997E+002,
4.997067448680352E+009,-2.659405444699517E+001,9.537092140852244E+001,
5.000977517106549E+009,-2.681199186390107E+001,7.691637778408060E+001,
5.004887585532747E+009,-2.691830383560892E+001,5.855689771172231E+001,
5.008797653958944E+009,-2.708557579493167E+001,3.941405870926211E+001,
5.012707722385141E+009,-2.735637986879178E+001,2.072428121831686E+001,
5.016617790811339E+009,-2.750918533804736E+001,2.274436996383650E+000,
5.020527859237536E+009,-2.790374389569629E+001,-1.826290874645397E+001,
5.024437927663734E+009,-2.837721513025613E+001,-3.524690313983950E+001,
5.028347996089932E+009,-2.885040177795089E+001,-5.330823583176142E+001,
5.032258064516129E+009,-2.939161356842871E+001,-6.903990016191546E+001,
5.036168132942327E+009,-2.965969927222371E+001,-8.301711508539518E+001,
5.040078201368524E+009,-2.982329258834918E+001,-9.750358965438994E+001,
5.043988269794722E+009,-2.950513051244133E+001,-1.120097054741872E+002,
5.047898338220919E+009,-2.934061607781358E+001,-1.285758400840494E+002,
5.051808406647117E+009,-2.919200705875656E+001,-1.445074878529596E+002,
5.055718475073314E+009,-2.869858983962065E+001,-1.604413336282037E+002,
5.059628543499512E+009,-2.818658239767386E+001,-1.787988465970166E+002,
5.063538611925709E+009,-2.812013826459275E+001,1.625591170183685E+002,
5.067448680351906E+009,-2.797143549613213E+001,1.449465786409489E+002,
5.071358748778104E+009,-2.767499924176078E+001,1.270015663381077E+002,
5.075268817204301E+009,-2.739803947946233E+001,1.078631697827869E+002,
5.079178885630499E+009,-2.725205568506194E+001,8.933402919573078E+001,
5.083088954056696E+009,-2.706980706427174E+001,7.124115258512082E+001,
5.086999022482893E+009,-2.671771770762275E+001,5.360516320355345E+001,
5.090909090909091E+009,-2.639009146193160E+001,3.351991531470603E+001,
5.094819159335288E+009,-2.634304207108802E+001,1.425916880046861E+001,
5.098729227761486E+009,-2.607809084226954E+001,-4.136186730681778E+000,
5.102639296187683E+009,-2.581157029372841E+001,-2.336395501588396E+001,
5.106549364613881E+009,-2.570414354064816E+001,-4.393188126611779E+001,
5.110459433040078E+009,-2.554232302849750E+001,-6.180694307726875E+001,
5.114369501466276E+009,-2.540385633267279E+001,-8.037765725653624E+001,
5.118279569892473E+009,-2.476438133938885E+001,-9.851410807800984E+001,
5.122189638318670E+009,-2.447188115724641E+001,-1.202335314702469E+002,
5.126099706744868E+009,-2.435212277922347E+001,-1.398464293226406E+002,
5.130009775171065E+009,-2.408324773217267E+001,-1.592953540846048E+002,
5.133919843597263E+009,-2.367178721706037E+001,1.796188245746631E+002,
5.137829912023460E+009,-2.364769634372895E+001,1.574664621313675E+002,
5.141739980449657E+009,-2.374166981795263E+001,1.372863705835205E+002,
5.145650048875855E+009,-2.365496927980327E+001,1.174604576434456E+002,
5.149560117302053E+009,-2.369859737398886E+001,9.746034907240421E+001,
5.153470185728251E+009,-2.370062814172126E+001,7.879267320023656E+001,
5.157380254154448E+009,-2.347512865606958E+001,6.050898125734737E+001,
5.161290322580645E+009,-2.310225140670721E+001,4.140122128138950E+001,
5.165200391006843E+009,-2.280161210553684E+001,2.130751343853754E+001,
5.169110459433041E+009,-2.248453288949931E+001,7.812395657108431E-001,
5.173020527859238E+009,-2.223391650941958E+001,-2.051739883551413E+001,
5.176930596285435E+009,-2.204889566044564E+001,-4.053065998062145E+001,
5.180840664711633E+009,-2.176459495365095E+001,-6.137053486637822E+001,
5.184750733137830E+009,-2.148083259604350E+001,-8.344826479609358E+001,
5.188660801564028E+009,-2.157925032575453E+001,-1.058841198038759E+002,
5.192570869990225E+009,-2.164794558963424E+001,-1.275305403915783E+002,
5.196480938416422E+009,-2.180759701333209E+001,-1.473201631727450E+002,
5.200391006842620E+009,-2.173939351883954E+001,-1.667552882817583E+002,
5.204301075268817E+009,-2.160838382663571E+001,1.732642554144376E+002,
5.208211143695015E+009,-2.154702823803140E+001,1.527673666028648E+002,
5.212121212121212E+009,-2.143152235147218E+001,1.317563594329212E+002,
5.216031280547409E+009,-2.138448316883247E+001,1.107920606982543E+002,
5.219941348973607E+009,-2.138181747145792E+001,8.920763217103819E+001,
5.223851417399805E+009,-2.151142294458481E+001,6.775107226562457E+001,
5.227761485826002E+009,-2.168253658920891E+001,4.670364564394809E+001,
5.231671554252199E+009,-2.194902813418759E+001,2.670188278147431E+001,
5.235581622678397E+009,-2.198022624508998E+001,7.157411386729521E+000,
5.239491691104594E+009,-2.221070336101020E+001,-1.350477378045438E+001,
5.243401759530792E+009,-2.237456262537038E+001,-3.263832150447771E+001,
5.247311827956989E+009,-2.244574412842658E+001,-5.192821075603587E+001,
5.251221896383186E+009,-2.251459440821485E+001,-7.156814591270459E+001,
5.255131964809384E+009,-2.247086679425200E+001,-9.123076399019412E+001,
5.259042033235581E+009,-2.259189586303888E+001,-1.122635239132344E+002,
5.262952101661779E+009,-2.266119825812364E+001,-1.322683662412989E+002,
5.266862170087977E+009,-2.281066030602668E+001,-1.533562620476315E+002,
5.270772238514174E+009,-2.304853240635272E+001,-1.744422141366514E+002,
5.274682306940372E+009,-2.354745811705176E+001,1.642036949721024E+002,
5.278592375366570E+009,-2.419932684563489E+001,1.443016530003162E+002,
5.282502443792767E+009,-2.487846545655807E+001,1.276372999929574E+002,
5.286412512218964E+009,-2.539209305740190E+001,1.113668064747609E+002,
5.290322580645162E+009,-2.559992187532703E+001,9.695944875986075E+001,
5.294232649071359E+009,-2.533584758484060E+001,8.181501939551436E+001,
5.298142717497557E+009,-2.492451294552156E+001,6.326693071865897E+001,
5.302052785923754E+009,-2.488705109972415E+001,4.378736385853669E+001,
5.305962854349951E+009,-2.493413937789862E+001,2.410096474703459E+001,
5.309872922776149E+009,-2.504880073115040E+001,4.775387555448797E+000,
5.313782991202346E+009,-2.521443173852159E+001,-1.349893955092430E+001,
5.317693059628544E+009,-2.541851390397478E+001,-3.317617313686577E+001,
5.321603128054741E+009,-2.585188114905022E+001,-5.102800730460528E+001,
5.325513196480938E+009,-2.616983016113286E+001,-6.680307096000831E+001,
5.329423264907136E+009,-2.616112268220743E+001,-8.171869632831466E+001,
5.333333333333333E+009,-2.595365697832666E+001,-9.762811195283285E+001,
5.337243401759531E+009,-2.555324774999870E+001,-1.138077583896961E+002,
5.341153470185728E+009,-2.515271222253052E+001,-1.326957909898037E+002,
5.345063538611926E+009,-2.487030075541291E+001,-1.522180486839459E+002,
5.348973607038123E+009,-2.483210081793258E+001,-1.711681919979705E+002,
5.352883675464321E+009,-2.455716626680142E+001,1.697474219281093E+002,
5.356793743890518E+009,-2.449489080994302E+001,1.486603830610767E+002,
5.360703812316715E+009,-2.462268556815439E+001,1.284544085383471E+002,
5.364613880742913E+009,-2.493523668932283E+001,1.097674884795073E+002,
5.368523949169110E+009,-2.514964359855486E+001,9.343165983152281E+001,
5.372434017595308E+009,-2.501207119788241E+001,7.676981472413679E+001,
5.376344086021505E+009,-2.463367098468689E+001,5.957863687271384E+001,
5.380254154447702E+009,-2.432211970210399E+001,4.162376681617473E+001,
5.384164222873900E+009,-2.383511832944800E+001,2.113929036383037E+001,
5.388074291300098E+009,-2.373317533379101E+001,-3.009123660032465E-001,
5.391984359726296E+009,-2.362665561970540E+001,-2.154542744692073E+001,
5.395894428152493E+009,-2.380560423661502E+001,-4.329524182604730E+001,
5.399804496578690E+009,-2.417660926470568E+001,-6.384514627632299E+001,
5.403714565004888E+009,-2.469010628541303E+001,-8.362329295585867E+001,
5.407624633431086E+009,-2.518421329947163E+001,-1.004111578901285E+002,
5.411534701857283E+009,-2.526918151416868E+001,-1.156138334732342E+002,
5.415444770283480E+009,-2.505248064881884E+001,-1.335643199240553E+002,
5.419354838709678E+009,-2.500045650812491E+001,-1.509809387888631E+002,
5.423264907135875E+009,-2.466715886874012E+001,-1.688881493877020E+002,
5.427174975562073E+009,-2.458304392796645E+001,1.718864817621773E+002,
5.431085043988270E+009,-2.433132984190981E+001,1.531070857943302E+002,
5.434995112414467E+009,-2.407519666190293E+001,1.327050845649654E+002,
5.438905180840665E+009,-2.406885925065561E+001,1.113828935230168E+002,
5.442815249266862E+009,-2.437813565039012E+001,9.036415648898745E+001,
5.446725317693060E+009,-2.453993224428743E+001,7.140159515388422E+001,
5.450635386119257E+009,-2.474335773817948E+001,5.244236653059151E+001,
5.454545454545454E+009,-2.490388968439126E+001,3.376540770817547E+001,
5.458455522971652E+009,-2.503483997146434E+001,1.481278147898919E+001,
5.462365591397850E+009,-2.529790014880487E+001,-3.000247045096017E+000,
5.466275659824047E+009,-2.527197933379566E+001,-2.046284642049205E+001,
5.470185728250244E+009,-2.498235317475806E+001,-3.877331290874850E+001,
5.474095796676442E+009,-2.499605096252706E+001,-5.930319035495469E+001,
5.478005865102639E+009,-2.494438828631550E+001,-7.849031216819816E+001,
5.481915933528837E+009,-2.487038385558634E+001,-9.933209823868825E+001,
5.485826001955034E+009,-2.503651114730100E+001,-1.200465721251817E+002,
5.489736070381231E+009,-2.520638449458439E+001,-1.392806278821752E+002,
5.493646138807429E+009,-2.541537815383369E+001,-1.591491787238709E+002,
5.497556207233626E+009,-2.554417258384500E+001,-1.792289630642137E+002,
5.501466275659824E+009,-2.602245488740867E+001,1.602106403236714E+002,
5.505376344086021E+009,-2.661539272641983E+001,1.420049675248542E+002,
5.509286412512219E+009,-2.694108367316460E+001,1.251199791645464E+002,
5.513196480938417E+009,-2.702905530289021E+001,1.083052414743227E+002,
5.517106549364615E+009,-2.693111085966170E+001,8.836995274271628E+001,
5.521016617790812E+009,-2.717805530944666E+001,6.826862468975445E+001,
5.524926686217009E+009,-2.767600592809043E+001,5.075780786482137E+001,
5.528836754643207E+009,-2.811679995699086E+001,3.406193839636642E+001,
5.532746823069404E+009,-2.821216300660496E+001,1.837228467945776E+001,
5.536656891495602E+009,-2.823187322535458E+001,1.797479892376480E+000,
5.540566959921799E+009,-2.806707259243737E+001,-1.585069563117197E+001,
5.544477028347996E+009,-2.789086893121585E+001,-3.510847377272113E+001,
5.548387096774194E+009,-2.820787658377718E+001,-5.412044166853014E+001,
5.552297165200391E+009,-2.864702576847194E+001,-7.254801015545739E+001,
5.556207233626589E+009,-2.857244289728579E+001,-8.635163965436360E+001,
5.560117302052786E+009,-2.829925140277804E+001,-1.042203427904143E+002,
5.564027370478983E+009,-2.818254291220493E+001,-1.230317611655545E+002,
5.567937438905181E+009,-2.810720041388237E+001,-1.423289368059446E+002,
5.571847507331378E+009,-2.832553280082775E+001,-1.607766792093450E+002,
5.575757575757576E+009,-2.835276080011392E+001,-1.788666525744017E+002,
5.579667644183773E+009,-2.860335942410635E+001,1.630325879696038E+002,
5.583577712609971E+009,-2.869458101945347E+001,1.466182205382168E+002,
5.587487781036168E+009,-2.879572924580602E+001,1.310612762203148E+002,
5.591397849462366E+009,-2.849002807429179E+001,1.155984012362529E+002,
5.595307917888563E+009,-2.798243525027136E+001,9.887564465268140E+001,
5.599217986314760E+009,-2.759297036358136E+001,8.068601424822637E+001,
5.603128054740958E+009,-2.692766255785674E+001,6.035783949477738E+001,
5.607038123167155E+009,-2.680723171632475E+001,4.043170725810376E+001,
5.610948191593353E+009,-2.654028585555066E+001,1.976877460101082E+001,
5.614858260019550E+009,-2.657200411457563E+001,-1.603529583740455E+000,
5.618768328445747E+009,-2.671232571178218E+001,-2.167772333173418E+001,
5.622678396871945E+009,-2.705099430045259E+001,-4.191484127254257E+001,
5.626588465298142E+009,-2.746320084964597E+001,-5.764254478069471E+001,
5.630498533724340E+009,-2.731009943640039E+001,-7.433645046132561E+001,
5.634408602150538E+009,-2.709530223891141E+001,-9.006359425559300E+001,
5.638318670576735E+009,-2.647233137999313E+001,-1.082576190658718E+002,
5.642228739002933E+009,-2.598804400837221E+001,-1.278971756473257E+002,
5.646138807429131E+009,-2.572103617093072E+001,-1.494901248763962E+002,
5.650048875855328E+009,-2.558213011650258E+001,-1.701986277022998E+002,
5.653958944281525E+009,-2.550093986647117E+001,1.679686741677989E+002,
5.657869012707723E+009,-2.582082878087882E+001,1.476913613435991E+002,
5.661779081133920E+009,-2.599851042544855E+001,1.278912509208307E+002,
5.665689149560118E+009,-2.627235596067234E+001,1.090535009819775E+002,
5.669599217986315E+009,-2.659489932241262E+001,9.201412407447440E+001,
5.673509286412512E+009,-2.660750350038623E+001,7.586940214290111E+001,
5.677419354838710E+009,-2.617346858251930E+001,5.846606715326288E+001,
5.681329423264907E+009,-2.595405743555000E+001,3.962051030410147E+001,
5.685239491691105E+009,-2.571238614114485E+001,1.928983525438651E+001,
5.689149560117302E+009,-2.555956095960441E+001,-9.225444574023293E-001,
5.693059628543499E+009,-2.574361694140832E+001,-2.107333536552062E+001,
5.696969696969697E+009,-2.568312862187568E+001,-3.949586792005841E+001,
5.700879765395895E+009,-2.573290643006260E+001,-5.863280662294534E+001,
5.704789833822092E+009,-2.578669563695750E+001,-7.752295927923733E+001,
5.708699902248289E+009,-2.590448816520043E+001,-9.589335456918208E+001,
5.712609970674487E+009,-2.587760515080263E+001,-1.136771247499734E+002,
5.716520039100684E+009,-2.567180999943536E+001,-1.308043030388187E+002,
5.720430107526882E+009,-2.548924045576106E+001,-1.493760991680464E+002,
5.724340175953079E+009,-2.507636787082807E+001,-1.673859276084793E+002,
5.728250244379276E+009,-2.455972355745608E+001,1.718340860549470E+002,
5.732160312805474E+009,-2.441883079320017E+001,1.491437897577422E+002,
5.736070381231671E+009,-2.451005278405202E+001,1.276081800673550E+002,
5.739980449657869E+009,-2.467216623513613E+001,1.062845202533979E+002,
5.743890518084066E+009,-2.511901534888221E+001,8.667204661064484E+001,
5.747800586510263E+009,-2.518479359952513E+001,6.827325599210950E+001,
5.751710654936461E+009,-2.539036560294853E+001,4.839631140013785E+001,
5.755620723362660E+009,-2.550113426375400E+001,2.965703219087989E+001,
5.759530791788857E+009,-2.575538230133481E+001,1.004459838252988E+001,
5.763440860215054E+009,-2.595998938294728E+001,-7.683667040157857E+000,
5.767350928641252E+009,-2.583084850404180E+001,-2.538299317923785E+001,
5.771260997067449E+009,-2.588433456870492E+001,-4.432317441975472E+001,
5.775171065493647E+009,-2.587617061397126E+001,-6.411957174261967E+001,
5.779081133919844E+009,-2.612964927024451E+001,-8.313242568113425E+001,
5.782991202346041E+009,-2.622885350109296E+001,-1.021180674169307E+002,
5.786901270772239E+009,-2.657766098311003E+001,-1.204996447456237E+002,
5.790811339198436E+009,-2.661861917793415E+001,-1.368058091163086E+002,
5.794721407624634E+009,-2.661454416430795E+001,-1.559604196338273E+002,
5.798631476050831E+009,-2.684297983163838E+001,-1.741527208110164E+002,
5.802541544477028E+009,-2.701672206572972E+001,1.692023026165874E+002,
5.806451612903226E+009,-2.682234904557612E+001,1.528537240736125E+002,
5.810361681329423E+009,-2.666698407319011E+001,1.335020029232878E+002,
5.814271749755621E+009,-2.666686738779806E+001,1.157277027520231E+002,
5.818181818181818E+009,-2.653857046004052E+001,9.560883979014531E+001,
5.822091886608016E+009,-2.665934072526221E+001,7.625372154912742E+001,
5.826001955034213E+009,-2.692077089192058E+001,5.860001296642820E+001,
5.829912023460411E+009,-2.689284360695236E+001,4.126321661934956E+001,
5.833822091886608E+009,-2.699018718107024E+001,2.363074646324839E+001,
5.837732160312805E+009,-2.705482793881768E+001,6.050208328409214E+000,
5.841642228739003E+009,-2.696269846326184E+001,-1.159951487436784E+001,
5.845552297165200E+009,-2.684632141954553E+001,-2.790651706103502E+001,
5.849462365591398E+009,-2.646743921272061E+001,-4.555402129384431E+001,
5.853372434017595E+009,-2.608327879678408E+001,-6.502770275236118E+001,
5.857282502443792E+009,-2.601444239932478E+001,-8.627288702217813E+001,
5.861192570869990E+009,-2.609110195464175E+001,-1.051138642589427E+002,
5.865102639296187E+009,-2.600981389262135E+001,-1.248307292642340E+002,
5.869012707722385E+009,-2.606172156461683E+001,-1.452420313206172E+002,
5.872922776148583E+009,-2.632182606496025E+001,-1.641360213445458E+002,
5.876832844574780E+009,-2.657451121522411E+001,1.767750859726746E+002,
5.880742913000978E+009,-2.693607665941681E+001,1.593737566335780E+002,
5.884652981427176E+009,-2.698809113736047E+001,1.431388548620955E+002,
5.888563049853373E+009,-2.712274543846732E+001,1.262672967774667E+002,
5.892473118279570E+009,-2.704685106045049E+001,1.101623406077918E+002,
5.896383186705768E+009,-2.684136596901343E+001,9.412182542537671E+001,
5.900293255131965E+009,-2.633776213979916E+001,7.634852937296360E+001,
5.904203323558163E+009,-2.590161633545070E+001,5.768358737936037E+001,
5.908113391984360E+009,-2.565343566147488E+001,3.694401739240559E+001,
5.912023460410557E+009,-2.550678347682552E+001,1.666368060511493E+001,
5.915933528836755E+009,-2.554004364829392E+001,-3.248930160818063E+000,
5.919843597262952E+009,-2.559427280567083E+001,-2.453519595998346E+001,
5.923753665689150E+009,-2.597052389918726E+001,-4.368581746562803E+001,
5.927663734115347E+009,-2.637358845292010E+001,-6.169013029323534E+001,
5.931573802541544E+009,-2.641384562987300E+001,-7.751603087414722E+001,
5.935483870967742E+009,-2.620315652174637E+001,-9.437467186983923E+001,
5.939393939393940E+009,-2.600512634524062E+001,-1.121639699469646E+002,
5.943304007820137E+009,-2.599859650895889E+001,-1.306086582983973E+002,
5.947214076246334E+009,-2.569280797171115E+001,-1.474951912450041E+002,
5.951124144672532E+009,-2.535345329710929E+001,-1.669399815162415E+002,
5.955034213098729E+009,-2.522046297019312E+001,1.721851420061836E+002,
5.958944281524927E+009,-2.530356674566438E+001,1.530806340533989E+002,
5.962854349951124E+009,-2.546513167444818E+001,1.349269423325455E+002,
5.966764418377321E+009,-2.518125939204214E+001,1.165856899049882E+002,
5.970674486803519E+009,-2.516668733447311E+001,9.753189563754212E+001,
5.974584555229716E+009,-2.503288114394461E+001,7.919113278037128E+001,
5.978494623655914E+009,-2.493766091660415E+001,6.026016450972650E+001,
5.982404692082111E+009,-2.489346190736751E+001,4.099810664353850E+001,
5.986314760508308E+009,-2.484541108358492E+001,2.180643541289459E+001,
5.990224828934506E+009,-2.464790065568891E+001,3.109959512897968E+000,
5.994134897360704E+009,-2.459030677873414E+001,-1.592775133667094E+001,
5.998044965786902E+009,-2.445138867572672E+001,-3.486081442888084E+001,
6.001955034213099E+009,-2.436810300638757E+001,-5.399587354514751E+001,
6.005865102639297E+009,-2.425004451682183E+001,-7.439493309381398E+001,
6.009775171065494E+009,-2.420807187459292E+001,-9.335656559956243E+001,
6.013685239491692E+009,-2.409938791230068E+001,-1.129270027082915E+002,
6.017595307917889E+009,-2.406588259085911E+001,-1.323148535588772E+002,
6.021505376344086E+009,-2.409814769321614E+001,-1.521486190761202E+002,
6.025415444770284E+009,-2.410454839262219E+001,-1.703264924930538E+002,
6.029325513196481E+009,-2.391583295741543E+001,1.696252256661174E+002,
6.033235581622679E+009,-2.405859191888160E+001,1.504191276749436E+002,
6.037145650048876E+009,-2.392492324513917E+001,1.316954878394400E+002,
6.041055718475073E+009,-2.377253398286137E+001,1.121396528072438E+002,
6.044965786901271E+009,-2.359652047499113E+001,9.260097149931099E+001,
6.048875855327468E+009,-2.353362722936327E+001,7.161232633877087E+001,
6.052785923753666E+009,-2.377212266925405E+001,5.137700776089469E+001,
6.056695992179863E+009,-2.377302112921127E+001,3.256394204318357E+001,
6.060606060606061E+009,-2.364400475196423E+001,1.305252392904901E+001,
6.064516129032258E+009,-2.362462639844344E+001,-7.248325376414958E+000,
6.068426197458456E+009,-2.366689655780384E+001,-2.774345983239910E+001,
6.072336265884653E+009,-2.394842973193716E+001,-4.843804785837553E+001,
6.076246334310850E+009,-2.412945531147356E+001,-6.771544217459032E+001,
6.080156402737048E+009,-2.438775018655601E+001,-8.640258111544048E+001,
6.084066471163245E+009,-2.444056505672158E+001,-1.049275685235071E+002,
6.087976539589443E+009,-2.436732052224997E+001,-1.230049381985046E+002,
6.091886608015640E+009,-2.426324781607196E+001,-1.423239485054098E+002,
6.095796676441837E+009,-2.418936197343809E+001,-1.626782272227508E+002,
6.099706744868035E+009,-2.421079246715966E+001,1.769540090515731E+002,
6.103616813294232E+009,-2.440503843757444E+001,1.580472454358689E+002,
6.107526881720430E+009,-2.435993166433352E+001,1.396956552552845E+002,
6.111436950146627E+009,-2.429720179775497E+001,1.193264256752026E+002,
6.115347018572825E+009,-2.437836468867220E+001,9.954624055335914E+001,
6.119257086999023E+009,-2.443529337033937E+001,7.927047567176435E+001,
6.123167155425221E+009,-2.454624653991121E+001,5.998790524086775E+001,
6.127077223851418E+009,-2.465690326848559E+001,4.140392094253274E+001,
6.130987292277615E+009,-2.454168572580043E+001,2.186545617719627E+001,
6.134897360703813E+009,-2.452503862222937E+001,4.584876829115812E-001,
6.138807429130010E+009,-2.477559253734937E+001,-1.968924230991821E+001,
6.142717497556208E+009,-2.504636373061967E+001,-3.876873785503248E+001,
6.146627565982405E+009,-2.517096265388585E+001,-5.783433031547314E+001,
6.150537634408602E+009,-2.509280798236254E+001,-7.665339929454824E+001,
6.154447702834800E+009,-2.511754982506012E+001,-9.662079555194829E+001,
6.158357771260998E+009,-2.519420028954900E+001,-1.175398781779503E+002,
6.162267839687195E+009,-2.537866726394075E+001,-1.372517731444567E+002,
6.166177908113392E+009,-2.565370086748526E+001,-1.576243163225651E+002,
6.170087976539589E+009,-2.577157000818509E+001,-1.777280237621313E+002,
6.173998044965787E+009,-2.623892051277992E+001,1.625432005115625E+002,
6.177908113391985E+009,-2.658006902874083E+001,1.449038467834199E+002,
6.181818181818182E+009,-2.672970936092723E+001,1.255285341940063E+002,
6.185728250244379E+009,-2.711714726169746E+001,1.071784627138768E+002,
6.189638318670576E+009,-2.745835062172889E+001,9.117951898356080E+001,
6.193548387096774E+009,-2.725389425238738E+001,7.402816878411760E+001,
6.197458455522972E+009,-2.723154327255491E+001,5.517374002392100E+001,
6.201368523949169E+009,-2.731281650201229E+001,3.643070238731788E+001,
6.205278592375366E+009,-2.735772763026946E+001,1.742414012771870E+001,
6.209188660801564E+009,-2.738086364104716E+001,1.303589015542753E-002,
6.213098729227762E+009,-2.732866549487064E+001,-1.982142204568274E+001,
6.217008797653959E+009,-2.743555594344445E+001,-3.906688780226023E+001,
6.220918866080156E+009,-2.759434192817335E+001,-5.799188821459416E+001,
6.224828934506353E+009,-2.796419770875186E+001,-7.592914686702453E+001,
6.228739002932551E+009,-2.793147862163354E+001,-9.233765090731248E+001,
6.232649071358749E+009,-2.748680024314874E+001,-1.095407685895941E+002,
6.236559139784946E+009,-2.721116411443918E+001,-1.292051972547311E+002,
6.240469208211144E+009,-2.709766937262805E+001,-1.503504949962732E+002,
6.244379276637341E+009,-2.707276827157556E+001,-1.713198638539915E+002,
6.248289345063539E+009,-2.733092241639112E+001,1.674950487808354E+002,
6.252199413489737E+009,-2.757180253648016E+001,1.480834435884062E+002,
6.256109481915934E+009,-2.796270532879683E+001,1.293168202681165E+002,
6.260019550342131E+009,-2.837259279695690E+001,1.096858266531473E+002,
6.263929618768329E+009,-2.875822846113557E+001,9.171782573670055E+001,
6.267839687194526E+009,-2.901036128996540E+001,7.563104290100634E+001,
6.271749755620724E+009,-2.910137206681414E+001,5.928780148812511E+001,
6.275659824046921E+009,-2.902048150250165E+001,4.293196198422144E+001,
6.279569892473118E+009,-2.857793062971858E+001,2.546469433319667E+001,
6.283479960899316E+009,-2.849402953774969E+001,4.810517104089237E+000,
6.287390029325514E+009,-2.846190068521132E+001,-1.447431164262850E+001,
6.291300097751711E+009,-2.843736051764071E+001,-3.425539338387774E+001,
6.295210166177908E+009,-2.852692538796442E+001,-5.292790251524450E+001,
6.299120234604105E+009,-2.888161112944746E+001,-7.155550641853091E+001,
6.303030303030303E+009,-2.878505598856252E+001,-9.019945363839560E+001,
6.306940371456501E+009,-2.895258095856848E+001,-1.102507318746233E+002,
6.310850439882698E+009,-2.907075278943749E+001,-1.277244568769925E+002,
6.314760508308895E+009,-2.939136010533696E+001,-1.462788231199077E+002,
6.318670576735093E+009,-2.970013040299477E+001,-1.644606759677992E+002,
6.322580645161290E+009,-2.965269777333637E+001,1.786949690097391E+002,
6.326490713587488E+009,-2.948546236473081E+001,1.621004217572632E+002,
6.330400782013685E+009,-2.932078067640545E+001,1.440225497595743E+002,
6.334310850439882E+009,-2.910643507981185E+001,1.235381088767871E+002,
6.338220918866080E+009,-2.918138643920092E+001,1.044291881645132E+002,
6.342130987292278E+009,-2.933218291612499E+001,8.373761229721612E+001,
6.346041055718475E+009,-2.961457961630878E+001,6.469079417490960E+001,
6.349951124144672E+009,-2.989459681361914E+001,4.617198324280336E+001,
6.353861192570869E+009,-3.000194731255707E+001,2.692212422290341E+001,
6.357771260997068E+009,-2.996976010327018E+001,8.940712534116665E+000,
6.361681329423266E+009,-3.035431299779737E+001,-1.061255659113152E+001,
6.365591397849463E+009,-3.086582115739711E+001,-2.839341050827393E+001,
6.369501466275660E+009,-3.086575579074542E+001,-4.394059737538304E+001,
6.373411534701857E+009,-3.078838999698215E+001,-6.255986492473149E+001,
6.377321603128055E+009,-3.081021277672181E+001,-8.183967616539096E+001,
6.381231671554253E+009,-3.126378272438558E+001,-1.027169328810813E+002,
6.385141739980450E+009,-3.202085850668441E+001,-1.188754691798646E+002,
6.389051808406647E+009,-3.247019998591150E+001,-1.322028062708814E+002,
6.392961876832845E+009,-3.249184878500563E+001,-1.443997867277982E+002,
6.396871945259043E+009,-3.175410526152795E+001,-1.597127334255741E+002,
6.400782013685240E+009,-3.138803310929862E+001,-1.764671328409727E+002,
6.404692082111437E+009,-3.051997154536540E+001,1.644951464904941E+002,
6.408602150537634E+009,-3.056788789784776E+001,1.417659340865809E+002,
6.412512218963832E+009,-3.064541120774038E+001,1.230121925298782E+002,
6.416422287390030E+009,-3.076465818994122E+001,1.032462904355906E+002,
6.420332355816227E+009,-3.110296191441348E+001,8.418865152597007E+001,
6.424242424242424E+009,-3.142759547640116E+001,6.653005124407345E+001,
6.428152492668621E+009,-3.171849971886105E+001,5.074776948179236E+001,
6.432062561094819E+009,-3.184115206235504E+001,3.529781669544821E+001,
6.435972629521017E+009,-3.179113101756037E+001,2.099508687848055E+001,
6.439882697947214E+009,-3.099231622990547E+001,4.750998261148067E+000,
6.443792766373411E+009,-3.035909459072064E+001,-1.298668505829395E+001,
6.447702834799609E+009,-2.999895633301149E+001,-3.444297530416220E+001,
6.451612903225807E+009,-2.990146318158968E+001,-5.364125878311324E+001,
6.455522971652004E+009,-2.961655805718026E+001,-7.408338968762774E+001,
6.459433040078201E+009,-2.964723972103307E+001,-9.543969105817064E+001,
6.463343108504398E+009,-2.989689721621981E+001,-1.146855351622289E+002,
6.467253176930596E+009,-2.997786240467565E+001,-1.339781905289824E+002,
6.471163245356794E+009,-3.045249219568876E+001,-1.518545700091495E+002,
6.475073313782991E+009,-3.086077558848078E+001,-1.681510452816144E+002,
6.478983382209189E+009,-3.089550271090231E+001,1.777952729936536E+002,
6.482893450635386E+009,-3.029877839396494E+001,1.628516742460150E+002,
6.486803519061584E+009,-2.973446290140899E+001,1.441162063392511E+002,
6.490713587487782E+009,-2.919243747392090E+001,1.232159564788275E+002,
6.494623655913979E+009,-2.917496618048820E+001,1.020972737414447E+002,
6.498533724340176E+009,-2.927807577449213E+001,8.195605183096737E+001,
6.502443792766374E+009,-2.937603051735976E+001,6.245094168735134E+001,
6.506353861192571E+009,-2.963219353478597E+001,4.244671520045252E+001,
6.510263929618769E+009,-3.003738518161130E+001,2.654375147924681E+001,
6.514173998044966E+009,-2.989412041627229E+001,1.036153867271462E+001,
6.518084066471163E+009,-2.960166002721983E+001,-7.207405657530843E+000,
6.521994134897361E+009,-2.952412732578534E+001,-2.526389544146146E+001,
6.525904203323559E+009,-2.898013592728614E+001,-4.502097376145838E+001,
6.529814271749756E+009,-2.905797210788083E+001,-6.578928284766195E+001,
6.533724340175953E+009,-2.919943547150703E+001,-8.511991571495935E+001,
6.537634408602150E+009,-2.920630613024865E+001,-1.042593201155536E+002,
6.541544477028348E+009,-2.949962007727556E+001,-1.225243888507925E+002,
6.545454545454546E+009,-2.970518740133529E+001,-1.397091831896333E+002,
6.549364613880743E+009,-2.982744866966586E+001,-1.576517936925058E+002,
6.553274682306940E+009,-2.989167644840050E+001,-1.743448153762555E+002,
6.557184750733138E+009,-2.987261143066268E+001,1.694332427858474E+002,
6.561094819159335E+009,-2.960163319872681E+001,1.521699659580102E+002,
6.565004887585533E+009,-2.955536346231860E+001,1.350693958861946E+002,
6.568914956011730E+009,-2.918733889829978E+001,1.186663051883928E+002,
6.572825024437927E+009,-2.885188309546868E+001,1.011524918060684E+002,
6.576735092864125E+009,-2.838465573476620E+001,8.193301319833842E+001,
6.580645161290323E+009,-2.823391744764710E+001,6.069140620533225E+001,
6.584555229716520E+009,-2.819665971509206E+001,4.329847477235471E+001,
6.588465298142717E+009,-2.799762744799875E+001,2.518475758276096E+001,
6.592375366568914E+009,-2.763359480431247E+001,6.433506512385510E+000,
6.596285434995112E+009,-2.720377008676899E+001,-1.393487158668342E+001,
6.600195503421310E+009,-2.723373177207739E+001,-3.430013168891163E+001,
6.604105571847508E+009,-2.714797328504449E+001,-5.315836235104473E+001,
6.608015640273705E+009,-2.683038899979328E+001,-7.266630100772530E+001,
6.611925708699902E+009,-2.680691949194791E+001,-9.270089697323097E+001,
6.615835777126100E+009,-2.668668554988126E+001,-1.131205662788255E+002,
6.619745845552298E+009,-2.666838901233613E+001,-1.327110526428580E+002,
6.623655913978495E+009,-2.674685849850804E+001,-1.523508084197191E+002,
6.627565982404692E+009,-2.674416670945639E+001,-1.711999004538946E+002,
6.631476050830890E+009,-2.655629158503766E+001,1.696023279312245E+002,
6.635386119257088E+009,-2.643505557174157E+001,1.500736152792372E+002,
6.639296187683285E+009,-2.631006900194420E+001,1.296204140323514E+002,
6.643206256109482E+009,-2.640581413897812E+001,1.080974605924998E+002,
6.647116324535679E+009,-2.646154995132412E+001,8.853000868402876E+001,
6.651026392961877E+009,-2.665575181530460E+001,7.010389479535965E+001,
6.654936461388075E+009,-2.661201443237141E+001,4.887744721138967E+001,
6.658846529814272E+009,-2.679772813694311E+001,2.857591710883070E+001,
6.662756598240469E+009,-2.711950493482588E+001,1.091359230793164E+001,
6.666666666666666E+009,-2.701856550617667E+001,-7.847958633946476E+000,
6.670576735092864E+009,-2.714043584665713E+001,-2.818574310318040E+001,
6.674486803519062E+009,-2.734523092408940E+001,-4.638175059058563E+001,
6.678396871945259E+009,-2.744069708126826E+001,-6.598341299415063E+001,
6.682306940371456E+009,-2.783146226424488E+001,-8.415382666045257E+001,
6.686217008797654E+009,-2.796155141962322E+001,-1.009613564720083E+002,
6.690127077223852E+009,-2.792334959244295E+001,-1.166233804864925E+002,
6.694037145650049E+009,-2.758557702005433E+001,-1.347381889515299E+002,
6.697947214076246E+009,-2.724722837147882E+001,-1.530982501964109E+002,
6.701857282502443E+009,-2.703986806713951E+001,-1.725547104204441E+002,
6.705767350928641E+009,-2.686173660973525E+001,1.677371758161351E+002,
6.709677419354839E+009,-2.668843594080417E+001,1.470392442126793E+002,
6.713587487781036E+009,-2.666064448898440E+001,1.262683226604613E+002,
6.717497556207233E+009,-2.677043725830081E+001,1.060998229538299E+002,
6.721407624633431E+009,-2.692241401811506E+001,8.628748906359975E+001,
6.725317693059629E+009,-2.691480808441177E+001,6.647450155709225E+001,
6.729227761485827E+009,-2.722407043095745E+001,4.657272031695496E+001,
6.733137829912024E+009,-2.756197680626769E+001,2.927100691982797E+001,
6.737047898338221E+009,-2.773009030289427E+001,1.247642674806813E+001,
6.740957966764419E+009,-2.755145208017634E+001,-4.462742591109348E+000,
6.744868035190616E+009,-2.720307857564615E+001,-2.245155706970704E+001,
6.748778103616814E+009,-2.691993758038184E+001,-4.289539438670086E+001,
6.752688172043011E+009,-2.679078025235075E+001,-6.247590065125758E+001,
6.756598240469208E+009,-2.657666385407746E+001,-8.261750706629242E+001,
6.760508308895406E+009,-2.669215706512255E+001,-1.035766876453421E+002,
6.764418377321604E+009,-2.685266986042214E+001,-1.231909074925043E+002,
6.768328445747801E+009,-2.685982166412667E+001,-1.429022173510800E+002,
6.772238514173998E+009,-2.694897739834710E+001,-1.630413889998075E+002,
6.776148582600195E+009,-2.718858221441721E+001,1.769629000373751E+002,
6.780058651026393E+009,-2.755101548204173E+001,1.575232949463619E+002,
6.783968719452591E+009,-2.796960683802030E+001,1.407532058396256E+002,
6.787878787878788E+009,-2.785029726185933E+001,1.247048595771862E+002,
6.791788856304985E+009,-2.735086588479036E+001,1.061144390659698E+002,
6.795698924731183E+009,-2.749036049937732E+001,8.644763952159848E+001,
6.799608993157380E+009,-2.737315250379807E+001,6.605337860994128E+001,
6.803519061583578E+009,-2.758811657846051E+001,4.585970054348914E+001,
6.807429130009775E+009,-2.763455568749002E+001,2.653465206906144E+001,
6.811339198435972E+009,-2.807985838832799E+001,7.614010609604049E+000,
6.815249266862170E+009,-2.822576406062019E+001,-8.859780108378581E+000,
6.819159335288368E+009,-2.814764868827103E+001,-2.602448141673132E+001,
6.823069403714565E+009,-2.800719973213013E+001,-4.401728000920939E+001,
6.826979472140762E+009,-2.792849268406850E+001,-6.295958048416897E+001,
6.830889540566959E+009,-2.772566270956366E+001,-8.338482774519967E+001,
6.834799608993157E+009,-2.764919357445199E+001,-1.035410265980462E+002,
6.838709677419355E+009,-2.780029662793451E+001,-1.233284761116413E+002,
6.842619745845552E+009,-2.813992826774456E+001,-1.431971773213837E+002,
6.846529814271750E+009,-2.851608372838814E+001,-1.629249209144817E+002,
6.850439882697948E+009,-2.896261661843761E+001,1.786375039341608E+002,
6.854349951124145E+009,-2.956493606323225E+001,1.623229998267403E+002,
6.858260019550343E+009,-2.977049483630565E+001,1.474989405552317E+002,
6.862170087976540E+009,-2.991128747881960E+001,1.340544260901073E+002,
6.866080156402737E+009,-2.947122663138747E+001,1.189332133520410E+002,
6.869990224828935E+009,-2.892403272840683E+001,1.015538358295212E+002,
6.873900293255133E+009,-2.843333930888761E+001,8.431953145760544E+001,
6.877810361681330E+009,-2.795068463221435E+001,6.407639503009419E+001,
6.881720430107527E+009,-2.785768745433810E+001,4.483778935469761E+001,
6.885630498533724E+009,-2.760969654810788E+001,2.446069681186337E+001,
6.889540566959922E+009,-2.771069567775207E+001,3.490999448427536E+000,
6.893450635386120E+009,-2.782849079620129E+001,-1.488893140738606E+001,
6.897360703812317E+009,-2.800994218201717E+001,-3.365778246849462E+001,
6.901270772238514E+009,-2.822385917792796E+001,-5.216060067564069E+001,
6.905180840664711E+009,-2.850478689104428E+001,-6.767006152854897E+001,
6.909090909090909E+009,-2.808565275940730E+001,-8.246723018209582E+001,
6.913000977517107E+009,-2.741788902960870E+001,-9.978020827015445E+001,
6.916911045943304E+009,-2.680262400963049E+001,-1.195431860197294E+002,
6.920821114369501E+009,-2.638536097982877E+001,-1.393195209127716E+002,
6.924731182795699E+009,-2.625760301548858E+001,-1.608372021784972E+002,
6.928641251221897E+009,-2.597253794771676E+001,1.785901492480823E+002,
6.932551319648094E+009,-2.587590303772208E+001,1.577195516660466E+002,
6.936461388074291E+009,-2.596464785326765E+001,1.363817787398478E+002,
6.940371456500488E+009,-2.618186706712087E+001,1.155444453983909E+002,
6.944281524926686E+009,-2.644064610174799E+001,9.640767403041350E+001,
6.948191593352884E+009,-2.636950236621738E+001,7.953185326041256E+001,
6.952101661779081E+009,-2.623238993485018E+001,6.048392257157208E+001,
6.956011730205278E+009,-2.622627740617447E+001,4.052979138309927E+001,
6.959921798631475E+009,-2.618587447673420E+001,2.194958608658061E+001,
6.963831867057674E+009,-2.604716492641073E+001,1.867456038637862E+000,
6.967741935483872E+009,-2.611149218979329E+001,-1.781645481239265E+001,
6.971652003910069E+009,-2.608662962720552E+001,-3.852981480215406E+001,
6.975562072336266E+009,-2.614029729921846E+001,-5.821210729365857E+001,
6.979472140762464E+009,-2.651812386774539E+001,-7.756289983657892E+001,
6.983382209188661E+009,-2.662207000614522E+001,-9.568242860555877E+001,
6.987292277614859E+009,-2.678140427640251E+001,-1.141159344695646E+002,
6.991202346041056E+009,-2.663284288117269E+001,-1.319304461048261E+002,
6.995112414467253E+009,-2.645704928012206E+001,-1.508125843269641E+002,
6.999022482893451E+009,-2.640165244234480E+001,-1.700173793807482E+002,
7.002932551319649E+009,-2.629898886911940E+001,1.706566741003040E+002,
7.006842619745846E+009,-2.617333832006522E+001,1.507051362882899E+002,
7.010752688172043E+009,-2.622329331956595E+001,1.308501265373336E+002,
7.014662756598240E+009,-2.615414042707935E+001,1.101056657106984E+002,
7.018572825024438E+009,-2.635074514305956E+001,8.897989730357428E+001,
7.022482893450636E+009,-2.670740717627017E+001,6.877095694956921E+001,
7.026392961876833E+009,-2.717252418190445E+001,5.005361441352312E+001,
7.030303030303030E+009,-2.758402345892892E+001,3.324163298698676E+001,
7.034213098729228E+009,-2.751323358630869E+001,1.617969684070061E+001,
7.038123167155425E+009,-2.762610849360161E+001,-1.727881748129165E+000,
7.042033235581623E+009,-2.761584480094640E+001,-1.895167968922165E+001,
7.045943304007820E+009,-2.733660424647045E+001,-3.635059256644672E+001,
7.049853372434017E+009,-2.708333899407312E+001,-5.652963486824122E+001,
7.053763440860215E+009,-2.688411187658986E+001,-7.708193221323437E+001,
7.057673509286413E+009,-2.686192859752493E+001,-9.673848828282088E+001,
7.061583577712610E+009,-2.698277195395214E+001,-1.178424064522995E+002,
7.065493646138807E+009,-2.717870122586304E+001,-1.389390077381453E+002,
7.069403714565004E+009,-2.754595962889392E+001,-1.573139211320482E+002,
7.073313782991202E+009,-2.777418516117160E+001,-1.765525007384231E+002,
7.077223851417400E+009,-2.810865155898317E+001,1.655693850721889E+002,
7.081133919843597E+009,-2.831065174281593E+001,1.480357946993924E+002,
7.085043988269795E+009,-2.823860214435925E+001,1.315714098911997E+002,
7.088954056695993E+009,-2.815137874860949E+001,1.144331706549182E+002,
7.092864125122190E+009,-2.789134951530956E+001,9.579249855041333E+001,
7.096774193548388E+009,-2.757104111903259E+001,7.613215980078394E+001,
7.100684261974585E+009,-2.760715152785032E+001,5.441858807142082E+001,
7.104594330400782E+009,-2.770698343105600E+001,3.455233860238867E+001,
7.108504398826980E+009,-2.793003355720544E+001,1.281571491401216E+001,
7.112414467253178E+009,-2.828608678187214E+001,-6.314949870256838E+000,
7.116324535679375E+009,-2.896931083888031E+001,-2.468413875136704E+001,
7.120234604105572E+009,-2.902184124464934E+001,-4.146498425364023E+001,
7.124144672531769E+009,-2.925574567094809E+001,-6.065214403409438E+001,
7.128054740957967E+009,-2.949604443882773E+001,-7.734330685660794E+001,
7.131964809384165E+009,-2.964445383844697E+001,-9.445044765442893E+001,
7.135874877810362E+009,-2.956859816958664E+001,-1.115690972955931E+002,
7.139784946236559E+009,-2.952101331181920E+001,-1.278515378013948E+002,
7.143695014662756E+009,-2.938467103345194E+001,-1.475075237470542E+002,
7.147605083088954E+009,-2.937962876788243E+001,-1.661635759856424E+002,
7.151515151515152E+009,-2.926048633262644E+001,1.748537490823869E+002,
7.155425219941349E+009,-2.943198165939519E+001,1.541844787157038E+002,
7.159335288367546E+009,-2.981190940315024E+001,1.355953809728690E+002,
7.163245356793744E+009,-3.005114250808935E+001,1.184293264058962E+002,
7.167155425219942E+009,-3.018860043969423E+001,1.008622895543493E+002,
7.171065493646139E+009,-3.044993624148312E+001,8.433191553536035E+001,
7.174975562072336E+009,-3.050015549836208E+001,6.977232391703537E+001,
7.178885630498533E+009,-3.037298896109480E+001,5.420262189194215E+001,
7.182795698924731E+009,-2.958560086320676E+001,3.709785257810098E+001,
7.186705767350929E+009,-2.917899644445500E+001,1.721280942018996E+001,
7.190615835777126E+009,-2.884753756457094E+001,-2.230464625877303E+000,
7.194525904203323E+009,-2.845505758316985E+001,-2.374653902014190E+001,
7.198435972629520E+009,-2.831812139776297E+001,-4.576813481516970E+001,
7.202346041055718E+009,-2.861608924865602E+001,-6.851719668453805E+001,
7.206256109481916E+009,-2.913459122119526E+001,-8.908929944578148E+001,
7.210166177908114E+009,-2.961366242845792E+001,-1.079945901763177E+002,
7.214076246334311E+009,-2.997342979006979E+001,-1.275985921581146E+002,
7.217986314760509E+009,-3.056479033899111E+001,-1.428492735118084E+002,
7.221896383186706E+009,-3.041768252215884E+001,-1.574272787298600E+002,
7.225806451612904E+009,-3.020326700928680E+001,-1.737150502328861E+002,
7.229716520039101E+009,-2.976844867312496E+001,1.672738401995671E+002,
7.233626588465298E+009,-2.964095702353226E+001,1.481020379051023E+002,
7.237536656891496E+009,-2.986940214987342E+001,1.280035833918222E+002,
7.241446725317694E+009,-2.971861936089058E+001,1.095797280945098E+002,
7.245356793743891E+009,-2.972714554509164E+001,9.142651554668562E+001,
7.249266862170088E+009,-2.929928758599085E+001,7.264975666831691E+001,
7.253176930596285E+009,-2.927920179879973E+001,5.105087297799879E+001,
7.257086999022483E+009,-2.964320331988615E+001,3.137059082577328E+001,
7.260997067448681E+009,-2.974061941635507E+001,1.206613453311150E+001,
7.264907135874878E+009,-2.980065661154145E+001,-7.517641378044710E+000,
7.268817204301075E+009,-3.011488998409996E+001,-2.635010177807888E+001,
7.272727272727273E+009,-3.036547151099423E+001,-4.347090964681064E+001,
7.276637341153470E+009,-3.086184997437875E+001,-6.292374470751886E+001,
7.280547409579668E+009,-3.093994315469597E+001,-7.926279566344729E+001,
7.284457478005865E+009,-3.122884675819450E+001,-9.507828796054899E+001,
7.288367546432062E+009,-3.075371063682500E+001,-1.092369872905476E+002,
7.292277614858260E+009,-3.039506283213942E+001,-1.270233629449735E+002,
7.296187683284458E+009,-2.974101883115677E+001,-1.467071718643026E+002,
7.300097751710655E+009,-2.956796613470346E+001,-1.672824110109079E+002,
7.304007820136852E+009,-2.943595772827730E+001,1.706267487594359E+002,
7.307917888563049E+009,-3.005185721636949E+001,1.500973293704444E+002,
7.311827956989247E+009,-3.056049192409502E+001,1.333101346591670E+002,
7.315738025415445E+009,-3.057254874095203E+001,1.156333683142412E+002,
7.319648093841642E+009,-3.085481610407627E+001,9.827042460049218E+001,
7.323558162267839E+009,-3.088250488931845E+001,7.911096482228193E+001,
7.327468230694037E+009,-3.127427394043443E+001,6.377075940230225E+001,
7.331378299120235E+009,-3.112211822944539E+001,4.983822754230457E+001,
7.335288367546433E+009,-3.069825665958861E+001,3.326407806914630E+001,
7.339198435972630E+009,-3.015222920595893E+001,1.482467173141238E+001,
7.343108504398827E+009,-2.990972477301198E+001,-3.771247486861826E+000,
7.347018572825025E+009,-2.956363316338024E+001,-2.253763159706889E+001,
7.350928641251223E+009,-2.953419898058136E+001,-4.106978563561408E+001,
7.354838709677420E+009,-2.924505129323686E+001,-5.805905363894525E+001,
7.358748778103617E+009,-2.869968484814675E+001,-7.827015585942023E+001,
7.362658846529814E+009,-2.850244237139295E+001,-9.933204207518290E+001,
7.366568914956012E+009,-2.857689637807146E+001,-1.187736040239101E+002,
7.370478983382210E+009,-2.859603561613895E+001,-1.375085134883778E+002,
7.374389051808407E+009,-2.839208191490734E+001,-1.567484483519294E+002,
7.378299120234604E+009,-2.840028667918060E+001,-1.760975366601682E+002,
7.382209188660801E+009,-2.847496691920055E+001,1.658022371350384E+002,
7.386119257086999E+009,-2.835219786608016E+001,1.476623104358169E+002,
7.390029325513197E+009,-2.813192991866100E+001,1.299704224006031E+002,
7.393939393939394E+009,-2.768935486000515E+001,1.105761922149597E+002,
7.397849462365591E+009,-2.745170103213599E+001,9.097810756011549E+001,
7.401759530791789E+009,-2.726275138629981E+001,7.077368018645821E+001,
7.405669599217987E+009,-2.708512586471638E+001,4.974406850755499E+001,
7.409579667644184E+009,-2.710782296469535E+001,2.877837791857532E+001,
7.413489736070381E+009,-2.719135847752154E+001,9.776865146922541E+000,
7.417399804496578E+009,-2.716960040149782E+001,-8.100274140623615E+000,
7.421309872922776E+009,-2.693190672862128E+001,-2.760055112816143E+001,
7.425219941348974E+009,-2.679461097364187E+001,-4.739429106181908E+001,
7.429130009775171E+009,-2.684791902804528E+001,-6.816212559176428E+001,
7.433040078201368E+009,-2.677801000374631E+001,-8.697326292164958E+001,
7.436950146627565E+009,-2.660840736760738E+001,-1.072826595096925E+002,
7.440860215053763E+009,-2.659520235780306E+001,-1.274956204750394E+002,
7.444770283479961E+009,-2.657148141873865E+001,-1.481909174541362E+002,
7.448680351906158E+009,-2.681466141204420E+001,-1.681044202564654E+002,
7.452590420332356E+009,-2.693322069197667E+001,1.733251583460445E+002,
7.456500488758554E+009,-2.699614020459751E+001,1.543207472418126E+002,
7.460410557184751E+009,-2.679327864594493E+001,1.348529731480288E+002,
7.464320625610949E+009,-2.668370594571423E+001,1.147658995344592E+002,
7.468230694037146E+009,-2.676260265055884E+001,9.358380873600872E+001,
7.472140762463343E+009,-2.693429720050471E+001,7.257642076058980E+001,
7.476050830889541E+009,-2.723894685273238E+001,5.205054404487893E+001,
7.479960899315739E+009,-2.766671284064348E+001,3.487355047117984E+001,
7.483870967741936E+009,-2.761526134712526E+001,1.693462966806026E+001,
7.487781036168133E+009,-2.753943143348747E+001,-1.799041252993402E+000,
7.491691104594330E+009,-2.766100914321240E+001,-2.187029323853188E+001,
7.495601173020528E+009,-2.750216276328749E+001,-4.042039526889192E+001,
7.499511241446726E+009,-2.762119568844782E+001,-6.014838104199234E+001,
7.503421309872923E+009,-2.765246893901892E+001,-8.029905325315697E+001,
7.507331378299120E+009,-2.766383383592951E+001,-9.900787522869231E+001,
7.511241446725318E+009,-2.759723603011427E+001,-1.200355993504149E+002,
7.515151515151515E+009,-2.790451421678483E+001,-1.421557320152632E+002,
7.519061583577713E+009,-2.857497901347891E+001,-1.629133786051179E+002,
7.522971652003910E+009,-2.924500551621333E+001,1.794125685385201E+002,
7.526881720430107E+009,-2.964071747817806E+001,1.636525391452669E+002,
7.530791788856305E+009,-2.967642456488006E+001,1.471562607556073E+002,
7.534701857282503E+009,-2.976080688864480E+001,1.308232019781639E+002,
7.538611925708700E+009,-2.973181836434956E+001,1.146443110825020E+002,
7.542521994134897E+009,-2.955401797859175E+001,9.664709930681154E+001,
7.546432062561094E+009,-2.935484683539181E+001,7.881972312419717E+001,
7.550342130987292E+009,-2.915762052203306E+001,5.935838505497166E+001,
7.554252199413490E+009,-2.905890043196788E+001,4.004761453774744E+001,
7.558162267839687E+009,-2.927436962187966E+001,2.103056630582865E+001,
7.562072336265884E+009,-2.929811043531265E+001,1.650132448652544E+000,
7.565982404692082E+009,-2.945158763840638E+001,-1.823807300278721E+001,
7.569892473118280E+009,-2.997786196970532E+001,-3.416429901572623E+001,
7.573802541544478E+009,-2.997956944185179E+001,-4.946431603036242E+001,
7.577712609970675E+009,-2.957395382214659E+001,-6.736760645932746E+001,
7.581622678396872E+009,-2.931191144436126E+001,-8.576573438001461E+001,
7.585532746823070E+009,-2.906415244899010E+001,-1.054610562943335E+002,
7.589442815249268E+009,-2.897187793631687E+001,-1.241864938141083E+002,
7.593352883675465E+009,-2.894250066357989E+001,-1.431094070079080E+002,
7.597262952101662E+009,-2.863027624154437E+001,-1.613470417789561E+002,
7.601173020527859E+009,-2.848570375641154E+001,1.772294326766471E+002,
7.605083088954057E+009,-2.874193527546270E+001,1.572295344218950E+002,
7.608993157380255E+009,-2.863763465932438E+001,1.383714148992068E+002,
7.612903225806452E+009,-2.879064037070861E+001,1.183167656719611E+002,
7.616813294232649E+009,-2.901710897661410E+001,9.870779750171838E+001,
7.620723362658846E+009,-2.915670307165744E+001,7.990447721818005E+001,
7.624633431085044E+009,-2.921714793915452E+001,6.290926294640357E+001,
7.628543499511242E+009,-2.913129853192608E+001,4.491241990194274E+001,
7.632453567937439E+009,-2.864079209871689E+001,2.597561521405519E+001,
7.636363636363636E+009,-2.852560641183825E+001,4.996642040888784E+000,
7.640273704789834E+009,-2.879411886860351E+001,-1.574142101807563E+001,
7.644183773216032E+009,-2.915004326087929E+001,-3.505960178612838E+001,
7.648093841642229E+009,-2.930857674048574E+001,-5.361758428444133E+001,
7.652003910068426E+009,-2.960805180233773E+001,-7.370112593679583E+001,
7.655913978494623E+009,-2.975911792773783E+001,-9.081105316430842E+001,
7.659824046920821E+009,-3.008835202080189E+001,-1.070795987981231E+002,
7.663734115347019E+009,-3.021654294180756E+001,-1.235991723091736E+002,
7.667644183773216E+009,-2.974599678553133E+001,-1.398229430345466E+002,
7.671554252199413E+009,-2.941367142117121E+001,-1.597457165652118E+002,
7.675464320625610E+009,-2.938755483042423E+001,-1.796459164974830E+002,
7.679374389051808E+009,-2.946944738935028E+001,1.613163969515622E+002,
7.683284457478006E+009,-2.954918105341229E+001,1.425877099472470E+002,
7.687194525904203E+009,-2.965398248119296E+001,1.228177090670824E+002,
7.691104594330401E+009,-2.998581272125382E+001,1.026262566881596E+002,
7.695014662756599E+009,-3.058911051146684E+001,8.546822051435059E+001,
7.698924731182797E+009,-3.046388625486825E+001,7.069312920335955E+001,
7.702834799608994E+009,-3.032562404376676E+001,5.362565803386779E+001,
7.706744868035191E+009,-2.991121166263127E+001,3.771584500671954E+001,
7.710654936461388E+009,-2.949262982384324E+001,1.788284135156983E+001,
7.714565004887586E+009,-2.951831158758157E+001,-1.802213888810116E+000,
7.718475073313784E+009,-2.925091927588179E+001,-2.012834914556346E+001,
7.722385141739981E+009,-2.928733239282298E+001,-3.884207133506421E+001,
7.726295210166178E+009,-2.913099281246083E+001,-5.788317181740482E+001,
7.730205278592375E+009,-2.882400123383388E+001,-7.750123870213857E+001,
7.734115347018573E+009,-2.876307779903628E+001,-9.874748873731906E+001,
7.738025415444771E+009,-2.898513769827040E+001,-1.190860047509210E+002,
7.741935483870968E+009,-2.912170616098538E+001,-1.373739319662373E+002,
7.745845552297165E+009,-2.924190806417940E+001,-1.565331409233701E+002,
7.749755620723363E+009,-2.923702598517574E+001,-1.742400888563496E+002,
7.753665689149560E+009,-2.944512363604948E+001,1.665051044197812E+002,
7.757575757575758E+009,-2.943795258957525E+001,1.482175158027905E+002,
7.761485826001955E+009,-2.963851589400272E+001,1.309760753824648E+002,
7.765395894428152E+009,-2.937120717127240E+001,1.116949553036542E+002,
7.769305962854350E+009,-2.926238603188478E+001,9.233647914485752E+001,
7.773216031280548E+009,-2.921431882310513E+001,7.188594782148935E+001,
7.777126099706745E+009,-2.968945237050384E+001,5.247228544846792E+001,
7.781036168132942E+009,-3.005219994660999E+001,3.421166820158845E+001,
7.784946236559139E+009,-3.009657825297737E+001,1.901280674590321E+001,
7.788856304985337E+009,-2.988018953098846E+001,3.561018324805871E+000,
7.792766373411535E+009,-2.954404386950013E+001,-1.400449427336590E+001,
7.796676441837732E+009,-2.914401504631164E+001,-3.365367917222501E+001,
7.800586510263929E+009,-2.899781411365295E+001,-5.281669106947177E+001,
7.804496578690127E+009,-2.881050064046235E+001,-7.261928615343231E+001,
7.808406647116324E+009,-2.859395675034837E+001,-9.401154813352821E+001,
7.812316715542522E+009,-2.871721601622126E+001,-1.155944390261094E+002,
7.816226783968720E+009,-2.909256734334106E+001,-1.365320759152178E+002,
7.820136852394917E+009,-2.962672328027310E+001,-1.554804097993844E+002,
7.824046920821115E+009,-3.006714035060407E+001,-1.718695970638453E+002,
7.827956989247313E+009,-3.006366465402052E+001,1.703469491556841E+002,
7.831867057673510E+009,-3.012990061548395E+001,1.550640591217605E+002,
7.835777126099707E+009,-3.003949536079126E+001,1.394700643558145E+002,
7.839687194525904E+009,-2.943805293462462E+001,1.213233989473955E+002,
7.843597262952102E+009,-2.909750818211782E+001,1.003831716965335E+002,
7.847507331378300E+009,-2.886114292829701E+001,8.119631638380919E+001,
7.851417399804497E+009,-2.867518838802928E+001,6.136226371436962E+001,
7.855327468230694E+009,-2.864726814074924E+001,3.972698413599647E+001,
7.859237536656891E+009,-2.873355380292151E+001,1.964734534345424E+001,
7.863147605083089E+009,-2.879549205400546E+001,-1.455995692735751E+000,
7.867057673509287E+009,-2.942003696717551E+001,-2.186484538463123E+001,
7.870967741935484E+009,-2.960936823901549E+001,-3.899558935737555E+001,
7.874877810361681E+009,-2.982604489003193E+001,-5.653699267358995E+001,
7.878787878787879E+009,-2.994807501618485E+001,-7.338361205580179E+001,
7.882697947214077E+009,-2.993860632243865E+001,-9.014474169511615E+001,
7.886608015640274E+009,-2.969115715540846E+001,-1.075802550832012E+002,
7.890518084066471E+009,-2.947943766117782E+001,-1.248287383793970E+002,
7.894428152492668E+009,-2.922533599241989E+001,-1.445217580988575E+002,
7.898338220918866E+009,-2.877150327760907E+001,-1.636030798194988E+002,
7.902248289345064E+009,-2.852363918577538E+001,1.751872367771032E+002,
7.906158357771261E+009,-2.842569852741314E+001,1.520098356132949E+002,
7.910068426197458E+009,-2.885001966070599E+001,1.304405922237475E+002,
7.913978494623655E+009,-2.944943350102344E+001,1.094765261597387E+002,
7.917888563049853E+009,-2.989505175089816E+001,9.392030227648483E+001,
7.921798631476051E+009,-3.039886331572879E+001,7.771774707361256E+001,
7.925708699902248E+009,-3.011529167017957E+001,6.131391617500738E+001,
7.929618768328445E+009,-2.999794351966605E+001,4.370910631076884E+001,
7.933528836754643E+009,-2.945399325999166E+001,2.574223121960129E+001,
7.937438905180841E+009,-2.913290978570256E+001,5.142454787992704E+000,
7.941348973607039E+009,-2.913450935846315E+001,-1.765389777723184E+001,
7.945259042033236E+009,-2.961830742186290E+001,-3.916587488422400E+001,
7.949169110459433E+009,-3.001723243616077E+001,-5.827924053071640E+001,
7.953079178885631E+009,-3.055218014733333E+001,-7.569713334082668E+001,
7.956989247311829E+009,-3.097830436802400E+001,-9.106226059549965E+001,
7.960899315738026E+009,-3.081156367965171E+001,-1.081866998650625E+002,
7.964809384164223E+009,-3.058458887182262E+001,-1.235075112993614E+002,
7.968719452590420E+009,-3.042750966935872E+001,-1.426688392138645E+002,
7.972629521016618E+009,-3.023863767039438E+001,-1.607273910704429E+002,
7.976539589442816E+009,-2.995633849871292E+001,1.792330230947420E+002,
7.980449657869013E+009,-2.974366935826211E+001,1.579177969436710E+002,
7.984359726295210E+009,-3.008428875765815E+001,1.356840369604472E+002,
7.988269794721408E+009,-3.045121818234378E+001,1.163888158647571E+002,
7.992179863147605E+009,-3.105924500772111E+001,9.789520904154853E+001,
7.996089931573803E+009,-3.145319696926158E+001,8.149817321824226E+001,
8.000000000000000E+009,-3.160922352415047E+001,6.669389947561804E+001,
