% Version 1.00
%
%freq[Hz];db:Trc1_S21;ang:Trc1_S21;
4.000000000000000E+009,-2.370183090489764E+001,-9.240140112852285E+001,
4.003910068426198E+009,-2.361509693805893E+001,-1.089015946491671E+002,
4.007820136852395E+009,-2.364929900973804E+001,-1.251063447608761E+002,
4.011730205278593E+009,-2.372941564685736E+001,-1.406089984911014E+002,
4.015640273704790E+009,-2.373294405240669E+001,-1.553090680554445E+002,
4.019550342130987E+009,-2.339980866861532E+001,-1.698085212284966E+002,
4.023460410557185E+009,-2.305057085634815E+001,1.741473817218083E+002,
4.027370478983382E+009,-2.253492027235263E+001,1.571159993420396E+002,
4.031280547409580E+009,-2.240423239974099E+001,1.377003849464038E+002,
4.035190615835777E+009,-2.234975027210212E+001,1.198711960412236E+002,
4.039100684261975E+009,-2.245565624882822E+001,1.024083567819980E+002,
4.043010752688172E+009,-2.236555170219618E+001,8.592627022620833E+001,
4.046920821114369E+009,-2.238488654392637E+001,6.894358546834000E+001,
4.050830889540567E+009,-2.238124825681879E+001,5.275805733753242E+001,
4.054740957966765E+009,-2.212931004714083E+001,3.688452593174958E+001,
4.058651026392962E+009,-2.193847759176112E+001,1.952288252200948E+001,
4.062561094819160E+009,-2.179642440072568E+001,2.606408926925440E+000,
4.066471163245357E+009,-2.155781745304343E+001,-1.535944481358634E+001,
4.070381231671554E+009,-2.153599378417279E+001,-3.324406248655848E+001,
4.074291300097752E+009,-2.157544365226954E+001,-5.067427355095646E+001,
4.078201368523949E+009,-2.154141271066699E+001,-6.749728841491455E+001,
4.082111436950147E+009,-2.144111849520429E+001,-8.451967885641487E+001,
4.086021505376344E+009,-2.132612727630519E+001,-1.009663769919833E+002,
4.089931573802542E+009,-2.106109209269445E+001,-1.190092336755814E+002,
4.093841642228739E+009,-2.109646205101246E+001,-1.368326547914189E+002,
4.097751710654936E+009,-2.110091102744951E+001,-1.532989648748881E+002,
4.101661779081134E+009,-2.080805505185989E+001,-1.692068690802550E+002,
4.105571847507331E+009,-2.049310620808132E+001,1.731847038257704E+002,
4.109481915933529E+009,-2.014040617252856E+001,1.547493169895268E+002,
4.113391984359726E+009,-2.000185987892638E+001,1.354896386011648E+002,
4.117302052785924E+009,-1.994747978466330E+001,1.165339514946496E+002,
4.121212121212121E+009,-1.993648361078055E+001,9.773048838390903E+001,
4.125122189638319E+009,-1.996715948678911E+001,7.860393266042773E+001,
4.129032258064516E+009,-2.010860849590252E+001,6.046122079752936E+001,
4.132942326490714E+009,-2.006153898960677E+001,4.296828383211537E+001,
4.136852394916911E+009,-2.002651713381045E+001,2.439020927280684E+001,
4.140762463343109E+009,-2.017155991415773E+001,6.281191787657915E+000,
4.144672531769306E+009,-2.022541329096365E+001,-1.210587668754985E+001,
4.148582600195503E+009,-2.027842829202583E+001,-3.027423820521288E+001,
4.152492668621701E+009,-2.042883261685143E+001,-4.841386053519477E+001,
4.156402737047898E+009,-2.052944737314058E+001,-6.606404332135510E+001,
4.160312805474096E+009,-2.065074171270883E+001,-8.340663415969225E+001,
4.164222873900293E+009,-2.081996043967754E+001,-1.012789120838580E+002,
4.168132942326491E+009,-2.090390318639034E+001,-1.181526206819256E+002,
4.172043010752688E+009,-2.089480924582712E+001,-1.347228314066068E+002,
4.175953079178886E+009,-2.084615396395727E+001,-1.530522533318501E+002,
4.179863147605083E+009,-2.094258775509038E+001,-1.703501395320180E+002,
4.183773216031281E+009,-2.092882275960790E+001,1.723385926809063E+002,
4.187683284457478E+009,-2.089924194722189E+001,1.540762763271663E+002,
4.191593352883676E+009,-2.095754327501007E+001,1.361296470307804E+002,
4.195503421309873E+009,-2.099719650971219E+001,1.186151879726988E+002,
4.199413489736071E+009,-2.108359683012814E+001,1.011691918251067E+002,
4.203323558162268E+009,-2.108464195970620E+001,8.347061039013009E+001,
4.207233626588465E+009,-2.114638460591691E+001,6.502812293261654E+001,
4.211143695014663E+009,-2.123423156466007E+001,4.616752870916598E+001,
4.215053763440860E+009,-2.151274264427544E+001,2.848096393458966E+001,
4.218963831867058E+009,-2.163609279603628E+001,1.115525065637294E+001,
4.222873900293255E+009,-2.183562726095955E+001,-6.725835180182734E+000,
4.226783968719452E+009,-2.207900843178966E+001,-2.408824126284834E+001,
4.230694037145650E+009,-2.234183457926880E+001,-4.105867347379588E+001,
4.234604105571847E+009,-2.248819434678875E+001,-5.688609188672183E+001,
4.238514173998045E+009,-2.251847955029518E+001,-7.384536677706134E+001,
4.242424242424243E+009,-2.258879607588585E+001,-9.072652601677710E+001,
4.246334310850440E+009,-2.277090171950959E+001,-1.080104548820759E+002,
4.250244379276638E+009,-2.283050660710220E+001,-1.250755132094097E+002,
4.254154447702835E+009,-2.306525992457855E+001,-1.432898315817339E+002,
4.258064516129032E+009,-2.342352258137218E+001,-1.590421243393855E+002,
4.261974584555230E+009,-2.365552157982634E+001,-1.751697253840687E+002,
4.265884652981427E+009,-2.377685864424288E+001,1.698412095579350E+002,
4.269794721407625E+009,-2.369343713728092E+001,1.554390753787897E+002,
4.273704789833822E+009,-2.351762006734106E+001,1.390451966854117E+002,
4.277614858260019E+009,-2.346685146878176E+001,1.217988357893946E+002,
4.281524926686217E+009,-2.338867072391511E+001,1.055599159328719E+002,
4.285434995112414E+009,-2.315290837462859E+001,8.844924876797808E+001,
4.289345063538612E+009,-2.294680649243784E+001,7.077148261302055E+001,
4.293255131964809E+009,-2.295270262908879E+001,5.139748452860821E+001,
4.297165200391007E+009,-2.325317222813925E+001,3.294616318088576E+001,
4.301075268817205E+009,-2.355933825457044E+001,1.533196566211732E+001,
4.304985337243402E+009,-2.383356445468904E+001,-2.208201880370983E-001,
4.308895405669600E+009,-2.410377475146098E+001,-1.525746089601349E+001,
4.312805474095797E+009,-2.400202400302287E+001,-2.964541010371553E+001,
4.316715542521994E+009,-2.376483098437387E+001,-4.637729922372078E+001,
4.320625610948192E+009,-2.362028636482579E+001,-6.403795763201622E+001,
4.324535679374389E+009,-2.371817935934994E+001,-8.069799312328577E+001,
4.328445747800587E+009,-2.356885374270711E+001,-9.686194546787064E+001,
4.332355816226784E+009,-2.350076771695321E+001,-1.146437669115469E+002,
4.336265884652982E+009,-2.355074618406141E+001,-1.319478706643271E+002,
4.340175953079179E+009,-2.366095961690499E+001,-1.492967777326784E+002,
4.344086021505377E+009,-2.382744378225976E+001,-1.655755802602835E+002,
4.347996089931574E+009,-2.387310185615837E+001,1.786133325076163E+002,
4.351906158357771E+009,-2.386109223600366E+001,1.632466873411575E+002,
4.355816226783969E+009,-2.364515086300498E+001,1.473050097926939E+002,
4.359726295210166E+009,-2.356605728334349E+001,1.307838996805158E+002,
4.363636363636364E+009,-2.326099579490206E+001,1.141883258762055E+002,
4.367546432062561E+009,-2.310732635737141E+001,9.679353218665357E+001,
4.371456500488758E+009,-2.303812687116896E+001,7.832630490876339E+001,
4.375366568914956E+009,-2.309741967464146E+001,6.060850771276519E+001,
4.379276637341153E+009,-2.307572378216484E+001,4.252055597483803E+001,
4.383186705767351E+009,-2.320134346634168E+001,2.534535241899277E+001,
4.387096774193548E+009,-2.330575554155743E+001,9.409056147883689E+000,
4.391006842619746E+009,-2.333950048957556E+001,-6.040017439083749E+000,
4.394916911045943E+009,-2.300450818180909E+001,-2.283273593939314E+001,
4.398826979472141E+009,-2.296116782342369E+001,-4.030390478160557E+001,
4.402737047898338E+009,-2.289811772317489E+001,-5.684600003430205E+001,
4.406647116324535E+009,-2.276957865576105E+001,-7.422174892414421E+001,
4.410557184750733E+009,-2.272530732786040E+001,-9.112830846498720E+001,
4.414467253176930E+009,-2.248369781061760E+001,-1.081295007291759E+002,
4.418377321603128E+009,-2.246453128150602E+001,-1.265055558064332E+002,
4.422287390029326E+009,-2.257077815243753E+001,-1.438266290275466E+002,
4.426197458455523E+009,-2.260066193680542E+001,-1.604714393381163E+002,
4.430107526881721E+009,-2.266225261243646E+001,-1.759455176804251E+002,
4.434017595307918E+009,-2.230898463950412E+001,1.688822074196736E+002,
4.437927663734116E+009,-2.194831676856330E+001,1.503298520537321E+002,
4.441837732160313E+009,-2.178969978699126E+001,1.324493155833281E+002,
4.445747800586511E+009,-2.168214040283478E+001,1.146900613384646E+002,
4.449657869012708E+009,-2.148007078896237E+001,9.678977648128920E+001,
4.453567937438905E+009,-2.134054371551239E+001,7.768581287301215E+001,
4.457478005865103E+009,-2.148044220400767E+001,5.861296653392441E+001,
4.461388074291300E+009,-2.170588272972267E+001,4.133658296986376E+001,
4.465298142717498E+009,-2.176373210743715E+001,2.459628710757265E+001,
4.469208211143695E+009,-2.181952848906297E+001,7.722976481312650E+000,
4.473118279569893E+009,-2.174009597399509E+001,-8.560805722664616E+000,
4.477028347996090E+009,-2.160570542794523E+001,-2.590453028429557E+001,
4.480938416422287E+009,-2.152628512777860E+001,-4.253290112552209E+001,
4.484848484848485E+009,-2.129978224102272E+001,-6.027119262560971E+001,
4.488758553274682E+009,-2.119616946918259E+001,-7.792271486332552E+001,
4.492668621700880E+009,-2.107075147782373E+001,-9.608154169765950E+001,
4.496578690127077E+009,-2.105880743883921E+001,-1.146857379987827E+002,
4.500488758553275E+009,-2.114966597813520E+001,-1.327088582451364E+002,
4.504398826979472E+009,-2.133302406168270E+001,-1.505250941823583E+002,
4.508308895405669E+009,-2.136318434907715E+001,-1.671803037488603E+002,
4.512218963831867E+009,-2.144175664799723E+001,1.762000796456511E+002,
4.516129032258064E+009,-2.146768727171261E+001,1.600439275567426E+002,
4.520039100684262E+009,-2.128474830047813E+001,1.430536054232988E+002,
4.523949169110459E+009,-2.119721379482837E+001,1.255543996372854E+002,
4.527859237536657E+009,-2.110073632232516E+001,1.082809264823733E+002,
4.531769305962854E+009,-2.089431535496594E+001,9.051620385928401E+001,
4.535679374389051E+009,-2.090923877963551E+001,7.231933102052243E+001,
4.539589442815249E+009,-2.082539493291785E+001,5.341132035877226E+001,
4.543499511241447E+009,-2.096683092872739E+001,3.469414959218925E+001,
4.547409579667645E+009,-2.123305926805447E+001,1.666891569694474E+001,
4.551319648093842E+009,-2.141985060218244E+001,-3.151421444344928E-001,
4.555229716520039E+009,-2.155012825355328E+001,-1.673757479417282E+001,
4.559139784946237E+009,-2.150968809667465E+001,-3.316946931700421E+001,
4.563049853372434E+009,-2.153064084389555E+001,-5.072082631963881E+001,
4.566959921798632E+009,-2.156810606905784E+001,-6.787975512932466E+001,
4.570869990224829E+009,-2.158057305683592E+001,-8.417252060772098E+001,
4.574780058651027E+009,-2.144506669159029E+001,-1.012557119390036E+002,
4.578690127077224E+009,-2.129605937053462E+001,-1.191548200826073E+002,
4.582600195503422E+009,-2.130652445761488E+001,-1.371278892948282E+002,
4.586510263929619E+009,-2.133856091357784E+001,-1.555570429960440E+002,
4.590420332355816E+009,-2.151075293643290E+001,-1.742698251826178E+002,
4.594330400782014E+009,-2.182473120613932E+001,1.686491329997068E+002,
4.598240469208211E+009,-2.204520388492373E+001,1.524988596073045E+002,
4.602150537634409E+009,-2.216546842739674E+001,1.369644804293451E+002,
4.606060606060606E+009,-2.211928593440487E+001,1.217335507024506E+002,
4.609970674486803E+009,-2.196152405230250E+001,1.043284981523307E+002,
4.613880742913001E+009,-2.187022222022430E+001,8.806739377320346E+001,
4.617790811339198E+009,-2.166634697395377E+001,7.043925153146813E+001,
4.621700879765396E+009,-2.156970762608225E+001,5.201042430300124E+001,
4.625610948191593E+009,-2.151255993764508E+001,3.369476211512523E+001,
4.629521016617791E+009,-2.164534892760247E+001,1.427603767470869E+001,
4.633431085043988E+009,-2.201310548946525E+001,-3.946046756547555E+000,
4.637341153470186E+009,-2.228506413298899E+001,-2.021771168833137E+001,
4.641251221896383E+009,-2.245589583337060E+001,-3.661871940425744E+001,
4.645161290322580E+009,-2.263205195926059E+001,-5.271193899927711E+001,
4.649071358748778E+009,-2.275446224732990E+001,-6.870935585490643E+001,
4.652981427174975E+009,-2.269983366447209E+001,-8.384222854154096E+001,
4.656891495601173E+009,-2.248688723987339E+001,-9.936371997429222E+001,
4.660801564027371E+009,-2.219340080869580E+001,-1.158162240896788E+002,
4.664711632453568E+009,-2.196360439859847E+001,-1.344926941144864E+002,
4.668621700879766E+009,-2.194376428979231E+001,-1.524856238237876E+002,
4.672531769305963E+009,-2.184150165712963E+001,-1.706966998020046E+002,
4.676441837732161E+009,-2.191853029797379E+001,1.705380721096527E+002,
4.680351906158358E+009,-2.224018801300731E+001,1.529460991292358E+002,
4.684261974584556E+009,-2.226613989496729E+001,1.368851049125044E+002,
4.688172043010753E+009,-2.233472272876878E+001,1.193670680832531E+002,
4.692082111436951E+009,-2.240578954239148E+001,1.037976255454573E+002,
4.695992179863148E+009,-2.228187060160204E+001,8.709842816849034E+001,
4.699902248289345E+009,-2.217602686456032E+001,7.056466600509927E+001,
4.703812316715543E+009,-2.196017921436351E+001,5.235976908478314E+001,
4.707722385141740E+009,-2.192893868556810E+001,3.394214028357933E+001,
4.711632453567938E+009,-2.199010526022321E+001,1.588632873666780E+001,
4.715542521994135E+009,-2.206082983439685E+001,-2.530241897262030E+000,
4.719452590420332E+009,-2.211564227953876E+001,-2.063198416501766E+001,
4.723362658846530E+009,-2.229308574583126E+001,-3.862741284164594E+001,
4.727272727272727E+009,-2.255927186189363E+001,-5.598961057066816E+001,
4.731182795698925E+009,-2.270677339991450E+001,-7.252010849557708E+001,
4.735092864125122E+009,-2.272817858892240E+001,-8.979734439772645E+001,
4.739002932551320E+009,-2.293583996919655E+001,-1.071580241259647E+002,
4.742913000977517E+009,-2.300913825261985E+001,-1.235311888483028E+002,
4.746823069403714E+009,-2.305685960417637E+001,-1.403788145817717E+002,
4.750733137829912E+009,-2.307089753394281E+001,-1.579390021632094E+002,
4.754643206256109E+009,-2.330031380323604E+001,-1.750250831539342E+002,
4.758553274682307E+009,-2.340454029848473E+001,1.686265034835883E+002,
4.762463343108504E+009,-2.342502782605130E+001,1.520239061013801E+002,
4.766373411534702E+009,-2.349454382337756E+001,1.344381912798785E+002,
4.770283479960899E+009,-2.367023720302437E+001,1.173401974940809E+002,
4.774193548387096E+009,-2.375071013126824E+001,1.002681193506709E+002,
4.778103616813294E+009,-2.399821013376751E+001,8.362290448566544E+001,
4.782013685239492E+009,-2.414390158233818E+001,6.813808285050311E+001,
4.785923753665690E+009,-2.402689900965996E+001,5.121601939329927E+001,
4.789833822091887E+009,-2.407561442166579E+001,3.364200904155945E+001,
4.793743890518084E+009,-2.422784691261446E+001,1.642274002137972E+001,
4.797653958944282E+009,-2.441376316733239E+001,-8.398147941607931E-002,
4.801564027370479E+009,-2.455868861014673E+001,-1.679633289647799E+001,
4.805474095796677E+009,-2.463105754967428E+001,-3.459823096653803E+001,
4.809384164222874E+009,-2.500801446912442E+001,-5.186006393507092E+001,
4.813294232649072E+009,-2.529758247561006E+001,-6.768951363446752E+001,
4.817204301075269E+009,-2.565746298912708E+001,-8.377660591339343E+001,
4.821114369501467E+009,-2.590111804158061E+001,-9.903353354003234E+001,
4.825024437927664E+009,-2.616551761560852E+001,-1.138276154783533E+002,
4.828934506353861E+009,-2.625173619909984E+001,-1.266117428173140E+002,
4.832844574780059E+009,-2.602896482098111E+001,-1.421118868989053E+002,
4.836754643206256E+009,-2.593204792782841E+001,-1.584405426972812E+002,
4.840664711632454E+009,-2.582781251818877E+001,-1.753170633792909E+002,
4.844574780058651E+009,-2.584588408358616E+001,1.682134880031089E+002,
4.848484848484848E+009,-2.588981866726300E+001,1.503384405531827E+002,
4.852394916911046E+009,-2.635625717935192E+001,1.337526695538898E+002,
4.856304985337243E+009,-2.672691852550340E+001,1.192937906167356E+002,
4.860215053763441E+009,-2.663632098439395E+001,1.060081043186363E+002,
4.864125122189638E+009,-2.655214813188575E+001,9.068629895389638E+001,
4.868035190615836E+009,-2.650327962410417E+001,7.587476795619236E+001,
4.871945259042033E+009,-2.652211720731101E+001,5.973753502931915E+001,
4.875855327468231E+009,-2.659776678801739E+001,4.509324224892163E+001,
4.879765395894428E+009,-2.642614030636731E+001,3.032920874303483E+001,
4.883675464320625E+009,-2.607562260348664E+001,1.500301631460205E+001,
4.887585532746823E+009,-2.601001957216942E+001,-1.758877844136883E+000,
4.891495601173020E+009,-2.609299179680086E+001,-1.812964478322043E+001,
4.895405669599218E+009,-2.605429225897024E+001,-3.272858116727220E+001,
4.899315738025415E+009,-2.594756437605606E+001,-4.754560718938035E+001,
4.903225806451613E+009,-2.572758452109720E+001,-6.195972310355381E+001,
4.907135874877811E+009,-2.541556880293806E+001,-7.828529904972432E+001,
4.911045943304008E+009,-2.529544807685011E+001,-9.409070356397855E+001,
4.914956011730206E+009,-2.513806416194161E+001,-1.096599852311471E+002,
4.918866080156403E+009,-2.477169536592191E+001,-1.259479450920974E+002,
4.922776148582601E+009,-2.455326625736090E+001,-1.426216285470740E+002,
4.926686217008798E+009,-2.438643684533709E+001,-1.595827253045012E+002,
4.930596285434996E+009,-2.436422383153086E+001,-1.762321981166165E+002,
4.934506353861193E+009,-2.432628744010372E+001,1.676493642292978E+002,
4.938416422287390E+009,-2.421645970186610E+001,1.527788664020869E+002,
4.942326490713588E+009,-2.402455165362920E+001,1.374914806049350E+002,
4.946236559139785E+009,-2.393341557538308E+001,1.218813924878628E+002,
4.950146627565983E+009,-2.360651255148256E+001,1.077209437492398E+002,
4.954056695992180E+009,-2.306938342419357E+001,9.306591867836615E+001,
4.957966764418377E+009,-2.247839742124060E+001,7.630055174775552E+001,
4.961876832844575E+009,-2.193021162738376E+001,5.848147024458176E+001,
4.965786901270772E+009,-2.157911373699417E+001,4.035235458384199E+001,
4.969696969696970E+009,-2.134865621454414E+001,2.221256853622589E+001,
4.973607038123167E+009,-2.121988310009566E+001,5.005096566296792E+000,
4.977517106549365E+009,-2.087664200860074E+001,-1.158170920158175E+001,
4.981427174975562E+009,-2.062080770176681E+001,-2.886072158802404E+001,
4.985337243401759E+009,-2.027237429291182E+001,-4.659821682264263E+001,
4.989247311827957E+009,-1.996379745933801E+001,-6.389692788325500E+001,
4.993157380254154E+009,-1.957998974476863E+001,-8.121993166063560E+001,
4.997067448680352E+009,-1.914926300995880E+001,-9.941580359211234E+001,
5.000977517106549E+009,-1.880252449467843E+001,-1.185208057191178E+002,
5.004887585532747E+009,-1.852668209433691E+001,-1.375473441611347E+002,
5.008797653958944E+009,-1.828600217750491E+001,-1.564103843760026E+002,
5.012707722385141E+009,-1.808387340012768E+001,-1.763643336617664E+002,
5.016617790811339E+009,-1.799660830241560E+001,1.640599448611131E+002,
5.020527859237536E+009,-1.799728417664756E+001,1.451182223541337E+002,
5.024437927663734E+009,-1.795462651633474E+001,1.261746015612360E+002,
5.028347996089932E+009,-1.801856724507072E+001,1.078817856108019E+002,
5.032258064516129E+009,-1.796011832675330E+001,8.990029993341813E+001,
5.036168132942327E+009,-1.792463494768701E+001,7.112685524690633E+001,
5.040078201368524E+009,-1.792270352043327E+001,5.300584866205329E+001,
5.043988269794722E+009,-1.787785657115073E+001,3.484802091293892E+001,
5.047898338220919E+009,-1.782815983685132E+001,1.651142850478048E+001,
5.051808406647117E+009,-1.777221218180133E+001,-2.027382514545885E+000,
5.055718475073314E+009,-1.778569218672046E+001,-2.101808251974167E+001,
5.059628543499512E+009,-1.785904860838004E+001,-3.938686999320118E+001,
5.063538611925709E+009,-1.797755592403319E+001,-5.799806031664948E+001,
5.067448680351906E+009,-1.810002135268074E+001,-7.548285056204323E+001,
5.071358748778104E+009,-1.812689999844805E+001,-9.341146075142319E+001,
5.075268817204301E+009,-1.813884167738002E+001,-1.112557188850197E+002,
5.079178885630499E+009,-1.814802988347318E+001,-1.291066882257476E+002,
5.083088954056696E+009,-1.815491199520110E+001,-1.475966837321047E+002,
5.086999022482893E+009,-1.824752709279899E+001,-1.657666034167142E+002,
5.090909090909091E+009,-1.828708325496848E+001,1.768600985741861E+002,
5.094819159335288E+009,-1.824625713469840E+001,1.586154543093766E+002,
5.098729227761486E+009,-1.830642303225772E+001,1.398798195779194E+002,
5.102639296187683E+009,-1.842514241120866E+001,1.212994009690002E+002,
5.106549364613881E+009,-1.862735428409291E+001,1.028420251674013E+002,
5.110459433040078E+009,-1.889398618910476E+001,8.498530042932804E+001,
5.114369501466276E+009,-1.906995467509453E+001,6.801115193293602E+001,
5.118279569892473E+009,-1.925542048607357E+001,5.069296862930096E+001,
5.122189638318670E+009,-1.941818477251677E+001,3.384685551203829E+001,
5.126099706744868E+009,-1.949975594802226E+001,1.722097987151356E+001,
5.130009775171065E+009,-1.953025874616485E+001,3.390581446215998E-002,
5.133919843597263E+009,-1.952846858923366E+001,-1.749109080887709E+001,
5.137829912023460E+009,-1.954893261355621E+001,-3.514267563766641E+001,
5.141739980449657E+009,-1.965885477653955E+001,-5.277491195821570E+001,
5.145650048875855E+009,-1.974994190374800E+001,-7.053973005247528E+001,
5.149560117302053E+009,-1.985178050633693E+001,-8.767454235357536E+001,
5.153470185728251E+009,-1.983418553096081E+001,-1.049587693427950E+002,
5.157380254154448E+009,-1.985146643346135E+001,-1.231810005066765E+002,
5.161290322580645E+009,-1.994639985351941E+001,-1.408321071146386E+002,
5.165200391006843E+009,-2.003103744046253E+001,-1.589384021146498E+002,
5.169110459433041E+009,-2.025564203358950E+001,-1.769180994034070E+002,
5.173020527859238E+009,-2.044659530639631E+001,1.657994151829433E+002,
5.176930596285435E+009,-2.055644936475932E+001,1.491951523688370E+002,
5.180840664711633E+009,-2.062332557477347E+001,1.318821907728158E+002,
5.184750733137830E+009,-2.076593527398683E+001,1.138545150209363E+002,
5.188660801564028E+009,-2.094477391283652E+001,9.631100304364219E+001,
5.192570869990225E+009,-2.121697687655434E+001,7.869913177767396E+001,
5.196480938416422E+009,-2.142162766628855E+001,6.250065888522514E+001,
5.200391006842620E+009,-2.151202413739761E+001,4.625808536428978E+001,
5.204301075268817E+009,-2.157270812238987E+001,2.935571510268250E+001,
5.208211143695015E+009,-2.166716408171083E+001,1.289559825409430E+001,
5.212121212121212E+009,-2.160796301803282E+001,-3.858432090915565E+000,
5.216031280547409E+009,-2.161336587540169E+001,-2.196153926008647E+001,
5.219941348973607E+009,-2.181074197866190E+001,-4.026941164471371E+001,
5.223851417399805E+009,-2.202918127084625E+001,-5.739584912599869E+001,
5.227761485826002E+009,-2.229149755892372E+001,-7.479092611424683E+001,
5.231671554252199E+009,-2.249828296492478E+001,-9.118646882828803E+001,
5.235581622678397E+009,-2.262427864938941E+001,-1.077062290197122E+002,
5.239491691104594E+009,-2.280582334776042E+001,-1.235012189770179E+002,
5.243401759530792E+009,-2.277327439055731E+001,-1.404842058637008E+002,
5.247311827956989E+009,-2.294404401645267E+001,-1.574266805530087E+002,
5.251221896383186E+009,-2.299248571170236E+001,-1.739818526925536E+002,
5.255131964809384E+009,-2.300437484450524E+001,1.687800797361576E+002,
5.259042033235581E+009,-2.318482661463674E+001,1.509524419422040E+002,
5.262952101661779E+009,-2.340967845409636E+001,1.340606998426650E+002,
5.266862170087977E+009,-2.361436357713014E+001,1.174889882802102E+002,
5.270772238514174E+009,-2.392433265617097E+001,1.014565552030651E+002,
5.274682306940372E+009,-2.401847985651304E+001,8.599463036817481E+001,
5.278592375366570E+009,-2.399058152118376E+001,6.937110522289184E+001,
5.282502443792767E+009,-2.414967488972335E+001,5.253359796299520E+001,
5.286412512218964E+009,-2.433528508883624E+001,3.713709251180717E+001,
5.290322580645162E+009,-2.424654807188880E+001,2.209761705359755E+001,
5.294232649071359E+009,-2.416593015983766E+001,5.149569698912959E+000,
5.298142717497557E+009,-2.427693984868618E+001,-1.179278588122068E+001,
5.302052785923754E+009,-2.426203096294259E+001,-2.843412883453744E+001,
5.305962854349951E+009,-2.438481611413639E+001,-4.580181000780354E+001,
5.309872922776149E+009,-2.457242515539550E+001,-6.221585037633997E+001,
5.313782991202346E+009,-2.472907667983042E+001,-7.788674213237258E+001,
5.317693059628544E+009,-2.475290961693529E+001,-9.354660440169627E+001,
5.321603128054741E+009,-2.483912070605211E+001,-1.090864818839356E+002,
5.325513196480938E+009,-2.468088407562127E+001,-1.241008797828638E+002,
5.329423264907136E+009,-2.456782531850545E+001,-1.399734974150626E+002,
5.333333333333333E+009,-2.440996092914007E+001,-1.573075266602803E+002,
5.337243401759531E+009,-2.445591396786181E+001,-1.743738959472880E+002,
5.341153470185728E+009,-2.444948411531716E+001,1.687816992103659E+002,
5.345063538611926E+009,-2.455329706486847E+001,1.518691109761507E+002,
5.348973607038123E+009,-2.464983730734028E+001,1.356408270982578E+002,
5.352883675464321E+009,-2.473559116715322E+001,1.204585463742120E+002,
5.356793743890518E+009,-2.467444352127464E+001,1.050045331064632E+002,
5.360703812316715E+009,-2.442453612672831E+001,8.960447693001935E+001,
5.364613880742913E+009,-2.421767744695487E+001,7.266489476362729E+001,
5.368523949169110E+009,-2.404715708996169E+001,5.687359809627624E+001,
5.372434017595308E+009,-2.381637885871637E+001,4.000347615102712E+001,
5.376344086021505E+009,-2.362963037890371E+001,2.273842195177987E+001,
5.380254154447702E+009,-2.337599676228948E+001,4.888278607829095E+000,
5.384164222873900E+009,-2.314131678565072E+001,-1.294544443641288E+001,
5.388074291300098E+009,-2.297680418273166E+001,-3.172146574111439E+001,
5.391984359726296E+009,-2.308693518914672E+001,-5.066499833656587E+001,
5.395894428152493E+009,-2.319587063050049E+001,-6.895617279464659E+001,
5.399804496578690E+009,-2.347387618403507E+001,-8.688542694220161E+001,
5.403714565004888E+009,-2.363651474917244E+001,-1.035087626307981E+002,
5.407624633431086E+009,-2.379986518897606E+001,-1.199692929254145E+002,
5.411534701857283E+009,-2.388926024566071E+001,-1.358483352410654E+002,
5.415444770283480E+009,-2.384121791548733E+001,-1.514585504896474E+002,
5.419354838709678E+009,-2.360926954395286E+001,-1.672590012657543E+002,
5.423264907135875E+009,-2.325745454072942E+001,1.755918606418861E+002,
5.427174975562073E+009,-2.309819478131533E+001,1.559014116354681E+002,
5.431085043988270E+009,-2.331476663248134E+001,1.370315960709556E+002,
5.434995112414467E+009,-2.352981692082241E+001,1.210809676907075E+002,
5.438905180840665E+009,-2.348566907891087E+001,1.043609097869753E+002,
5.442815249266862E+009,-2.338825534046850E+001,8.755825255946475E+001,
5.446725317693060E+009,-2.337582277368577E+001,7.016440147951026E+001,
5.450635386119257E+009,-2.325610684421353E+001,5.296290565259470E+001,
5.454545454545454E+009,-2.329671541682015E+001,3.564607559556203E+001,
5.458455522971652E+009,-2.320998874183918E+001,1.911845055471367E+001,
5.462365591397850E+009,-2.297530111633344E+001,1.679237200813170E+000,
5.466275659824047E+009,-2.293246952940400E+001,-1.671759200889343E+001,
5.470185728250244E+009,-2.281008674697119E+001,-3.534734268128987E+001,
5.474095796676442E+009,-2.278267275346382E+001,-5.430394314125799E+001,
5.478005865102639E+009,-2.285119436223354E+001,-7.250234045519306E+001,
5.481915933528837E+009,-2.302216739077177E+001,-9.110517180706637E+001,
5.485826001955034E+009,-2.316354140963108E+001,-1.092915445482328E+002,
5.489736070381231E+009,-2.340722330993593E+001,-1.275051842551176E+002,
5.493646138807429E+009,-2.351667198496170E+001,-1.445770611472812E+002,
5.497556207233626E+009,-2.359313000004627E+001,-1.619915660219937E+002,
5.501466275659824E+009,-2.374125661913970E+001,1.782756164558984E+002,
5.505376344086021E+009,-2.404485724116927E+001,1.615904007623414E+002,
5.509286412512219E+009,-2.434851871371180E+001,1.441138226960511E+002,
5.513196480938417E+009,-2.462476575458309E+001,1.274193053843294E+002,
5.517106549364615E+009,-2.465264900283734E+001,1.118367023909776E+002,
5.521016617790812E+009,-2.472164058113323E+001,9.472287178706439E+001,
5.524926686217009E+009,-2.490514108409831E+001,7.759159126741932E+001,
5.528836754643207E+009,-2.504169206452136E+001,6.113078406638260E+001,
5.532746823069404E+009,-2.512957061677911E+001,4.445310957982285E+001,
5.536656891495602E+009,-2.502049921565618E+001,2.699088746155773E+001,
5.540566959921799E+009,-2.509008732986857E+001,8.740953126908186E+000,
5.544477028347996E+009,-2.535518968311738E+001,-9.595681358706738E+000,
5.548387096774194E+009,-2.554119483041711E+001,-2.636030803815466E+001,
5.552297165200391E+009,-2.581615979240184E+001,-4.330012850187963E+001,
5.556207233626589E+009,-2.611999819794684E+001,-5.962500297575161E+001,
5.560117302052786E+009,-2.635398943890230E+001,-7.505020763333238E+001,
5.564027370478983E+009,-2.628402276170073E+001,-9.051613583708182E+001,
5.567937438905181E+009,-2.627866495163742E+001,-1.070031920595877E+002,
5.571847507331378E+009,-2.608986482663646E+001,-1.232625395705130E+002,
5.575757575757576E+009,-2.623263148166765E+001,-1.426905488889107E+002,
5.579667644183773E+009,-2.646518735354410E+001,-1.606388544039522E+002,
5.583577712609971E+009,-2.661291197388495E+001,-1.783208487220455E+002,
5.587487781036168E+009,-2.709552179739897E+001,1.638606350824441E+002,
5.591397849462366E+009,-2.768045690315241E+001,1.483402525870959E+002,
5.595307917888563E+009,-2.785340934602869E+001,1.351830556535096E+002,
5.599217986314760E+009,-2.807048628337067E+001,1.204374603570187E+002,
5.603128054740958E+009,-2.791982553273636E+001,1.053807916964816E+002,
5.607038123167155E+009,-2.776806300013405E+001,8.916302575616008E+001,
5.610948191593353E+009,-2.778518069572881E+001,7.319087320454510E+001,
5.614858260019550E+009,-2.773374685893602E+001,5.637311746603988E+001,
5.618768328445747E+009,-2.778393943565570E+001,3.960812792394765E+001,
5.622678396871945E+009,-2.777692783929513E+001,2.303059548534231E+001,
5.626588465298142E+009,-2.805337247861401E+001,6.633535750463052E+000,
5.630498533724340E+009,-2.838063590646499E+001,-9.005746726103100E+000,
5.634408602150538E+009,-2.844393944069352E+001,-2.294021217443554E+001,
5.638318670576735E+009,-2.827159960919337E+001,-3.578296664481535E+001,
5.642228739002933E+009,-2.786563496243323E+001,-5.151802565536421E+001,
5.646138807429131E+009,-2.763036196783359E+001,-6.741896122001731E+001,
5.650048875855328E+009,-2.723052973221837E+001,-8.499195383432858E+001,
5.653958944281525E+009,-2.696350884519804E+001,-1.036226492486494E+002,
5.657869012707723E+009,-2.704046241590561E+001,-1.212252233647279E+002,
5.661779081133920E+009,-2.708171015299861E+001,-1.396449067882307E+002,
5.665689149560118E+009,-2.714410732947405E+001,-1.567362668208972E+002,
5.669599217986315E+009,-2.742709274008621E+001,-1.739879278680399E+002,
5.673509286412512E+009,-2.761861071575888E+001,1.694681490359370E+002,
5.677419354838710E+009,-2.779186204305426E+001,1.545718694022685E+002,
5.681329423264907E+009,-2.759159848555783E+001,1.393011031168562E+002,
5.685239491691105E+009,-2.755024803430548E+001,1.230701607745000E+002,
5.689149560117302E+009,-2.729576390304545E+001,1.071960711015968E+002,
5.693059628543499E+009,-2.706188054798481E+001,9.084709027847080E+001,
5.696969696969697E+009,-2.682490034594428E+001,7.276870005354053E+001,
5.700879765395895E+009,-2.703150629977180E+001,5.493596235601857E+001,
5.704789833822092E+009,-2.706510787642385E+001,3.614857216656980E+001,
5.708699902248289E+009,-2.739203706399835E+001,1.957963741809277E+001,
5.712609970674487E+009,-2.744596147930242E+001,3.631165360267505E+000,
5.716520039100684E+009,-2.756371702314152E+001,-1.165831006130999E+001,
5.720430107526882E+009,-2.751033835255857E+001,-2.700664372539164E+001,
5.724340175953079E+009,-2.743606291941328E+001,-4.288806357645791E+001,
5.728250244379276E+009,-2.725370788370220E+001,-5.921121885280757E+001,
5.732160312805474E+009,-2.702696481736935E+001,-7.577415830014073E+001,
5.736070381231671E+009,-2.688661330379992E+001,-9.361279232861287E+001,
5.739980449657869E+009,-2.699447312911437E+001,-1.111745071110172E+002,
5.743890518084066E+009,-2.704735735206457E+001,-1.276706790210909E+002,
5.747800586510263E+009,-2.706660963741235E+001,-1.445319427541540E+002,
5.751710654936461E+009,-2.709526500752169E+001,-1.607128120990910E+002,
5.755620723362660E+009,-2.706335874511377E+001,-1.775773558504621E+002,
5.759530791788857E+009,-2.703719856442420E+001,1.659499502645865E+002,
5.763440860215054E+009,-2.704387632823072E+001,1.493263742295483E+002,
5.767350928641252E+009,-2.717475267834282E+001,1.341182717476641E+002,
5.771260997067449E+009,-2.689111322064296E+001,1.192393929974154E+002,
5.775171065493647E+009,-2.656467404998555E+001,1.022434199801242E+002,
5.779081133919844E+009,-2.617197490788700E+001,8.352466222278937E+001,
5.782991202346041E+009,-2.618808583817149E+001,6.421438911188089E+001,
5.786901270772239E+009,-2.656991534784897E+001,4.624100129329395E+001,
5.790811339198436E+009,-2.676963687741975E+001,3.122943713212075E+001,
5.794721407624634E+009,-2.671721602938389E+001,1.614248253887389E+001,
5.798631476050831E+009,-2.652619425352103E+001,-3.098643106122783E-001,
5.802541544477028E+009,-2.624271552316325E+001,-1.766334707348765E+001,
5.806451612903226E+009,-2.629846165916971E+001,-3.536097443828019E+001,
5.810361681329423E+009,-2.648296434681524E+001,-5.238657989915997E+001,
5.814271749755621E+009,-2.653572452371225E+001,-6.817224200758359E+001,
5.818181818181818E+009,-2.633603512859680E+001,-8.416551182076286E+001,
5.822091886608016E+009,-2.618283657204939E+001,-1.015297517356762E+002,
5.826001955034213E+009,-2.626020704668296E+001,-1.189256110103361E+002,
5.829912023460411E+009,-2.644031220452477E+001,-1.356329629653993E+002,
5.833822091886608E+009,-2.666038073102870E+001,-1.509800159454012E+002,
5.837732160312805E+009,-2.632676240538664E+001,-1.658380459548417E+002,
5.841642228739003E+009,-2.608141576443990E+001,1.784385923257139E+002,
5.845552297165200E+009,-2.588470392508779E+001,1.611719120583175E+002,
5.849462365591398E+009,-2.577477750490047E+001,1.441369596159295E+002,
5.853372434017595E+009,-2.571766815036976E+001,1.275076633252706E+002,
5.857282502443792E+009,-2.559729861308183E+001,1.116754843011455E+002,
5.861192570869990E+009,-2.534957329768859E+001,9.508529125887964E+001,
5.865102639296187E+009,-2.512848465934845E+001,7.877674875997991E+001,
5.869012707722385E+009,-2.485626616034667E+001,6.203171250876152E+001,
5.872922776148583E+009,-2.457507526904258E+001,4.445921851313213E+001,
5.876832844574780E+009,-2.434007212367834E+001,2.789411289793586E+001,
5.880742913000978E+009,-2.404414700025443E+001,9.714216193133467E+000,
5.884652981427176E+009,-2.380200122422261E+001,-7.931646637667252E+000,
5.888563049853373E+009,-2.355350096006090E+001,-2.666282343490208E+001,
5.892473118279570E+009,-2.346078807879611E+001,-4.518749545605552E+001,
5.896383186705768E+009,-2.348221375196669E+001,-6.375587990218091E+001,
5.900293255131965E+009,-2.344680956699021E+001,-8.160873695395343E+001,
5.904203323558163E+009,-2.332574749687808E+001,-9.922900056387032E+001,
5.908113391984360E+009,-2.327722295752709E+001,-1.166315717057819E+002,
5.912023460410557E+009,-2.317761564149311E+001,-1.344193988637198E+002,
5.915933528836755E+009,-2.299652036234756E+001,-1.528161952610888E+002,
5.919843597262952E+009,-2.290735394604236E+001,-1.704165405615801E+002,
5.923753665689150E+009,-2.272387980792112E+001,1.704173874739228E+002,
5.927663734115347E+009,-2.280427093953481E+001,1.517552627925214E+002,
5.931573802541544E+009,-2.286416613178976E+001,1.335030415979664E+002,
5.935483870967742E+009,-2.289487349951251E+001,1.154217619637338E+002,
5.939393939393940E+009,-2.292335561937449E+001,9.707886342157920E+001,
5.943304007820137E+009,-2.312151825252589E+001,7.932595819619904E+001,
5.947214076246334E+009,-2.327896782574499E+001,6.234653109328841E+001,
5.951124144672532E+009,-2.321487392312149E+001,4.533135623161711E+001,
5.955034213098729E+009,-2.307444852866783E+001,2.733233263082488E+001,
5.958944281524927E+009,-2.308280720264575E+001,9.214439001149248E+000,
5.962854349951124E+009,-2.317588732153520E+001,-8.927787297876778E+000,
5.966764418377321E+009,-2.328268512663236E+001,-2.632446253118524E+001,
5.970674486803519E+009,-2.335389754382419E+001,-4.424180256544598E+001,
5.974584555229716E+009,-2.347193692509491E+001,-6.218188957711451E+001,
5.978494623655914E+009,-2.375809832250337E+001,-7.960489062036419E+001,
5.982404692082111E+009,-2.391573384660430E+001,-9.652234234578438E+001,
5.986314760508308E+009,-2.402875432679368E+001,-1.120744861348082E+002,
5.990224828934506E+009,-2.394538985450794E+001,-1.278666472949809E+002,
5.994134897360704E+009,-2.390688702002895E+001,-1.447293050435411E+002,
5.998044965786902E+009,-2.379352441198596E+001,-1.618606697945283E+002,
6.001955034213099E+009,-2.372486602301829E+001,-1.797394004448573E+002,
6.005865102639297E+009,-2.379281730359356E+001,1.628196233039233E+002,
6.009775171065494E+009,-2.387874279876119E+001,1.463875238002961E+002,
6.013685239491692E+009,-2.377441477259176E+001,1.293363808813862E+002,
6.017595307917889E+009,-2.373987567405079E+001,1.124566737414443E+002,
6.021505376344086E+009,-2.370160769258918E+001,9.546198396536764E+001,
6.025415444770284E+009,-2.364277538962480E+001,7.832482309269349E+001,
6.029325513196481E+009,-2.368095019544329E+001,6.224212403917222E+001,
6.033235581622679E+009,-2.336602551485661E+001,4.590890828517877E+001,
6.037145650048876E+009,-2.297079585621578E+001,2.756232833909143E+001,
6.041055718475073E+009,-2.295299667732887E+001,8.253838059187906E+000,
6.044965786901271E+009,-2.293816993027089E+001,-1.102142068487633E+001,
6.048875855327468E+009,-2.318040709902127E+001,-2.944454422628371E+001,
6.052785923753666E+009,-2.334767024220612E+001,-4.631213420637028E+001,
6.056695992179863E+009,-2.326866009097693E+001,-6.243293254849152E+001,
6.060606060606061E+009,-2.313325153735756E+001,-8.033735646547703E+001,
6.064516129032258E+009,-2.298860929306351E+001,-9.889403119782797E+001,
6.068426197458456E+009,-2.307439160075312E+001,-1.175929823324370E+002,
6.072336265884653E+009,-2.312460102892091E+001,-1.361740950070609E+002,
6.076246334310850E+009,-2.320129637185334E+001,-1.540650313593059E+002,
6.080156402737048E+009,-2.328244481500185E+001,-1.725816947003731E+002,
6.084066471163245E+009,-2.335822789272615E+001,1.694348520411159E+002,
6.087976539589443E+009,-2.348353914086911E+001,1.507755848513083E+002,
6.091886608015640E+009,-2.375477801770873E+001,1.323735699992216E+002,
6.095796676441837E+009,-2.405596719694361E+001,1.153803680102074E+002,
6.099706744868035E+009,-2.429362408508352E+001,9.894681487798171E+001,
6.103616813294232E+009,-2.426326481542073E+001,8.332128915909379E+001,
6.107526881720430E+009,-2.418771184480097E+001,6.603209653566783E+001,
6.111436950146627E+009,-2.418318926768087E+001,4.832955657569949E+001,
6.115347018572825E+009,-2.422239804433660E+001,3.000092143096290E+001,
6.119257086999023E+009,-2.430139459840189E+001,1.240926562947396E+001,
6.123167155425221E+009,-2.428582651314425E+001,-5.703516400613795E+000,
6.127077223851418E+009,-2.436088021117278E+001,-2.433879701355168E+001,
6.130987292277615E+009,-2.457342497217283E+001,-4.468007220951350E+001,
6.134897360703813E+009,-2.516822490667586E+001,-6.356135990473772E+001,
6.138807429130010E+009,-2.576201897485642E+001,-7.917223947333817E+001,
6.142717497556208E+009,-2.610078816516003E+001,-9.386663358180131E+001,
6.146627565982405E+009,-2.613373544348898E+001,-1.078838616581114E+002,
6.150537634408602E+009,-2.593563955125002E+001,-1.242877019731877E+002,
6.154447702834800E+009,-2.583494710650076E+001,-1.414002945389592E+002,
6.158357771260998E+009,-2.579770648537884E+001,-1.594732462957294E+002,
6.162267839687195E+009,-2.598477796549261E+001,-1.771094628194348E+002,
6.166177908113392E+009,-2.601264843397696E+001,1.654062085219313E+002,
6.170087976539589E+009,-2.624334335599457E+001,1.466884976346245E+002,
6.173998044965787E+009,-2.667687738029797E+001,1.296673859614106E+002,
6.177908113391985E+009,-2.709139874916254E+001,1.138243679331556E+002,
6.181818181818182E+009,-2.724946034028395E+001,9.950959545067099E+001,
6.185728250244379E+009,-2.710488808759193E+001,8.471676310286277E+001,
6.189638318670576E+009,-2.691827163827940E+001,6.847742105835094E+001,
6.193548387096774E+009,-2.674366197064872E+001,5.183004785445355E+001,
6.197458455522972E+009,-2.655332553106431E+001,3.329176827925939E+001,
6.201368523949169E+009,-2.660233310213388E+001,1.483546037792615E+001,
6.205278592375366E+009,-2.669679587041335E+001,-2.860111186489369E+000,
6.209188660801564E+009,-2.682051023969574E+001,-2.079288324959829E+001,
6.213098729227762E+009,-2.697755668726908E+001,-3.826874930916446E+001,
6.217008797653959E+009,-2.725463595541488E+001,-5.599359026353331E+001,
6.220918866080156E+009,-2.738767604607223E+001,-7.284231227323831E+001,
6.224828934506353E+009,-2.767553425296568E+001,-8.942100757648821E+001,
6.228739002932551E+009,-2.780553000475752E+001,-1.042098003196870E+002,
6.232649071358749E+009,-2.762526093810944E+001,-1.212343112947063E+002,
6.236559139784946E+009,-2.765084291169476E+001,-1.391223957295675E+002,
6.240469208211144E+009,-2.758038986581061E+001,-1.569491731023842E+002,
6.244379276637341E+009,-2.779697816727135E+001,-1.750152736691279E+002,
6.248289345063539E+009,-2.802713620035099E+001,1.679357404565753E+002,
6.252199413489737E+009,-2.829665621874576E+001,1.493055835481211E+002,
6.256109481915934E+009,-2.877001760417728E+001,1.331536918327030E+002,
6.260019550342131E+009,-2.905616671594638E+001,1.171021580274212E+002,
6.263929618768329E+009,-2.934792925214356E+001,1.002987058086300E+002,
6.267839687194526E+009,-2.977738590784904E+001,8.465592697860818E+001,
6.271749755620724E+009,-3.009588960763518E+001,7.100463237370204E+001,
6.275659824046921E+009,-3.015150004113490E+001,5.625562589932550E+001,
6.279569892473118E+009,-3.011815247002743E+001,4.181837485633301E+001,
6.283479960899316E+009,-2.994436890512296E+001,2.757197840905675E+001,
6.287390029325514E+009,-2.973492657244398E+001,1.153338464261170E+001,
6.291300097751711E+009,-2.939610861567329E+001,-5.634572522237850E+000,
6.295210166177908E+009,-2.936835701143939E+001,-2.448989565513548E+001,
6.299120234604105E+009,-2.973553642311273E+001,-4.215702481481947E+001,
6.303030303030303E+009,-3.024678573277212E+001,-5.820951537159379E+001,
6.306940371456501E+009,-3.032543089820817E+001,-7.331096066063005E+001,
6.310850439882698E+009,-3.039613302930889E+001,-8.861124227799128E+001,
6.314760508308895E+009,-3.051891271458135E+001,-1.027245732043573E+002,
6.318670576735093E+009,-3.032012838115615E+001,-1.161839966630800E+002,
6.322580645161290E+009,-3.012281949173737E+001,-1.310126184646798E+002,
6.326490713587488E+009,-2.999729654063681E+001,-1.466681566988040E+002,
6.330400782013685E+009,-2.959415301223748E+001,-1.623819435642810E+002,
6.334310850439882E+009,-2.924265416967802E+001,1.799618090385519E+002,
6.338220918866080E+009,-2.916005146188455E+001,1.614071592267659E+002,
6.342130987292278E+009,-2.909340589492330E+001,1.435136338725461E+002,
6.346041055718475E+009,-2.913948240781121E+001,1.282932443607739E+002,
6.349951124144672E+009,-2.881730972340758E+001,1.109971331311423E+002,
6.353861192570869E+009,-2.891933686438171E+001,9.315141255756358E+001,
6.357771260997068E+009,-2.903578016105164E+001,7.641552754195143E+001,
6.361681329423266E+009,-2.885963860023583E+001,6.080969986455900E+001,
6.365591397849463E+009,-2.859593579749328E+001,4.350011809591577E+001,
6.369501466275660E+009,-2.827041469274566E+001,2.412563906808644E+001,
6.373411534701857E+009,-2.825027955503992E+001,5.421690662993453E+000,
6.377321603128055E+009,-2.826435877046529E+001,-1.357632485979602E+001,
6.381231671554253E+009,-2.830078469511097E+001,-3.487110117216259E+001,
6.385141739980450E+009,-2.901872155937454E+001,-5.490390020165090E+001,
6.389051808406647E+009,-2.961318284254129E+001,-7.039970164359251E+001,
6.392961876832845E+009,-2.998543288341939E+001,-8.673687997926805E+001,
6.396871945259043E+009,-3.048910125733404E+001,-1.008854984841547E+002,
6.400782013685240E+009,-3.048066459482726E+001,-1.146928834556597E+002,
6.404692082111437E+009,-3.042404545415422E+001,-1.320845473689886E+002,
6.408602150537634E+009,-3.055110362105960E+001,-1.465454872290090E+002,
6.412512218963832E+009,-3.084886331700111E+001,-1.630453804466337E+002,
6.416422287390030E+009,-3.110976442441557E+001,-1.786176062850679E+002,
6.420332355816227E+009,-3.094542664557034E+001,1.670911938396180E+002,
6.424242424242424E+009,-3.083608485548728E+001,1.496521307707640E+002,
6.428152492668621E+009,-3.108392301924285E+001,1.349573573143510E+002,
6.432062561094819E+009,-3.110781547847454E+001,1.202243595604395E+002,
6.435972629521017E+009,-3.092408682667021E+001,1.041721245393862E+002,
6.439882697947214E+009,-3.096324844247708E+001,8.843733856588790E+001,
6.443792766373411E+009,-3.107780042140516E+001,7.267836799651923E+001,
6.447702834799609E+009,-3.090642161210745E+001,5.809812707098780E+001,
6.451612903225807E+009,-3.088570094208461E+001,4.215348148429912E+001,
6.455522971652004E+009,-3.095328206529455E+001,2.830395901981259E+001,
6.459433040078201E+009,-3.047366176512536E+001,1.495553964193040E+001,
6.463343108504398E+009,-2.998545915927718E+001,2.040704644056990E-001,
6.467253176930596E+009,-2.947897216571154E+001,-1.668152890385995E+001,
6.471163245356794E+009,-2.885985461395788E+001,-3.482330452540491E+001,
6.475073313782991E+009,-2.862471963929543E+001,-5.316997844796216E+001,
6.478983382209189E+009,-2.850124726988015E+001,-7.091025474863051E+001,
6.482893450635386E+009,-2.837084843738546E+001,-8.867253018849982E+001,
6.486803519061584E+009,-2.816354911882421E+001,-1.066677272077833E+002,
6.490713587487782E+009,-2.823974133600373E+001,-1.246329454992737E+002,
6.494623655913979E+009,-2.829963024381356E+001,-1.412872737430636E+002,
6.498533724340176E+009,-2.822264155395875E+001,-1.578756040774751E+002,
6.502443792766374E+009,-2.794469206649080E+001,-1.729229723685198E+002,
6.506353861192571E+009,-2.740591143155558E+001,1.694312680636414E+002,
6.510263929618769E+009,-2.720327742477128E+001,1.507622122445655E+002,
6.514173998044966E+009,-2.711528553352259E+001,1.330260285133058E+002,
6.518084066471163E+009,-2.708654287710316E+001,1.151451231337926E+002,
6.521994134897361E+009,-2.675357892314306E+001,9.764869658327257E+001,
6.525904203323559E+009,-2.651561385811165E+001,7.875142310575221E+001,
6.529814271749756E+009,-2.643915208811500E+001,5.926072801002448E+001,
6.533724340175953E+009,-2.640955482981116E+001,4.062940869144654E+001,
6.537634408602150E+009,-2.644503331013834E+001,2.213711866638446E+001,
6.541544477028348E+009,-2.646763049057631E+001,3.727972409033556E+000,
6.545454545454546E+009,-2.655488628197756E+001,-1.573595381173490E+001,
6.549364613880743E+009,-2.682415064138564E+001,-3.358114021426969E+001,
6.553274682306940E+009,-2.685805978251764E+001,-5.067069825936300E+001,
6.557184750733138E+009,-2.686195221075998E+001,-6.805036804995800E+001,
6.561094819159335E+009,-2.680632675879555E+001,-8.561786607287606E+001,
6.565004887585533E+009,-2.667294842356224E+001,-1.042994776633211E+002,
6.568914956011730E+009,-2.673069139769258E+001,-1.244297950475122E+002,
6.572825024437927E+009,-2.703021309626951E+001,-1.438832330120759E+002,
6.576735092864125E+009,-2.746120080676169E+001,-1.621501441883148E+002,
6.580645161290323E+009,-2.783337395257795E+001,-1.788791140462924E+002,
6.584555229716520E+009,-2.801780197948289E+001,1.652382125021268E+002,
6.588465298142717E+009,-2.816269747965042E+001,1.471435769218768E+002,
6.592375366568914E+009,-2.850740915915434E+001,1.310831456451357E+002,
6.596285434995112E+009,-2.860459548965142E+001,1.140519431520035E+002,
6.600195503421310E+009,-2.869170664948834E+001,9.761946951502462E+001,
6.604105571847508E+009,-2.870248047157333E+001,7.950713488223764E+001,
6.608015640273705E+009,-2.883407613780017E+001,6.139151575213259E+001,
6.611925708699902E+009,-2.922027007619383E+001,4.363370723824781E+001,
6.615835777126100E+009,-2.960274886417396E+001,2.598714675644139E+001,
6.619745845552298E+009,-2.980709113554898E+001,9.463571713662422E+000,
6.623655913978495E+009,-3.026111851445878E+001,-6.837835636184032E+000,
6.627565982404692E+009,-3.069281637954812E+001,-2.344950972834983E+001,
6.631476050830890E+009,-3.113669927121609E+001,-3.788922891802687E+001,
6.635386119257088E+009,-3.130339552167127E+001,-5.214882425985373E+001,
6.639296187683285E+009,-3.126921111704428E+001,-6.637615528269323E+001,
6.643206256109482E+009,-3.092261032183940E+001,-8.153659247276660E+001,
6.647116324535679E+009,-3.110138857952809E+001,-1.005812182759047E+002,
6.651026392961877E+009,-3.147197487458587E+001,-1.165656394066617E+002,
6.654936461388075E+009,-3.173714070315334E+001,-1.311877542583599E+002,
6.658846529814272E+009,-3.190614402927953E+001,-1.457430246915875E+002,
6.662756598240469E+009,-3.170059826133730E+001,-1.590763478609158E+002,
6.666666666666666E+009,-3.143104948136854E+001,-1.758746980173167E+002,
6.670576735092864E+009,-3.136086501524824E+001,1.682947296167996E+002,
6.674486803519062E+009,-3.129009936747934E+001,1.513548344519284E+002,
6.678396871945259E+009,-3.136728771538014E+001,1.356892898505186E+002,
6.682306940371456E+009,-3.097630360760273E+001,1.169095439001160E+002,
6.686217008797654E+009,-3.117448828716707E+001,1.001567470368183E+002,
6.690127077223852E+009,-3.116166440895090E+001,8.354273569585058E+001,
6.694037145650049E+009,-3.124765911323300E+001,6.561317277697431E+001,
6.697947214076246E+009,-3.173698018000766E+001,4.852336448252605E+001,
6.701857282502443E+009,-3.204901312567491E+001,3.373129358581216E+001,
6.705767350928641E+009,-3.198035960314687E+001,1.796417830527577E+001,
6.709677419354839E+009,-3.200931139241894E+001,3.608397561088502E+000,
6.713587487781036E+009,-3.201921885816768E+001,-1.145210211432136E+001,
6.717497556207233E+009,-3.198984516309066E+001,-2.884397384489396E+001,
6.721407624633431E+009,-3.199595619433469E+001,-4.437560327197122E+001,
6.725317693059629E+009,-3.228783411112734E+001,-5.808306969239669E+001,
6.729227761485827E+009,-3.229791767390469E+001,-7.423253905573111E+001,
6.733137829912024E+009,-3.194404762962819E+001,-8.821971221614759E+001,
6.737047898338221E+009,-3.167625549863927E+001,-1.030054183262123E+002,
6.740957966764419E+009,-3.145733559953403E+001,-1.206726134222859E+002,
6.744868035190616E+009,-3.158862198622074E+001,-1.348819026500044E+002,
6.748778103616814E+009,-3.117240710546953E+001,-1.496656421888835E+002,
6.752688172043011E+009,-3.076490590797924E+001,-1.661483420464745E+002,
6.756598240469208E+009,-3.048105163627990E+001,1.770233109873662E+002,
6.760508308895406E+009,-3.034483229758433E+001,1.602994171677333E+002,
6.764418377321604E+009,-3.018502045475227E+001,1.437005981135575E+002,
6.768328445747801E+009,-2.970533221629225E+001,1.263677706014661E+002,
6.772238514173998E+009,-2.960991373882479E+001,1.086440321716788E+002,
6.776148582600195E+009,-2.919464531351665E+001,9.155727266719198E+001,
6.780058651026393E+009,-2.916048644978324E+001,7.327180044189414E+001,
6.783968719452591E+009,-2.899751783066531E+001,5.520050066630323E+001,
6.787878787878788E+009,-2.870300878082083E+001,3.709748001144206E+001,
6.791788856304985E+009,-2.867687733277165E+001,1.827404511640947E+001,
6.795698924731183E+009,-2.875498321867514E+001,-8.644651460339641E-001,
6.799608993157380E+009,-2.882703550430382E+001,-1.860391745134181E+001,
6.803519061583578E+009,-2.898461195094381E+001,-3.644985274062552E+001,
6.807429130009775E+009,-2.895565967279133E+001,-5.409380050249502E+001,
6.811339198435972E+009,-2.904284228356632E+001,-7.138483628795390E+001,
6.815249266862170E+009,-2.906597059953586E+001,-9.064010878123381E+001,
6.819159335288368E+009,-2.956332353411264E+001,-1.092254079003838E+002,
6.823069403714565E+009,-3.002423835823375E+001,-1.255230464803029E+002,
6.826979472140762E+009,-3.051018462538309E+001,-1.407881685580079E+002,
6.830889540566959E+009,-3.064437279569412E+001,-1.558234722642181E+002,
6.834799608993157E+009,-3.074866885805785E+001,-1.703989779271811E+002,
6.838709677419355E+009,-3.056613171442157E+001,1.755090170037763E+002,
6.842619745845552E+009,-3.038151454653763E+001,1.581950906746942E+002,
6.846529814271750E+009,-3.057671672714321E+001,1.410717343784320E+002,
6.850439882697948E+009,-3.081748692026766E+001,1.259357724892431E+002,
6.854349951124145E+009,-3.073783082309785E+001,1.097316923829946E+002,
6.858260019550343E+009,-3.072436416612624E+001,9.294688013578188E+001,
6.862170087976540E+009,-3.105997407107071E+001,7.688716073198351E+001,
6.866080156402737E+009,-3.131101247951401E+001,6.074512308261164E+001,
6.869990224828935E+009,-3.160036948721145E+001,4.762984291131367E+001,
6.873900293255133E+009,-3.167865109908998E+001,3.554020533099682E+001,
6.877810361681330E+009,-3.151160241017306E+001,2.297393414372952E+001,
6.881720430107527E+009,-3.105512953270858E+001,1.095649952103537E+001,
6.885630498533724E+009,-3.024626356350003E+001,-3.484464221765955E+000,
6.889540566959922E+009,-2.958154070692718E+001,-2.242686528999145E+001,
6.893450635386120E+009,-2.939648152424283E+001,-4.067186883878294E+001,
6.897360703812317E+009,-2.929292160013443E+001,-5.754274601219438E+001,
6.901270772238514E+009,-2.910731879426797E+001,-7.250955690677429E+001,
6.905180840664711E+009,-2.889347067007868E+001,-8.947920954498058E+001,
6.909090909090909E+009,-2.860257917755800E+001,-1.052351001503809E+002,
6.913000977517107E+009,-2.824999379803776E+001,-1.209600695173291E+002,
6.916911045943304E+009,-2.798808092369740E+001,-1.386070687020346E+002,
6.920821114369501E+009,-2.777000567791589E+001,-1.543647960815157E+002,
6.924731182795699E+009,-2.726279137747525E+001,-1.698836973066767E+002,
6.928641251221897E+009,-2.655338864604205E+001,1.728451198442810E+002,
6.932551319648094E+009,-2.612283964829890E+001,1.535841675203755E+002,
6.936461388074291E+009,-2.577453050835063E+001,1.341550441563348E+002,
6.940371456500488E+009,-2.566571362797882E+001,1.139432910559951E+002,
6.944281524926686E+009,-2.576878055889537E+001,9.602613895009520E+001,
6.948191593352884E+009,-2.570046317441221E+001,7.962568419478806E+001,
6.952101661779081E+009,-2.538022898395789E+001,6.198197318678810E+001,
6.956011730205278E+009,-2.522457843381193E+001,4.386841854043168E+001,
6.959921798631475E+009,-2.494783878581441E+001,2.612948774041752E+001,
6.963831867057674E+009,-2.465520846860337E+001,7.583481147877269E+000,
6.967741935483872E+009,-2.449169450446832E+001,-1.049036721725207E+001,
6.971652003910069E+009,-2.429271310778677E+001,-2.898994812073412E+001,
6.975562072336266E+009,-2.409895912716496E+001,-4.836735348333722E+001,
6.979472140762464E+009,-2.400244097377056E+001,-6.774207002260737E+001,
6.983382209188661E+009,-2.401715890476534E+001,-8.676040802105398E+001,
6.987292277614859E+009,-2.398952199171564E+001,-1.049056308810888E+002,
6.991202346041056E+009,-2.402699818657262E+001,-1.233968237240904E+002,
6.995112414467253E+009,-2.398913025160812E+001,-1.419667124418559E+002,
6.999022482893451E+009,-2.401789069539082E+001,-1.597190747950191E+002,
7.002932551319649E+009,-2.394275399894027E+001,-1.774978287123400E+002,
7.006842619745846E+009,-2.375553962925988E+001,1.646521016715384E+002,
7.010752688172043E+009,-2.366737436714936E+001,1.452949998923853E+002,
7.014662756598240E+009,-2.368905772267200E+001,1.256646474732901E+002,
7.018572825024438E+009,-2.369848929776661E+001,1.057418418158637E+002,
7.022482893450636E+009,-2.383233134425288E+001,8.672960222138893E+001,
7.026392961876833E+009,-2.407915604602909E+001,6.758637561453642E+001,
7.030303030303030E+009,-2.433926673210724E+001,4.850402087501525E+001,
7.034213098729228E+009,-2.471144401772019E+001,3.072487048175803E+001,
7.038123167155425E+009,-2.491913575232935E+001,1.317399356298732E+001,
7.042033235581623E+009,-2.504988370659019E+001,-4.027390580780274E+000,
7.045943304007820E+009,-2.522787959098316E+001,-2.177661745955851E+001,
7.049853372434017E+009,-2.522601625007490E+001,-3.995818450935103E+001,
7.053763440860215E+009,-2.548567536628212E+001,-5.856444926396826E+001,
7.057673509286413E+009,-2.564334082023832E+001,-7.608519370572583E+001,
7.061583577712610E+009,-2.588231596534619E+001,-9.468988841396707E+001,
7.065493646138807E+009,-2.627145634047565E+001,-1.137190194398469E+002,
7.069403714565004E+009,-2.687374965101063E+001,-1.303490458145724E+002,
7.073313782991202E+009,-2.739308683793112E+001,-1.457418347550745E+002,
7.077223851417400E+009,-2.762336805399320E+001,-1.615635204998862E+002,
7.081133919843597E+009,-2.782238209193775E+001,-1.765584602485591E+002,
7.085043988269795E+009,-2.788681163888832E+001,1.678364791498202E+002,
7.088954056695993E+009,-2.807389110613402E+001,1.514304038380969E+002,
7.092864125122190E+009,-2.829084439018492E+001,1.351210267234092E+002,
7.096774193548388E+009,-2.853306259596655E+001,1.204931666278991E+002,
7.100684261974585E+009,-2.841746835070978E+001,1.049893423261044E+002,
7.104594330400782E+009,-2.855075210993039E+001,8.880316925208989E+001,
7.108504398826980E+009,-2.871338075712899E+001,7.187064365556995E+001,
7.112414467253178E+009,-2.890526153888455E+001,5.740415247347281E+001,
7.116324535679375E+009,-2.890407330676688E+001,4.306592920768106E+001,
7.120234604105572E+009,-2.888629980618815E+001,2.894216639704078E+001,
7.124144672531769E+009,-2.869819584359330E+001,1.347755889785168E+001,
7.128054740957967E+009,-2.862331244488595E+001,-1.800418857779892E+000,
7.131964809384165E+009,-2.841904585340864E+001,-1.642111787410824E+001,
7.135874877810362E+009,-2.803084410896622E+001,-3.243333306652697E+001,
7.139784946236559E+009,-2.777353578506342E+001,-4.887032522477062E+001,
7.143695014662756E+009,-2.758506876782126E+001,-6.648975350828928E+001,
7.147605083088954E+009,-2.735268327015267E+001,-8.437318014750997E+001,
7.151515151515152E+009,-2.729072428085965E+001,-1.011742816618121E+002,
7.155425219941349E+009,-2.717564583329551E+001,-1.186336569850705E+002,
7.159335288367546E+009,-2.720844911868015E+001,-1.356379559249322E+002,
7.163245356793744E+009,-2.716919174832614E+001,-1.521820189264606E+002,
7.167155425219942E+009,-2.720071071650714E+001,-1.689506333413909E+002,
7.171065493646139E+009,-2.711638972405763E+001,1.749184281239304E+002,
7.174975562072336E+009,-2.680996357383379E+001,1.600089463100309E+002,
7.178885630498533E+009,-2.652339914237828E+001,1.431669094982461E+002,
7.182795698924731E+009,-2.617525885100893E+001,1.251502951017696E+002,
7.186705767350929E+009,-2.593389784698087E+001,1.063954962384017E+002,
7.190615835777126E+009,-2.586220652959207E+001,8.746168152729604E+001,
7.194525904203323E+009,-2.600412742649501E+001,6.926533500052938E+001,
7.198435972629520E+009,-2.606209689199543E+001,5.327584858030191E+001,
7.202346041055718E+009,-2.596290293492281E+001,3.585085035306224E+001,
7.206256109481916E+009,-2.579579693461868E+001,1.869924059956459E+001,
7.210166177908114E+009,-2.572379535473134E+001,1.727363608305554E+000,
7.214076246334311E+009,-2.553592489286334E+001,-1.630820572158567E+001,
7.217986314760509E+009,-2.542437462662185E+001,-3.485414751587523E+001,
7.221896383186706E+009,-2.553301836508016E+001,-5.280958670693825E+001,
7.225806451612904E+009,-2.543716335471640E+001,-6.992342078627685E+001,
7.229716520039101E+009,-2.535560082729512E+001,-8.824777686696095E+001,
7.233626588465298E+009,-2.530846973773347E+001,-1.063054241980181E+002,
7.237536656891496E+009,-2.522479376388977E+001,-1.240368832439718E+002,
7.241446725317694E+009,-2.530584298227353E+001,-1.428641615831009E+002,
7.245356793743891E+009,-2.530640052941438E+001,-1.609547004905647E+002,
7.249266862170088E+009,-2.531875369356894E+001,-1.792766268691728E+002,
7.253176930596285E+009,-2.552005686607888E+001,1.620801031110590E+002,
7.257086999022483E+009,-2.569162946429076E+001,1.448457051842849E+002,
7.260997067448681E+009,-2.590016931229265E+001,1.274850060582707E+002,
7.264907135874878E+009,-2.600443542124871E+001,1.099755726429213E+002,
7.268817204301075E+009,-2.629548282054468E+001,9.333676901866980E+001,
7.272727272727273E+009,-2.642957396365619E+001,7.794333767652219E+001,
7.276637341153470E+009,-2.636361679615224E+001,6.249254613124601E+001,
7.280547409579668E+009,-2.603167397174827E+001,4.661332372658841E+001,
7.284457478005865E+009,-2.579560349371579E+001,2.806233057406141E+001,
7.288367546432062E+009,-2.584069103159865E+001,9.161787796690222E+000,
7.292277614858260E+009,-2.586933848412469E+001,-8.431016027319069E+000,
7.296187683284458E+009,-2.604187310671151E+001,-2.718392368871992E+001,
7.300097751710655E+009,-2.630086446813305E+001,-4.447128243595517E+001,
7.304007820136852E+009,-2.663021518748039E+001,-6.024417737292456E+001,
7.307917888563049E+009,-2.672186431554008E+001,-7.541056293065884E+001,
7.311827956989247E+009,-2.669346947842751E+001,-9.106323685490794E+001,
7.315738025415445E+009,-2.657315137226664E+001,-1.070271773381333E+002,
7.319648093841642E+009,-2.626658064944317E+001,-1.236151303221767E+002,
7.323558162267839E+009,-2.607959281571624E+001,-1.406425032721203E+002,
7.327468230694037E+009,-2.573671763270039E+001,-1.592302931983812E+002,
7.331378299120235E+009,-2.563311312252315E+001,-1.782163179436254E+002,
7.335288367546433E+009,-2.562407854222287E+001,1.631945821171582E+002,
7.339198435972630E+009,-2.572350432515137E+001,1.452305249764439E+002,
7.343108504398827E+009,-2.581435041714616E+001,1.269851149344494E+002,
7.347018572825025E+009,-2.592587103835422E+001,1.093095872469983E+002,
7.350928641251223E+009,-2.604524441848003E+001,9.224102975265654E+001,
7.354838709677420E+009,-2.606268741404210E+001,7.576384812333107E+001,
7.358748778103617E+009,-2.589050096039101E+001,5.883930019470779E+001,
7.362658846529814E+009,-2.590829640496807E+001,4.111822911902393E+001,
7.366568914956012E+009,-2.578488505790393E+001,2.224226184256300E+001,
7.370478983382210E+009,-2.593680072326468E+001,4.383210249843719E+000,
7.374389051808407E+009,-2.597310002546033E+001,-1.279480833560369E+001,
7.378299120234604E+009,-2.600887200366832E+001,-3.131908552547909E+001,
7.382209188660801E+009,-2.605371459360774E+001,-4.970475193909758E+001,
7.386119257086999E+009,-2.622564759401276E+001,-6.754825635466071E+001,
7.390029325513197E+009,-2.639474702630834E+001,-8.492706231888734E+001,
7.393939393939394E+009,-2.651138262088034E+001,-1.022813941135254E+002,
7.397849462365591E+009,-2.664129583992039E+001,-1.193710307312790E+002,
7.401759530791789E+009,-2.677152122302498E+001,-1.363953547724224E+002,
7.405669599217987E+009,-2.673490850629388E+001,-1.538307557868085E+002,
7.409579667644184E+009,-2.687232752892618E+001,-1.715056496729621E+002,
7.413489736070381E+009,-2.689465332357835E+001,1.707187291605852E+002,
7.417399804496578E+009,-2.695807327427239E+001,1.527895661751543E+002,
7.421309872922776E+009,-2.712221640782487E+001,1.342347119794885E+002,
7.425219941348974E+009,-2.728831955400721E+001,1.167708696607783E+002,
7.429130009775171E+009,-2.752845827222754E+001,9.891984150255652E+001,
7.433040078201368E+009,-2.778794196957632E+001,8.210202914155428E+001,
7.436950146627565E+009,-2.784820002082364E+001,6.453202577606700E+001,
7.440860215053763E+009,-2.817183744357699E+001,4.823831639130116E+001,
7.444770283479961E+009,-2.819581987351870E+001,3.225115537003506E+001,
7.448680351906158E+009,-2.843105660452434E+001,1.583035147189860E+001,
7.452590420332356E+009,-2.826771022805639E+001,-1.843530369555117E-001,
7.456500488758554E+009,-2.828629001035877E+001,-1.906903920333362E+001,
7.460410557184751E+009,-2.829967953304432E+001,-3.672714093724097E+001,
7.464320625610949E+009,-2.848707728834174E+001,-5.562919011446684E+001,
7.468230694037146E+009,-2.868897533631256E+001,-7.401876107065407E+001,
7.472140762463343E+009,-2.903735408075005E+001,-9.141561993604348E+001,
7.476050830889541E+009,-2.921597840478049E+001,-1.076021097864226E+002,
7.479960899315739E+009,-2.945611463597800E+001,-1.244487481456800E+002,
7.483870967741936E+009,-2.977749873988848E+001,-1.409949171619454E+002,
7.487781036168133E+009,-2.985867280985655E+001,-1.579066786567713E+002,
7.491691104594330E+009,-2.989430584302678E+001,-1.754039760497915E+002,
7.495601173020528E+009,-3.010062060432338E+001,1.667762774749806E+002,
7.499511241446726E+009,-3.061343501410432E+001,1.504349109080893E+002,
7.503421309872923E+009,-3.073893236215176E+001,1.338492713213936E+002,
7.507331378299120E+009,-3.099534429308920E+001,1.176858629906980E+002,
7.511241446725318E+009,-3.144566691536003E+001,1.013893834672983E+002,
7.515151515151515E+009,-3.169417112616929E+001,8.740542262399036E+001,
7.519061583577713E+009,-3.159174035714388E+001,7.243596111260665E+001,
7.522971652003910E+009,-3.147168647211144E+001,5.740972425808545E+001,
7.526881720430107E+009,-3.126222905073363E+001,4.105167921018524E+001,
7.530791788856305E+009,-3.121581770491232E+001,2.296787329734925E+001,
7.534701857282503E+009,-3.134768174480309E+001,4.364358618129836E+000,
7.538611925708700E+009,-3.176135614657536E+001,-1.275719754366847E+001,
7.542521994134897E+009,-3.197695903983947E+001,-2.787430140908290E+001,
7.546432062561094E+009,-3.195782318952339E+001,-4.415710216555436E+001,
7.550342130987292E+009,-3.220908113377608E+001,-6.090659775042500E+001,
7.554252199413490E+009,-3.250789183462709E+001,-7.473181065012233E+001,
7.558162267839687E+009,-3.222684287845426E+001,-8.866950063466754E+001,
7.562072336265884E+009,-3.186265562761018E+001,-1.047840056551269E+002,
7.565982404692082E+009,-3.159327171049849E+001,-1.227002115835915E+002,
7.569892473118280E+009,-3.148964270125553E+001,-1.410206852939442E+002,
7.573802541544478E+009,-3.160941864708225E+001,-1.594044238541563E+002,
7.577712609970675E+009,-3.152882651023173E+001,-1.771366142406984E+002,
7.581622678396872E+009,-3.165183918824420E+001,1.633355974510677E+002,
7.585532746823070E+009,-3.209461024026334E+001,1.453850140654397E+002,
7.589442815249268E+009,-3.240496998125153E+001,1.282265307562681E+002,
7.593352883675465E+009,-3.288765787702898E+001,1.107906164324793E+002,
7.597262952101662E+009,-3.354518292071975E+001,9.543245575401650E+001,
7.601173020527859E+009,-3.374516104222386E+001,8.214375062063010E+001,
7.605083088954057E+009,-3.375536892061354E+001,6.765927060421788E+001,
7.608993157380255E+009,-3.369756417599447E+001,5.301464289671839E+001,
7.612903225806452E+009,-3.346982879392244E+001,3.675475228208229E+001,
7.616813294232649E+009,-3.346677327710198E+001,1.898355817355074E+001,
7.620723362658846E+009,-3.361796349165069E+001,1.838567034638909E+000,
7.624633431085044E+009,-3.372093760151376E+001,-1.556853572737642E+001,
7.628543499511242E+009,-3.413847385306153E+001,-3.107101219613981E+001,
7.632453567937439E+009,-3.401959323337712E+001,-4.595723576042870E+001,
7.636363636363636E+009,-3.415109605425533E+001,-6.178871891994402E+001,
7.640273704789834E+009,-3.408870454009008E+001,-7.785151057902435E+001,
7.644183773216032E+009,-3.444806024088077E+001,-9.415489760852677E+001,
7.648093841642229E+009,-3.457982365189267E+001,-1.079845874015508E+002,
7.652003910068426E+009,-3.423917902255150E+001,-1.219828291386744E+002,
7.655913978494623E+009,-3.377917406310991E+001,-1.415236006030324E+002,
7.659824046920821E+009,-3.428437198114211E+001,-1.612304787723106E+002,
7.663734115347019E+009,-3.497421126931354E+001,-1.783553950821712E+002,
7.667644183773216E+009,-3.575843814499201E+001,1.670555481487936E+002,
7.671554252199413E+009,-3.637034789602881E+001,1.569831577722467E+002,
7.675464320625610E+009,-3.611740660212672E+001,1.476490894953001E+002,
7.679374389051808E+009,-3.556811832079076E+001,1.340748935820840E+002,
7.683284457478006E+009,-3.545724262622378E+001,1.185752708515747E+002,
7.687194525904203E+009,-3.533302026704576E+001,1.050063867452244E+002,
7.691104594330401E+009,-3.495818016219823E+001,9.179221227658972E+001,
7.695014662756599E+009,-3.442573574827836E+001,7.795936111877190E+001,
7.698924731182797E+009,-3.375527065876844E+001,6.207495876627058E+001,
7.702834799608994E+009,-3.307778292702610E+001,4.517500481964738E+001,
7.706744868035191E+009,-3.271637594197483E+001,2.563345937888360E+001,
7.710654936461388E+009,-3.265990332034252E+001,7.624128330987193E+000,
7.714565004887586E+009,-3.265401698553831E+001,-9.282207398298239E+000,
7.718475073313784E+009,-3.267462674336774E+001,-2.481278240036490E+001,
7.722385141739981E+009,-3.252802658594889E+001,-3.953912305925190E+001,
7.726295210166178E+009,-3.208303940164019E+001,-5.491194063952916E+001,
7.730205278592375E+009,-3.176044151005053E+001,-7.120927902147895E+001,
7.734115347018573E+009,-3.152789701699432E+001,-8.676288002854962E+001,
7.738025415444771E+009,-3.084548183793265E+001,-1.014727730979589E+002,
7.741935483870968E+009,-2.994271720001228E+001,-1.200343039742902E+002,
7.745845552297165E+009,-2.936769208908663E+001,-1.408627020066933E+002,
7.749755620723363E+009,-2.913850321212345E+001,-1.621831710353588E+002,
7.753665689149560E+009,-2.924746228427052E+001,1.775234205324518E+002,
7.757575757575758E+009,-2.938303163633569E+001,1.586575118175570E+002,
7.761485826001955E+009,-2.956311749383787E+001,1.405073383223517E+002,
7.765395894428152E+009,-2.967402821069729E+001,1.238428634015041E+002,
7.769305962854350E+009,-2.969488979042448E+001,1.073335592771452E+002,
7.773216031280548E+009,-2.956110444946704E+001,9.130369366753291E+001,
7.777126099706745E+009,-2.917829315138246E+001,7.503323603777862E+001,
7.781036168132942E+009,-2.868829970148545E+001,5.691333834436465E+001,
7.784946236559139E+009,-2.831786176330267E+001,3.729193167195456E+001,
7.788856304985337E+009,-2.824819270800553E+001,1.738481381694333E+001,
7.792766373411535E+009,-2.825929713322782E+001,-3.399059263766879E+000,
7.796676441837732E+009,-2.844275185375543E+001,-2.267396671834635E+001,
7.800586510263929E+009,-2.860484837738412E+001,-4.219484000569656E+001,
7.804496578690127E+009,-2.888080211327561E+001,-5.951220103509868E+001,
7.808406647116324E+009,-2.913843423717390E+001,-7.637873154824635E+001,
7.812316715542522E+009,-2.905819757389454E+001,-9.327371501913120E+001,
7.816226783968720E+009,-2.895571417683516E+001,-1.109608049314815E+002,
7.820136852394917E+009,-2.881177993419930E+001,-1.301379917975642E+002,
7.824046920821115E+009,-2.882243421918794E+001,-1.496257357973545E+002,
7.827956989247313E+009,-2.916135214271131E+001,-1.694576034278570E+002,
7.831867057673510E+009,-2.931480288572663E+001,1.729820933256840E+002,
7.835777126099707E+009,-2.957710544743009E+001,1.518100168192245E+002,
7.839687194525904E+009,-2.992360316455721E+001,1.338354081957790E+002,
7.843597262952102E+009,-3.050754565390064E+001,1.161431670115644E+002,
7.847507331378300E+009,-3.097037604737528E+001,1.002634120644264E+002,
7.851417399804497E+009,-3.125237380627490E+001,8.367698429251216E+001,
7.855327468230694E+009,-3.144546347347774E+001,6.737164643425082E+001,
7.859237536656891E+009,-3.159946281487567E+001,5.176149123567510E+001,
7.863147605083089E+009,-3.166077527306745E+001,3.481114203529123E+001,
7.867057673509287E+009,-3.164403859935053E+001,1.879502825291382E+001,
7.870967741935484E+009,-3.172388465517251E+001,2.442092448633467E+000,
7.874877810361681E+009,-3.176963261007114E+001,-1.616408041525014E+001,
7.878787878787879E+009,-3.190198202379867E+001,-3.494020880374234E+001,
7.882697947214077E+009,-3.226145032265223E+001,-5.304772136776204E+001,
7.886608015640274E+009,-3.270616513937343E+001,-7.042229333865579E+001,
7.890518084066471E+009,-3.319915405146544E+001,-8.711741793921853E+001,
7.894428152492668E+009,-3.362258008380285E+001,-1.026701598108608E+002,
7.898338220918866E+009,-3.414844904718349E+001,-1.170706935843641E+002,
7.902248289345064E+009,-3.422737512980295E+001,-1.301085103918117E+002,
7.906158357771261E+009,-3.405654690652904E+001,-1.453679957863699E+002,
7.910068426197458E+009,-3.396700896658854E+001,-1.624758980756778E+002,
7.913978494623655E+009,-3.412626547709400E+001,-1.796902016550353E+002,
7.917888563049853E+009,-3.426197758047692E+001,1.640081510191464E+002,
7.921798631476051E+009,-3.442704614074354E+001,1.458921145101607E+002,
7.925708699902248E+009,-3.502086770557501E+001,1.284093334055158E+002,
7.929618768328445E+009,-3.574146166612874E+001,1.134502598421192E+002,
7.933528836754643E+009,-3.634539091529558E+001,1.006611766546239E+002,
7.937438905180841E+009,-3.638319599174986E+001,8.982826029362650E+001,
7.941348973607039E+009,-3.644035258035162E+001,7.609553267406655E+001,
7.945259042033236E+009,-3.622371341070512E+001,6.390850733938756E+001,
7.949169110459433E+009,-3.598742582654239E+001,4.869704954543553E+001,
7.953079178885631E+009,-3.590275106683379E+001,3.444046808897369E+001,
7.956989247311829E+009,-3.584539944683743E+001,1.807986464085225E+001,
7.960899315738026E+009,-3.597807868552076E+001,4.182490439249996E+000,
7.964809384164223E+009,-3.588699983346116E+001,-9.339914198862754E+000,
7.968719452590420E+009,-3.574328365895426E+001,-2.300146423264638E+001,
7.972629521016618E+009,-3.529541840733281E+001,-3.680002007640668E+001,
7.976539589442816E+009,-3.501493606661954E+001,-5.144573817076186E+001,
7.980449657869013E+009,-3.456766666348499E+001,-6.576559825419447E+001,
7.984359726295210E+009,-3.418629415859294E+001,-8.236022161435626E+001,
7.988269794721408E+009,-3.400476258391601E+001,-9.799852860109982E+001,
7.992179863147605E+009,-3.376485714220824E+001,-1.130264921099588E+002,
7.996089931573803E+009,-3.344535519389320E+001,-1.282936905952710E+002,
8.000000000000000E+009,-3.303407495195967E+001,-1.429710456446603E+002,
