% Version 1.00
%
%freq[Hz];db:Trc1_S21;ang:Trc1_S21;
4.000000000000000E+009,-2.217457123389307E+001,-9.275396374280395E+001,
4.003910068426198E+009,-2.197607871486013E+001,-1.094242721249105E+002,
4.007820136852395E+009,-2.198410273798438E+001,-1.269489435823121E+002,
4.011730205278593E+009,-2.210444088636113E+001,-1.431531254872764E+002,
4.015640273704790E+009,-2.212639393394537E+001,-1.582274570522845E+002,
4.019550342130987E+009,-2.186997679829710E+001,-1.737333577380354E+002,
4.023460410557185E+009,-2.161581975901531E+001,1.703199346757101E+002,
4.027370478983382E+009,-2.134223749402906E+001,1.528668237180823E+002,
4.031280547409580E+009,-2.117883853314698E+001,1.350248979474752E+002,
4.035190615835777E+009,-2.109231798548865E+001,1.173892519250530E+002,
4.039100684261975E+009,-2.114831407605246E+001,1.000180802281606E+002,
4.043010752688172E+009,-2.113609529596533E+001,8.323424051277274E+001,
4.046920821114369E+009,-2.121485387678074E+001,6.730252258770425E+001,
4.050830889540567E+009,-2.105870445028468E+001,5.196904032573848E+001,
4.054740957966765E+009,-2.069351441652785E+001,3.652141291773523E+001,
4.058651026392962E+009,-2.031947386159205E+001,1.828573728655341E+001,
4.062561094819160E+009,-2.018143416367169E+001,3.162852620666436E-002,
4.066471163245357E+009,-2.003745311676606E+001,-1.801242152623950E+001,
4.070381231671554E+009,-2.003673836137029E+001,-3.615367875217298E+001,
4.074291300097752E+009,-2.002172727648186E+001,-5.375431898113674E+001,
4.078201368523949E+009,-2.001989651710185E+001,-7.066542429990673E+001,
4.082111436950147E+009,-1.990342527385479E+001,-8.752534263891587E+001,
4.086021505376344E+009,-1.979332225539771E+001,-1.048849561860844E+002,
4.089931573802542E+009,-1.961965741171299E+001,-1.222482216816957E+002,
4.093841642228739E+009,-1.951259993003959E+001,-1.405144352628290E+002,
4.097751710654936E+009,-1.952013352088747E+001,-1.577158132089184E+002,
4.101661779081134E+009,-1.935771326800981E+001,-1.749544166139105E+002,
4.105571847507331E+009,-1.920880818773535E+001,1.675573641955056E+002,
4.109481915933529E+009,-1.906133058913545E+001,1.493635375031359E+002,
4.113391984359726E+009,-1.899684128895755E+001,1.305202654886862E+002,
4.117302052785924E+009,-1.909165528273973E+001,1.122810541422804E+002,
4.121212121212121E+009,-1.909813236690593E+001,9.445328868243546E+001,
4.125122189638319E+009,-1.906860017138667E+001,7.641004939810726E+001,
4.129032258064516E+009,-1.910782500835466E+001,5.879229723512222E+001,
4.132942326490714E+009,-1.909945553855601E+001,4.147929130538250E+001,
4.136852394916911E+009,-1.908332769060055E+001,2.417201593756487E+001,
4.140762463343109E+009,-1.904249453559981E+001,6.404998129840129E+000,
4.144672531769306E+009,-1.901793001139625E+001,-1.142907025042942E+001,
4.148582600195503E+009,-1.893999414195171E+001,-2.959253780515858E+001,
4.152492668621701E+009,-1.896969854252955E+001,-4.823746227449497E+001,
4.156402737047898E+009,-1.904456565658288E+001,-6.627552804202243E+001,
4.160312805474096E+009,-1.914973975656352E+001,-8.399919859311203E+001,
4.164222873900293E+009,-1.930105804978005E+001,-1.015495784895618E+002,
4.168132942326491E+009,-1.938149390238174E+001,-1.178331380552272E+002,
4.172043010752688E+009,-1.929175930296526E+001,-1.344847050987487E+002,
4.175953079178886E+009,-1.913884692291391E+001,-1.520166254521611E+002,
4.179863147605083E+009,-1.904946150645059E+001,-1.700720973822022E+002,
4.183773216031281E+009,-1.901811820082460E+001,1.714231762174879E+002,
4.187683284457478E+009,-1.904801785271104E+001,1.532233314541149E+002,
4.191593352883676E+009,-1.905012122654412E+001,1.351944714861949E+002,
4.195503421309873E+009,-1.911553211633998E+001,1.168896594453352E+002,
4.199413489736071E+009,-1.920039952599651E+001,9.948832258018491E+001,
4.203323558162268E+009,-1.922229107039895E+001,8.169425173260999E+001,
4.207233626588465E+009,-1.935808109632576E+001,6.384809124090640E+001,
4.211143695014663E+009,-1.942951714468603E+001,4.643479947261464E+001,
4.215053763440860E+009,-1.950326825820103E+001,2.934995206031118E+001,
4.218963831867058E+009,-1.947395674575792E+001,1.153832799129367E+001,
4.222873900293255E+009,-1.952696473064972E+001,-6.852570116398603E+000,
4.226783968719452E+009,-1.964983418316480E+001,-2.477367439404951E+001,
4.230694037145650E+009,-1.973463718804861E+001,-4.250489965708120E+001,
4.234604105571847E+009,-1.986632162145613E+001,-6.032669607432716E+001,
4.238514173998045E+009,-2.000246959608239E+001,-7.774138091591954E+001,
4.242424242424243E+009,-2.009604109984480E+001,-9.519891131927770E+001,
4.246334310850440E+009,-2.028972802339889E+001,-1.124318601575866E+002,
4.250244379276638E+009,-2.042929460273348E+001,-1.301504382526050E+002,
4.254154447702835E+009,-2.065294832991098E+001,-1.475135693974633E+002,
4.258064516129032E+009,-2.082994100703481E+001,-1.638725919234634E+002,
4.261974584555230E+009,-2.098579167911307E+001,1.797633116692576E+002,
4.265884652981427E+009,-2.097667797308599E+001,1.640003945213971E+002,
4.269794721407625E+009,-2.095366530854662E+001,1.468403140351278E+002,
4.273704789833822E+009,-2.095678388322089E+001,1.296190276200314E+002,
4.277614858260019E+009,-2.097687994352501E+001,1.126027571634568E+002,
4.281524926686217E+009,-2.103356860264916E+001,9.577274095657603E+001,
4.285434995112414E+009,-2.094547277167014E+001,7.869782009173868E+001,
4.289345063538612E+009,-2.098505390151781E+001,6.086059642811176E+001,
4.293255131964809E+009,-2.095940272983357E+001,4.327262815422127E+001,
4.297165200391007E+009,-2.109728646254897E+001,2.552572412062561E+001,
4.301075268817205E+009,-2.119908552348979E+001,8.005299685387779E+000,
4.304985337243402E+009,-2.143659617708408E+001,-9.403434720334099E+000,
4.308895405669600E+009,-2.170933659642362E+001,-2.551759198069422E+001,
4.312805474095797E+009,-2.164323332267561E+001,-4.121697572874950E+001,
4.316715542521994E+009,-2.167235546071941E+001,-5.823664544793977E+001,
4.320625610948192E+009,-2.169789782147252E+001,-7.530118500193649E+001,
4.324535679374389E+009,-2.185277354685127E+001,-9.198462824643681E+001,
4.328445747800587E+009,-2.182849690355736E+001,-1.075468815511313E+002,
4.332355816226784E+009,-2.166957269072869E+001,-1.246774946019862E+002,
4.336265884652982E+009,-2.161660611362682E+001,-1.420688481475325E+002,
4.340175953079179E+009,-2.173759800458014E+001,-1.601688449058624E+002,
4.344086021505377E+009,-2.201291774205076E+001,-1.769260274040148E+002,
4.347996089931574E+009,-2.207618015966192E+001,1.679386854604375E+002,
4.351906158357771E+009,-2.196970547904038E+001,1.516801152087837E+002,
4.355816226783969E+009,-2.192560111154489E+001,1.351997684576109E+002,
4.359726295210166E+009,-2.189621711403065E+001,1.192683841011049E+002,
4.363636363636364E+009,-2.165573719668415E+001,1.023228734095381E+002,
4.367546432062561E+009,-2.156317606593920E+001,8.502702231592652E+001,
4.371456500488758E+009,-2.132674814893140E+001,6.723816807461554E+001,
4.375366568914956E+009,-2.139333872554886E+001,4.885223417852438E+001,
4.379276637341153E+009,-2.145849773089832E+001,3.146060539347994E+001,
4.383186705767351E+009,-2.150052990610600E+001,1.463452003194964E+001,
4.387096774193548E+009,-2.147694763851243E+001,-2.588361518943977E+000,
4.391006842619746E+009,-2.148337609938662E+001,-2.005272880021786E+001,
4.394916911045943E+009,-2.151322635406608E+001,-3.677381378805701E+001,
4.398826979472141E+009,-2.143711989383664E+001,-5.469287657424752E+001,
4.402737047898338E+009,-2.154554158915536E+001,-7.132522485942107E+001,
4.406647116324535E+009,-2.154041847360362E+001,-8.824731128746052E+001,
4.410557184750733E+009,-2.148317358192623E+001,-1.046807320230004E+002,
4.414467253176930E+009,-2.141033325070458E+001,-1.223911758666961E+002,
4.418377321603128E+009,-2.133805153956973E+001,-1.401213116915573E+002,
4.422287390029326E+009,-2.149186560603233E+001,-1.577875585733305E+002,
4.426197458455523E+009,-2.157295980192524E+001,-1.744445836140197E+002,
4.430107526881721E+009,-2.165487040964812E+001,1.688075326670678E+002,
4.434017595307918E+009,-2.155393629085528E+001,1.532374519528284E+002,
4.437927663734116E+009,-2.136609123858089E+001,1.357581242666144E+002,
4.441837732160313E+009,-2.138212216305373E+001,1.178938057466227E+002,
4.445747800586511E+009,-2.138361628492826E+001,1.012597168029852E+002,
4.449657869012708E+009,-2.136822840618375E+001,8.348608455272142E+001,
4.453567937438905E+009,-2.132905683485667E+001,6.621230555055955E+001,
4.457478005865103E+009,-2.134929310825077E+001,4.865640864349052E+001,
4.461388074291300E+009,-2.147112001098045E+001,3.124506637110623E+001,
4.465298142717498E+009,-2.155355380997213E+001,1.519677980287738E+001,
4.469208211143695E+009,-2.146127796859229E+001,-1.907306729855414E+000,
4.473118279569893E+009,-2.152284816569448E+001,-1.845451147014504E+001,
4.477028347996090E+009,-2.146673200741383E+001,-3.572321736557070E+001,
4.480938416422287E+009,-2.144207401240960E+001,-5.235685319858857E+001,
4.484848484848485E+009,-2.134596249538358E+001,-6.888524744832733E+001,
4.488758553274682E+009,-2.127808382003201E+001,-8.610242781057544E+001,
4.492668621700880E+009,-2.119755979642155E+001,-1.029038109547401E+002,
4.496578690127077E+009,-2.113740969946415E+001,-1.206919682467970E+002,
4.500488758553275E+009,-2.112326909342031E+001,-1.381993107333525E+002,
4.504398826979472E+009,-2.115326568198869E+001,-1.552046902418406E+002,
4.508308895405669E+009,-2.112497016461015E+001,-1.724014773766196E+002,
4.512218963831867E+009,-2.118785430337780E+001,1.709937139848029E+002,
4.516129032258064E+009,-2.117918594384828E+001,1.545826227778278E+002,
4.520039100684262E+009,-2.105379506318324E+001,1.379637013083704E+002,
4.523949169110459E+009,-2.096518289226685E+001,1.209408913501647E+002,
4.527859237536657E+009,-2.085572652939911E+001,1.034918815407920E+002,
4.531769305962854E+009,-2.069314494465283E+001,8.575364563984078E+001,
4.535679374389051E+009,-2.073593823887544E+001,6.782495038902803E+001,
4.539589442815249E+009,-2.076174080150063E+001,4.997911587660225E+001,
4.543499511241447E+009,-2.077928245057531E+001,3.244628675359120E+001,
4.547409579667645E+009,-2.088020547638037E+001,1.498459023661544E+001,
4.551319648093842E+009,-2.091905792068049E+001,-2.309328323828694E+000,
4.555229716520039E+009,-2.099197390038412E+001,-1.913654272742399E+001,
4.559139784946237E+009,-2.096024631781809E+001,-3.587104979104449E+001,
4.563049853372434E+009,-2.104083938535882E+001,-5.309577630243853E+001,
4.566959921798632E+009,-2.102675125561649E+001,-7.019973886472214E+001,
4.570869990224829E+009,-2.100418912265371E+001,-8.658560496268811E+001,
4.574780058651027E+009,-2.086718379687897E+001,-1.033791079302274E+002,
4.578690127077224E+009,-2.075028691650602E+001,-1.214167876267650E+002,
4.582600195503422E+009,-2.077046774951693E+001,-1.392985721615598E+002,
4.586510263929619E+009,-2.077251062032296E+001,-1.567352257024967E+002,
4.590420332355816E+009,-2.078987927383557E+001,-1.747123632530440E+002,
4.594330400782014E+009,-2.085981527537758E+001,1.677926227889070E+002,
4.598240469208211E+009,-2.105562062069649E+001,1.498145560622279E+002,
4.602150537634409E+009,-2.125956181846034E+001,1.332695082832597E+002,
4.606060606060606E+009,-2.128896492323064E+001,1.178834322106681E+002,
4.609970674486803E+009,-2.119010119524677E+001,1.010445394924601E+002,
4.613880742913001E+009,-2.107858043886480E+001,8.403322482007050E+001,
4.617790811339198E+009,-2.095711501303455E+001,6.593574376728216E+001,
4.621700879765396E+009,-2.109775197600381E+001,4.803492811194017E+001,
4.625610948191593E+009,-2.115990683276549E+001,3.037395439877159E+001,
4.629521016617791E+009,-2.131623307992741E+001,1.274608204786115E+001,
4.633431085043988E+009,-2.139959387518123E+001,-4.245522335030525E+000,
4.637341153470186E+009,-2.158196963667646E+001,-2.179629341175433E+001,
4.641251221896383E+009,-2.182820074496289E+001,-3.804228839850226E+001,
4.645161290322580E+009,-2.192405274413487E+001,-5.369739295323700E+001,
4.649071358748778E+009,-2.198297339789030E+001,-6.969685597052275E+001,
4.652981427174975E+009,-2.193037471599445E+001,-8.545251195513421E+001,
4.656891495601173E+009,-2.182781201604942E+001,-1.011885682668911E+002,
4.660801564027371E+009,-2.157625049309459E+001,-1.173035746842056E+002,
4.664711632453568E+009,-2.134275733885348E+001,-1.350282195073292E+002,
4.668621700879766E+009,-2.128349384034007E+001,-1.529771529297033E+002,
4.672531769305963E+009,-2.125267993289621E+001,-1.702665195572685E+002,
4.676441837732161E+009,-2.115774229149810E+001,1.721669034920386E+002,
4.680351906158358E+009,-2.126874276229914E+001,1.544972288294027E+002,
4.684261974584556E+009,-2.127602687164863E+001,1.373593079205168E+002,
4.688172043010753E+009,-2.131360693511988E+001,1.209668965221883E+002,
4.692082111436951E+009,-2.118110505707483E+001,1.044186705520171E+002,
4.695992179863148E+009,-2.106688630562523E+001,8.733644662066179E+001,
4.699902248289345E+009,-2.096822475674066E+001,6.986562267587443E+001,
4.703812316715543E+009,-2.081112184282630E+001,5.205407902465695E+001,
4.707722385141740E+009,-2.078569562506681E+001,3.293024196960339E+001,
4.711632453567938E+009,-2.089701731648438E+001,1.524480648254474E+001,
4.715542521994135E+009,-2.102313004442805E+001,-2.422220775691033E+000,
4.719452590420332E+009,-2.104095756210305E+001,-1.940269411845630E+001,
4.723362658846530E+009,-2.107730694695142E+001,-3.642604635952824E+001,
4.727272727272727E+009,-2.111934245775622E+001,-5.379150794876641E+001,
4.731182795698925E+009,-2.100204519555120E+001,-7.107001204645788E+001,
4.735092864125122E+009,-2.097630720021863E+001,-8.904934828208469E+001,
4.739002932551320E+009,-2.107681181325695E+001,-1.076118475131179E+002,
4.742913000977517E+009,-2.122733079111395E+001,-1.251082569943206E+002,
4.746823069403714E+009,-2.128432213039341E+001,-1.426062877041994E+002,
4.750733137829912E+009,-2.137904794926824E+001,-1.601248767624127E+002,
4.754643206256109E+009,-2.155588223426419E+001,-1.774310407238201E+002,
4.758553274682307E+009,-2.160795008600294E+001,1.653243319369551E+002,
4.762463343108504E+009,-2.173786452971227E+001,1.483657795915508E+002,
4.766373411534702E+009,-2.182274375591069E+001,1.307386110186079E+002,
4.770283479960899E+009,-2.197815873348450E+001,1.135312654690372E+002,
4.774193548387096E+009,-2.214165540453410E+001,9.625501255176155E+001,
4.778103616813294E+009,-2.235921590519432E+001,7.912716292180794E+001,
4.782013685239492E+009,-2.253192348495215E+001,6.210373824456607E+001,
4.785923753665690E+009,-2.268560495925129E+001,4.606601391081203E+001,
4.789833822091887E+009,-2.271712898981402E+001,2.987879772426819E+001,
4.793743890518084E+009,-2.280862659862569E+001,1.259301291662625E+001,
4.797653958944282E+009,-2.294781689319252E+001,-4.717098076381038E+000,
4.801564027370479E+009,-2.317957568547961E+001,-2.082399471911902E+001,
4.805474095796677E+009,-2.318762427521529E+001,-3.761744233001662E+001,
4.809384164222874E+009,-2.343571140623709E+001,-5.482337771605227E+001,
4.813294232649072E+009,-2.360746437285712E+001,-7.158366839949433E+001,
4.817204301075269E+009,-2.389643246633069E+001,-8.812594918052183E+001,
4.821114369501467E+009,-2.414111554358712E+001,-1.038896110948140E+002,
4.825024437927664E+009,-2.434364334390576E+001,-1.192803573190946E+002,
4.828934506353861E+009,-2.448734665978349E+001,-1.345361312489770E+002,
4.832844574780059E+009,-2.452765369656758E+001,-1.495508078914430E+002,
4.836754643206256E+009,-2.451734262359514E+001,-1.651335808937455E+002,
4.840664711632454E+009,-2.449622099180295E+001,1.792491652076255E+002,
4.844574780058651E+009,-2.435733591508430E+001,1.624428549906556E+002,
4.848484848484848E+009,-2.444197615404658E+001,1.453827488166153E+002,
4.852394916911046E+009,-2.463278142286056E+001,1.289967426828504E+002,
4.856304985337243E+009,-2.474865933116088E+001,1.129356536053777E+002,
4.860215053763441E+009,-2.486567928530140E+001,9.741142171273745E+001,
4.864125122189638E+009,-2.490439836096181E+001,8.255618795690060E+001,
4.868035190615836E+009,-2.466784125166252E+001,6.635878837427140E+001,
4.871945259042033E+009,-2.480571505249169E+001,4.916956978230520E+001,
4.875855327468231E+009,-2.509044065526680E+001,3.317790564841662E+001,
4.879765395894428E+009,-2.520496036245140E+001,1.839501015630689E+001,
4.883675464320625E+009,-2.505494961451431E+001,3.920048951252356E+000,
4.887585532746823E+009,-2.506145106919393E+001,-1.225036130027173E+001,
4.891495601173020E+009,-2.499476887473965E+001,-2.711208492294561E+001,
4.895405669599218E+009,-2.485140658970435E+001,-4.268948908619790E+001,
4.899315738025415E+009,-2.474051830123587E+001,-5.888701978694400E+001,
4.903225806451613E+009,-2.464644636852500E+001,-7.523914751522416E+001,
4.907135874877811E+009,-2.471220010236031E+001,-9.153014432448471E+001,
4.911045943304008E+009,-2.476020443776946E+001,-1.066970419376491E+002,
4.914956011730206E+009,-2.468936059913957E+001,-1.217779053509295E+002,
4.918866080156403E+009,-2.453905809430229E+001,-1.375028580621231E+002,
4.922776148582601E+009,-2.460288002459321E+001,-1.530421728082775E+002,
4.926686217008798E+009,-2.444540160717548E+001,-1.684184524415581E+002,
4.930596285434996E+009,-2.448924507288502E+001,1.756089409366937E+002,
4.934506353861193E+009,-2.439763181143630E+001,1.604524556174567E+002,
4.938416422287390E+009,-2.433206033273292E+001,1.467373412476182E+002,
4.942326490713588E+009,-2.416173876164074E+001,1.318690706698241E+002,
4.946236559139785E+009,-2.401496399795283E+001,1.176282806798020E+002,
4.950146627565983E+009,-2.353043037194064E+001,1.040768016022009E+002,
4.954056695992180E+009,-2.302252071251196E+001,8.853766604888135E+001,
4.957966764418377E+009,-2.249356931575569E+001,7.306933196151324E+001,
4.961876832844575E+009,-2.193427845386300E+001,5.666178298492454E+001,
4.965786901270772E+009,-2.138425501276459E+001,3.917749138082408E+001,
4.969696969696970E+009,-2.100487727713020E+001,2.174397515534739E+001,
4.973607038123167E+009,-2.064195963577254E+001,4.150789113929839E+000,
4.977517106549365E+009,-2.024932652173352E+001,-1.285765515600760E+001,
4.981427174975562E+009,-1.984366265995120E+001,-3.047838459420159E+001,
4.985337243401759E+009,-1.950991769602807E+001,-4.836662651090725E+001,
4.989247311827957E+009,-1.914705380010120E+001,-6.611132420588386E+001,
4.993157380254154E+009,-1.873229218743081E+001,-8.437129852446809E+001,
4.997067448680352E+009,-1.843799637901535E+001,-1.026928676913283E+002,
5.000977517106549E+009,-1.811213260302532E+001,-1.216472586568190E+002,
5.004887585532747E+009,-1.779015350544094E+001,-1.405730437163733E+002,
5.008797653958944E+009,-1.757711354242823E+001,-1.597658977999555E+002,
5.012707722385141E+009,-1.745417565222307E+001,-1.792641926294430E+002,
5.016617790811339E+009,-1.738246982616215E+001,1.620245768844801E+002,
5.020527859237536E+009,-1.730667515259697E+001,1.430380890521053E+002,
5.024437927663734E+009,-1.729985134734692E+001,1.245734983715195E+002,
5.028347996089932E+009,-1.727371215098203E+001,1.064272204240143E+002,
5.032258064516129E+009,-1.722347537601034E+001,8.844676175046229E+001,
5.036168132942327E+009,-1.710507596009643E+001,7.003552739140488E+001,
5.040078201368524E+009,-1.702053186624433E+001,5.219937223421427E+001,
5.043988269794722E+009,-1.689806136758800E+001,3.373024232946302E+001,
5.047898338220919E+009,-1.683402586651349E+001,1.477134815338004E+001,
5.051808406647117E+009,-1.683399468488151E+001,-3.726425555224822E+000,
5.055718475073314E+009,-1.683852870002772E+001,-2.239154014655882E+001,
5.059628543499512E+009,-1.688701188208798E+001,-4.057951704672533E+001,
5.063538611925709E+009,-1.689219238638079E+001,-5.871313555000709E+001,
5.067448680351906E+009,-1.691578476586520E+001,-7.665151116754771E+001,
5.071358748778104E+009,-1.687952635925247E+001,-9.459643870217425E+001,
5.075268817204301E+009,-1.688902713932097E+001,-1.128640623317832E+002,
5.079178885630499E+009,-1.690644468522978E+001,-1.312407371728524E+002,
5.083088954056696E+009,-1.693180605467541E+001,-1.493454160912413E+002,
5.086999022482893E+009,-1.694624403202944E+001,-1.675669896197461E+002,
5.090909090909091E+009,-1.703464837487772E+001,1.742467704765716E+002,
5.094819159335288E+009,-1.710979649745843E+001,1.565271668573216E+002,
5.098729227761486E+009,-1.709363077051502E+001,1.387378378242356E+002,
5.102639296187683E+009,-1.715133277104759E+001,1.202657037737371E+002,
5.106549364613881E+009,-1.727647162654187E+001,1.023335331545268E+002,
5.110459433040078E+009,-1.732023121724395E+001,8.487961870293511E+001,
5.114369501466276E+009,-1.737667875226185E+001,6.685686190635256E+001,
5.118279569892473E+009,-1.743308075043910E+001,4.905200774966179E+001,
5.122189638318670E+009,-1.746956446550383E+001,3.108138425326235E+001,
5.126099706744868E+009,-1.763395877696690E+001,1.287055227308026E+001,
5.130009775171065E+009,-1.776565406330154E+001,-4.263171714908570E+000,
5.133919843597263E+009,-1.780544942777066E+001,-2.135582843544535E+001,
5.137829912023460E+009,-1.779529773714103E+001,-3.880525258644521E+001,
5.141739980449657E+009,-1.777038719404769E+001,-5.691087686417673E+001,
5.145650048875855E+009,-1.780704254935429E+001,-7.549494918721409E+001,
5.149560117302053E+009,-1.792171212613791E+001,-9.376369141066941E+001,
5.153470185728251E+009,-1.803571932799105E+001,-1.114708855840781E+002,
5.157380254154448E+009,-1.809014432314693E+001,-1.291982602142581E+002,
5.161290322580645E+009,-1.818953990086083E+001,-1.471447398728043E+002,
5.165200391006843E+009,-1.829834178282562E+001,-1.652298910786795E+002,
5.169110459433041E+009,-1.840773127744000E+001,1.767248827833266E+002,
5.173020527859238E+009,-1.857984742675549E+001,1.587362366512257E+002,
5.176930596285435E+009,-1.871742989567314E+001,1.410693248617208E+002,
5.180840664711633E+009,-1.888453003641467E+001,1.233902443991964E+002,
5.184750733137830E+009,-1.901446536124738E+001,1.055265999573906E+002,
5.188660801564028E+009,-1.918869410024721E+001,8.767095773819965E+001,
5.192570869990225E+009,-1.943910749462424E+001,6.996137352842419E+001,
5.196480938416422E+009,-1.972805311518854E+001,5.344667939236700E+001,
5.200391006842620E+009,-1.980418023923624E+001,3.694851386738174E+001,
5.204301075268817E+009,-1.987844751716690E+001,1.951562801276635E+001,
5.208211143695015E+009,-2.003608483984803E+001,2.355708353869995E+000,
5.212121212121212E+009,-2.013085445612500E+001,-1.442871144960325E+001,
5.216031280547409E+009,-2.017712991043224E+001,-3.230779064225997E+001,
5.219941348973607E+009,-2.033429909981701E+001,-5.029044131242964E+001,
5.223851417399805E+009,-2.052462772912443E+001,-6.799706010497938E+001,
5.227761485826002E+009,-2.087918489011893E+001,-8.577477395593246E+001,
5.231671554252199E+009,-2.115210247568477E+001,-1.021657149995965E+002,
5.235581622678397E+009,-2.132639275189475E+001,-1.185597294008086E+002,
5.239491691104594E+009,-2.150078252786516E+001,-1.350000715649433E+002,
5.243401759530792E+009,-2.162737325808745E+001,-1.509540028255401E+002,
5.247311827956989E+009,-2.169296834042105E+001,-1.678833426894861E+002,
5.251221896383186E+009,-2.178897765915782E+001,1.753866352456328E+002,
5.255131964809384E+009,-2.191460391803318E+001,1.579783713830956E+002,
5.259042033235581E+009,-2.202632831742300E+001,1.411845975355292E+002,
5.262952101661779E+009,-2.213003688363084E+001,1.241022896700625E+002,
5.266862170087977E+009,-2.241799452704665E+001,1.069172094644110E+002,
5.270772238514174E+009,-2.262636979193048E+001,9.016055596682828E+001,
5.274682306940372E+009,-2.285164091229036E+001,7.419140738200987E+001,
5.278592375366570E+009,-2.297263650836657E+001,5.853837709891220E+001,
5.282502443792767E+009,-2.313984300519321E+001,4.198309575678779E+001,
5.286412512218964E+009,-2.323737212577622E+001,2.679096947935974E+001,
5.290322580645162E+009,-2.316587211225610E+001,1.075717243035655E+001,
5.294232649071359E+009,-2.314683859261585E+001,-6.249484705344868E+000,
5.298142717497557E+009,-2.318953512337061E+001,-2.284205852682684E+001,
5.302052785923754E+009,-2.330169780687068E+001,-3.993032924725537E+001,
5.305962854349951E+009,-2.341632956301479E+001,-5.702489280770710E+001,
5.309872922776149E+009,-2.358307389837388E+001,-7.283113177381929E+001,
5.313782991202346E+009,-2.369018456562703E+001,-8.926497268528283E+001,
5.317693059628544E+009,-2.373621349651622E+001,-1.049179609966647E+002,
5.321603128054741E+009,-2.373908775839616E+001,-1.207205042980763E+002,
5.325513196480938E+009,-2.371164496698444E+001,-1.373717850821729E+002,
5.329423264907136E+009,-2.377783951366621E+001,-1.532659811825739E+002,
5.333333333333333E+009,-2.365007861808966E+001,-1.696383380224017E+002,
5.337243401759531E+009,-2.368557001193889E+001,1.736639072383981E+002,
5.341153470185728E+009,-2.364515284106108E+001,1.569953529705989E+002,
5.345063538611926E+009,-2.363201495585287E+001,1.403388877100030E+002,
5.348973607038123E+009,-2.368782508903214E+001,1.225753695402767E+002,
5.352883675464321E+009,-2.393424564987389E+001,1.067699868257784E+002,
5.356793743890518E+009,-2.400643720322562E+001,9.124147484668099E+001,
5.360703812316715E+009,-2.386329332898470E+001,7.564421631542986E+001,
5.364613880742913E+009,-2.375345140573862E+001,5.944813987116896E+001,
5.368523949169110E+009,-2.360313328770910E+001,4.255476974672023E+001,
5.372434017595308E+009,-2.351812296683421E+001,2.521662011343482E+001,
5.376344086021505E+009,-2.356892567665476E+001,8.617219457038019E+000,
5.380254154447702E+009,-2.345642909647588E+001,-8.119559296191534E+000,
5.384164222873900E+009,-2.339416633084700E+001,-2.576725883394949E+001,
5.388074291300098E+009,-2.339480704928994E+001,-4.284551311522722E+001,
5.391984359726296E+009,-2.345774027568586E+001,-6.068958885489263E+001,
5.395894428152493E+009,-2.365950408579833E+001,-7.795414723851749E+001,
5.399804496578690E+009,-2.379431591872087E+001,-9.395179013123909E+001,
5.403714565004888E+009,-2.378976146219510E+001,-1.097971694540945E+002,
5.407624633431086E+009,-2.383841291674115E+001,-1.257000074164554E+002,
5.411534701857283E+009,-2.368018657079743E+001,-1.414423008616768E+002,
5.415444770283480E+009,-2.353669453416736E+001,-1.582444472527016E+002,
5.419354838709678E+009,-2.346746727442758E+001,-1.745487853781793E+002,
5.423264907135875E+009,-2.325148179178660E+001,1.686988444761622E+002,
5.427174975562073E+009,-2.315489711561674E+001,1.506167824327136E+002,
5.431085043988270E+009,-2.311971850279595E+001,1.327861868470829E+002,
5.434995112414467E+009,-2.327950025571191E+001,1.156124399908987E+002,
5.438905180840665E+009,-2.325814477403722E+001,9.957769196863367E+001,
5.442815249266862E+009,-2.314938725680642E+001,8.294703704165192E+001,
5.446725317693060E+009,-2.308831941813867E+001,6.640360553863563E+001,
5.450635386119257E+009,-2.275532052690177E+001,4.939790829568126E+001,
5.454545454545454E+009,-2.269992413312625E+001,3.145986495879111E+001,
5.458455522971652E+009,-2.266285871069607E+001,1.386501099611169E+001,
5.462365591397850E+009,-2.259005169111070E+001,-3.663349674832724E+000,
5.466275659824047E+009,-2.257959832451547E+001,-2.118705118613316E+001,
5.470185728250244E+009,-2.262752759191839E+001,-3.940406394331623E+001,
5.474095796676442E+009,-2.272752454310749E+001,-5.661055660039323E+001,
5.478005865102639E+009,-2.270843481766973E+001,-7.349870765688863E+001,
5.481915933528837E+009,-2.264676223518233E+001,-9.024422041633451E+001,
5.485826001955034E+009,-2.249549210021105E+001,-1.075431576820714E+002,
5.489736070381231E+009,-2.240493188645563E+001,-1.255136057795520E+002,
5.493646138807429E+009,-2.231465242319128E+001,-1.430602134921255E+002,
5.497556207233626E+009,-2.224881631120976E+001,-1.609216916755947E+002,
5.501466275659824E+009,-2.220911782977068E+001,-1.797422674360537E+002,
5.505376344086021E+009,-2.226045727481988E+001,1.619995934284183E+002,
5.509286412512219E+009,-2.237318789101212E+001,1.436517455240426E+002,
5.513196480938417E+009,-2.251808462124924E+001,1.259718958975406E+002,
5.517106549364615E+009,-2.259491698158823E+001,1.082331290409845E+002,
5.521016617790812E+009,-2.261877613816646E+001,9.131448309726207E+001,
5.524926686217009E+009,-2.271238829110927E+001,7.401282504740061E+001,
5.528836754643207E+009,-2.273700179928876E+001,5.645954083559492E+001,
5.532746823069404E+009,-2.270336743117827E+001,3.891066451151468E+001,
5.536656891495602E+009,-2.262782418399377E+001,2.032475288327963E+001,
5.540566959921799E+009,-2.280465281669757E+001,1.385507694540582E+000,
5.544477028347996E+009,-2.297587292948770E+001,-1.694505257176745E+001,
5.548387096774194E+009,-2.325965917127760E+001,-3.476684649564874E+001,
5.552297165200391E+009,-2.347124737519391E+001,-5.203158414679734E+001,
5.556207233626589E+009,-2.366315155888457E+001,-6.929426662419085E+001,
5.560117302052786E+009,-2.393266809862230E+001,-8.662765514872351E+001,
5.564027370478983E+009,-2.406107047816388E+001,-1.030536614471657E+002,
5.567937438905181E+009,-2.425038276339850E+001,-1.195017390602664E+002,
5.571847507331378E+009,-2.438790111543025E+001,-1.358063629078866E+002,
5.575757575757576E+009,-2.436946440265347E+001,-1.525995593980575E+002,
5.579667644183773E+009,-2.451512953199993E+001,-1.698058563718310E+002,
5.583577712609971E+009,-2.454217464134071E+001,1.733476074145020E+002,
5.587487781036168E+009,-2.477680682264637E+001,1.560987511971367E+002,
5.591397849462366E+009,-2.485919977011390E+001,1.394690124302090E+002,
5.595307917888563E+009,-2.487124765126244E+001,1.229696147142094E+002,
5.599217986314760E+009,-2.493736578361400E+001,1.054092432226195E+002,
5.603128054740958E+009,-2.504536065787590E+001,8.859674304607225E+001,
5.607038123167155E+009,-2.513074594262173E+001,7.208807014468398E+001,
5.610948191593353E+009,-2.519571695574546E+001,5.488554217266055E+001,
5.614858260019550E+009,-2.520348601169573E+001,3.754613163960686E+001,
5.618768328445747E+009,-2.542762332923473E+001,1.923994070110468E+001,
5.622678396871945E+009,-2.563312944987430E+001,3.343067872520965E+000,
5.626588465298142E+009,-2.571608455217054E+001,-1.309557293146611E+001,
5.630498533724340E+009,-2.582951535853891E+001,-2.937935586035066E+001,
5.634408602150538E+009,-2.584684480187713E+001,-4.599441160793337E+001,
5.638318670576735E+009,-2.582957495607009E+001,-6.278713211749195E+001,
5.642228739002933E+009,-2.603481945439103E+001,-8.088901598770039E+001,
5.646138807429131E+009,-2.616992339000591E+001,-9.711199575591482E+001,
5.650048875855328E+009,-2.619983526979036E+001,-1.138395618333202E+002,
5.653958944281525E+009,-2.639847104989625E+001,-1.304868727117176E+002,
5.657869012707723E+009,-2.648079102782524E+001,-1.479322640291819E+002,
5.661779081133920E+009,-2.665195327862472E+001,-1.641987014795718E+002,
5.665689149560118E+009,-2.680933859197007E+001,-1.798599730903940E+002,
5.669599217986315E+009,-2.680377817214865E+001,1.637029233477625E+002,
5.673509286412512E+009,-2.687179745809326E+001,1.463315326705684E+002,
5.677419354838710E+009,-2.726504840638903E+001,1.296598115863247E+002,
5.681329423264907E+009,-2.736477081220738E+001,1.139717535098332E+002,
5.685239491691105E+009,-2.755226264713658E+001,9.891459976237441E+001,
5.689149560117302E+009,-2.746261448323766E+001,8.332438748316656E+001,
5.693059628543499E+009,-2.743248455280303E+001,6.854067176082016E+001,
5.696969696969697E+009,-2.724764128047317E+001,5.298663871059973E+001,
5.700879765395895E+009,-2.695020179305967E+001,3.495893675738046E+001,
5.704789833822092E+009,-2.692839062325628E+001,1.699567411462402E+001,
5.708699902248289E+009,-2.711738812204531E+001,-3.523142497627336E-001,
5.712609970674487E+009,-2.727976316029427E+001,-1.719497982196447E+001,
5.716520039100684E+009,-2.730734346127328E+001,-3.349175542765318E+001,
5.720430107526882E+009,-2.732243034237053E+001,-4.944383896576535E+001,
5.724340175953079E+009,-2.722957011681471E+001,-6.658766497362366E+001,
5.728250244379276E+009,-2.733636760265795E+001,-8.444103251795275E+001,
5.732160312805474E+009,-2.742070264952432E+001,-1.006137068690987E+002,
5.736070381231671E+009,-2.735449470184551E+001,-1.174086385991106E+002,
5.739980449657869E+009,-2.744050706710628E+001,-1.355133965486764E+002,
5.743890518084066E+009,-2.766992040796503E+001,-1.534042924565330E+002,
5.747800586510263E+009,-2.811371455282087E+001,-1.694933534599715E+002,
5.751710654936461E+009,-2.831069266957561E+001,1.772665716425180E+002,
5.755620723362660E+009,-2.830160414430407E+001,1.608754373837711E+002,
5.759530791788857E+009,-2.812509498892190E+001,1.445925271887357E+002,
5.763440860215054E+009,-2.809762666538665E+001,1.276001889653096E+002,
5.767350928641252E+009,-2.839027654905026E+001,1.105152311115586E+002,
5.771260997067449E+009,-2.857212581933280E+001,9.504010961502628E+001,
5.775171065493647E+009,-2.861905034925454E+001,7.989245770646575E+001,
5.779081133919844E+009,-2.856350727111877E+001,6.344347479683393E+001,
5.782991202346041E+009,-2.881590667775258E+001,4.684330439052543E+001,
5.786901270772239E+009,-2.896104989169663E+001,3.097697230300749E+001,
5.790811339198436E+009,-2.913636063981218E+001,1.724334528082181E+001,
5.794721407624634E+009,-2.899762091493198E+001,3.009170146578688E+000,
5.798631476050831E+009,-2.871453095107768E+001,-1.172427524295311E+001,
5.802541544477028E+009,-2.856374098254241E+001,-2.865047393077231E+001,
5.806451612903226E+009,-2.836109461225552E+001,-4.551083790103494E+001,
5.810361681329423E+009,-2.843011232409999E+001,-6.241568769297363E+001,
5.814271749755621E+009,-2.856626597343826E+001,-7.813495075524281E+001,
5.818181818181818E+009,-2.873770938670555E+001,-9.335697470666918E+001,
5.822091886608016E+009,-2.854185586042929E+001,-1.075078444105099E+002,
5.826001955034213E+009,-2.827826761125284E+001,-1.225657607220465E+002,
5.829912023460411E+009,-2.801307233850177E+001,-1.390129787349656E+002,
5.833822091886608E+009,-2.812576412572156E+001,-1.555007171723235E+002,
5.837732160312805E+009,-2.798351309214068E+001,-1.701423495300017E+002,
5.841642228739003E+009,-2.768144154755746E+001,1.752137214596399E+002,
5.845552297165200E+009,-2.725097896466864E+001,1.590377724498802E+002,
5.849462365591398E+009,-2.686742830763337E+001,1.415132437299161E+002,
5.853372434017595E+009,-2.679925292957421E+001,1.234221301276358E+002,
5.857282502443792E+009,-2.687480022064092E+001,1.076417839926361E+002,
5.861192570869990E+009,-2.660040139564271E+001,9.145895447426960E+001,
5.865102639296187E+009,-2.647847571603545E+001,7.581114516167149E+001,
5.869012707722385E+009,-2.616694629808815E+001,6.050109937382543E+001,
5.872922776148583E+009,-2.564391605806804E+001,4.441718433747308E+001,
5.876832844574780E+009,-2.524297172180279E+001,2.631619133300240E+001,
5.880742913000978E+009,-2.497857849530617E+001,8.063588756375344E+000,
5.884652981427176E+009,-2.478604241381841E+001,-9.978168481540887E+000,
5.888563049853373E+009,-2.460974778790645E+001,-2.822628266396287E+001,
5.892473118279570E+009,-2.450780074373198E+001,-4.534181154799862E+001,
5.896383186705768E+009,-2.432616986375444E+001,-6.326187999661669E+001,
5.900293255131965E+009,-2.430700599593024E+001,-8.045905180737367E+001,
5.904203323558163E+009,-2.407730130826776E+001,-9.736271070896454E+001,
5.908113391984360E+009,-2.385956552488706E+001,-1.148997684927448E+002,
5.912023460410557E+009,-2.355704359940627E+001,-1.323429529125901E+002,
5.915933528836755E+009,-2.334623225197406E+001,-1.504966025314515E+002,
5.919843597262952E+009,-2.318553738740949E+001,-1.692115796118574E+002,
5.923753665689150E+009,-2.313899795833338E+001,1.722928267575593E+002,
5.927663734115347E+009,-2.309470637668850E+001,1.541359907055763E+002,
5.931573802541544E+009,-2.307774608654244E+001,1.367028438611079E+002,
5.935483870967742E+009,-2.292221561006204E+001,1.192573574663430E+002,
5.939393939393940E+009,-2.279189156695601E+001,1.010041260786688E+002,
5.943304007820137E+009,-2.278899912141267E+001,8.252545536624008E+001,
5.947214076246334E+009,-2.273719865760483E+001,6.494052035060913E+001,
5.951124144672532E+009,-2.274167418590357E+001,4.743931280017254E+001,
5.955034213098729E+009,-2.265504019409489E+001,2.958885213370603E+001,
5.958944281524927E+009,-2.265249591708418E+001,1.189819623587222E+001,
5.962854349951124E+009,-2.263804608203711E+001,-6.458978977499111E+000,
5.966764418377321E+009,-2.263704994146387E+001,-2.360975439501158E+001,
5.970674486803519E+009,-2.259268056874830E+001,-4.106136333516569E+001,
5.974584555229716E+009,-2.253046401388466E+001,-5.913417690092441E+001,
5.978494623655914E+009,-2.252798248454457E+001,-7.678226711950032E+001,
5.982404692082111E+009,-2.264332049260485E+001,-9.504887584318398E+001,
5.986314760508308E+009,-2.267399850237286E+001,-1.113665446449571E+002,
5.990224828934506E+009,-2.272298802247637E+001,-1.282237946518315E+002,
5.994134897360704E+009,-2.260800255568517E+001,-1.452540717789122E+002,
5.998044965786902E+009,-2.258197405545897E+001,-1.627602854768973E+002,
6.001955034213099E+009,-2.249390601106973E+001,-1.799484295163990E+002,
6.005865102639297E+009,-2.241643211619692E+001,1.631164792178835E+002,
6.009775171065494E+009,-2.220681422105960E+001,1.464467315564287E+002,
6.013685239491692E+009,-2.198438505905224E+001,1.282923574776935E+002,
6.017595307917889E+009,-2.189674879443027E+001,1.103095661266754E+002,
6.021505376344086E+009,-2.177660045737419E+001,9.238646987457267E+001,
6.025415444770284E+009,-2.168190886051296E+001,7.325635641223136E+001,
6.029325513196481E+009,-2.184184254402975E+001,5.530816545434622E+001,
6.033235581622679E+009,-2.181348942135389E+001,3.857300887930614E+001,
6.037145650048876E+009,-2.163994324562925E+001,2.094548047747327E+001,
6.041055718475073E+009,-2.150466301372840E+001,2.880401962349724E+000,
6.044965786901271E+009,-2.140013409057932E+001,-1.528625021293971E+001,
6.048875855327468E+009,-2.126918478560391E+001,-3.413590332633746E+001,
6.052785923753666E+009,-2.133854388046316E+001,-5.273996121772210E+001,
6.056695992179863E+009,-2.131654983467921E+001,-7.105633976588212E+001,
6.060606060606061E+009,-2.128909646897047E+001,-8.944051606721727E+001,
6.064516129032258E+009,-2.125696111149402E+001,-1.082685924106758E+002,
6.068426197458456E+009,-2.138000778621291E+001,-1.269850433103774E+002,
6.072336265884653E+009,-2.141682204354589E+001,-1.454672128455729E+002,
6.076246334310850E+009,-2.148104186333374E+001,-1.639460953967151E+002,
6.080156402737048E+009,-2.164579514859223E+001,1.771826375872479E+002,
6.084066471163245E+009,-2.172141447314239E+001,1.595506726982358E+002,
6.087976539589443E+009,-2.171363781453591E+001,1.414485244569874E+002,
6.091886608015640E+009,-2.182060912506130E+001,1.223321191114819E+002,
6.095796676441837E+009,-2.194839472106528E+001,1.032510162301174E+002,
6.099706744868035E+009,-2.218881068877041E+001,8.479146972634004E+001,
6.103616813294232E+009,-2.239497890147669E+001,6.660673673194778E+001,
6.107526881720430E+009,-2.263069278591960E+001,4.907471673855879E+001,
6.111436950146627E+009,-2.276400358750631E+001,3.102771384606887E+001,
6.115347018572825E+009,-2.300418152549782E+001,1.268684496772973E+001,
6.119257086999023E+009,-2.321026990361258E+001,-5.111234860984564E+000,
6.123167155425221E+009,-2.344403886421329E+001,-2.327931587990778E+001,
6.127077223851418E+009,-2.362073332139566E+001,-4.035801637588340E+001,
6.130987292277615E+009,-2.388045971206869E+001,-5.902830583380764E+001,
6.134897360703813E+009,-2.419447380678476E+001,-7.710044377842563E+001,
6.138807429130010E+009,-2.461616250308568E+001,-9.453477588671008E+001,
6.142717497556208E+009,-2.503264317190354E+001,-1.111871117181626E+002,
6.146627565982405E+009,-2.528266925285297E+001,-1.273804157256959E+002,
6.150537634408602E+009,-2.538610741141471E+001,-1.435044878614812E+002,
6.154447702834800E+009,-2.549650452381430E+001,-1.607167408224607E+002,
6.158357771260998E+009,-2.564462291326170E+001,-1.776865132354951E+002,
6.162267839687195E+009,-2.594167408735324E+001,1.656544404220657E+002,
6.166177908113392E+009,-2.604320521810241E+001,1.488062524836048E+002,
6.170087976539589E+009,-2.618887996939616E+001,1.314787950958509E+002,
6.173998044965787E+009,-2.639320738919430E+001,1.137907347431233E+002,
6.177908113391985E+009,-2.687136379378796E+001,9.656933043378042E+001,
6.181818181818182E+009,-2.730747540478668E+001,8.172516583226849E+001,
6.185728250244379E+009,-2.732199476429332E+001,6.701605789649825E+001,
6.189638318670576E+009,-2.744246166648268E+001,5.079734490181885E+001,
6.193548387096774E+009,-2.763239534586944E+001,3.430521174869156E+001,
6.197458455522972E+009,-2.753860677886117E+001,1.944530535496136E+001,
6.201368523949169E+009,-2.751058246992675E+001,2.063276437367802E+000,
6.205278592375366E+009,-2.755142681600049E+001,-1.525652119185657E+001,
6.209188660801564E+009,-2.770037229753289E+001,-3.278078935151707E+001,
6.213098729227762E+009,-2.807703780102968E+001,-4.957788803675177E+001,
6.217008797653959E+009,-2.836746434240186E+001,-6.487591431940685E+001,
6.220918866080156E+009,-2.840187219620123E+001,-8.014432742550837E+001,
6.224828934506353E+009,-2.848676109127799E+001,-9.559160541807843E+001,
6.228739002932551E+009,-2.826312018010554E+001,-1.103085265483864E+002,
6.232649071358749E+009,-2.815906236656952E+001,-1.275485579767245E+002,
6.236559139784946E+009,-2.817414152289597E+001,-1.453241389152125E+002,
6.240469208211144E+009,-2.820835544231402E+001,-1.614212509884335E+002,
6.244379276637341E+009,-2.808913723039531E+001,-1.798286604975473E+002,
6.248289345063539E+009,-2.824598965078994E+001,1.617891040791925E+002,
6.252199413489737E+009,-2.864057834257676E+001,1.441398290208413E+002,
6.256109481915934E+009,-2.904111733128637E+001,1.285172777647254E+002,
6.260019550342131E+009,-2.948429659739524E+001,1.139269227447503E+002,
6.263929618768329E+009,-2.948013906852615E+001,9.950124817104586E+001,
6.267839687194526E+009,-2.946692083358230E+001,8.411058720776140E+001,
6.271749755620724E+009,-2.946181059200580E+001,6.813188613721158E+001,
6.275659824046921E+009,-2.926668294551796E+001,5.309465351523192E+001,
6.279569892473118E+009,-2.941319577633354E+001,3.626612152689994E+001,
6.283479960899316E+009,-2.935880282554808E+001,2.080792555320426E+001,
6.287390029325514E+009,-2.937883016747022E+001,5.596772141602587E+000,
6.291300097751711E+009,-2.913756086678060E+001,-1.066947700274613E+001,
6.295210166177908E+009,-2.915241570251562E+001,-2.807621629395586E+001,
6.299120234604105E+009,-2.917076052355504E+001,-4.322517161198825E+001,
6.303030303030303E+009,-2.902445670309629E+001,-5.987577832157288E+001,
6.306940371456501E+009,-2.893689890465440E+001,-7.692504121489226E+001,
6.310850439882698E+009,-2.890920821644638E+001,-9.327808155749440E+001,
6.314760508308895E+009,-2.903801048664592E+001,-1.100344245237337E+002,
6.318670576735093E+009,-2.891212864815925E+001,-1.249113578312954E+002,
6.322580645161290E+009,-2.892671179156769E+001,-1.420212199459840E+002,
6.326490713587488E+009,-2.883718889758212E+001,-1.572372970214898E+002,
6.330400782013685E+009,-2.857643854552348E+001,-1.737499937407362E+002,
6.334310850439882E+009,-2.841835480620879E+001,1.682736545286549E+002,
6.338220918866080E+009,-2.825001659504119E+001,1.511594890286592E+002,
6.342130987292278E+009,-2.809192233316378E+001,1.338423547465658E+002,
6.346041055718475E+009,-2.799016001613429E+001,1.168973064287686E+002,
6.349951124144672E+009,-2.785196641921271E+001,9.742538706313786E+001,
6.353861192570869E+009,-2.802998794352936E+001,7.948234113679177E+001,
6.357771260997068E+009,-2.823935317720621E+001,6.095258678610657E+001,
6.361681329423266E+009,-2.831931445650255E+001,4.377115635462597E+001,
6.365591397849463E+009,-2.837902918404826E+001,2.805960533312080E+001,
6.369501466275660E+009,-2.827417239814894E+001,1.132863433673823E+001,
6.373411534701857E+009,-2.817719023790349E+001,-7.073252748152662E+000,
6.377321603128055E+009,-2.814706232464046E+001,-2.642362820773584E+001,
6.381231671554253E+009,-2.846666902965903E+001,-4.583592240377287E+001,
6.385141739980450E+009,-2.903440482192845E+001,-6.354961591928338E+001,
6.389051808406647E+009,-2.929976830347188E+001,-7.867271909070003E+001,
6.392961876832845E+009,-2.952823553822119E+001,-9.653001203489973E+001,
6.396871945259043E+009,-2.998930315243422E+001,-1.122599982961851E+002,
6.400782013685240E+009,-3.019328739399809E+001,-1.277165300671479E+002,
6.404692082111437E+009,-3.038494235599755E+001,-1.441224868740031E+002,
6.408602150537634E+009,-3.059570103412582E+001,-1.587385034373918E+002,
6.412512218963832E+009,-3.069979637852134E+001,-1.744989781238112E+002,
6.416422287390030E+009,-3.107464989499524E+001,1.694181583146305E+002,
6.420332355816227E+009,-3.124841124142925E+001,1.555466852160109E+002,
6.424242424242424E+009,-3.127595327804471E+001,1.413002251035871E+002,
6.428152492668621E+009,-3.112522718498060E+001,1.274230037965996E+002,
6.432062561094819E+009,-3.082145396990999E+001,1.133242271796222E+002,
6.435972629521017E+009,-3.066356588283732E+001,9.704613670695680E+001,
6.439882697947214E+009,-3.066240665065386E+001,8.111492615558227E+001,
6.443792766373411E+009,-3.074175505544440E+001,6.693299596622205E+001,
6.447702834799609E+009,-3.034892315847093E+001,5.219313221457148E+001,
6.451612903225807E+009,-3.003839255791151E+001,3.527413026865261E+001,
6.455522971652004E+009,-2.972262916436889E+001,1.965675676621041E+001,
6.459433040078201E+009,-2.930226842884180E+001,3.608002621743363E+000,
6.463343108504398E+009,-2.913451265204820E+001,-1.374624996420173E+001,
6.467253176930596E+009,-2.876361912933408E+001,-3.125207084822955E+001,
6.471163245356794E+009,-2.848829255682194E+001,-4.949997589674001E+001,
6.475073313782991E+009,-2.844498764133903E+001,-6.649482707367793E+001,
6.478983382209189E+009,-2.833672224113613E+001,-8.387887244062189E+001,
6.482893450635386E+009,-2.817420700242046E+001,-1.009186429196223E+002,
6.486803519061584E+009,-2.812757494250853E+001,-1.184175351880838E+002,
6.490713587487782E+009,-2.792602477481408E+001,-1.357388960529932E+002,
6.494623655913979E+009,-2.775649362886119E+001,-1.532342856010213E+002,
6.498533724340176E+009,-2.755766861605153E+001,-1.706451987306823E+002,
6.502443792766374E+009,-2.742660519635612E+001,1.710974766298830E+002,
6.506353861192571E+009,-2.724084222575684E+001,1.528299397004321E+002,
6.510263929618769E+009,-2.730044203799806E+001,1.346352712999889E+002,
6.514173998044966E+009,-2.740000629485073E+001,1.163934969543489E+002,
6.518084066471163E+009,-2.752015575107109E+001,1.004112573968103E+002,
6.521994134897361E+009,-2.745766265207564E+001,8.384903571175151E+001,
6.525904203323559E+009,-2.730810751015982E+001,6.614564642356719E+001,
6.529814271749756E+009,-2.709012989715608E+001,4.897030189384602E+001,
6.533724340175953E+009,-2.689225012376861E+001,3.069256120458838E+001,
6.537634408602150E+009,-2.693698319265543E+001,1.197447547761211E+001,
6.541544477028348E+009,-2.689129803321036E+001,-6.071233345931892E+000,
6.545454545454546E+009,-2.700390864062804E+001,-2.538899160404221E+001,
6.549364613880743E+009,-2.718740216407099E+001,-4.285196996000520E+001,
6.553274682306940E+009,-2.737016709793303E+001,-5.993878510140403E+001,
6.557184750733138E+009,-2.749067663096032E+001,-7.648748895011676E+001,
6.561094819159335E+009,-2.746497402798255E+001,-9.192995914055879E+001,
6.565004887585533E+009,-2.727072237306171E+001,-1.094557432046616E+002,
6.568914956011730E+009,-2.706307648984419E+001,-1.275759038318975E+002,
6.572825024437927E+009,-2.715494993233741E+001,-1.474179288681984E+002,
6.576735092864125E+009,-2.717856606573258E+001,-1.654487654757798E+002,
6.580645161290323E+009,-2.752335946242782E+001,1.763352964059601E+002,
6.584555229716520E+009,-2.770104983780276E+001,1.587372303293001E+002,
6.588465298142717E+009,-2.766657635130234E+001,1.423812143527183E+002,
6.592375366568914E+009,-2.777565966525453E+001,1.236890509280602E+002,
6.596285434995112E+009,-2.785116946487525E+001,1.060974120873838E+002,
6.600195503421310E+009,-2.798878985003464E+001,8.866618634110917E+001,
6.604105571847508E+009,-2.818119519652252E+001,7.251608541246380E+001,
6.608015640273705E+009,-2.802875361657155E+001,5.447284761980871E+001,
6.611925708699902E+009,-2.807091320720726E+001,3.532371325761356E+001,
6.615835777126100E+009,-2.826365827895979E+001,1.683024749291567E+001,
6.619745845552298E+009,-2.864810449210566E+001,-1.971668928127422E+000,
6.623655913978495E+009,-2.912557617606804E+001,-1.935333942862363E+001,
6.627565982404692E+009,-2.938333989851761E+001,-3.604291705248746E+001,
6.631476050830890E+009,-2.963274187653239E+001,-5.291569979315603E+001,
6.635386119257088E+009,-3.005655337990945E+001,-6.858830341354575E+001,
6.639296187683285E+009,-3.022295923021649E+001,-8.524661244447553E+001,
6.643206256109482E+009,-3.038373870228742E+001,-1.004887069987835E+002,
6.647116324535679E+009,-3.044685274101760E+001,-1.176609765528045E+002,
6.651026392961877E+009,-3.066880188065901E+001,-1.348345444092448E+002,
6.654936461388075E+009,-3.119461215235918E+001,-1.522393710791853E+002,
6.658846529814272E+009,-3.149539350399819E+001,-1.675681292907937E+002,
6.662756598240469E+009,-3.188431296504050E+001,1.778685050031665E+002,
6.666666666666666E+009,-3.183588360065719E+001,1.633494909720132E+002,
6.670576735092864E+009,-3.185375285372875E+001,1.488854813418974E+002,
6.674486803519062E+009,-3.193091147441886E+001,1.321688879189835E+002,
6.678396871945259E+009,-3.190243275161666E+001,1.165061901169607E+002,
6.682306940371456E+009,-3.168808916519915E+001,9.997431871732991E+001,
6.686217008797654E+009,-3.193959336918736E+001,8.322301292824479E+001,
6.690127077223852E+009,-3.225048216965550E+001,6.547301290117254E+001,
6.694037145650049E+009,-3.249880606477304E+001,5.042359864734425E+001,
6.697947214076246E+009,-3.273726480762506E+001,3.467738368487591E+001,
6.701857282502443E+009,-3.293807324822922E+001,2.014898051370199E+001,
6.705767350928641E+009,-3.289173510750445E+001,6.578384775554956E+000,
6.709677419354839E+009,-3.265120829567878E+001,-8.760522300859098E+000,
6.713587487781036E+009,-3.241681313055813E+001,-2.467141798817846E+001,
6.717497556207233E+009,-3.222035170125724E+001,-4.271248057240987E+001,
6.721407624633431E+009,-3.238862980130110E+001,-6.168527676394382E+001,
6.725317693059629E+009,-3.282085373656764E+001,-7.766014101731874E+001,
6.729227761485827E+009,-3.303852451046326E+001,-9.125920201089491E+001,
6.733137829912024E+009,-3.281309146280455E+001,-1.062583546385436E+002,
6.737047898338221E+009,-3.287615442327005E+001,-1.229430769473646E+002,
6.740957966764419E+009,-3.305678029489970E+001,-1.386484661160285E+002,
6.744868035190616E+009,-3.318474050802448E+001,-1.527225106657327E+002,
6.748778103616814E+009,-3.285343173403686E+001,-1.661871159097974E+002,
6.752688172043011E+009,-3.249421382722253E+001,1.775730282950602E+002,
6.756598240469208E+009,-3.233656898007533E+001,1.603406014289664E+002,
6.760508308895406E+009,-3.217215170741239E+001,1.442656328657892E+002,
6.764418377321604E+009,-3.202731865326874E+001,1.266133986331417E+002,
6.768328445747801E+009,-3.202882625355198E+001,1.101593818080204E+002,
6.772238514173998E+009,-3.184729850542276E+001,9.309750004416138E+001,
6.776148582600195E+009,-3.195835863748389E+001,7.546372352360089E+001,
6.780058651026393E+009,-3.212643032758836E+001,5.871181534753402E+001,
6.783968719452591E+009,-3.234161533666081E+001,4.348495406434864E+001,
6.787878787878788E+009,-3.207588800606204E+001,2.831892862852304E+001,
6.791788856304985E+009,-3.211531146326362E+001,1.112992722130306E+001,
6.795698924731183E+009,-3.209990089903911E+001,-4.795551136758737E+000,
6.799608993157380E+009,-3.205166083889511E+001,-2.089275196751157E+001,
6.803519061583578E+009,-3.216273821493813E+001,-3.747571601558087E+001,
6.807429130009775E+009,-3.214993493239810E+001,-5.354014557982596E+001,
6.811339198435972E+009,-3.222126611550556E+001,-6.920282138766333E+001,
6.815249266862170E+009,-3.215823466937569E+001,-8.549319685124431E+001,
6.819159335288368E+009,-3.228095428547207E+001,-1.012930445188762E+002,
6.823069403714565E+009,-3.246269236977467E+001,-1.158236884175463E+002,
6.826979472140762E+009,-3.223572309470936E+001,-1.303827894978554E+002,
6.830889540566959E+009,-3.211771736261757E+001,-1.458316306923223E+002,
6.834799608993157E+009,-3.182816046244582E+001,-1.610845706753649E+002,
6.838709677419355E+009,-3.158258178949101E+001,-1.774167313691855E+002,
6.842619745845552E+009,-3.138902911933569E+001,1.651986993792326E+002,
6.846529814271750E+009,-3.154202356574255E+001,1.475975137493282E+002,
6.850439882697948E+009,-3.177381436971104E+001,1.328682604343808E+002,
6.854349951124145E+009,-3.159829455166922E+001,1.188604936456984E+002,
6.858260019550343E+009,-3.131999962173791E+001,1.034590306604105E+002,
6.862170087976540E+009,-3.125422856602038E+001,8.677895190559194E+001,
6.866080156402737E+009,-3.133359604295823E+001,7.255842626669902E+001,
6.869990224828935E+009,-3.096606976049994E+001,5.838696039958485E+001,
6.873900293255133E+009,-3.064420691770212E+001,4.262633626292344E+001,
6.877810361681330E+009,-3.040998414496640E+001,2.737725201679271E+001,
6.881720430107527E+009,-2.991897641215036E+001,1.256102572523249E+001,
6.885630498533724E+009,-2.933110485324990E+001,-3.378240846745507E+000,
6.889540566959922E+009,-2.887993111084168E+001,-2.226852144832213E+001,
6.893450635386120E+009,-2.877539589919505E+001,-4.060648476530362E+001,
6.897360703812317E+009,-2.855926496848192E+001,-5.669979857609791E+001,
6.901270772238514E+009,-2.844709346390552E+001,-7.357966229696105E+001,
6.905180840664711E+009,-2.822210016332437E+001,-8.973600780644483E+001,
6.909090909090909E+009,-2.762845308542848E+001,-1.059744175929168E+002,
6.913000977517107E+009,-2.721830688641692E+001,-1.238671988403268E+002,
6.916911045943304E+009,-2.696914725981186E+001,-1.423304068747559E+002,
6.920821114369501E+009,-2.679233884172108E+001,-1.604595478871477E+002,
6.924731182795699E+009,-2.644317686882598E+001,-1.768568109508887E+002,
6.928641251221897E+009,-2.613549387820619E+001,1.650605981567451E+002,
6.932551319648094E+009,-2.575876402424008E+001,1.471741198238724E+002,
6.936461388074291E+009,-2.554238957215508E+001,1.281057894244032E+002,
6.940371456500488E+009,-2.543964112037557E+001,1.095269511970737E+002,
6.944281524926686E+009,-2.530963748548111E+001,9.113985249974898E+001,
6.948191593352884E+009,-2.514673376296260E+001,7.343936258596770E+001,
6.952101661779081E+009,-2.490245437882468E+001,5.485321869077997E+001,
6.956011730205278E+009,-2.482169972579448E+001,3.655813095201621E+001,
6.959921798631475E+009,-2.466042779187800E+001,1.843230270958311E+001,
6.963831867057674E+009,-2.451646469396977E+001,-2.247234056058271E-001,
6.967741935483872E+009,-2.446237814895696E+001,-1.893998011153636E+001,
6.971652003910069E+009,-2.441275906342544E+001,-3.762401585630963E+001,
6.975562072336266E+009,-2.436805321428624E+001,-5.579916463871439E+001,
6.979472140762464E+009,-2.449866754735443E+001,-7.402151896283579E+001,
6.983382209188661E+009,-2.435219563381855E+001,-9.146064982027514E+001,
6.987292277614859E+009,-2.430840007880398E+001,-1.096527133545881E+002,
6.991202346041056E+009,-2.423106826593516E+001,-1.274899803865091E+002,
6.995112414467253E+009,-2.416270622090797E+001,-1.461590720559401E+002,
6.999022482893451E+009,-2.411634188055409E+001,-1.646705176929399E+002,
7.002932551319649E+009,-2.414109039440922E+001,1.772945729265508E+002,
7.006842619745846E+009,-2.413789778183489E+001,1.589736317324945E+002,
7.010752688172043E+009,-2.410326063837299E+001,1.407758606464348E+002,
7.014662756598240E+009,-2.423201542125977E+001,1.223359461589687E+002,
7.018572825024438E+009,-2.425288169758837E+001,1.037382822655210E+002,
7.022482893450636E+009,-2.442705204809731E+001,8.576015433588988E+001,
7.026392961876833E+009,-2.441009465218481E+001,6.802249855775877E+001,
7.030303030303030E+009,-2.442847279577382E+001,5.018911034963762E+001,
7.034213098729228E+009,-2.454441647183604E+001,3.205096637299984E+001,
7.038123167155425E+009,-2.466120407055067E+001,1.418432112858694E+001,
7.042033235581623E+009,-2.465298005466872E+001,-3.773660817219779E+000,
7.045943304007820E+009,-2.466370776980440E+001,-2.150094710199226E+001,
7.049853372434017E+009,-2.460453419611698E+001,-4.025530747384487E+001,
7.053763440860215E+009,-2.472962894063033E+001,-5.917538529330468E+001,
7.057673509286413E+009,-2.497102119433838E+001,-7.822835072799525E+001,
7.061583577712610E+009,-2.530611899704745E+001,-9.678299266318355E+001,
7.065493646138807E+009,-2.562771340268116E+001,-1.149132406412966E+002,
7.069403714565004E+009,-2.598485685997077E+001,-1.323628919625274E+002,
7.073313782991202E+009,-2.628659334406449E+001,-1.497981469060085E+002,
7.077223851417400E+009,-2.665504188985734E+001,-1.651638747888102E+002,
7.081133919843597E+009,-2.673729942339921E+001,1.789794442272745E+002,
7.085043988269795E+009,-2.693628592597287E+001,1.618520373662905E+002,
7.088954056695993E+009,-2.712559941328612E+001,1.444357020379949E+002,
7.092864125122190E+009,-2.741555755685442E+001,1.287112682447135E+002,
7.096774193548388E+009,-2.783979062444589E+001,1.130280336085218E+002,
7.100684261974585E+009,-2.779830158571177E+001,9.887095243230935E+001,
7.104594330400782E+009,-2.779945773408464E+001,8.316012446735022E+001,
7.108504398826980E+009,-2.791774809492438E+001,6.632864719778739E+001,
7.112414467253178E+009,-2.781849651137296E+001,5.076813119392091E+001,
7.116324535679375E+009,-2.787121455016137E+001,3.443816465621567E+001,
7.120234604105572E+009,-2.802085826430067E+001,1.855601743053471E+001,
7.124144672531769E+009,-2.817672916348481E+001,3.406525144210381E+000,
7.128054740957967E+009,-2.800926871567851E+001,-1.097375263783708E+001,
7.131964809384165E+009,-2.769411879442217E+001,-2.582197781033519E+001,
7.135874877810362E+009,-2.727316001758616E+001,-4.259536623251120E+001,
7.139784946236559E+009,-2.713055106311654E+001,-6.019366048046084E+001,
7.143695014662756E+009,-2.711852863213588E+001,-7.807070189287566E+001,
7.147605083088954E+009,-2.700715678663075E+001,-9.530069850731772E+001,
7.151515151515152E+009,-2.710598488189536E+001,-1.123377841641577E+002,
7.155425219941349E+009,-2.707446481672977E+001,-1.287009289935971E+002,
7.159335288367546E+009,-2.711511272638911E+001,-1.457411713179253E+002,
7.163245356793744E+009,-2.700560814848923E+001,-1.614584657733961E+002,
7.167155425219942E+009,-2.704317898527537E+001,-1.772674635274757E+002,
7.171065493646139E+009,-2.694937684835983E+001,1.666771809161864E+002,
7.174975562072336E+009,-2.651339583401425E+001,1.508629223745996E+002,
7.178885630498533E+009,-2.625116102058258E+001,1.329151087239584E+002,
7.182795698924731E+009,-2.602719725078242E+001,1.147143811884676E+002,
7.186705767350929E+009,-2.597713331240020E+001,9.595223568959892E+001,
7.190615835777126E+009,-2.584135503622662E+001,7.746713417682148E+001,
7.194525904203323E+009,-2.602450211424813E+001,6.016187067505767E+001,
7.198435972629520E+009,-2.594847737881953E+001,4.328390286711646E+001,
7.202346041055718E+009,-2.581592308966103E+001,2.549903308443406E+001,
7.206256109481916E+009,-2.575190806301982E+001,7.924457029928606E+000,
7.210166177908114E+009,-2.572708502646816E+001,-9.427061897495008E+000,
7.214076246334311E+009,-2.563643241970810E+001,-2.677019280797041E+001,
7.217986314760509E+009,-2.559465773905339E+001,-4.612204663731178E+001,
7.221896383186706E+009,-2.571164840345399E+001,-6.440925288824286E+001,
7.225806451612904E+009,-2.582144443361700E+001,-8.266271055181204E+001,
7.229716520039101E+009,-2.598467748184959E+001,-1.000463027643559E+002,
7.233626588465298E+009,-2.617219826585672E+001,-1.163678422200145E+002,
7.237536656891496E+009,-2.617025459290668E+001,-1.330994221562546E+002,
7.241446725317694E+009,-2.615286010363077E+001,-1.496258590977805E+002,
7.245356793743891E+009,-2.610830221057167E+001,-1.670664356854578E+002,
7.249266862170088E+009,-2.605878446365400E+001,1.749043129116735E+002,
7.253176930596285E+009,-2.609246803575875E+001,1.573391492447339E+002,
7.257086999022483E+009,-2.626960775707477E+001,1.402678368625220E+002,
7.260997067448681E+009,-2.632547941193345E+001,1.223751782301254E+002,
7.264907135874878E+009,-2.657223631808861E+001,1.050606896606581E+002,
7.268817204301075E+009,-2.685002016890102E+001,8.863426983106253E+001,
7.272727272727273E+009,-2.704330232504131E+001,7.467057520339556E+001,
7.276637341153470E+009,-2.671425553780932E+001,6.063745843796324E+001,
7.280547409579668E+009,-2.636080254386076E+001,4.415484628672061E+001,
7.284457478005865E+009,-2.602016579238250E+001,2.659405324591556E+001,
7.288367546432062E+009,-2.586283211304126E+001,7.963891335462536E+000,
7.292277614858260E+009,-2.579771453782065E+001,-1.040691355155352E+001,
7.296187683284458E+009,-2.587858684519444E+001,-2.812279409883275E+001,
7.300097751710655E+009,-2.591688890997767E+001,-4.517310257557055E+001,
7.304007820136852E+009,-2.593459680947253E+001,-6.228830311244705E+001,
7.307917888563049E+009,-2.583883217646373E+001,-7.911299386129169E+001,
7.311827956989247E+009,-2.600336112123828E+001,-9.656894301969466E+001,
7.315738025415445E+009,-2.589873969017966E+001,-1.129977854439297E+002,
7.319648093841642E+009,-2.572217680529823E+001,-1.303209418573887E+002,
7.323558162267839E+009,-2.551271911848663E+001,-1.481317718258927E+002,
7.327468230694037E+009,-2.539310715000768E+001,-1.657007469043908E+002,
7.331378299120235E+009,-2.529023564937998E+001,1.757310223483258E+002,
7.335288367546433E+009,-2.529467773245112E+001,1.579068928807928E+002,
7.339198435972630E+009,-2.519809029351823E+001,1.400188061908622E+002,
7.343108504398827E+009,-2.522169312845996E+001,1.215636013215596E+002,
7.347018572825025E+009,-2.521351836137390E+001,1.032644757020759E+002,
7.350928641251223E+009,-2.523792751407680E+001,8.549539923789851E+001,
7.354838709677420E+009,-2.529986187937616E+001,6.773975438829412E+001,
7.358748778103617E+009,-2.522128612341582E+001,4.985838020083621E+001,
7.362658846529814E+009,-2.520768227203987E+001,3.182889256929950E+001,
7.366568914956012E+009,-2.527199859316795E+001,1.294172770657299E+001,
7.370478983382210E+009,-2.540022814991264E+001,-4.634489362272410E+000,
7.374389051808407E+009,-2.545124871819465E+001,-2.212201001113816E+001,
7.378299120234604E+009,-2.539705974744125E+001,-3.982858541186992E+001,
7.382209188660801E+009,-2.538483987444518E+001,-5.893985476228237E+001,
7.386119257086999E+009,-2.556897143144353E+001,-7.771744218028475E+001,
7.390029325513197E+009,-2.574330607265992E+001,-9.600741216202623E+001,
7.393939393939394E+009,-2.590361610073955E+001,-1.129993756332950E+002,
7.397849462365591E+009,-2.599993503262092E+001,-1.313005038633248E+002,
7.401759530791789E+009,-2.616253819166696E+001,-1.499166217538966E+002,
7.405669599217987E+009,-2.640342438418649E+001,-1.681602494447809E+002,
7.409579667644184E+009,-2.657696292981921E+001,1.760210353376223E+002,
7.413489736070381E+009,-2.671029180640561E+001,1.583682513400703E+002,
7.417399804496578E+009,-2.664389564528708E+001,1.410700574420275E+002,
7.421309872922776E+009,-2.670459339293677E+001,1.224873876522724E+002,
7.425219941348974E+009,-2.673224212482113E+001,1.045427268453720E+002,
7.429130009775171E+009,-2.704115656046421E+001,8.475850149033417E+001,
7.433040078201368E+009,-2.735887232467653E+001,6.657861853690599E+001,
7.436950146627565E+009,-2.787289247712116E+001,4.891457561352198E+001,
7.440860215053763E+009,-2.809332655082152E+001,3.272931112788657E+001,
7.444770283479961E+009,-2.832383099187280E+001,1.697768598603562E+001,
7.448680351906158E+009,-2.848437581157930E+001,-6.341292159383525E-001,
7.452590420332356E+009,-2.858327151339032E+001,-1.698702759302168E+001,
7.456500488758554E+009,-2.871562344481359E+001,-3.547177077293076E+001,
7.460410557184751E+009,-2.893530169087637E+001,-5.312383915759006E+001,
7.464320625610949E+009,-2.932380362916613E+001,-7.162281323985798E+001,
7.468230694037146E+009,-2.977263148603690E+001,-8.924073762952494E+001,
7.472140762463343E+009,-3.029226620526335E+001,-1.042736223835840E+002,
7.476050830889541E+009,-3.039662794444887E+001,-1.200898767245798E+002,
7.479960899315739E+009,-3.064388334740262E+001,-1.350371574125546E+002,
7.483870967741936E+009,-3.077549701004810E+001,-1.518214835057116E+002,
7.487781036168133E+009,-3.081309328322523E+001,-1.691603403896525E+002,
7.491691104594330E+009,-3.103041472983067E+001,1.744982846031318E+002,
7.495601173020528E+009,-3.129168146286752E+001,1.571523077126166E+002,
7.499511241446726E+009,-3.163071919657097E+001,1.401927591207449E+002,
7.503421309872923E+009,-3.185359784630776E+001,1.237292701227921E+002,
7.507331378299120E+009,-3.240738747276871E+001,1.082238246245202E+002,
7.511241446725318E+009,-3.268880243659499E+001,9.359811219366218E+001,
7.515151515151515E+009,-3.281721780879936E+001,8.005187457480525E+001,
7.519061583577713E+009,-3.265859085288630E+001,6.580748967646231E+001,
7.522971652003910E+009,-3.242957951358368E+001,4.978938145423899E+001,
7.526881720430107E+009,-3.243940393696106E+001,3.264550405071210E+001,
7.530791788856305E+009,-3.239885348492475E+001,1.635108773557643E+001,
7.534701857282503E+009,-3.237359982990895E+001,-1.408528270035266E+000,
7.538611925708700E+009,-3.250821612843760E+001,-1.919694609215811E+001,
7.542521994134897E+009,-3.287373583898589E+001,-3.629274624524103E+001,
7.546432062561094E+009,-3.325939000532798E+001,-5.221915862930175E+001,
7.550342130987292E+009,-3.360631727730504E+001,-6.722116692615127E+001,
7.554252199413490E+009,-3.383935852231498E+001,-8.041905736194273E+001,
7.558162267839687E+009,-3.365364076324242E+001,-9.340487911151877E+001,
7.562072336265884E+009,-3.324617900275531E+001,-1.095913670883686E+002,
7.565982404692082E+009,-3.314578128655781E+001,-1.266664426945642E+002,
7.569892473118280E+009,-3.320683929990125E+001,-1.434963933329091E+002,
7.573802541544478E+009,-3.322696131259353E+001,-1.589926162387572E+002,
7.577712609970675E+009,-3.303596250106926E+001,-1.744210337436933E+002,
7.581622678396872E+009,-3.289014106599014E+001,1.686789188893062E+002,
7.585532746823070E+009,-3.271614568138621E+001,1.519958763116152E+002,
7.589442815249268E+009,-3.263553242896381E+001,1.334420812524348E+002,
7.593352883675465E+009,-3.287828450668786E+001,1.158654489781001E+002,
7.597262952101662E+009,-3.288290362599346E+001,9.958912246459818E+001,
7.601173020527859E+009,-3.288292607715130E+001,8.277084960929022E+001,
7.605083088954057E+009,-3.296780402568820E+001,6.574541253583944E+001,
7.608993157380255E+009,-3.297663604656458E+001,4.934306138658752E+001,
7.612903225806452E+009,-3.286074082784040E+001,3.154560136252575E+001,
7.616813294232649E+009,-3.290612219797653E+001,1.282457818768971E+001,
7.620723362658846E+009,-3.311604633135814E+001,-5.465798070804101E+000,
7.624633431085044E+009,-3.351132429031423E+001,-2.441447806350050E+001,
7.628543499511242E+009,-3.406828607763926E+001,-4.062654798435381E+001,
7.632453567937439E+009,-3.448730237505914E+001,-5.602269104507593E+001,
7.636363636363636E+009,-3.487048653704865E+001,-7.020250576353156E+001,
7.640273704789834E+009,-3.501051900199659E+001,-8.469322433447630E+001,
7.644183773216032E+009,-3.538113783772381E+001,-1.008449713536100E+002,
7.648093841642229E+009,-3.558573596060291E+001,-1.137146705649284E+002,
7.652003910068426E+009,-3.549955651359061E+001,-1.270886343006635E+002,
7.655913978494623E+009,-3.565263607258436E+001,-1.420521346648160E+002,
7.659824046920821E+009,-3.568419713623436E+001,-1.553453474034770E+002,
7.663734115347019E+009,-3.552004902056621E+001,-1.709064013719163E+002,
7.667644183773216E+009,-3.579867799578761E+001,1.741299176085730E+002,
7.671554252199413E+009,-3.609265497327544E+001,1.614266782084509E+002,
7.675464320625610E+009,-3.574859628656512E+001,1.519000575958452E+002,
7.679374389051808E+009,-3.511573649323073E+001,1.390081672629611E+002,
7.683284457478006E+009,-3.438633311989975E+001,1.250849487920291E+002,
7.687194525904203E+009,-3.382486735874120E+001,1.084072153860740E+002,
7.691104594330401E+009,-3.325832616143578E+001,9.260470321881445E+001,
7.695014662756599E+009,-3.266181354625166E+001,7.463755357382871E+001,
7.698924731182797E+009,-3.236076218331817E+001,5.669781060695797E+001,
7.702834799608994E+009,-3.200204375937324E+001,4.005081857931280E+001,
7.706744868035191E+009,-3.149212163271147E+001,2.198193359641475E+001,
7.710654936461388E+009,-3.122460767058335E+001,2.988364412604160E+000,
7.714565004887586E+009,-3.112340661003254E+001,-1.523654667793682E+001,
7.718475073313784E+009,-3.107112714650158E+001,-3.286226799721634E+001,
7.722385141739981E+009,-3.106211371443500E+001,-4.872348685636323E+001,
7.726295210166178E+009,-3.069726555559028E+001,-6.426818563112634E+001,
7.730205278592375E+009,-3.012547595267802E+001,-8.175620548989579E+001,
7.734115347018573E+009,-2.982013603747642E+001,-1.005712947393141E+002,
7.738025415444771E+009,-2.946251440163369E+001,-1.193932807852874E+002,
7.741935483870968E+009,-2.928688936869360E+001,-1.388097510319706E+002,
7.745845552297165E+009,-2.921749324222607E+001,-1.580416837709583E+002,
7.749755620723363E+009,-2.916673773087495E+001,-1.769583278520750E+002,
7.753665689149560E+009,-2.921051832560227E+001,1.638685024727694E+002,
7.757575757575758E+009,-2.929702194393309E+001,1.452726453642762E+002,
7.761485826001955E+009,-2.938575342090859E+001,1.275263824288358E+002,
7.765395894428152E+009,-2.948269200098725E+001,1.097685508781045E+002,
7.769305962854350E+009,-2.953367573201824E+001,9.244955075218863E+001,
7.773216031280548E+009,-2.953658197111247E+001,7.549117047571117E+001,
7.777126099706745E+009,-2.939443889407563E+001,5.891264150782929E+001,
7.781036168132942E+009,-2.909099047042576E+001,4.151575063747412E+001,
7.784946236559139E+009,-2.881796966348133E+001,2.124094699268504E+001,
7.788856304985337E+009,-2.877828485569428E+001,1.009962996413556E+000,
7.792766373411535E+009,-2.898238221416101E+001,-1.917952298133572E+001,
7.796676441837732E+009,-2.936369842906816E+001,-3.756666805513675E+001,
7.800586510263929E+009,-2.966200919953198E+001,-5.601949791926872E+001,
7.804496578690127E+009,-2.965855986831161E+001,-7.418286335841918E+001,
7.808406647116324E+009,-3.006180883930854E+001,-9.195621647151616E+001,
7.812316715542522E+009,-3.032469080885829E+001,-1.090561119555942E+002,
7.816226783968720E+009,-3.040586456210937E+001,-1.252194471214293E+002,
7.820136852394917E+009,-3.030229086110742E+001,-1.442363465697949E+002,
7.824046920821115E+009,-3.051872299505501E+001,-1.641693568422654E+002,
7.827956989247313E+009,-3.102385248804256E+001,1.769128874084732E+002,
7.831867057673510E+009,-3.143948786717361E+001,1.596382865707906E+002,
7.835777126099707E+009,-3.176029069961631E+001,1.411972917720029E+002,
7.839687194525904E+009,-3.218944723456045E+001,1.237896076665399E+002,
7.843597262952102E+009,-3.269035729383762E+001,1.076073274327384E+002,
7.847507331378300E+009,-3.304677296239679E+001,9.092095715332961E+001,
7.851417399804497E+009,-3.365434039298548E+001,7.490021045661590E+001,
7.855327468230694E+009,-3.404542856505345E+001,6.057057404782971E+001,
7.859237536656891E+009,-3.421980247947302E+001,4.501155020907053E+001,
7.863147605083089E+009,-3.464134575740554E+001,2.961253904590048E+001,
7.867057673509287E+009,-3.485840681170887E+001,1.550613561387875E+001,
7.870967741935484E+009,-3.488861751446501E+001,6.876315724506392E-001,
7.874877810361681E+009,-3.494333666954600E+001,-1.623233574462596E+001,
7.878787878787879E+009,-3.550133811915585E+001,-3.177132489617801E+001,
7.882697947214077E+009,-3.578730371415100E+001,-4.600712966455237E+001,
7.886608015640274E+009,-3.596635432050438E+001,-5.990339211610120E+001,
7.890518084066471E+009,-3.623165043855514E+001,-7.361841678211260E+001,
7.894428152492668E+009,-3.634193171552245E+001,-8.686538521493637E+001,
7.898338220918866E+009,-3.641940627039639E+001,-9.892319871753054E+001,
7.902248289345064E+009,-3.604128237665847E+001,-1.117510420002412E+002,
7.906158357771261E+009,-3.579013783477151E+001,-1.255433910742553E+002,
7.910068426197458E+009,-3.530413441419074E+001,-1.399028456485949E+002,
7.913978494623655E+009,-3.493505152452357E+001,-1.555116458219446E+002,
7.917888563049853E+009,-3.453680086257752E+001,-1.723026235896451E+002,
7.921798631476051E+009,-3.438330762776600E+001,1.700358762595091E+002,
7.925708699902248E+009,-3.455424016134793E+001,1.531435936519119E+002,
7.929618768328445E+009,-3.464446102790375E+001,1.394855111883111E+002,
7.933528836754643E+009,-3.439416751943917E+001,1.254150503310735E+002,
7.937438905180841E+009,-3.406512386127093E+001,1.117227622103967E+002,
7.941348973607039E+009,-3.350261312769890E+001,9.609311928037329E+001,
7.945259042033236E+009,-3.290392922186575E+001,7.940421491534420E+001,
7.949169110459433E+009,-3.249324424117923E+001,6.084900505286001E+001,
7.953079178885631E+009,-3.229200017100337E+001,4.286416635240133E+001,
7.956989247311829E+009,-3.225096498840602E+001,2.537668290790650E+001,
7.960899315738026E+009,-3.215452340550615E+001,8.163546213517416E+000,
7.964809384164223E+009,-3.208500098623362E+001,-8.440454457587009E+000,
7.968719452590420E+009,-3.194074016670528E+001,-2.509439683912797E+001,
7.972629521016618E+009,-3.179854371851669E+001,-4.207307794465787E+001,
7.976539589442816E+009,-3.170497453467441E+001,-5.919575041381133E+001,
7.980449657869013E+009,-3.160744767219354E+001,-7.606980903660312E+001,
7.984359726295210E+009,-3.159966087460039E+001,-9.313856414810829E+001,
7.988269794721408E+009,-3.165420661315820E+001,-1.093889538297845E+002,
7.992179863147605E+009,-3.154989340580441E+001,-1.243683969907119E+002,
7.996089931573803E+009,-3.136898848844996E+001,-1.399019514655326E+002,
8.000000000000000E+009,-3.115163425727812E+001,-1.556214784576602E+002,
