% Version 1.00
%
%freq[Hz];db:Trc1_S21;ang:Trc1_S21;
4.000000000000000E+009,-2.430246805951727E+001,-9.478776210814446E+001,
4.003910068426198E+009,-2.448065867356042E+001,-1.100294265638915E+002,
4.007820136852395E+009,-2.481719430456497E+001,-1.232660257246264E+002,
4.011730205278593E+009,-2.470060859960820E+001,-1.359380343352494E+002,
4.015640273704790E+009,-2.419462620921400E+001,-1.483645405951447E+002,
4.019550342130987E+009,-2.358094544269243E+001,-1.642775685976411E+002,
4.023460410557185E+009,-2.313459700558601E+001,1.787396852024259E+002,
4.027370478983382E+009,-2.299868390475100E+001,1.615401465746232E+002,
4.031280547409580E+009,-2.283690427297358E+001,1.456197522094928E+002,
4.035190615835777E+009,-2.265499758142223E+001,1.290467464065223E+002,
4.039100684261975E+009,-2.248212432919030E+001,1.135668061747284E+002,
4.043010752688172E+009,-2.215211967882349E+001,9.771466433042203E+001,
4.046920821114369E+009,-2.195256673910285E+001,8.192885674195868E+001,
4.050830889540567E+009,-2.135512126468076E+001,6.690993599701660E+001,
4.054740957966765E+009,-2.078125546272468E+001,4.884426258218530E+001,
4.058651026392962E+009,-2.043531865373893E+001,3.001002519812966E+001,
4.062561094819160E+009,-2.018773418009630E+001,1.176081295932668E+001,
4.066471163245357E+009,-1.993077072194687E+001,-5.793582328535088E+000,
4.070381231671554E+009,-1.967569364432319E+001,-2.408499281702534E+001,
4.074291300097752E+009,-1.947531512824188E+001,-4.271011462845097E+001,
4.078201368523949E+009,-1.929675277602187E+001,-6.084410492877071E+001,
4.082111436950147E+009,-1.914554393729353E+001,-7.963180509707701E+001,
4.086021505376344E+009,-1.902166864784291E+001,-9.810296386200646E+001,
4.089931573802542E+009,-1.899308373152818E+001,-1.164653201391627E+002,
4.093841642228739E+009,-1.893843345196278E+001,-1.343138098546023E+002,
4.097751710654936E+009,-1.881350017889894E+001,-1.521628170866081E+002,
4.101661779081134E+009,-1.868889520935036E+001,-1.703997451362306E+002,
4.105571847507331E+009,-1.867449790615715E+001,1.715043737733050E+002,
4.109481915933529E+009,-1.853315574965954E+001,1.536891199833437E+002,
4.113391984359726E+009,-1.844512060236261E+001,1.349995792688303E+002,
4.117302052785924E+009,-1.841216332746227E+001,1.164180224378738E+002,
4.121212121212121E+009,-1.843125130762231E+001,9.805710852695043E+001,
4.125122189638319E+009,-1.845842710463203E+001,7.973065027545663E+001,
4.129032258064516E+009,-1.850533798761784E+001,6.206231676050636E+001,
4.132942326490714E+009,-1.840950030364935E+001,4.452472236788055E+001,
4.136852394916911E+009,-1.823773332424968E+001,2.597474287113719E+001,
4.140762463343109E+009,-1.831044883971909E+001,7.342551251220755E+000,
4.144672531769306E+009,-1.830609912960221E+001,-1.117101866170933E+001,
4.148582600195503E+009,-1.835703138096241E+001,-2.971393174367928E+001,
4.152492668621701E+009,-1.840072996436578E+001,-4.784803799569876E+001,
4.156402737047898E+009,-1.844168469424739E+001,-6.655019321238154E+001,
4.160312805474096E+009,-1.851212311323561E+001,-8.471123539634307E+001,
4.164222873900293E+009,-1.859445782553736E+001,-1.032601549475786E+002,
4.168132942326491E+009,-1.871160480867759E+001,-1.213108428117107E+002,
4.172043010752688E+009,-1.884972921361585E+001,-1.395535052262878E+002,
4.175953079178886E+009,-1.901542550097270E+001,-1.572442775909038E+002,
4.179863147605083E+009,-1.919576785461849E+001,-1.751987429524799E+002,
4.183773216031281E+009,-1.941824121930116E+001,1.675308768401461E+002,
4.187683284457478E+009,-1.941764256656484E+001,1.508154824890207E+002,
4.191593352883676E+009,-1.945461524595429E+001,1.332057077598543E+002,
4.195503421309873E+009,-1.947689177339137E+001,1.156754081776256E+002,
4.199413489736071E+009,-1.949802872029304E+001,9.806894656572159E+001,
4.203323558162268E+009,-1.958449910267325E+001,7.987412751240193E+001,
4.207233626588465E+009,-1.977384864020894E+001,6.239486143692805E+001,
4.211143695014663E+009,-1.988318386898980E+001,4.514628552427740E+001,
4.215053763440860E+009,-2.001060794653504E+001,2.759585169929903E+001,
4.218963831867058E+009,-2.013610255031992E+001,1.082340848468470E+001,
4.222873900293255E+009,-2.022206132840839E+001,-6.350269875453127E+000,
4.226783968719452E+009,-2.020662809599147E+001,-2.322638765165878E+001,
4.230694037145650E+009,-2.026583675595954E+001,-4.086567519774535E+001,
4.234604105571847E+009,-2.029466207696792E+001,-5.821578824627812E+001,
4.238514173998045E+009,-2.034512456093848E+001,-7.527429155703449E+001,
4.242424242424243E+009,-2.031790202073407E+001,-9.314619742182559E+001,
4.246334310850440E+009,-2.041474058997895E+001,-1.109271775275792E+002,
4.250244379276638E+009,-2.056339632056455E+001,-1.282181907829499E+002,
4.254154447702835E+009,-2.067269937852159E+001,-1.454764516430507E+002,
4.258064516129032E+009,-2.066215965492793E+001,-1.632517530631091E+002,
4.261974584555230E+009,-2.082336210732793E+001,1.794076424141252E+002,
4.265884652981427E+009,-2.086183493668234E+001,1.620809662469958E+002,
4.269794721407625E+009,-2.099675978435721E+001,1.445047256375514E+002,
4.273704789833822E+009,-2.122189512157276E+001,1.269497789012625E+002,
4.277614858260019E+009,-2.137451831629642E+001,1.105897978403257E+002,
4.281524926686217E+009,-2.136672548509383E+001,9.392900205044330E+001,
4.285434995112414E+009,-2.139222513790830E+001,7.696493736634604E+001,
4.289345063538612E+009,-2.141394435948529E+001,5.946798967416940E+001,
4.293255131964809E+009,-2.152640597503923E+001,4.123627321193973E+001,
4.297165200391007E+009,-2.182579423281648E+001,2.398728644951406E+001,
4.301075268817205E+009,-2.202158301681809E+001,8.326887176501224E+000,
4.304985337243402E+009,-2.207051164973074E+001,-8.234241658505566E+000,
4.308895405669600E+009,-2.214329516813396E+001,-2.380693581265233E+001,
4.312805474095797E+009,-2.204823569408564E+001,-3.978591204857341E+001,
4.316715542521994E+009,-2.191264266071062E+001,-5.692638636866439E+001,
4.320625610948192E+009,-2.190217932514651E+001,-7.532817028579460E+001,
4.324535679374389E+009,-2.213986620268432E+001,-9.286365673133764E+001,
4.328445747800587E+009,-2.221234737379427E+001,-1.090517441464441E+002,
4.332355816226784E+009,-2.220875461719107E+001,-1.259730248786115E+002,
4.336265884652982E+009,-2.215492195618971E+001,-1.426008829066500E+002,
4.340175953079179E+009,-2.227761821356062E+001,-1.607080906694100E+002,
4.344086021505377E+009,-2.252312531903402E+001,-1.772179507093079E+002,
4.347996089931574E+009,-2.258006822705060E+001,1.666689990049538E+002,
4.351906158357771E+009,-2.264958651057894E+001,1.506122420719318E+002,
4.355816226783969E+009,-2.256967663046496E+001,1.347578684054764E+002,
4.359726295210166E+009,-2.242240334579983E+001,1.185572338599074E+002,
4.363636363636364E+009,-2.222693585133628E+001,1.005811274814380E+002,
4.367546432062561E+009,-2.233443028564803E+001,8.265507226886106E+001,
4.371456500488758E+009,-2.243569403596812E+001,6.543495060212300E+001,
4.375366568914956E+009,-2.259056692547718E+001,4.826626667985420E+001,
4.379276637341153E+009,-2.272585624770704E+001,3.200245344544033E+001,
4.383186705767351E+009,-2.264498860796273E+001,1.651782188411140E+001,
4.387096774193548E+009,-2.258469164032519E+001,-1.023676907336690E-001,
4.391006842619746E+009,-2.243366982710443E+001,-1.676303472821645E+001,
4.394916911045943E+009,-2.224576842309436E+001,-3.389856461446425E+001,
4.398826979472141E+009,-2.219275571131099E+001,-5.224486528679919E+001,
4.402737047898338E+009,-2.232826566375572E+001,-6.971867721751065E+001,
4.406647116324535E+009,-2.240291893404619E+001,-8.663272299273397E+001,
4.410557184750733E+009,-2.242744314524879E+001,-1.039950502840217E+002,
4.414467253176930E+009,-2.240669661683071E+001,-1.210282545982428E+002,
4.418377321603128E+009,-2.257182241347891E+001,-1.378848107253697E+002,
4.422287390029326E+009,-2.270698046429014E+001,-1.543820952078864E+002,
4.426197458455523E+009,-2.266360078527295E+001,-1.701210571314763E+002,
4.430107526881721E+009,-2.258042749892199E+001,1.738314146508571E+002,
4.434017595307918E+009,-2.240381032231367E+001,1.566237133675381E+002,
4.437927663734116E+009,-2.246950169951403E+001,1.390283095907577E+002,
4.441837732160313E+009,-2.250599221992970E+001,1.231190001259374E+002,
4.445747800586511E+009,-2.245723757945584E+001,1.067339671874897E+002,
4.449657869012708E+009,-2.230883573791095E+001,9.052910105634446E+001,
4.453567937438905E+009,-2.212698566814821E+001,7.299594662812110E+001,
4.457478005865103E+009,-2.216246233152830E+001,5.562747802412227E+001,
4.461388074291300E+009,-2.214210178827600E+001,3.895560392190038E+001,
4.465298142717498E+009,-2.204529523396720E+001,2.205374061391069E+001,
4.469208211143695E+009,-2.193926915955211E+001,4.973425302403840E+000,
4.473118279569893E+009,-2.187454957772951E+001,-1.177528547043967E+001,
4.477028347996090E+009,-2.174579610632840E+001,-2.876320977151347E+001,
4.480938416422287E+009,-2.158956465092108E+001,-4.637404479371628E+001,
4.484848484848485E+009,-2.155347782407600E+001,-6.437877813577303E+001,
4.488758553274682E+009,-2.159612318199078E+001,-8.157545098791651E+001,
4.492668621700880E+009,-2.152305922240629E+001,-9.827792522034363E+001,
4.496578690127077E+009,-2.149116359361070E+001,-1.156502099566149E+002,
4.500488758553275E+009,-2.145896229282567E+001,-1.333328195043277E+002,
4.504398826979472E+009,-2.137617279870814E+001,-1.503269741594427E+002,
4.508308895405669E+009,-2.138485080082017E+001,-1.681390192404667E+002,
4.512218963831867E+009,-2.152118719168875E+001,1.753127529710619E+002,
4.516129032258064E+009,-2.143850914574036E+001,1.589812514930654E+002,
4.520039100684262E+009,-2.135315474788269E+001,1.415538466982779E+002,
4.523949169110459E+009,-2.134520769636872E+001,1.244909920671525E+002,
4.527859237536657E+009,-2.128289076629252E+001,1.071264137670402E+002,
4.531769305962854E+009,-2.123560724863403E+001,8.974340667359988E+001,
4.535679374389051E+009,-2.123194433488605E+001,7.190789853130355E+001,
4.539589442815249E+009,-2.136307988621028E+001,5.540224553199196E+001,
4.543499511241447E+009,-2.132782225248712E+001,3.849417046639972E+001,
4.547409579667645E+009,-2.130009735001538E+001,2.167318182236518E+001,
4.551319648093842E+009,-2.120811370124953E+001,4.652352085667430E+000,
4.555229716520039E+009,-2.118390055887390E+001,-1.192372661882141E+001,
4.559139784946237E+009,-2.107421489125832E+001,-2.973037219287009E+001,
4.563049853372434E+009,-2.110911484715581E+001,-4.718597279239959E+001,
4.566959921798632E+009,-2.113235712690753E+001,-6.417146522050673E+001,
4.570869990224829E+009,-2.100202280578484E+001,-8.085577246995101E+001,
4.574780058651027E+009,-2.088796167030635E+001,-9.892544448380380E+001,
4.578690127077224E+009,-2.098033259868809E+001,-1.166056141539831E+002,
4.582600195503422E+009,-2.097638763833185E+001,-1.331021762257452E+002,
4.586510263929619E+009,-2.090716229069216E+001,-1.501776368217801E+002,
4.590420332355816E+009,-2.087497242691141E+001,-1.676867720776185E+002,
4.594330400782014E+009,-2.090284704257315E+001,1.750611689281628E+002,
4.598240469208211E+009,-2.090624181915045E+001,1.579904738842742E+002,
4.602150537634409E+009,-2.090888878072334E+001,1.410960989725925E+002,
4.606060606060606E+009,-2.085417827617572E+001,1.245341879332512E+002,
4.609970674486803E+009,-2.071932506902292E+001,1.075164377310407E+002,
4.613880742913001E+009,-2.060804640840535E+001,8.965705416678327E+001,
4.617790811339198E+009,-2.057815725252780E+001,7.166535010767825E+001,
4.621700879765396E+009,-2.053415121299578E+001,5.409926292891813E+001,
4.625610948191593E+009,-2.050358427278553E+001,3.618179061277547E+001,
4.629521016617791E+009,-2.055034148027993E+001,1.819613116932214E+001,
4.633431085043988E+009,-2.058654005741435E+001,7.804507764662853E-001,
4.637341153470186E+009,-2.060150371279174E+001,-1.743090946122383E+001,
4.641251221896383E+009,-2.075638004568236E+001,-3.519793032755370E+001,
4.645161290322580E+009,-2.091352265851152E+001,-5.172400450920095E+001,
4.649071358748778E+009,-2.093362945968996E+001,-6.837485877028720E+001,
4.652981427174975E+009,-2.085668566362980E+001,-8.500787551386800E+001,
4.656891495601173E+009,-2.070248391668678E+001,-1.021782869227886E+002,
4.660801564027371E+009,-2.062273349428180E+001,-1.201917770929635E+002,
4.664711632453568E+009,-2.061918958248451E+001,-1.386496229419200E+002,
4.668621700879766E+009,-2.068493801395717E+001,-1.565445018862178E+002,
4.672531769305963E+009,-2.072264961335543E+001,-1.745752014218031E+002,
4.676441837732161E+009,-2.090274772569913E+001,1.674563311743405E+002,
4.680351906158358E+009,-2.111014275645195E+001,1.509140842953846E+002,
4.684261974584556E+009,-2.117255241566391E+001,1.343262338354321E+002,
4.688172043010753E+009,-2.120726014743234E+001,1.182197978158028E+002,
4.692082111436951E+009,-2.106696576111067E+001,1.016059554805533E+002,
4.695992179863148E+009,-2.091537622610127E+001,8.405218619464783E+001,
4.699902248289345E+009,-2.091216872528183E+001,6.623186059260513E+001,
4.703812316715543E+009,-2.081275651834275E+001,4.773790662656468E+001,
4.707722385141740E+009,-2.097363735854045E+001,2.932869904411746E+001,
4.711632453567938E+009,-2.116333532000291E+001,1.183647260511533E+001,
4.715542521994135E+009,-2.124817804333121E+001,-5.087754504352141E+000,
4.719452590420332E+009,-2.126110860210407E+001,-2.222037336787521E+001,
4.723362658846530E+009,-2.134923412767218E+001,-3.957108363816258E+001,
4.727272727272727E+009,-2.134222544234950E+001,-5.661817111194458E+001,
4.731182795698925E+009,-2.135304656044763E+001,-7.463492102512736E+001,
4.735092864125122E+009,-2.151635503443459E+001,-9.217354312075068E+001,
4.739002932551320E+009,-2.158837117393674E+001,-1.099818612026385E+002,
4.742913000977517E+009,-2.169128645253166E+001,-1.271686328882740E+002,
4.746823069403714E+009,-2.171931362539581E+001,-1.442068888451010E+002,
4.750733137829912E+009,-2.176932453752933E+001,-1.626662871927298E+002,
4.754643206256109E+009,-2.208845075059751E+001,1.798957085359037E+002,
4.758553274682307E+009,-2.221243786281583E+001,1.630688608206131E+002,
4.762463343108504E+009,-2.243453534331708E+001,1.458765098587081E+002,
4.766373411534702E+009,-2.257768885391939E+001,1.297154767623261E+002,
4.770283479960899E+009,-2.252622828265253E+001,1.135816023582603E+002,
4.774193548387096E+009,-2.247820195986277E+001,9.625808318246706E+001,
4.778103616813294E+009,-2.251306515433450E+001,7.778290671077566E+001,
4.782013685239492E+009,-2.271644175496672E+001,5.942875714851558E+001,
4.785923753665690E+009,-2.303903554168685E+001,4.176715763629584E+001,
4.789833822091887E+009,-2.335759649420084E+001,2.559509879369881E+001,
4.793743890518084E+009,-2.353160308632326E+001,8.896889374148097E+000,
4.797653958944282E+009,-2.362939298252875E+001,-8.261678621785849E+000,
4.801564027370479E+009,-2.394029382895525E+001,-2.514877369062934E+001,
4.805474095796677E+009,-2.411370216628422E+001,-4.233083580482904E+001,
4.809384164222874E+009,-2.445742833151105E+001,-5.965251302448562E+001,
4.813294232649072E+009,-2.486080143019267E+001,-7.602142119686199E+001,
4.817204301075269E+009,-2.526386445233483E+001,-9.219544940772867E+001,
4.821114369501467E+009,-2.572128331587035E+001,-1.080580007494113E+002,
4.825024437927664E+009,-2.607952122858876E+001,-1.216318506001558E+002,
4.828934506353861E+009,-2.623599230556665E+001,-1.359874463476494E+002,
4.832844574780059E+009,-2.631374910136875E+001,-1.505623293136640E+002,
4.836754643206256E+009,-2.637248939501664E+001,-1.649938373872231E+002,
4.840664711632454E+009,-2.638526260178615E+001,1.796587929036878E+002,
4.844574780058651E+009,-2.641948405345321E+001,1.628738405600287E+002,
4.848484848484848E+009,-2.675220274858573E+001,1.470495297773426E+002,
4.852394916911046E+009,-2.707626054228700E+001,1.321420945131130E+002,
4.856304985337243E+009,-2.734019353119866E+001,1.175967367041947E+002,
4.860215053763441E+009,-2.761094790083766E+001,1.062159919701320E+002,
4.864125122189638E+009,-2.726255724858290E+001,9.466723702531139E+001,
4.868035190615836E+009,-2.704323280108406E+001,8.014881892297176E+001,
4.871945259042033E+009,-2.673703470675534E+001,6.562483521696686E+001,
4.875855327468231E+009,-2.651616205471570E+001,5.134572546078805E+001,
4.879765395894428E+009,-2.605623180422052E+001,3.612717801252800E+001,
4.883675464320625E+009,-2.566622111534583E+001,2.008869992068956E+001,
4.887585532746823E+009,-2.556645404558612E+001,3.572189557182075E+000,
4.891495601173020E+009,-2.530973051288319E+001,-1.127765893346567E+001,
4.895405669599218E+009,-2.505680606050103E+001,-2.725825343393306E+001,
4.899315738025415E+009,-2.473830097154475E+001,-4.341961012361825E+001,
4.903225806451613E+009,-2.447320725692108E+001,-5.994797391709200E+001,
4.907135874877811E+009,-2.428462790317309E+001,-7.523949973799003E+001,
4.911045943304008E+009,-2.390812796156424E+001,-9.157560854992664E+001,
4.914956011730206E+009,-2.361999241718085E+001,-1.091326905544555E+002,
4.918866080156403E+009,-2.347623187548042E+001,-1.261422947783452E+002,
4.922776148582601E+009,-2.326657910468717E+001,-1.424902866364886E+002,
4.926686217008798E+009,-2.316301676716149E+001,-1.598082149037325E+002,
4.930596285434996E+009,-2.299399548966696E+001,-1.759451050312612E+002,
4.934506353861193E+009,-2.285392802831045E+001,1.674554225098382E+002,
4.938416422287390E+009,-2.270060786064880E+001,1.511200796593410E+002,
4.942326490713588E+009,-2.254178758454006E+001,1.347967814683077E+002,
4.946236559139785E+009,-2.234489627853561E+001,1.192652575690131E+002,
4.950146627565983E+009,-2.195984969690345E+001,1.036974616757527E+002,
4.954056695992180E+009,-2.150781708903129E+001,8.568300183419623E+001,
4.957966764418377E+009,-2.139929878556505E+001,6.884710227355717E+001,
4.961876832844575E+009,-2.109936602177498E+001,5.149662691452350E+001,
4.965786901270772E+009,-2.093140352761996E+001,3.481641086839625E+001,
4.969696969696970E+009,-2.065108981803844E+001,1.822211302349241E+001,
4.973607038123167E+009,-2.032601180487628E+001,1.244701340141316E+000,
4.977517106549365E+009,-1.996551816872472E+001,-1.648431225804833E+001,
4.981427174975562E+009,-1.970256555889051E+001,-3.446468229584652E+001,
4.985337243401759E+009,-1.942982422430345E+001,-5.159515320501163E+001,
4.989247311827957E+009,-1.912408575776468E+001,-6.964130029737265E+001,
4.993157380254154E+009,-1.887451650493219E+001,-8.799835524263106E+001,
4.997067448680352E+009,-1.864975627202867E+001,-1.064546475227738E+002,
5.000977517106549E+009,-1.847494766551460E+001,-1.249769529883018E+002,
5.004887585532747E+009,-1.831380059753996E+001,-1.433280541473077E+002,
5.008797653958944E+009,-1.813972676491194E+001,-1.617133915161093E+002,
5.012707722385141E+009,-1.800591941804146E+001,1.795312158329615E+002,
5.016617790811339E+009,-1.796761929394876E+001,1.609593213243711E+002,
5.020527859237536E+009,-1.792658434482625E+001,1.427262841822571E+002,
5.024437927663734E+009,-1.783562068994480E+001,1.247633907540776E+002,
5.028347996089932E+009,-1.780244335627917E+001,1.063570700687606E+002,
5.032258064516129E+009,-1.773594815058736E+001,8.859662733979317E+001,
5.036168132942327E+009,-1.766746448427769E+001,7.037083541581218E+001,
5.040078201368524E+009,-1.763714971327081E+001,5.217965386813308E+001,
5.043988269794722E+009,-1.757364091539326E+001,3.443578876132025E+001,
5.047898338220919E+009,-1.748309558801907E+001,1.600305680566883E+001,
5.051808406647117E+009,-1.747027734129479E+001,-1.908257679088467E+000,
5.055718475073314E+009,-1.737862484171386E+001,-2.026015496446889E+001,
5.059628543499512E+009,-1.738854686358014E+001,-3.867887641568210E+001,
5.063538611925709E+009,-1.737738421105842E+001,-5.676728777542766E+001,
5.067448680351906E+009,-1.736431421519104E+001,-7.467298653509187E+001,
5.071358748778104E+009,-1.735189938897208E+001,-9.303618422826484E+001,
5.075268817204301E+009,-1.733090270832881E+001,-1.111680433253165E+002,
5.079178885630499E+009,-1.738296555942725E+001,-1.292571533690179E+002,
5.083088954056696E+009,-1.734487377264924E+001,-1.473811605227723E+002,
5.086999022482893E+009,-1.736633675970204E+001,-1.657254741794672E+002,
5.090909090909091E+009,-1.737564722865624E+001,1.759980965993827E+002,
5.094819159335288E+009,-1.740399651629160E+001,1.573334588717050E+002,
5.098729227761486E+009,-1.756105900360745E+001,1.387786092684449E+002,
5.102639296187683E+009,-1.768500142939302E+001,1.210146818420318E+002,
5.106549364613881E+009,-1.782243856135444E+001,1.032985312958983E+002,
5.110459433040078E+009,-1.786575258474159E+001,8.515733750514127E+001,
5.114369501466276E+009,-1.800318145108203E+001,6.738549404649065E+001,
5.118279569892473E+009,-1.812028542506068E+001,4.944956686688806E+001,
5.122189638318670E+009,-1.830740479106286E+001,3.180928942209619E+001,
5.126099706744868E+009,-1.845132966204464E+001,1.469614765238255E+001,
5.130009775171065E+009,-1.852871837950261E+001,-2.313288892211943E+000,
5.133919843597263E+009,-1.859449208075940E+001,-1.973999002465061E+001,
5.137829912023460E+009,-1.864405093373705E+001,-3.706916710099738E+001,
5.141739980449657E+009,-1.868071178553952E+001,-5.483375002083789E+001,
5.145650048875855E+009,-1.874393799676727E+001,-7.256362081581408E+001,
5.149560117302053E+009,-1.885605242090830E+001,-9.047398752916162E+001,
5.153470185728251E+009,-1.896427911929988E+001,-1.078677543455913E+002,
5.157380254154448E+009,-1.901183307660423E+001,-1.252684008735422E+002,
5.161290322580645E+009,-1.909060988523290E+001,-1.428097549518894E+002,
5.165200391006843E+009,-1.924969418109726E+001,-1.603249172684260E+002,
5.169110459433041E+009,-1.932304792823997E+001,-1.774998575611668E+002,
5.173020527859238E+009,-1.937467472693202E+001,1.654439122338997E+002,
5.176930596285435E+009,-1.934469880248517E+001,1.480173085221216E+002,
5.180840664711633E+009,-1.936886936142718E+001,1.295847452067914E+002,
5.184750733137830E+009,-1.955475521902197E+001,1.116379485518024E+002,
5.188660801564028E+009,-1.970862822079503E+001,9.384667931919496E+001,
5.192570869990225E+009,-1.986664481131855E+001,7.626167819493188E+001,
5.196480938416422E+009,-2.002935238581479E+001,5.938591022612688E+001,
5.200391006842620E+009,-2.018010092845517E+001,4.215142673894670E+001,
5.204301075268817E+009,-2.026225077758394E+001,2.505789285225682E+001,
5.208211143695015E+009,-2.033877609310033E+001,7.632365365080373E+000,
5.212121212121212E+009,-2.043527055760726E+001,-1.066138184184206E+001,
5.216031280547409E+009,-2.074034585187594E+001,-2.816345213466506E+001,
5.219941348973607E+009,-2.097464275378988E+001,-4.559334190778425E+001,
5.223851417399805E+009,-2.131036463999425E+001,-6.238064416911419E+001,
5.227761485826002E+009,-2.148097665188232E+001,-7.818057174712892E+001,
5.231671554252199E+009,-2.161004627391268E+001,-9.463243126439679E+001,
5.235581622678397E+009,-2.174060220674602E+001,-1.113691419490851E+002,
5.239491691104594E+009,-2.187169562467338E+001,-1.272169385022850E+002,
5.243401759530792E+009,-2.182205773962094E+001,-1.431550860543694E+002,
5.247311827956989E+009,-2.187152065425014E+001,-1.612040858771732E+002,
5.251221896383186E+009,-2.206404007030357E+001,-1.776766900108584E+002,
5.255131964809384E+009,-2.208418121943104E+001,1.660211538534222E+002,
5.259042033235581E+009,-2.215949564966820E+001,1.483978021168314E+002,
5.262952101661779E+009,-2.234333548231314E+001,1.314837562525094E+002,
5.266862170087977E+009,-2.243968931338746E+001,1.151299793793746E+002,
5.270772238514174E+009,-2.255872356731778E+001,9.841222224663973E+001,
5.274682306940372E+009,-2.262460721102567E+001,8.230961037356225E+001,
5.278592375366570E+009,-2.266095958716699E+001,6.587237364908390E+001,
5.282502443792767E+009,-2.277635900980195E+001,4.898169878565651E+001,
5.286412512218964E+009,-2.278960955603388E+001,3.321641508668021E+001,
5.290322580645162E+009,-2.278495419711084E+001,1.595632425718049E+001,
5.294232649071359E+009,-2.279467631766472E+001,-5.902803506731533E-001,
5.298142717497557E+009,-2.279457817995531E+001,-1.745881135503993E+001,
5.302052785923754E+009,-2.280131064725570E+001,-3.469302273481743E+001,
5.305962854349951E+009,-2.289171342797468E+001,-5.184180031088805E+001,
5.309872922776149E+009,-2.299234353770101E+001,-6.910284400832603E+001,
5.313782991202346E+009,-2.317345257969883E+001,-8.567301804812111E+001,
5.317693059628544E+009,-2.320817768466760E+001,-1.021957003269617E+002,
5.321603128054741E+009,-2.335736674528300E+001,-1.190407812297043E+002,
5.325513196480938E+009,-2.341974113612017E+001,-1.351063620607247E+002,
5.329423264907136E+009,-2.343078978450420E+001,-1.512712523948071E+002,
5.333333333333333E+009,-2.341134522791263E+001,-1.682445962696814E+002,
5.337243401759531E+009,-2.357221535905001E+001,1.742538943717766E+002,
5.341153470185728E+009,-2.367091982174613E+001,1.586617540464192E+002,
5.345063538611926E+009,-2.377002124289866E+001,1.424026776920101E+002,
5.348973607038123E+009,-2.381304037592590E+001,1.260264788204451E+002,
5.352883675464321E+009,-2.381066083841184E+001,1.102780613322342E+002,
5.356793743890518E+009,-2.369094627846257E+001,9.433627909123814E+001,
5.360703812316715E+009,-2.365276507004316E+001,7.715444902502472E+001,
5.364613880742913E+009,-2.370247410761267E+001,6.085543481181095E+001,
5.368523949169110E+009,-2.356214541051280E+001,4.458730058995245E+001,
5.372434017595308E+009,-2.358691729847008E+001,2.756076241330938E+001,
5.376344086021505E+009,-2.353450649054991E+001,1.180580014722487E+001,
5.380254154447702E+009,-2.323583068370313E+001,-5.134666871444182E+000,
5.384164222873900E+009,-2.317466873667046E+001,-2.322766953205588E+001,
5.388074291300098E+009,-2.310894065369165E+001,-4.073513623401485E+001,
5.391984359726296E+009,-2.319033801807656E+001,-5.913899348180624E+001,
5.395894428152493E+009,-2.337753162676218E+001,-7.654456003086962E+001,
5.399804496578690E+009,-2.347725657679245E+001,-9.302654602832686E+001,
5.403714565004888E+009,-2.356684361551066E+001,-1.096751991774828E+002,
5.407624633431086E+009,-2.359022015188854E+001,-1.260700250289064E+002,
5.411534701857283E+009,-2.359333767451680E+001,-1.425769611128335E+002,
5.415444770283480E+009,-2.360092363743573E+001,-1.592582802462165E+002,
5.419354838709678E+009,-2.357389567356417E+001,-1.751156081137933E+002,
5.423264907135875E+009,-2.339953346463120E+001,1.681783186714298E+002,
5.427174975562073E+009,-2.327512617779660E+001,1.505139556684497E+002,
5.431085043988270E+009,-2.325844491659309E+001,1.329299799401206E+002,
5.434995112414467E+009,-2.328140561110105E+001,1.157510473395086E+002,
5.438905180840665E+009,-2.330207122678928E+001,9.865134291603272E+001,
5.442815249266862E+009,-2.335493947287852E+001,8.144142811814737E+001,
5.446725317693060E+009,-2.328359739524778E+001,6.502397529468567E+001,
5.450635386119257E+009,-2.318994525211894E+001,4.757106680235130E+001,
5.454545454545454E+009,-2.316315660441120E+001,3.031589506237384E+001,
5.458455522971652E+009,-2.310544465804146E+001,1.329915384180552E+001,
5.462365591397850E+009,-2.304844270288097E+001,-4.076357123949013E+000,
5.466275659824047E+009,-2.291273712011380E+001,-2.225737654688705E+001,
5.470185728250244E+009,-2.290291999742072E+001,-4.082111749575113E+001,
5.474095796676442E+009,-2.302364793525732E+001,-5.855409910596414E+001,
5.478005865102639E+009,-2.324145452453288E+001,-7.688875425707600E+001,
5.481915933528837E+009,-2.338961825343327E+001,-9.370441321690662E+001,
5.485826001955034E+009,-2.352886082265893E+001,-1.104512457181632E+002,
5.489736070381231E+009,-2.359998534825209E+001,-1.275515334283317E+002,
5.493646138807429E+009,-2.365409072045562E+001,-1.436807313863410E+002,
5.497556207233626E+009,-2.352328434159393E+001,-1.605280941613042E+002,
5.501466275659824E+009,-2.350380687067533E+001,-1.782326394630334E+002,
5.505376344086021E+009,-2.360973109631004E+001,1.638476545819873E+002,
5.509286412512219E+009,-2.379331165152897E+001,1.468404721349873E+002,
5.513196480938417E+009,-2.389843881385396E+001,1.296879056628836E+002,
5.517106549364615E+009,-2.398507550780144E+001,1.134394205471879E+002,
5.521016617790812E+009,-2.396548146840791E+001,9.696345746410718E+001,
5.524926686217009E+009,-2.388044224571617E+001,7.972732426682211E+001,
5.528836754643207E+009,-2.393643536751060E+001,6.217875716379598E+001,
5.532746823069404E+009,-2.396561094597232E+001,4.509897200727451E+001,
5.536656891495602E+009,-2.385097371776791E+001,2.896387286531977E+001,
5.540566959921799E+009,-2.379174443913986E+001,1.070973221862735E+001,
5.544477028347996E+009,-2.375991674343911E+001,-6.738187542900569E+000,
5.548387096774194E+009,-2.374388183534417E+001,-2.468098420974708E+001,
5.552297165200391E+009,-2.384403182352881E+001,-4.316436820347904E+001,
5.556207233626589E+009,-2.405688381808255E+001,-6.057486114283167E+001,
5.560117302052786E+009,-2.409047723697627E+001,-7.781671154775371E+001,
5.564027370478983E+009,-2.409997985553498E+001,-9.566967474240698E+001,
5.567937438905181E+009,-2.428556939124476E+001,-1.135315521373565E+002,
5.571847507331378E+009,-2.450633297068030E+001,-1.304449359916735E+002,
5.575757575757576E+009,-2.461024425482834E+001,-1.476599337165532E+002,
5.579667644183773E+009,-2.461928588467749E+001,-1.649759980123958E+002,
5.583577712609971E+009,-2.466389560720423E+001,1.760571712718680E+002,
5.587487781036168E+009,-2.499682500814820E+001,1.580841942342388E+002,
5.591397849462366E+009,-2.522285072094048E+001,1.414354499079485E+002,
5.595307917888563E+009,-2.548920356477508E+001,1.242339089501919E+002,
5.599217986314760E+009,-2.575761089352055E+001,1.075769246427160E+002,
5.603128054740958E+009,-2.600974698648231E+001,9.126790562410280E+001,
5.607038123167155E+009,-2.616266702868831E+001,7.495356569958686E+001,
5.610948191593353E+009,-2.647376393201485E+001,5.859191404378825E+001,
5.614858260019550E+009,-2.659822930632936E+001,4.368666212537297E+001,
5.618768328445747E+009,-2.656292642256045E+001,2.835074894154158E+001,
5.622678396871945E+009,-2.666320635132900E+001,1.096306767892995E+001,
5.626588465298142E+009,-2.689730805108396E+001,-5.143594501225134E+000,
5.630498533724340E+009,-2.696083377403987E+001,-2.017067467260734E+001,
5.634408602150538E+009,-2.697266305079216E+001,-3.523536021739486E+001,
5.638318670576735E+009,-2.671471850149074E+001,-5.103624776312461E+001,
5.642228739002933E+009,-2.658186615169615E+001,-6.771378009258127E+001,
5.646138807429131E+009,-2.660421701964792E+001,-8.381705004352101E+001,
5.650048875855328E+009,-2.628493276043498E+001,-1.006328489560499E+002,
5.653958944281525E+009,-2.634839824786398E+001,-1.183020966817342E+002,
5.657869012707723E+009,-2.644642231204431E+001,-1.363996033345067E+002,
5.661779081133920E+009,-2.645920900790478E+001,-1.532543801435912E+002,
5.665689149560118E+009,-2.640710579244375E+001,-1.691799687267653E+002,
5.669599217986315E+009,-2.631184656337347E+001,1.725480476202689E+002,
5.673509286412512E+009,-2.637758440103898E+001,1.545861295464801E+002,
5.677419354838710E+009,-2.659360988620703E+001,1.369559339486176E+002,
5.681329423264907E+009,-2.692164737314966E+001,1.206791648163429E+002,
5.685239491691105E+009,-2.697991870516825E+001,1.042820038050182E+002,
5.689149560117302E+009,-2.702889256853987E+001,8.875956328106780E+001,
5.693059628543499E+009,-2.706506529566627E+001,7.135959171532041E+001,
5.696969696969697E+009,-2.709355881657281E+001,5.521849105827526E+001,
5.700879765395895E+009,-2.703574497725406E+001,3.874216821258786E+001,
5.704789833822092E+009,-2.702679225241450E+001,2.078955232803133E+001,
5.708699902248289E+009,-2.729733493064680E+001,4.006455340719254E+000,
5.712609970674487E+009,-2.743827321295182E+001,-1.266380024489386E+001,
5.716520039100684E+009,-2.747747136976827E+001,-2.857285827852484E+001,
5.720430107526882E+009,-2.749630887906442E+001,-4.382855081772429E+001,
5.724340175953079E+009,-2.742791972640740E+001,-5.950163481578018E+001,
5.728250244379276E+009,-2.731482099029477E+001,-7.713090861950276E+001,
5.732160312805474E+009,-2.742093637986439E+001,-9.491636073732532E+001,
5.736070381231671E+009,-2.738320806851468E+001,-1.118432420627193E+002,
5.739980449657869E+009,-2.744631890049375E+001,-1.282127471709972E+002,
5.743890518084066E+009,-2.758694629003865E+001,-1.454261807595257E+002,
5.747800586510263E+009,-2.776874155718166E+001,-1.625800347515033E+002,
5.751710654936461E+009,-2.775857411936140E+001,-1.795012174817009E+002,
5.755620723362660E+009,-2.806900025443937E+001,1.627385459014351E+002,
5.759530791788857E+009,-2.827808429124628E+001,1.469875193637705E+002,
5.763440860215054E+009,-2.849965635859643E+001,1.318515086750792E+002,
5.767350928641252E+009,-2.867491947460340E+001,1.164295258489454E+002,
5.771260997067449E+009,-2.855477184762005E+001,1.007125005795117E+002,
5.775171065493647E+009,-2.849532249979978E+001,8.446524119752095E+001,
5.779081133919844E+009,-2.865538757112532E+001,6.682237251352586E+001,
5.782991202346041E+009,-2.896338034916832E+001,5.108834027061927E+001,
5.786901270772239E+009,-2.915561051144009E+001,3.626323158496325E+001,
5.790811339198436E+009,-2.911483239038020E+001,2.154114303022836E+001,
5.794721407624634E+009,-2.898220520478113E+001,4.717910467810826E+000,
5.798631476050831E+009,-2.921108538755946E+001,-1.181296410589765E+001,
5.802541544477028E+009,-2.958823569993923E+001,-2.577432483027060E+001,
5.806451612903226E+009,-2.955955166270424E+001,-3.850114143131975E+001,
5.810361681329423E+009,-2.938703634431882E+001,-5.242981585026612E+001,
5.814271749755621E+009,-2.909173417283124E+001,-6.741031345337630E+001,
5.818181818181818E+009,-2.879078119970675E+001,-8.298534937711506E+001,
5.822091886608016E+009,-2.870283688442783E+001,-9.947549366832382E+001,
5.826001955034213E+009,-2.879490994302496E+001,-1.144840670418740E+002,
5.829912023460411E+009,-2.841236691028541E+001,-1.272712830210053E+002,
5.833822091886608E+009,-2.791791966947704E+001,-1.435182582877177E+002,
5.837732160312805E+009,-2.758869160868191E+001,-1.600224974462070E+002,
5.841642228739003E+009,-2.729081655184947E+001,-1.771609234311104E+002,
5.845552297165200E+009,-2.716850468314039E+001,1.659075176658247E+002,
5.849462365591398E+009,-2.705698378976740E+001,1.496658497744635E+002,
5.853372434017595E+009,-2.682349323760830E+001,1.336048688417397E+002,
5.857282502443792E+009,-2.653741325980778E+001,1.177307816585550E+002,
5.861192570869990E+009,-2.619473689152837E+001,1.015666588668164E+002,
5.865102639296187E+009,-2.586677168087504E+001,8.417679306503771E+001,
5.869012707722385E+009,-2.555706942503263E+001,6.749488068310154E+001,
5.872922776148583E+009,-2.531602355103180E+001,5.058925484316572E+001,
5.876832844574780E+009,-2.490718551691135E+001,3.319295911060296E+001,
5.880742913000978E+009,-2.459069199362223E+001,1.534089383304266E+001,
5.884652981427176E+009,-2.443249646853284E+001,-2.250035471345080E+000,
5.888563049853373E+009,-2.416254560363963E+001,-2.001703025555662E+001,
5.892473118279570E+009,-2.393275153699505E+001,-3.794758685604415E+001,
5.896383186705768E+009,-2.369898379040634E+001,-5.539932106929368E+001,
5.900293255131965E+009,-2.350517650553708E+001,-7.356297154719945E+001,
5.904203323558163E+009,-2.327801208456890E+001,-9.218360235768276E+001,
5.908113391984360E+009,-2.328018627328538E+001,-1.102384823799091E+002,
5.912023460410557E+009,-2.307814192710426E+001,-1.272838276229636E+002,
5.915933528836755E+009,-2.287808976099070E+001,-1.448152371770277E+002,
5.919843597262952E+009,-2.263015513278661E+001,-1.624630044039118E+002,
5.923753665689150E+009,-2.237385375615382E+001,1.788131915994451E+002,
5.927663734115347E+009,-2.223769488527950E+001,1.602365227857704E+002,
5.931573802541544E+009,-2.209895382789422E+001,1.414276419843063E+002,
5.935483870967742E+009,-2.196611814023026E+001,1.227963694356464E+002,
5.939393939393940E+009,-2.202689853448550E+001,1.042066811977507E+002,
5.943304007820137E+009,-2.195504451254953E+001,8.614776739370925E+001,
5.947214076246334E+009,-2.191021124394166E+001,6.718218410509917E+001,
5.951124144672532E+009,-2.203704718291821E+001,4.915724315574737E+001,
5.955034213098729E+009,-2.206122206430432E+001,3.139183723786984E+001,
5.958944281524927E+009,-2.203439105564357E+001,1.399608598705952E+001,
5.962854349951124E+009,-2.196426279416663E+001,-3.730052369725327E+000,
5.966764418377321E+009,-2.188346684723537E+001,-2.177326559817506E+001,
5.970674486803519E+009,-2.183797078991038E+001,-4.005070487597326E+001,
5.974584555229716E+009,-2.187002414864788E+001,-5.833643115139101E+001,
5.978494623655914E+009,-2.188304296646125E+001,-7.676866235402898E+001,
5.982404692082111E+009,-2.201165011862749E+001,-9.459444078935670E+001,
5.986314760508308E+009,-2.207469099820526E+001,-1.121164972759180E+002,
5.990224828934506E+009,-2.205933781758524E+001,-1.294925577589209E+002,
5.994134897360704E+009,-2.208728708513446E+001,-1.476552535380897E+002,
5.998044965786902E+009,-2.217113915276982E+001,-1.648194486663403E+002,
6.001955034213099E+009,-2.213924886070080E+001,1.779764331242365E+002,
6.005865102639297E+009,-2.213424156220300E+001,1.603425183641193E+002,
6.009775171065494E+009,-2.205685391632476E+001,1.429995149379562E+002,
6.013685239491692E+009,-2.196407095866874E+001,1.247814382888410E+002,
6.017595307917889E+009,-2.196453640886266E+001,1.068616091696261E+002,
6.021505376344086E+009,-2.203720864675402E+001,8.907371812661059E+001,
6.025415444770284E+009,-2.207584633864787E+001,7.074569955854801E+001,
6.029325513196481E+009,-2.213244587017405E+001,5.360684261745481E+001,
6.033235581622679E+009,-2.206019716065502E+001,3.585441848915808E+001,
6.037145650048876E+009,-2.202897828482982E+001,1.794860904719988E+001,
6.041055718475073E+009,-2.209704202780117E+001,1.335047272869527E-001,
6.044965786901271E+009,-2.211120832931595E+001,-1.808816459126718E+001,
6.048875855327468E+009,-2.215337349226822E+001,-3.616902632404907E+001,
6.052785923753666E+009,-2.228504774536872E+001,-5.393329353638812E+001,
6.056695992179863E+009,-2.240172747379384E+001,-7.193904794741263E+001,
6.060606060606061E+009,-2.249694680431095E+001,-8.998067185299651E+001,
6.064516129032258E+009,-2.265630087142596E+001,-1.069889516389807E+002,
6.068426197458456E+009,-2.276059164132361E+001,-1.240910313320823E+002,
6.072336265884653E+009,-2.277734610332229E+001,-1.410580417626695E+002,
6.076246334310850E+009,-2.266690822638306E+001,-1.589902380986907E+002,
6.080156402737048E+009,-2.266802158086398E+001,-1.774863445017490E+002,
6.084066471163245E+009,-2.277217179266588E+001,1.640170617328241E+002,
6.087976539589443E+009,-2.285873896276799E+001,1.466639594498631E+002,
6.091886608015640E+009,-2.301664724137094E+001,1.284152692809723E+002,
6.095796676441837E+009,-2.319071727650081E+001,1.117785265920205E+002,
6.099706744868035E+009,-2.326241520412518E+001,9.471909410136841E+001,
6.103616813294232E+009,-2.313819431342247E+001,7.726995474119765E+001,
6.107526881720430E+009,-2.314724563291136E+001,5.904010342343167E+001,
6.111436950146627E+009,-2.322051871708107E+001,4.039012288939728E+001,
6.115347018572825E+009,-2.335634194791388E+001,2.212807381621031E+001,
6.119257086999023E+009,-2.355168561973426E+001,3.635026754544994E+000,
6.123167155425221E+009,-2.376115838956901E+001,-1.433700621229093E+001,
6.127077223851418E+009,-2.395492296600358E+001,-3.194255153793921E+001,
6.130987292277615E+009,-2.425948905204064E+001,-4.996697254613228E+001,
6.134897360703813E+009,-2.458742794754602E+001,-6.739497857139082E+001,
6.138807429130010E+009,-2.483987457400907E+001,-8.398271189341595E+001,
6.142717497556208E+009,-2.499178780227086E+001,-9.999463576255278E+001,
6.146627565982405E+009,-2.498119779963646E+001,-1.166296292765384E+002,
6.150537634408602E+009,-2.508531625069438E+001,-1.341891648475135E+002,
6.154447702834800E+009,-2.507777870447888E+001,-1.517141905979350E+002,
6.158357771260998E+009,-2.532042995807504E+001,-1.699630404770411E+002,
6.162267839687195E+009,-2.559046811873289E+001,1.726113417269948E+002,
6.166177908113392E+009,-2.592029005924903E+001,1.558221131722658E+002,
6.170087976539589E+009,-2.602594236850091E+001,1.395541242433264E+002,
6.173998044965787E+009,-2.612785994584421E+001,1.225347353031426E+002,
6.177908113391985E+009,-2.632297423304864E+001,1.056285455603743E+002,
6.181818181818182E+009,-2.653755614551480E+001,8.968867172518303E+001,
6.185728250244379E+009,-2.658785905844608E+001,7.303326786512966E+001,
6.189638318670576E+009,-2.665037147316923E+001,5.605971451846629E+001,
6.193548387096774E+009,-2.669961492193036E+001,3.907881219196106E+001,
6.197458455522972E+009,-2.680039335203769E+001,2.216702266551264E+001,
6.201368523949169E+009,-2.703947818717887E+001,4.866998431650043E+000,
6.205278592375366E+009,-2.724422265884822E+001,-1.140863324753816E+001,
6.209188660801564E+009,-2.717317441755776E+001,-2.696228322725139E+001,
6.213098729227762E+009,-2.723480808194946E+001,-4.467123813977988E+001,
6.217008797653959E+009,-2.736260988657364E+001,-6.254766305411094E+001,
6.220918866080156E+009,-2.778063030502652E+001,-7.902220762311393E+001,
6.224828934506353E+009,-2.793559199440356E+001,-9.412680646099287E+001,
6.228739002932551E+009,-2.800058591091169E+001,-1.104749437285644E+002,
6.232649071358749E+009,-2.802063981577092E+001,-1.264398521120460E+002,
6.236559139784946E+009,-2.800370955919432E+001,-1.423651754161434E+002,
6.240469208211144E+009,-2.802380162547056E+001,-1.595883555416053E+002,
6.244379276637341E+009,-2.793192787544233E+001,-1.767124625822054E+002,
6.248289345063539E+009,-2.802624087551610E+001,1.653434908077720E+002,
6.252199413489737E+009,-2.825135556867000E+001,1.484157189311895E+002,
6.256109481915934E+009,-2.844355442908199E+001,1.319666407635257E+002,
6.260019550342131E+009,-2.850112249596178E+001,1.159249328887075E+002,
6.263929618768329E+009,-2.862038913169458E+001,9.922605943443338E+001,
6.267839687194526E+009,-2.862357528904391E+001,8.204403677292393E+001,
6.271749755620724E+009,-2.887134361129506E+001,6.575953237733843E+001,
6.275659824046921E+009,-2.898588779181988E+001,5.032071822082111E+001,
6.279569892473118E+009,-2.893188713357441E+001,3.530507343276020E+001,
6.283479960899316E+009,-2.866876807522020E+001,1.808380534791622E+001,
6.287390029325514E+009,-2.850089989082859E+001,-6.412700015166873E-001,
6.291300097751711E+009,-2.890595384539498E+001,-1.951988201543268E+001,
6.295210166177908E+009,-2.934672337456192E+001,-3.618298135172839E+001,
6.299120234604105E+009,-2.962503932969757E+001,-5.182228799017223E+001,
6.303030303030303E+009,-2.969190342909412E+001,-6.755365557148400E+001,
6.306940371456501E+009,-2.986899431662182E+001,-8.408379159013767E+001,
6.310850439882698E+009,-2.988515471077833E+001,-9.996807174895839E+001,
6.314760508308895E+009,-2.987247810408188E+001,-1.159886967244858E+002,
6.318670576735093E+009,-2.995656369926149E+001,-1.336601070885060E+002,
6.322580645161290E+009,-3.023028330177164E+001,-1.490483754028231E+002,
6.326490713587488E+009,-3.052324017710658E+001,-1.649651172036366E+002,
6.330400782013685E+009,-3.042570319542868E+001,1.783301562712750E+002,
6.334310850439882E+009,-3.059579803919249E+001,1.618182214035084E+002,
6.338220918866080E+009,-3.076295231857714E+001,1.456588869336205E+002,
6.342130987292278E+009,-3.116531398340093E+001,1.302792073806355E+002,
6.346041055718475E+009,-3.145818764371839E+001,1.156021516172122E+002,
6.349951124144672E+009,-3.164979548339380E+001,1.004336227726929E+002,
6.353861192570869E+009,-3.151684167279391E+001,8.688042399824816E+001,
6.357771260997068E+009,-3.127195538384360E+001,7.227818009744442E+001,
6.361681329423266E+009,-3.109589542223291E+001,5.725105391955658E+001,
6.365591397849463E+009,-3.096272121220640E+001,3.998466489987352E+001,
6.369501466275660E+009,-3.085994271620631E+001,2.294959581244235E+001,
6.373411534701857E+009,-3.111281918278039E+001,6.306401805699753E+000,
6.377321603128055E+009,-3.111707290960467E+001,-9.351635481372233E+000,
6.381231671554253E+009,-3.110213738681935E+001,-2.390137800760791E+001,
6.385141739980450E+009,-3.096682413104487E+001,-3.994574080460664E+001,
6.389051808406647E+009,-3.067064404547327E+001,-5.654492390389861E+001,
6.392961876832845E+009,-3.092929997681708E+001,-7.356172463128135E+001,
6.396871945259043E+009,-3.108591302790432E+001,-8.835944020020892E+001,
6.400782013685240E+009,-3.091746215978370E+001,-1.040610185716738E+002,
6.404692082111437E+009,-3.083064783005060E+001,-1.213220780105356E+002,
6.408602150537634E+009,-3.104537506977465E+001,-1.369329568470035E+002,
6.412512218963832E+009,-3.102992277303893E+001,-1.516281039427121E+002,
6.416422287390030E+009,-3.114149646429238E+001,-1.651806163893258E+002,
6.420332355816227E+009,-3.087964216018023E+001,-1.779531413613437E+002,
6.424242424242424E+009,-3.012933791741908E+001,1.669443103981230E+002,
6.428152492668621E+009,-2.955192451474217E+001,1.489186112612106E+002,
6.432062561094819E+009,-2.925725425096079E+001,1.302068831321352E+002,
6.435972629521017E+009,-2.934016394376331E+001,1.117596432780936E+002,
6.439882697947214E+009,-2.945816455764227E+001,9.545023238610669E+001,
6.443792766373411E+009,-2.934633943586861E+001,7.940372913736579E+001,
6.447702834799609E+009,-2.920730425791471E+001,6.453010571108818E+001,
6.451612903225807E+009,-2.894730176534662E+001,4.842775889483818E+001,
6.455522971652004E+009,-2.855738767918526E+001,3.412179632944455E+001,
6.459433040078201E+009,-2.798218322232874E+001,1.598576675170967E+001,
6.463343108504398E+009,-2.762590232222738E+001,-2.186363998456813E+000,
6.467253176930596E+009,-2.743317028807447E+001,-2.074378572270742E+001,
6.471163245356794E+009,-2.725482706201733E+001,-3.928834342697257E+001,
6.475073313782991E+009,-2.723712079589391E+001,-5.720812806712755E+001,
6.478983382209189E+009,-2.707885314063815E+001,-7.369185634500450E+001,
6.482893450635386E+009,-2.670485039407005E+001,-9.117294064396127E+001,
6.486803519061584E+009,-2.660724193013033E+001,-1.102630311298150E+002,
6.490713587487782E+009,-2.645807574949558E+001,-1.282103894946505E+002,
6.494623655913979E+009,-2.615449750243426E+001,-1.463371664200908E+002,
6.498533724340176E+009,-2.600564771914110E+001,-1.658513738315773E+002,
6.502443792766374E+009,-2.613216878954385E+001,1.757723991267438E+002,
6.506353861192571E+009,-2.619023986251813E+001,1.571885817334740E+002,
6.510263929618769E+009,-2.621294549641987E+001,1.403068708919353E+002,
6.514173998044966E+009,-2.617712699139649E+001,1.221745258362227E+002,
6.518084066471163E+009,-2.597673385474055E+001,1.044054916667617E+002,
6.521994134897361E+009,-2.578048781757810E+001,8.565777518272067E+001,
6.525904203323559E+009,-2.586467474653204E+001,6.585971730718565E+001,
6.529814271749756E+009,-2.609512573128871E+001,4.627818056812495E+001,
6.533724340175953E+009,-2.636638315244542E+001,2.857172327450108E+001,
6.537634408602150E+009,-2.669928499355467E+001,1.125415503382407E+001,
6.541544477028348E+009,-2.680470624199961E+001,-5.413910689036191E+000,
6.545454545454546E+009,-2.689248185137338E+001,-2.299374053345737E+001,
6.549364613880743E+009,-2.701647203396497E+001,-3.930387340210285E+001,
6.553274682306940E+009,-2.692983507615871E+001,-5.649307967987193E+001,
6.557184750733138E+009,-2.704152517536183E+001,-7.406305607234015E+001,
6.561094819159335E+009,-2.693215233921642E+001,-9.256684780337147E+001,
6.565004887585533E+009,-2.710136376731885E+001,-1.112716070004656E+002,
6.568914956011730E+009,-2.751470872539750E+001,-1.297737753128273E+002,
6.572825024437927E+009,-2.794678806129500E+001,-1.461001480807195E+002,
6.576735092864125E+009,-2.823037797890595E+001,-1.610593462148554E+002,
6.580645161290323E+009,-2.822273021218371E+001,-1.773537099364031E+002,
6.584555229716520E+009,-2.811049870430970E+001,1.659997256881560E+002,
6.588465298142717E+009,-2.824050590488396E+001,1.485990769690645E+002,
6.592375366568914E+009,-2.848858498773133E+001,1.318133950979306E+002,
6.596285434995112E+009,-2.869492694182002E+001,1.161130073652214E+002,
6.600195503421310E+009,-2.855148291065275E+001,1.007291334986907E+002,
6.604105571847508E+009,-2.842650025185932E+001,8.364048867876768E+001,
6.608015640273705E+009,-2.845964348529222E+001,6.611169579829539E+001,
6.611925708699902E+009,-2.865033241280079E+001,4.868418914912046E+001,
6.615835777126100E+009,-2.879815807665588E+001,3.191627814285609E+001,
6.619745845552298E+009,-2.888805103591110E+001,1.584776237447820E+001,
6.623655913978495E+009,-2.881052470640017E+001,-8.052020767928858E-002,
6.627565982404692E+009,-2.874734918454442E+001,-1.795183414409221E+001,
6.631476050830890E+009,-2.890634573776299E+001,-3.451721665342869E+001,
6.635386119257088E+009,-2.899383715725794E+001,-5.004234252713895E+001,
6.639296187683285E+009,-2.871740413757297E+001,-6.599112487221142E+001,
6.643206256109482E+009,-2.848987754960247E+001,-8.306116514638329E+001,
6.647116324535679E+009,-2.843041961771446E+001,-1.017826523515478E+002,
6.651026392961877E+009,-2.841409500591429E+001,-1.195437373453140E+002,
6.654936461388075E+009,-2.834639214925218E+001,-1.376838548828281E+002,
6.658846529814272E+009,-2.851561855535045E+001,-1.553360527486348E+002,
6.662756598240469E+009,-2.868069899545168E+001,-1.743132202622570E+002,
6.666666666666666E+009,-2.894795388779840E+001,1.683792831471638E+002,
6.670576735092864E+009,-2.922184824594003E+001,1.526138642150514E+002,
6.674486803519062E+009,-2.918496722573870E+001,1.359046790724109E+002,
6.678396871945259E+009,-2.917220067183530E+001,1.183908484399722E+002,
6.682306940371456E+009,-2.914184094329432E+001,1.016115170556939E+002,
6.686217008797654E+009,-2.911482531702649E+001,8.264856752189826E+001,
6.690127077223852E+009,-2.932699416981018E+001,6.462035306110072E+001,
6.694037145650049E+009,-2.960695606738712E+001,4.611649619125935E+001,
6.697947214076246E+009,-2.990643211629910E+001,2.902510387593417E+001,
6.701857282502443E+009,-3.018617392553125E+001,1.316620777850024E+001,
6.705767350928641E+009,-3.030681336456874E+001,-4.598953867300691E+000,
6.709677419354839E+009,-3.052718804874181E+001,-2.271809824963963E+001,
6.713587487781036E+009,-3.082866876786068E+001,-4.093369817995421E+001,
6.717497556207233E+009,-3.135028811305979E+001,-5.699151815840170E+001,
6.721407624633431E+009,-3.151731338555875E+001,-7.213386085747432E+001,
6.725317693059629E+009,-3.166540239368460E+001,-8.949717330657013E+001,
6.729227761485827E+009,-3.184241893207489E+001,-1.075055762952602E+002,
6.733137829912024E+009,-3.240289070050721E+001,-1.247623981458227E+002,
6.737047898338221E+009,-3.285900318071571E+001,-1.389003330405105E+002,
6.740957966764419E+009,-3.318576912501066E+001,-1.539200178984029E+002,
6.744868035190616E+009,-3.347256177502835E+001,-1.699314692445332E+002,
6.748778103616814E+009,-3.377838063930597E+001,1.749041346089622E+002,
6.752688172043011E+009,-3.421908106652673E+001,1.597180175284348E+002,
6.756598240469208E+009,-3.475847601394246E+001,1.467571798260202E+002,
6.760508308895406E+009,-3.459374404371803E+001,1.354283551647635E+002,
6.764418377321604E+009,-3.435834366537345E+001,1.188169709327435E+002,
6.768328445747801E+009,-3.468352077758643E+001,1.033647485528723E+002,
6.772238514173998E+009,-3.494866306387581E+001,8.852552818216981E+001,
6.776148582600195E+009,-3.535266073712522E+001,7.484206272747021E+001,
6.780058651026393E+009,-3.548478435806497E+001,6.475458542413428E+001,
6.783968719452591E+009,-3.503261104216283E+001,5.219443427253179E+001,
6.787878787878788E+009,-3.476115277390210E+001,3.878403755449351E+001,
6.791788856304985E+009,-3.441961788083759E+001,2.404742102254375E+001,
6.795698924731183E+009,-3.396136998023491E+001,1.020634479056871E+001,
6.799608993157380E+009,-3.358284730404785E+001,-6.300013708048770E+000,
6.803519061583578E+009,-3.338183754291651E+001,-2.289734938430004E+001,
6.807429130009775E+009,-3.322779061548797E+001,-3.962814804512652E+001,
6.811339198435972E+009,-3.332225055913909E+001,-5.579104567587650E+001,
6.815249266862170E+009,-3.322817376828041E+001,-6.877669802792913E+001,
6.819159335288368E+009,-3.278009592750954E+001,-8.308800199176277E+001,
6.823069403714565E+009,-3.256060671789237E+001,-9.996470106000417E+001,
6.826979472140762E+009,-3.235551146477985E+001,-1.147230701932524E+002,
6.830889540566959E+009,-3.190696368807612E+001,-1.298174162857825E+002,
6.834799608993157E+009,-3.142860213673662E+001,-1.466132381766805E+002,
6.838709677419355E+009,-3.109134283987362E+001,-1.647442743649461E+002,
6.842619745845552E+009,-3.107534256520685E+001,1.775399504225545E+002,
6.846529814271750E+009,-3.111362081327559E+001,1.612401403141652E+002,
6.850439882697948E+009,-3.097398774101660E+001,1.451680388020384E+002,
6.854349951124145E+009,-3.088073500497502E+001,1.296294857357106E+002,
6.858260019550343E+009,-3.084588313843200E+001,1.138268757977888E+002,
6.862170087976540E+009,-3.068501073184482E+001,9.988317853812524E+001,
6.866080156402737E+009,-3.017704123843803E+001,8.471874129183591E+001,
6.869990224828935E+009,-2.975705683841066E+001,6.803458157908861E+001,
6.873900293255133E+009,-2.955442986749132E+001,5.035681257950987E+001,
6.877810361681330E+009,-2.942417436305590E+001,3.435498397396679E+001,
6.881720430107527E+009,-2.908743971231210E+001,1.964028958548104E+001,
6.885630498533724E+009,-2.862092881816201E+001,1.801576407367966E+000,
6.889540566959922E+009,-2.830724913523517E+001,-1.565751689227657E+001,
6.893450635386120E+009,-2.817673199135134E+001,-3.100267074158199E+001,
6.897360703812317E+009,-2.772162952979155E+001,-4.754211634730224E+001,
6.901270772238514E+009,-2.741334040001865E+001,-6.420585466154327E+001,
6.905180840664711E+009,-2.688479415538886E+001,-8.101733886168091E+001,
6.909090909090909E+009,-2.646532863927433E+001,-9.896095344319269E+001,
6.913000977517107E+009,-2.613948508680569E+001,-1.171112441294602E+002,
6.916911045943304E+009,-2.581072660695043E+001,-1.352111080888562E+002,
6.920821114369501E+009,-2.541424930810133E+001,-1.529317302091392E+002,
6.924731182795699E+009,-2.503956390877300E+001,-1.716263495673356E+002,
6.928641251221897E+009,-2.475130706521003E+001,1.688790607789866E+002,
6.932551319648094E+009,-2.461672374724341E+001,1.500109583399484E+002,
6.936461388074291E+009,-2.446601998368699E+001,1.311218005216546E+002,
6.940371456500488E+009,-2.430467500080343E+001,1.123950628179940E+002,
6.944281524926686E+009,-2.425369066273688E+001,9.401605829580004E+001,
6.948191593352884E+009,-2.408210482667149E+001,7.651723950271186E+001,
6.952101661779081E+009,-2.385039752330144E+001,5.772253493813981E+001,
6.956011730205278E+009,-2.376384002028981E+001,3.849900756492635E+001,
6.959921798631475E+009,-2.366560171847823E+001,1.962128732699629E+001,
6.963831867057674E+009,-2.365479100116254E+001,1.242992958737080E+000,
6.967741935483872E+009,-2.360926445913037E+001,-1.761551559443157E+001,
6.971652003910069E+009,-2.353614381228367E+001,-3.627623835789075E+001,
6.975562072336266E+009,-2.355123928336485E+001,-5.519637571744377E+001,
6.979472140762464E+009,-2.363680930238674E+001,-7.400764523528115E+001,
6.983382209188661E+009,-2.367930261513405E+001,-9.182454030491449E+001,
6.987292277614859E+009,-2.371455816980127E+001,-1.103345464674594E+002,
6.991202346041056E+009,-2.373601312176211E+001,-1.285429174872443E+002,
6.995112414467253E+009,-2.393266070684728E+001,-1.461116048393573E+002,
6.999022482893451E+009,-2.386844345386839E+001,-1.633466164052061E+002,
7.002932551319649E+009,-2.379914883772201E+001,1.789905165128528E+002,
7.006842619745846E+009,-2.378595732262948E+001,1.606990394424473E+002,
7.010752688172043E+009,-2.376645060488686E+001,1.422024196727969E+002,
7.014662756598240E+009,-2.382650399676201E+001,1.239761145101574E+002,
7.018572825024438E+009,-2.385134634267381E+001,1.048260681562107E+002,
7.022482893450636E+009,-2.399134154208518E+001,8.683506728475624E+001,
7.026392961876833E+009,-2.409249570306722E+001,6.898763287761091E+001,
7.030303030303030E+009,-2.420073449496530E+001,5.136539351261614E+001,
7.034213098729228E+009,-2.429882064241181E+001,3.359011682557156E+001,
7.038123167155425E+009,-2.434263539285353E+001,1.466977055568674E+001,
7.042033235581623E+009,-2.455337747603677E+001,-3.516962731799346E+000,
7.045943304007820E+009,-2.478020029453122E+001,-2.113048882546552E+001,
7.049853372434017E+009,-2.496315676053347E+001,-3.801515730720657E+001,
7.053763440860215E+009,-2.497385788395827E+001,-5.526307666239037E+001,
7.057673509286413E+009,-2.503976827840365E+001,-7.209267509069859E+001,
7.061583577712610E+009,-2.505501829969798E+001,-9.049780032519163E+001,
7.065493646138807E+009,-2.532571675109532E+001,-1.087358330064485E+002,
7.069403714565004E+009,-2.545029014037828E+001,-1.259963451003886E+002,
7.073313782991202E+009,-2.569814113089224E+001,-1.434794521145496E+002,
7.077223851417400E+009,-2.583381144291649E+001,-1.601116448708253E+002,
7.081133919843597E+009,-2.604259473138811E+001,-1.772903586953904E+002,
7.085043988269795E+009,-2.619889941980413E+001,1.659519238709789E+002,
7.088954056695993E+009,-2.628600336722430E+001,1.485087070558097E+002,
7.092864125122190E+009,-2.641651141043598E+001,1.313224717708223E+002,
7.096774193548388E+009,-2.667715133117911E+001,1.141894275231379E+002,
7.100684261974585E+009,-2.684464836233013E+001,9.772515212190477E+001,
7.104594330400782E+009,-2.703627335164115E+001,7.986971571006447E+001,
7.108504398826980E+009,-2.740064665501725E+001,6.332045888600737E+001,
7.112414467253178E+009,-2.774509366331002E+001,4.762136019941278E+001,
7.116324535679375E+009,-2.793117467703240E+001,3.340019267469688E+001,
7.120234604105572E+009,-2.813306383076388E+001,1.871888315930766E+001,
7.124144672531769E+009,-2.792931080052482E+001,3.840189370604862E+000,
7.128054740957967E+009,-2.787091012368543E+001,-1.276209458348795E+001,
7.131964809384165E+009,-2.786149875959147E+001,-2.923216402166030E+001,
7.135874877810362E+009,-2.794383908637531E+001,-4.414744458736560E+001,
7.139784946236559E+009,-2.793080838980368E+001,-5.969500894489070E+001,
7.143695014662756E+009,-2.795136736575783E+001,-7.519562515305468E+001,
7.147605083088954E+009,-2.781126372835820E+001,-9.051090841392798E+001,
7.151515151515152E+009,-2.763835980029079E+001,-1.068727122660955E+002,
7.155425219941349E+009,-2.758984990640617E+001,-1.235339132529378E+002,
7.159335288367546E+009,-2.770405689539016E+001,-1.392435494608199E+002,
7.163245356793744E+009,-2.756332691136340E+001,-1.540308674394514E+002,
7.167155425219942E+009,-2.741507423280850E+001,-1.691619749982768E+002,
7.171065493646139E+009,-2.714345310426962E+001,1.745389966605362E+002,
7.174975562072336E+009,-2.687416887808479E+001,1.580026873358268E+002,
7.178885630498533E+009,-2.656844913803494E+001,1.414400021298957E+002,
7.182795698924731E+009,-2.626716720336851E+001,1.245602951071570E+002,
7.186705767350929E+009,-2.606261610796612E+001,1.055833045934709E+002,
7.190615835777126E+009,-2.613974020359325E+001,8.821753085564156E+001,
7.194525904203323E+009,-2.610533902273295E+001,7.250780315631923E+001,
7.198435972629520E+009,-2.586058918765071E+001,5.649992960958878E+001,
7.202346041055718E+009,-2.564619407791029E+001,3.920420844486109E+001,
7.206256109481916E+009,-2.540724602610830E+001,2.289561603578595E+001,
7.210166177908114E+009,-2.503398584555561E+001,5.258916480511461E+000,
7.214076246334311E+009,-2.480437673273618E+001,-1.210042243060820E+001,
7.217986314760509E+009,-2.447574409909315E+001,-3.059061396246939E+001,
7.221896383186706E+009,-2.429896775076535E+001,-4.903868790196687E+001,
7.225806451612904E+009,-2.409971657889134E+001,-6.810829644119050E+001,
7.229716520039101E+009,-2.399427930604903E+001,-8.592658473711317E+001,
7.233626588465298E+009,-2.386304406750888E+001,-1.049366145816988E+002,
7.237536656891496E+009,-2.384140007178892E+001,-1.237504591484014E+002,
7.241446725317694E+009,-2.376706139679421E+001,-1.420068434415037E+002,
7.245356793743891E+009,-2.372047376520779E+001,-1.605939783296843E+002,
7.249266862170088E+009,-2.382189247308649E+001,-1.795166432964543E+002,
7.253176930596285E+009,-2.395302356417852E+001,1.625655483717156E+002,
7.257086999022483E+009,-2.400174737488874E+001,1.455143346578946E+002,
7.260997067448681E+009,-2.388948436895879E+001,1.279643171946020E+002,
7.264907135874878E+009,-2.388159453552960E+001,1.098357611522924E+002,
7.268817204301075E+009,-2.386164510166358E+001,9.127210325484623E+001,
7.272727272727273E+009,-2.376129678292095E+001,7.333886824457480E+001,
7.276637341153470E+009,-2.371611714470243E+001,5.463618177964793E+001,
7.280547409579668E+009,-2.390213337075092E+001,3.607944240062075E+001,
7.284457478005865E+009,-2.418088861396529E+001,1.842622123935175E+001,
7.288367546432062E+009,-2.413549141031610E+001,1.454699932766474E+000,
7.292277614858260E+009,-2.409419772144387E+001,-1.599319342816967E+001,
7.296187683284458E+009,-2.409406015718873E+001,-3.380882900779434E+001,
7.300097751710655E+009,-2.413849005068053E+001,-5.228002547982577E+001,
7.304007820136852E+009,-2.420005056786277E+001,-6.974212069387704E+001,
7.307917888563049E+009,-2.426900629310605E+001,-8.722750995406749E+001,
7.311827956989247E+009,-2.430940010116436E+001,-1.051201686417963E+002,
7.315738025415445E+009,-2.434653809533410E+001,-1.232458623555316E+002,
7.319648093841642E+009,-2.440396125518731E+001,-1.409720043336705E+002,
7.323558162267839E+009,-2.439807020672225E+001,-1.591075515934418E+002,
7.327468230694037E+009,-2.427190732265004E+001,-1.776279522749435E+002,
7.331378299120235E+009,-2.440310101218687E+001,1.634474764961149E+002,
7.335288367546433E+009,-2.438500284024055E+001,1.449692768660265E+002,
7.339198435972630E+009,-2.459961871438928E+001,1.264981273713764E+002,
7.343108504398827E+009,-2.485312924742231E+001,1.071907338249649E+002,
7.347018572825025E+009,-2.508502350251661E+001,8.919829333126353E+001,
7.350928641251223E+009,-2.521329486518799E+001,7.148833085977272E+001,
7.354838709677420E+009,-2.547487470580762E+001,5.381847633627164E+001,
7.358748778103617E+009,-2.566709993414139E+001,3.559746107071836E+001,
7.362658846529814E+009,-2.593153378717598E+001,1.765890286030836E+001,
7.366568914956012E+009,-2.627751078047383E+001,2.955452078590274E-001,
7.370478983382210E+009,-2.651052807360944E+001,-1.590123107245843E+001,
7.374389051808407E+009,-2.650258568505148E+001,-3.337252734316407E+001,
7.378299120234604E+009,-2.670054155401354E+001,-5.159486537876281E+001,
7.382209188660801E+009,-2.699279476318724E+001,-6.908034060789098E+001,
7.386119257086999E+009,-2.750841658118981E+001,-8.727924441212916E+001,
7.390029325513197E+009,-2.788152181280823E+001,-1.026811400854604E+002,
7.393939393939394E+009,-2.801619747505666E+001,-1.182598249930898E+002,
7.397849462365591E+009,-2.814670703430926E+001,-1.342807374825409E+002,
7.401759530791789E+009,-2.822753850306059E+001,-1.509861111510470E+002,
7.405669599217987E+009,-2.819319523937927E+001,-1.675846232619152E+002,
7.409579667644184E+009,-2.849170816250592E+001,1.741782553300575E+002,
7.413489736070381E+009,-2.873027143872886E+001,1.574874432378298E+002,
7.417399804496578E+009,-2.888155920400897E+001,1.410215034122039E+002,
7.421309872922776E+009,-2.923193538129272E+001,1.244834515010419E+002,
7.425219941348974E+009,-2.944116797271899E+001,1.073182718296796E+002,
7.429130009775171E+009,-2.966002066865988E+001,9.205561436969944E+001,
7.433040078201368E+009,-2.992577300099391E+001,7.697060139899179E+001,
7.436950146627565E+009,-2.982543563033234E+001,6.110016539226008E+001,
7.440860215053763E+009,-3.004576965442156E+001,4.513359432117294E+001,
7.444770283479961E+009,-2.992557630249328E+001,2.974103188879866E+001,
7.448680351906158E+009,-2.979204849221211E+001,1.230872712119442E+001,
7.452590420332356E+009,-2.990969838757436E+001,-5.611560554371786E+000,
7.456500488758554E+009,-3.009333163839073E+001,-2.215121300255685E+001,
7.460410557184751E+009,-3.032037532198125E+001,-3.859072114014393E+001,
7.464320625610949E+009,-3.045050285011731E+001,-5.415118089113074E+001,
7.468230694037146E+009,-3.059677070537871E+001,-6.931813189579044E+001,
7.472140762463343E+009,-3.044679062190364E+001,-8.476350613998966E+001,
7.476050830889541E+009,-3.006906928127314E+001,-1.024278911141078E+002,
7.479960899315739E+009,-3.019162852796566E+001,-1.201437181610143E+002,
7.483870967741936E+009,-3.017978342761440E+001,-1.376732870645250E+002,
7.487781036168133E+009,-3.036610783036398E+001,-1.562736894660337E+002,
7.491691104594330E+009,-3.066384128715437E+001,-1.742794572705685E+002,
7.495601173020528E+009,-3.088323469590864E+001,1.695123443289903E+002,
7.499511241446726E+009,-3.098655558894321E+001,1.535910889823636E+002,
7.503421309872923E+009,-3.119717242748444E+001,1.368642379368226E+002,
7.507331378299120E+009,-3.134310580760941E+001,1.211135326430855E+002,
7.511241446725318E+009,-3.144336189100965E+001,1.058257543171412E+002,
7.515151515151515E+009,-3.118749029253518E+001,9.118611459826988E+001,
7.519061583577713E+009,-3.117153498944542E+001,7.337939140148831E+001,
7.522971652003910E+009,-3.109506142223525E+001,5.510459219752473E+001,
7.526881720430107E+009,-3.121463120767077E+001,3.764261539728373E+001,
7.530791788856305E+009,-3.138331521838952E+001,2.052880745583341E+001,
7.534701857282503E+009,-3.159686485751486E+001,2.725897441011695E+000,
7.538611925708700E+009,-3.181798231248214E+001,-1.350074293507042E+001,
7.542521994134897E+009,-3.184661941531816E+001,-2.949810343994929E+001,
7.546432062561094E+009,-3.206123016911568E+001,-4.575256216917722E+001,
7.550342130987292E+009,-3.215042460909974E+001,-6.228472873502464E+001,
7.554252199413490E+009,-3.234672290865543E+001,-7.703593642606084E+001,
7.558162267839687E+009,-3.217825345626487E+001,-9.344037437825831E+001,
7.562072336265884E+009,-3.220338257727399E+001,-1.118045831858694E+002,
7.565982404692082E+009,-3.242794344553627E+001,-1.283310106221572E+002,
7.569892473118280E+009,-3.258779068211896E+001,-1.445248173684465E+002,
7.573802541544478E+009,-3.286488849337817E+001,-1.607240470174707E+002,
7.577712609970675E+009,-3.276855955126349E+001,-1.754365254112574E+002,
7.581622678396872E+009,-3.277082092807545E+001,1.672343931542272E+002,
7.585532746823070E+009,-3.294131352415253E+001,1.502671859074516E+002,
7.589442815249268E+009,-3.313469621191953E+001,1.341289106078233E+002,
7.593352883675465E+009,-3.334288363179796E+001,1.179287564453133E+002,
7.597262952101662E+009,-3.353935099918216E+001,1.020625477697755E+002,
7.601173020527859E+009,-3.377406386557657E+001,8.713216363356089E+001,
7.605083088954057E+009,-3.382438155890850E+001,7.294552780564719E+001,
7.608993157380255E+009,-3.376289756823149E+001,5.747867981798164E+001,
7.612903225806452E+009,-3.367339280170049E+001,4.241798926843430E+001,
7.616813294232649E+009,-3.349826721840211E+001,2.588349807157957E+001,
7.620723362658846E+009,-3.343229394593794E+001,9.884552260699747E+000,
7.624633431085044E+009,-3.350562413682145E+001,-7.149232133884184E+000,
7.628543499511242E+009,-3.371687633097875E+001,-2.296005629118463E+001,
7.632453567937439E+009,-3.377461864487105E+001,-3.672652740169620E+001,
7.636363636363636E+009,-3.355333097120121E+001,-5.026349855602943E+001,
7.640273704789834E+009,-3.324291330570218E+001,-6.488705855111577E+001,
7.644183773216032E+009,-3.279083656050030E+001,-8.051424665628746E+001,
7.648093841642229E+009,-3.232615832127675E+001,-9.810523838099151E+001,
7.652003910068426E+009,-3.219298805228527E+001,-1.160715970921470E+002,
7.655913978494623E+009,-3.212821672100316E+001,-1.327139141931388E+002,
7.659824046920821E+009,-3.192817002422381E+001,-1.499638009706357E+002,
7.663734115347019E+009,-3.188012981862345E+001,-1.684009504257293E+002,
7.667644183773216E+009,-3.209824230410004E+001,1.746919867252203E+002,
7.671554252199413E+009,-3.209758061664006E+001,1.598637672025421E+002,
7.675464320625610E+009,-3.186312822821004E+001,1.434980552500115E+002,
7.679374389051808E+009,-3.176741888450309E+001,1.267179985647964E+002,
7.683284457478006E+009,-3.166839396111569E+001,1.092805899344306E+002,
7.687194525904203E+009,-3.155444650935636E+001,9.188598367008430E+001,
7.691104594330401E+009,-3.155899008989542E+001,7.510155835265762E+001,
7.695014662756599E+009,-3.148720656346873E+001,5.774528148595923E+001,
7.698924731182797E+009,-3.157679486861983E+001,4.053808054889058E+001,
7.702834799608994E+009,-3.171260832472085E+001,2.413528340944288E+001,
7.706744868035191E+009,-3.178336055725115E+001,9.017812338959738E+000,
7.710654936461388E+009,-3.148752896579216E+001,-6.126124849402601E+000,
7.714565004887586E+009,-3.123925697222982E+001,-2.268430941884216E+001,
7.718475073313784E+009,-3.098772072909187E+001,-3.945408878805143E+001,
7.722385141739981E+009,-3.086511820789401E+001,-5.637472117468331E+001,
7.726295210166178E+009,-3.064164708816713E+001,-7.295543494908269E+001,
7.730205278592375E+009,-3.039185645431568E+001,-8.957042606380165E+001,
7.734115347018573E+009,-3.011839334601878E+001,-1.068493178074714E+002,
7.738025415444771E+009,-2.978916134022948E+001,-1.245776196026841E+002,
7.741935483870968E+009,-2.951130641607480E+001,-1.433806549795332E+002,
7.745845552297165E+009,-2.934632058764344E+001,-1.629473691486535E+002,
7.749755620723363E+009,-2.946079089688955E+001,1.780068639938778E+002,
7.753665689149560E+009,-2.946365059789887E+001,1.602911403404609E+002,
7.757575757575758E+009,-2.953305875745964E+001,1.420381147377323E+002,
7.761485826001955E+009,-2.957754450223888E+001,1.249223477077304E+002,
7.765395894428152E+009,-2.945255980708676E+001,1.070447839159914E+002,
7.769305962854350E+009,-2.942446498021320E+001,8.849385893913720E+001,
7.773216031280548E+009,-2.940089457839082E+001,7.034201526972564E+001,
7.777126099706745E+009,-2.937944037837080E+001,5.197106770000021E+001,
7.781036168132942E+009,-2.939967218282803E+001,3.234959144104563E+001,
7.784946236559139E+009,-2.964661723007335E+001,1.324052663255078E+001,
7.788856304985337E+009,-3.001053864841764E+001,-5.150485553894129E+000,
7.792766373411535E+009,-3.043416462863349E+001,-2.234680719974922E+001,
7.796676441837732E+009,-3.054753566279356E+001,-3.770961948612546E+001,
7.800586510263929E+009,-3.056366081260724E+001,-5.489393667287804E+001,
7.804496578690127E+009,-3.069900842956078E+001,-7.281721185725083E+001,
7.808406647116324E+009,-3.080223210508201E+001,-8.949778398564722E+001,
7.812316715542522E+009,-3.086605686146281E+001,-1.069546060041628E+002,
7.816226783968720E+009,-3.099393434171315E+001,-1.252889625151676E+002,
7.820136852394917E+009,-3.120227622399849E+001,-1.428743918474135E+002,
7.824046920821115E+009,-3.139623685859610E+001,-1.602136417752179E+002,
7.827956989247313E+009,-3.159862499041274E+001,-1.773667267863339E+002,
7.831867057673510E+009,-3.177663170777119E+001,1.652460282564030E+002,
7.835777126099707E+009,-3.193314019885888E+001,1.485463047956176E+002,
7.839687194525904E+009,-3.200438958099671E+001,1.308845330983480E+002,
7.843597262952102E+009,-3.219184590115324E+001,1.125484386278433E+002,
7.847507331378300E+009,-3.258800072673277E+001,9.480165130323839E+001,
7.851417399804497E+009,-3.293309223072848E+001,7.845462995407462E+001,
7.855327468230694E+009,-3.298263117285445E+001,6.214483700766593E+001,
7.859237536656891E+009,-3.319796544276236E+001,4.388843002727858E+001,
7.863147605083089E+009,-3.363015837044096E+001,2.608522782390383E+001,
7.867057673509287E+009,-3.409539815703641E+001,9.098696060434245E+000,
7.870967741935484E+009,-3.452570137616468E+001,-7.653010527670427E+000,
7.874877810361681E+009,-3.508576265323106E+001,-2.431242271167878E+001,
7.878787878787879E+009,-3.570935919437352E+001,-3.982346272499827E+001,
7.882697947214077E+009,-3.646180977431656E+001,-5.423433882875998E+001,
7.886608015640274E+009,-3.705094304880939E+001,-6.631753447232026E+001,
7.890518084066471E+009,-3.728829456969461E+001,-7.809527637012066E+001,
7.894428152492668E+009,-3.720015426633637E+001,-9.113764603762049E+001,
7.898338220918866E+009,-3.744608481260148E+001,-1.046258471432099E+002,
7.902248289345064E+009,-3.743133007162025E+001,-1.169796060654539E+002,
7.906158357771261E+009,-3.738959349301614E+001,-1.301911792134928E+002,
7.910068426197458E+009,-3.742956725936411E+001,-1.443779199343948E+002,
7.913978494623655E+009,-3.738146339445422E+001,-1.560085363007555E+002,
7.917888563049853E+009,-3.706677973524292E+001,-1.690704265703869E+002,
7.921798631476051E+009,-3.693025065444572E+001,1.783263858511544E+002,
7.925708699902248E+009,-3.633957032436538E+001,1.659259081118886E+002,
7.929618768328445E+009,-3.574304383526014E+001,1.514962964022117E+002,
7.933528836754643E+009,-3.513979831276144E+001,1.367824459137783E+002,
7.937438905180841E+009,-3.447990096757734E+001,1.201474437377814E+002,
7.941348973607039E+009,-3.394509194806368E+001,1.027246467223535E+002,
7.945259042033236E+009,-3.371542140698994E+001,8.518412221586061E+001,
7.949169110459433E+009,-3.354187323207410E+001,6.869518787870113E+001,
7.953079178885631E+009,-3.319363588451034E+001,5.324456081119509E+001,
7.956989247311829E+009,-3.281864323152248E+001,3.573797276271316E+001,
7.960899315738026E+009,-3.250183280400155E+001,1.834167185429847E+001,
7.964809384164223E+009,-3.222893899908986E+001,7.470907953706772E-001,
7.968719452590420E+009,-3.214117956835608E+001,-1.707839926038239E+001,
7.972629521016618E+009,-3.206807745962109E+001,-3.372595987229781E+001,
7.976539589442816E+009,-3.197023249823953E+001,-5.047970114438709E+001,
7.980449657869013E+009,-3.190172302604614E+001,-6.641863978750148E+001,
7.984359726295210E+009,-3.160832508552789E+001,-8.188090437220255E+001,
7.988269794721408E+009,-3.122759557946353E+001,-9.849152153492757E+001,
7.992179863147605E+009,-3.109828943753447E+001,-1.158768994198292E+002,
7.996089931573803E+009,-3.093572301619997E+001,-1.320182843918928E+002,
8.000000000000000E+009,-3.061331108576599E+001,-1.478620518005005E+002,
