% Version 1.00
%
%freq[Hz];db:Trc1_S21;ang:Trc1_S21;
4.000000000000000E+009,-2.269790113819369E+001,-9.380030042507717E+001,
4.003910068426198E+009,-2.255520739217413E+001,-1.102124717797888E+002,
4.007820136852395E+009,-2.285797755167431E+001,-1.261213505136117E+002,
4.011730205278593E+009,-2.287003637107340E+001,-1.404609905840631E+002,
4.015640273704790E+009,-2.269013116834758E+001,-1.541213384923764E+002,
4.019550342130987E+009,-2.225650840021687E+001,-1.697464078491105E+002,
4.023460410557185E+009,-2.186584096610386E+001,1.734996932537414E+002,
4.027370478983382E+009,-2.157403582449479E+001,1.559863891563848E+002,
4.031280547409580E+009,-2.139345909788789E+001,1.383623012655448E+002,
4.035190615835777E+009,-2.130489010707559E+001,1.208124358871747E+002,
4.039100684261975E+009,-2.138714649449108E+001,1.042219817218461E+002,
4.043010752688172E+009,-2.126580568986928E+001,8.770123766267314E+001,
4.046920821114369E+009,-2.121986313823079E+001,7.206031814205919E+001,
4.050830889540567E+009,-2.094160344134171E+001,5.684870036944360E+001,
4.054740957966765E+009,-2.045681150267691E+001,4.025246882972026E+001,
4.058651026392962E+009,-2.018830064520303E+001,2.166782520250584E+001,
4.062561094819160E+009,-2.002972623417115E+001,4.291323289336201E+000,
4.066471163245357E+009,-1.986293978612848E+001,-1.341617350588262E+001,
4.070381231671554E+009,-1.972325181401396E+001,-3.087964076977854E+001,
4.074291300097752E+009,-1.960992809636216E+001,-4.860487594677111E+001,
4.078201368523949E+009,-1.943199783658211E+001,-6.551548599302213E+001,
4.082111436950147E+009,-1.923226731645579E+001,-8.338852427988668E+001,
4.086021505376344E+009,-1.907053003212867E+001,-1.013268192599415E+002,
4.089931573802542E+009,-1.887322733637394E+001,-1.197355919424911E+002,
4.093841642228739E+009,-1.884961380714784E+001,-1.380019069043767E+002,
4.097751710654936E+009,-1.879239001583837E+001,-1.555016830565602E+002,
4.101661779081134E+009,-1.863303791256899E+001,-1.723343964024897E+002,
4.105571847507331E+009,-1.845738660763288E+001,1.695543641326156E+002,
4.109481915933529E+009,-1.825954504187310E+001,1.512215327205940E+002,
4.113391984359726E+009,-1.824961643815057E+001,1.324709211172207E+002,
4.117302052785924E+009,-1.824357137521901E+001,1.141291738024988E+002,
4.121212121212121E+009,-1.817764353284894E+001,9.622228534499340E+001,
4.125122189638319E+009,-1.808959229145821E+001,7.780869882458059E+001,
4.129032258064516E+009,-1.810721005333207E+001,5.958303812652184E+001,
4.132942326490714E+009,-1.805293768462504E+001,4.172389832476961E+001,
4.136852394916911E+009,-1.796914173897922E+001,2.330252878017016E+001,
4.140762463343109E+009,-1.800215110542771E+001,4.485115874940981E+000,
4.144672531769306E+009,-1.800572828552543E+001,-1.374566354269691E+001,
4.148582600195503E+009,-1.804250402234523E+001,-3.221132227414637E+001,
4.152492668621701E+009,-1.809979521396303E+001,-5.051067508025258E+001,
4.156402737047898E+009,-1.815847614993328E+001,-6.861959111808835E+001,
4.160312805474096E+009,-1.815614441058139E+001,-8.688982301192344E+001,
4.164222873900293E+009,-1.823101953912936E+001,-1.050039042117076E+002,
4.168132942326491E+009,-1.831903766238692E+001,-1.231873063247844E+002,
4.172043010752688E+009,-1.841364766589301E+001,-1.414085238733963E+002,
4.175953079178886E+009,-1.861527105979761E+001,-1.596107953163888E+002,
4.179863147605083E+009,-1.880833715265620E+001,-1.772479877955152E+002,
4.183773216031281E+009,-1.891796019127497E+001,1.659089868456885E+002,
4.187683284457478E+009,-1.891277304195320E+001,1.482914960624441E+002,
4.191593352883676E+009,-1.899611110088384E+001,1.311392394759720E+002,
4.195503421309873E+009,-1.891900252390757E+001,1.135618401054683E+002,
4.199413489736071E+009,-1.897743413318401E+001,9.541929187530391E+001,
4.203323558162268E+009,-1.909988112567355E+001,7.743485314066068E+001,
4.207233626588465E+009,-1.924696628034162E+001,6.013511003954915E+001,
4.211143695014663E+009,-1.934851808717384E+001,4.222342356684869E+001,
4.215053763440860E+009,-1.950711594048639E+001,2.517470127059842E+001,
4.218963831867058E+009,-1.956979509632347E+001,8.219142941662240E+000,
4.222873900293255E+009,-1.962272234732373E+001,-9.190483421090628E+000,
4.226783968719452E+009,-1.964337762424033E+001,-2.635606729012466E+001,
4.230694037145650E+009,-1.964574354293876E+001,-4.411699058718657E+001,
4.234604105571847E+009,-1.965225401253182E+001,-6.171355026258069E+001,
4.238514173998045E+009,-1.973192619993898E+001,-7.963281759405282E+001,
4.242424242424243E+009,-1.979409661519946E+001,-9.779221440013401E+001,
4.246334310850440E+009,-2.000160755363559E+001,-1.160692536295150E+002,
4.250244379276638E+009,-2.028244258037354E+001,-1.332895638296315E+002,
4.254154447702835E+009,-2.046121230968047E+001,-1.500015872002947E+002,
4.258064516129032E+009,-2.049637908797634E+001,-1.671573069018662E+002,
4.261974584555230E+009,-2.056140274518185E+001,1.757279680296171E+002,
4.265884652981427E+009,-2.067947131540673E+001,1.586773537201758E+002,
4.269794721407625E+009,-2.079959057434135E+001,1.415510607278431E+002,
4.273704789833822E+009,-2.094244755199012E+001,1.241073664430963E+002,
4.277614858260019E+009,-2.113460467210960E+001,1.070752967014599E+002,
4.281524926686217E+009,-2.127910065628731E+001,9.108341433928507E+001,
4.285434995112414E+009,-2.127795162659824E+001,7.495518423161074E+001,
4.289345063538612E+009,-2.127435965085452E+001,5.788048066502380E+001,
4.293255131964809E+009,-2.133040960645963E+001,4.019809641508714E+001,
4.297165200391007E+009,-2.156010215479515E+001,2.315698192675065E+001,
4.301075268817205E+009,-2.167544016322852E+001,6.705585295702215E+000,
4.304985337243402E+009,-2.179487721422657E+001,-9.512100419064714E+000,
4.308895405669600E+009,-2.188417383145109E+001,-2.517786157847969E+001,
4.312805474095797E+009,-2.186665992235198E+001,-4.109932241270221E+001,
4.316715542521994E+009,-2.173567533155522E+001,-5.745825665249048E+001,
4.320625610948192E+009,-2.167312993949659E+001,-7.480487812641137E+001,
4.324535679374389E+009,-2.175805093011808E+001,-9.189764780128922E+001,
4.328445747800587E+009,-2.169038322309298E+001,-1.085697058678065E+002,
4.332355816226784E+009,-2.167315363022993E+001,-1.255450826190591E+002,
4.336265884652982E+009,-2.159671528071732E+001,-1.429986233616616E+002,
4.340175953079179E+009,-2.168755984660775E+001,-1.601367445829684E+002,
4.344086021505377E+009,-2.185325441386454E+001,-1.764111429499895E+002,
4.347996089931574E+009,-2.176297603616601E+001,1.674588261267026E+002,
4.351906158357771E+009,-2.181934056322087E+001,1.509529057116462E+002,
4.355816226783969E+009,-2.165148353408768E+001,1.342763156347799E+002,
4.359726295210166E+009,-2.154050608755302E+001,1.179342943711376E+002,
4.363636363636364E+009,-2.134680668609864E+001,1.001106789368638E+002,
4.367546432062561E+009,-2.128666341185436E+001,8.204261851902281E+001,
4.371456500488758E+009,-2.123295492150328E+001,6.411916365327305E+001,
4.375366568914956E+009,-2.139739562266940E+001,4.600431225281437E+001,
4.379276637341153E+009,-2.151830277065537E+001,2.910721938491718E+001,
4.383186705767351E+009,-2.156166999425871E+001,1.223319117193573E+001,
4.387096774193548E+009,-2.155565933384531E+001,-4.169212989277879E+000,
4.391006842619746E+009,-2.154244273888548E+001,-2.105979813779063E+001,
4.394916911045943E+009,-2.148568417528402E+001,-3.787691634418783E+001,
4.398826979472141E+009,-2.136032974624582E+001,-5.494966594661506E+001,
4.402737047898338E+009,-2.143076820083697E+001,-7.314604020318497E+001,
4.406647116324535E+009,-2.146567507159153E+001,-9.044848178345411E+001,
4.410557184750733E+009,-2.150688621303121E+001,-1.074837194275577E+002,
4.414467253176930E+009,-2.145959891705691E+001,-1.244604565160100E+002,
4.418377321603128E+009,-2.158970757238397E+001,-1.420919676573091E+002,
4.422287390029326E+009,-2.167572090382132E+001,-1.590942361701519E+002,
4.426197458455523E+009,-2.175979412456807E+001,-1.750212207910118E+002,
4.430107526881721E+009,-2.168314144068818E+001,1.688707405365579E+002,
4.434017595307918E+009,-2.149050740561190E+001,1.521444666239300E+002,
4.437927663734116E+009,-2.139142782730405E+001,1.340915434114036E+002,
4.441837732160313E+009,-2.146822234543063E+001,1.170531530365688E+002,
4.445747800586511E+009,-2.147183258589040E+001,1.002254906503151E+002,
4.449657869012708E+009,-2.136164743184418E+001,8.320537679919566E+001,
4.453567937438905E+009,-2.129499277588452E+001,6.578643646159790E+001,
4.457478005865103E+009,-2.128473921441408E+001,4.794011978220061E+001,
4.461388074291300E+009,-2.136857818746687E+001,3.006612256709811E+001,
4.465298142717498E+009,-2.151276711197458E+001,1.281707737443991E+001,
4.469208211143695E+009,-2.165546466517625E+001,-3.898036056211919E+000,
4.473118279569893E+009,-2.169227074474644E+001,-1.933729213896029E+001,
4.477028347996090E+009,-2.158380624872236E+001,-3.542416647546690E+001,
4.480938416422287E+009,-2.134246428687187E+001,-5.240944700435463E+001,
4.484848484848485E+009,-2.128963348056096E+001,-7.023735874208755E+001,
4.488758553274682E+009,-2.131485507357248E+001,-8.767182821235146E+001,
4.492668621700880E+009,-2.130828332548258E+001,-1.049755880375161E+002,
4.496578690127077E+009,-2.127260649167308E+001,-1.222966257545498E+002,
4.500488758553275E+009,-2.134499842631758E+001,-1.396592395954492E+002,
4.504398826979472E+009,-2.137400384938916E+001,-1.562687035307972E+002,
4.508308895405669E+009,-2.140292247964659E+001,-1.726933516627730E+002,
4.512218963831867E+009,-2.149621643623581E+001,1.708581821835394E+002,
4.516129032258064E+009,-2.138971845527619E+001,1.553159616656274E+002,
4.520039100684262E+009,-2.121104434633056E+001,1.384048016420207E+002,
4.523949169110459E+009,-2.114910271804565E+001,1.215509848014163E+002,
4.527859237536657E+009,-2.098376667361243E+001,1.043770516872007E+002,
4.531769305962854E+009,-2.089112853471884E+001,8.652765928292332E+001,
4.535679374389051E+009,-2.088225210724311E+001,6.885282904926872E+001,
4.539589442815249E+009,-2.095781109307034E+001,5.147282143489745E+001,
4.543499511241447E+009,-2.099800542206071E+001,3.462492559112188E+001,
4.547409579667645E+009,-2.105059702382545E+001,1.786744976585167E+001,
4.551319648093842E+009,-2.092289179596434E+001,5.828088841050928E-001,
4.555229716520039E+009,-2.095999578968042E+001,-1.629191478227495E+001,
4.559139784946237E+009,-2.093608847548267E+001,-3.333755454108691E+001,
4.563049853372434E+009,-2.096774235037210E+001,-5.040042773397350E+001,
4.566959921798632E+009,-2.090565217808379E+001,-6.683168594290061E+001,
4.570869990224829E+009,-2.070640232193653E+001,-8.316563497182082E+001,
4.574780058651027E+009,-2.046551347677851E+001,-1.015044191212598E+002,
4.578690127077224E+009,-2.043010371811260E+001,-1.194721273421292E+002,
4.582600195503422E+009,-2.046682974203758E+001,-1.367351328900637E+002,
4.586510263929619E+009,-2.037323082066684E+001,-1.548637249201188E+002,
4.590420332355816E+009,-2.050743020259530E+001,-1.730714719447017E+002,
4.594330400782014E+009,-2.064640696115173E+001,1.702713322027338E+002,
4.598240469208211E+009,-2.070551205738184E+001,1.532626093295887E+002,
4.602150537634409E+009,-2.080916492903952E+001,1.368201879921762E+002,
4.606060606060606E+009,-2.073818518717568E+001,1.209027292806107E+002,
4.609970674486803E+009,-2.056523140071907E+001,1.046465749863648E+002,
4.613880742913001E+009,-2.036867147863915E+001,8.728319475942077E+001,
4.617790811339198E+009,-2.017532912945203E+001,6.907718219859120E+001,
4.621700879765396E+009,-2.014367229639857E+001,5.032965786560519E+001,
4.625610948191593E+009,-2.014468038344670E+001,3.159221666803185E+001,
4.629521016617791E+009,-2.032346217874177E+001,1.342639768846064E+001,
4.633431085043988E+009,-2.051555599550732E+001,-3.906361076088009E+000,
4.637341153470186E+009,-2.060345656367645E+001,-2.109524912415450E+001,
4.641251221896383E+009,-2.077287132507003E+001,-3.811896014106145E+001,
4.645161290322580E+009,-2.090066167100738E+001,-5.372528318917536E+001,
4.649071358748778E+009,-2.089555114189000E+001,-6.963467629881181E+001,
4.652981427174975E+009,-2.075929162565213E+001,-8.582617034828031E+001,
4.656891495601173E+009,-2.047434193850245E+001,-1.027935528337346E+002,
4.660801564027371E+009,-2.021072610774953E+001,-1.206157148961028E+002,
4.664711632453568E+009,-2.011094055228444E+001,-1.399443103362435E+002,
4.668621700879766E+009,-2.015862596978162E+001,-1.581409108945897E+002,
4.672531769305963E+009,-2.022596492177969E+001,-1.766073375902240E+002,
4.676441837732161E+009,-2.040811772928189E+001,1.653689448121947E+002,
4.680351906158358E+009,-2.063552720546296E+001,1.481020945339652E+002,
4.684261974584556E+009,-2.075495262269108E+001,1.318983618050243E+002,
4.688172043010753E+009,-2.076534986073128E+001,1.157697147825815E+002,
4.692082111436951E+009,-2.067044028386045E+001,9.945403327113711E+001,
4.695992179863148E+009,-2.045474948287401E+001,8.229033093111848E+001,
4.699902248289345E+009,-2.037026750679744E+001,6.438490655605767E+001,
4.703812316715543E+009,-2.034786658804233E+001,4.573039999854701E+001,
4.707722385141740E+009,-2.043613183906098E+001,2.774367743728316E+001,
4.711632453567938E+009,-2.051092175492541E+001,1.048819921649330E+001,
4.715542521994135E+009,-2.044425013651919E+001,-6.849194842679540E+000,
4.719452590420332E+009,-2.052014001646026E+001,-2.463980903704426E+001,
4.723362658846530E+009,-2.054026973784066E+001,-4.282306203728439E+001,
4.727272727272727E+009,-2.060915809961207E+001,-6.054534983741981E+001,
4.731182795698925E+009,-2.069551477961424E+001,-7.828024511421381E+001,
4.735092864125122E+009,-2.075576282118925E+001,-9.625875176633008E+001,
4.739002932551320E+009,-2.089497307428401E+001,-1.140620415045123E+002,
4.742913000977517E+009,-2.101934439183966E+001,-1.316855151340239E+002,
4.746823069403714E+009,-2.111570872866091E+001,-1.492269508745424E+002,
4.750733137829912E+009,-2.116208522821331E+001,-1.676799814041976E+002,
4.754643206256109E+009,-2.143110707274154E+001,1.748517134929273E+002,
4.758553274682307E+009,-2.164793538901325E+001,1.573642557717843E+002,
4.762463343108504E+009,-2.192905205859067E+001,1.405309305847556E+002,
4.766373411534702E+009,-2.208652067275324E+001,1.240988212723509E+002,
4.770283479960899E+009,-2.218898444485915E+001,1.073869877534143E+002,
4.774193548387096E+009,-2.220173237812339E+001,9.037605168320197E+001,
4.778103616813294E+009,-2.232122603377632E+001,7.282780940802020E+001,
4.782013685239492E+009,-2.247158432739542E+001,5.475124342131650E+001,
4.785923753665690E+009,-2.276709587428302E+001,3.725937042464442E+001,
4.789833822091887E+009,-2.304713750954544E+001,2.065469923132657E+001,
4.793743890518084E+009,-2.329261730230715E+001,4.003352325873872E+000,
4.797653958944282E+009,-2.336335480488550E+001,-1.278327304552932E+001,
4.801564027370479E+009,-2.367986489864487E+001,-3.007154955162026E+001,
4.805474095796677E+009,-2.389352738149070E+001,-4.766119547239811E+001,
4.809384164222874E+009,-2.429629429438584E+001,-6.501098922635123E+001,
4.813294232649072E+009,-2.483597635825356E+001,-8.110180384733955E+001,
4.817204301075269E+009,-2.524680027317153E+001,-9.685707138038275E+001,
4.821114369501467E+009,-2.569763597748458E+001,-1.123257860225347E+002,
4.825024437927664E+009,-2.638314813737880E+001,-1.254785017824900E+002,
4.828934506353861E+009,-2.646836008744145E+001,-1.367289620127710E+002,
4.832844574780059E+009,-2.631337835309108E+001,-1.521054608735450E+002,
4.836754643206256E+009,-2.624470018491173E+001,-1.657622028940564E+002,
4.840664711632454E+009,-2.608052736620483E+001,1.792825786474908E+002,
4.844574780058651E+009,-2.593914474785015E+001,1.619943645185472E+002,
4.848484848484848E+009,-2.620713739654423E+001,1.455765185353028E+002,
4.852394916911046E+009,-2.640433179477259E+001,1.300889171106479E+002,
4.856304985337243E+009,-2.662923008164466E+001,1.159623124952098E+002,
4.860215053763441E+009,-2.680001322401242E+001,1.040006420638825E+002,
4.864125122189638E+009,-2.637697094647974E+001,9.065391743233188E+001,
4.868035190615836E+009,-2.613422685509593E+001,7.536474365086588E+001,
4.871945259042033E+009,-2.588809972059130E+001,5.948380719599501E+001,
4.875855327468231E+009,-2.572424997868623E+001,4.395676268522507E+001,
4.879765395894428E+009,-2.561014300409910E+001,2.768041283223057E+001,
4.883675464320625E+009,-2.536921587896100E+001,1.160074254202255E+001,
4.887585532746823E+009,-2.544664245670013E+001,-4.464878556089779E+000,
4.891495601173020E+009,-2.526443964638605E+001,-1.946666234729165E+001,
4.895405669599218E+009,-2.519159937335000E+001,-3.495837094884637E+001,
4.899315738025415E+009,-2.499383993525272E+001,-4.973450275487382E+001,
4.903225806451613E+009,-2.479805592848024E+001,-6.582223142334652E+001,
4.907135874877811E+009,-2.468719197327430E+001,-8.100609190712684E+001,
4.911045943304008E+009,-2.448997030040402E+001,-9.575096127852046E+001,
4.914956011730206E+009,-2.406844855540290E+001,-1.116213802082076E+002,
4.918866080156403E+009,-2.381931093511302E+001,-1.274995651331573E+002,
4.922776148582601E+009,-2.352033504842784E+001,-1.438872262222222E+002,
4.926686217008798E+009,-2.332135739282320E+001,-1.603425600656001E+002,
4.930596285434996E+009,-2.307623928641463E+001,-1.769193913503949E+002,
4.934506353861193E+009,-2.288342481980097E+001,1.663384107649077E+002,
4.938416422287390E+009,-2.271495157035342E+001,1.507469759274268E+002,
4.942326490713588E+009,-2.252267615235716E+001,1.347942729111379E+002,
4.946236559139785E+009,-2.219259227264097E+001,1.190528411863556E+002,
4.950146627565983E+009,-2.175625174200043E+001,1.034176084415748E+002,
4.954056695992180E+009,-2.126361090229154E+001,8.586624335743859E+001,
4.957966764418377E+009,-2.086165751561487E+001,6.881027679070445E+001,
4.961876832844575E+009,-2.055526393165197E+001,5.134241737125437E+001,
4.965786901270772E+009,-2.027403047528706E+001,3.352896343020618E+001,
4.969696969696970E+009,-1.998636962426389E+001,1.579767220554198E+001,
4.973607038123167E+009,-1.973113332026207E+001,-1.530649337860744E+000,
4.977517106549365E+009,-1.934862235206535E+001,-1.944242885779509E+001,
4.981427174975562E+009,-1.912044508739626E+001,-3.816257219323602E+001,
4.985337243401759E+009,-1.896579608210300E+001,-5.597690839160513E+001,
4.989247311827957E+009,-1.873703764084159E+001,-7.368338569992878E+001,
4.993157380254154E+009,-1.848903420230463E+001,-9.168374846662343E+001,
4.997067448680352E+009,-1.828182935308652E+001,-1.099421727404443E+002,
5.000977517106549E+009,-1.806796819521703E+001,-1.285522656185680E+002,
5.004887585532747E+009,-1.791904582237353E+001,-1.468624691720923E+002,
5.008797653958944E+009,-1.772827788711934E+001,-1.653962753468688E+002,
5.012707722385141E+009,-1.762286002844375E+001,1.756075744198396E+002,
5.016617790811339E+009,-1.755782681347728E+001,1.570871028004941E+002,
5.020527859237536E+009,-1.754294992773836E+001,1.382679801751915E+002,
5.024437927663734E+009,-1.758430556455789E+001,1.202225172790299E+002,
5.028347996089932E+009,-1.757768041178547E+001,1.026318392890048E+002,
5.032258064516129E+009,-1.747769528922814E+001,8.531800848595849E+001,
5.036168132942327E+009,-1.736300259243088E+001,6.696901147759577E+001,
5.040078201368524E+009,-1.729384022557577E+001,4.915539823731375E+001,
5.043988269794722E+009,-1.718031932714203E+001,3.102482637846219E+001,
5.047898338220919E+009,-1.708200447463893E+001,1.267853646229888E+001,
5.051808406647117E+009,-1.701110132162113E+001,-5.697276071294621E+000,
5.055718475073314E+009,-1.694376010173223E+001,-2.434548377804657E+001,
5.059628543499512E+009,-1.696700773469117E+001,-4.297903886673365E+001,
5.063538611925709E+009,-1.700421551881511E+001,-6.133898828533442E+001,
5.067448680351906E+009,-1.705306368021969E+001,-7.938691053018727E+001,
5.071358748778104E+009,-1.703218760752321E+001,-9.747987476814473E+001,
5.075268817204301E+009,-1.701362593377587E+001,-1.157682326191034E+002,
5.079178885630499E+009,-1.703529224428358E+001,-1.340097986059618E+002,
5.083088954056696E+009,-1.706988543953750E+001,-1.523257359248950E+002,
5.086999022482893E+009,-1.712557312329273E+001,-1.708629676677592E+002,
5.090909090909091E+009,-1.719912133379921E+001,1.709517228722206E+002,
5.094819159335288E+009,-1.726746522900019E+001,1.527980804323071E+002,
5.098729227761486E+009,-1.737614318356176E+001,1.344922644980725E+002,
5.102639296187683E+009,-1.750329939733727E+001,1.162942272831614E+002,
5.106549364613881E+009,-1.771685575002642E+001,9.831472616206618E+001,
5.110459433040078E+009,-1.784112614524006E+001,8.084718267138427E+001,
5.114369501466276E+009,-1.799172294222301E+001,6.362525523890392E+001,
5.118279569892473E+009,-1.806696278916811E+001,4.619069430514987E+001,
5.122189638318670E+009,-1.818174839039480E+001,2.851420636910973E+001,
5.126099706744868E+009,-1.838977903592413E+001,1.129762021368840E+001,
5.130009775171065E+009,-1.849978724495363E+001,-5.438378784129319E+000,
5.133919843597263E+009,-1.854166597075081E+001,-2.243377102339789E+001,
5.137829912023460E+009,-1.852519779124283E+001,-3.951430980007009E+001,
5.141739980449657E+009,-1.849826355822141E+001,-5.689043768621139E+001,
5.145650048875855E+009,-1.849824559965192E+001,-7.478453699535005E+001,
5.149560117302053E+009,-1.855572824361911E+001,-9.252272123471499E+001,
5.153470185728251E+009,-1.854644407291200E+001,-1.100001690576236E+002,
5.157380254154448E+009,-1.856955271470884E+001,-1.279133629514125E+002,
5.161290322580645E+009,-1.872694597149041E+001,-1.457131552000541E+002,
5.165200391006843E+009,-1.879954897786153E+001,-1.634092595524998E+002,
5.169110459433041E+009,-1.888184583477508E+001,1.789863268588668E+002,
5.173020527859238E+009,-1.901073780196827E+001,1.615911125000833E+002,
5.176930596285435E+009,-1.903859042040751E+001,1.439260981152748E+002,
5.180840664711633E+009,-1.910889996101755E+001,1.262351025393039E+002,
5.184750733137830E+009,-1.921949137414633E+001,1.082877566978778E+002,
5.188660801564028E+009,-1.937211334156048E+001,9.067132722851443E+001,
5.192570869990225E+009,-1.951087777328329E+001,7.326885663729006E+001,
5.196480938416422E+009,-1.963702132807514E+001,5.636438707116210E+001,
5.200391006842620E+009,-1.967543190257982E+001,3.894090152004993E+001,
5.204301075268817E+009,-1.975199509140600E+001,2.117122695634517E+001,
5.208211143695015E+009,-1.989257868689118E+001,3.567787230018864E+000,
5.212121212121212E+009,-1.992626593241247E+001,-1.408540986614860E+001,
5.216031280547409E+009,-2.007469062449777E+001,-3.262892526863013E+001,
5.219941348973607E+009,-2.039204551074321E+001,-5.065140982989450E+001,
5.223851417399805E+009,-2.070953343350834E+001,-6.782423172401774E+001,
5.227761485826002E+009,-2.098902526388546E+001,-8.486788571356405E+001,
5.231671554252199E+009,-2.123730885800452E+001,-1.009976531232986E+002,
5.235581622678397E+009,-2.142116476352015E+001,-1.174586659337148E+002,
5.239491691104594E+009,-2.161143538335577E+001,-1.334810772465683E+002,
5.243401759530792E+009,-2.165090320152704E+001,-1.495933920056911E+002,
5.247311827956989E+009,-2.164816995285587E+001,-1.660982131324435E+002,
5.251221896383186E+009,-2.174854704453649E+001,1.763052937308524E+002,
5.255131964809384E+009,-2.185504437396328E+001,1.591541590361952E+002,
5.259042033235581E+009,-2.193668993866310E+001,1.421879076433446E+002,
5.262952101661779E+009,-2.211329458161840E+001,1.250749916689690E+002,
5.266862170087977E+009,-2.230135119796894E+001,1.074882979309037E+002,
5.270772238514174E+009,-2.256098324248461E+001,9.094374785705855E+001,
5.274682306940372E+009,-2.282461656038074E+001,7.497330409182567E+001,
5.278592375366570E+009,-2.302318036377715E+001,5.937173377896796E+001,
5.282502443792767E+009,-2.314091093166158E+001,4.414914878613747E+001,
5.286412512218964E+009,-2.307864359855056E+001,2.887567706373471E+001,
5.290322580645162E+009,-2.289741842229414E+001,1.256613311569029E+001,
5.294232649071359E+009,-2.282221858169659E+001,-4.464536203431538E+000,
5.298142717497557E+009,-2.283886076396065E+001,-2.189162377731213E+001,
5.302052785923754E+009,-2.290814797652978E+001,-3.925316365783852E+001,
5.305962854349951E+009,-2.298648561465414E+001,-5.603358995214403E+001,
5.309872922776149E+009,-2.306396509048988E+001,-7.317945912312590E+001,
5.313782991202346E+009,-2.322602677669197E+001,-9.048597730375866E+001,
5.317693059628544E+009,-2.340869544573570E+001,-1.071433242705438E+002,
5.321603128054741E+009,-2.356918678305544E+001,-1.225531715797689E+002,
5.325513196480938E+009,-2.356880781592285E+001,-1.385394742942482E+002,
5.329423264907136E+009,-2.363315384354417E+001,-1.544940145047201E+002,
5.333333333333333E+009,-2.361127465623788E+001,-1.709351427956570E+002,
5.337243401759531E+009,-2.360285731833958E+001,1.725810001842435E+002,
5.341153470185728E+009,-2.353935959187989E+001,1.556519509267516E+002,
5.345063538611926E+009,-2.363573672042871E+001,1.382377601970281E+002,
5.348973607038123E+009,-2.387430714903738E+001,1.215405225460051E+002,
5.352883675464321E+009,-2.413388753927500E+001,1.067212565729903E+002,
5.356793743890518E+009,-2.405431730124960E+001,9.207584883266446E+001,
5.360703812316715E+009,-2.374559795211728E+001,7.677637654601453E+001,
5.364613880742913E+009,-2.358706676105106E+001,5.976599229496406E+001,
5.368523949169110E+009,-2.343461201414974E+001,4.321186213782879E+001,
5.372434017595308E+009,-2.336403636969984E+001,2.578871507070058E+001,
5.376344086021505E+009,-2.330847052988076E+001,9.195148818441441E+000,
5.380254154447702E+009,-2.308101923269625E+001,-7.253794332436902E+000,
5.384164222873900E+009,-2.287277255853551E+001,-2.550066983707677E+001,
5.388074291300098E+009,-2.271147785542478E+001,-4.342912524567734E+001,
5.391984359726296E+009,-2.282027320132389E+001,-6.323645299701858E+001,
5.395894428152493E+009,-2.311936224805409E+001,-8.112090521232167E+001,
5.399804496578690E+009,-2.337023720899088E+001,-9.765335827433577E+001,
5.403714565004888E+009,-2.354941018510614E+001,-1.138997992471963E+002,
5.407624633431086E+009,-2.365653054517427E+001,-1.300740857347972E+002,
5.411534701857283E+009,-2.375096560198261E+001,-1.460341331597413E+002,
5.415444770283480E+009,-2.369034855421749E+001,-1.612604759310691E+002,
5.419354838709678E+009,-2.356675088718025E+001,-1.770012350301409E+002,
5.423264907135875E+009,-2.329513489295454E+001,1.664108994698219E+002,
5.427174975562073E+009,-2.315397793798972E+001,1.478728273745274E+002,
5.431085043988270E+009,-2.314906346588319E+001,1.303098071467124E+002,
5.434995112414467E+009,-2.320353824168232E+001,1.131252518614352E+002,
5.438905180840665E+009,-2.324279291656559E+001,9.586354448341278E+001,
5.442815249266862E+009,-2.328368824926472E+001,7.919455936547342E+001,
5.446725317693060E+009,-2.334243022665666E+001,6.270751824300395E+001,
5.450635386119257E+009,-2.328472943142644E+001,4.623317846991015E+001,
5.454545454545454E+009,-2.329816412490798E+001,2.987521622466430E+001,
5.458455522971652E+009,-2.311966145815673E+001,1.420509945064162E+001,
5.462365591397850E+009,-2.281405302946807E+001,-3.322368592625554E+000,
5.466275659824047E+009,-2.262767987873959E+001,-2.173177929892016E+001,
5.470185728250244E+009,-2.265574642487062E+001,-3.972615528752025E+001,
5.474095796676442E+009,-2.267216808848592E+001,-5.779388815163249E+001,
5.478005865102639E+009,-2.273509957698897E+001,-7.525654675722178E+001,
5.481915933528837E+009,-2.275883564603554E+001,-9.218181095647118E+001,
5.485826001955034E+009,-2.266974045520417E+001,-1.089533908737881E+002,
5.489736070381231E+009,-2.254090268369859E+001,-1.272123100784300E+002,
5.493646138807429E+009,-2.256870775793910E+001,-1.448680962301507E+002,
5.497556207233626E+009,-2.246985761558175E+001,-1.625107201683703E+002,
5.501466275659824E+009,-2.242417508006245E+001,1.790907800430517E+002,
5.505376344086021E+009,-2.250484599153874E+001,1.608852746912662E+002,
5.509286412512219E+009,-2.259246151017058E+001,1.430933419822567E+002,
5.513196480938417E+009,-2.265593567841336E+001,1.256420793738226E+002,
5.517106549364615E+009,-2.265063332439403E+001,1.079198358720911E+002,
5.521016617790812E+009,-2.274968920171721E+001,9.001227793976442E+001,
5.524926686217009E+009,-2.284721887156528E+001,7.248706264772990E+001,
5.528836754643207E+009,-2.290238905049157E+001,5.501192410967409E+001,
5.532746823069404E+009,-2.297681173281006E+001,3.720131233620541E+001,
5.536656891495602E+009,-2.299107521411434E+001,1.927326167678533E+001,
5.540566959921799E+009,-2.308101341434672E+001,8.643104095877826E-001,
5.544477028347996E+009,-2.331766620338795E+001,-1.693740832047401E+001,
5.548387096774194E+009,-2.350261528349417E+001,-3.342614386531980E+001,
5.552297165200391E+009,-2.350440965486872E+001,-5.061295484362486E+001,
5.556207233626589E+009,-2.368223161759772E+001,-6.804891198987376E+001,
5.560117302052786E+009,-2.352657616984172E+001,-8.553777421649798E+001,
5.564027370478983E+009,-2.349223869484325E+001,-1.041486295762675E+002,
5.567937438905181E+009,-2.373935311480186E+001,-1.230055755338210E+002,
5.571847507331378E+009,-2.396505620026188E+001,-1.416980821933731E+002,
5.575757575757576E+009,-2.423417977508082E+001,-1.599662330656124E+002,
5.579667644183773E+009,-2.469782093690330E+001,-1.778013829793890E+002,
5.583577712609971E+009,-2.505523100222877E+001,1.649526463377960E+002,
5.587487781036168E+009,-2.549417117281775E+001,1.486999609218389E+002,
5.591397849462366E+009,-2.579724288164523E+001,1.334567052755617E+002,
5.595307917888563E+009,-2.599268606924809E+001,1.176014205520231E+002,
5.599217986314760E+009,-2.612766747138824E+001,1.014780032378496E+002,
5.603128054740958E+009,-2.631441034187776E+001,8.556259356554959E+001,
5.607038123167155E+009,-2.637292818898011E+001,6.948235109890253E+001,
5.610948191593353E+009,-2.662359700029363E+001,5.206840339224703E+001,
5.614858260019550E+009,-2.683207833046018E+001,3.557084600493783E+001,
5.618768328445747E+009,-2.695583271028615E+001,1.987215465840015E+001,
5.622678396871945E+009,-2.714865450795875E+001,3.883945757999084E+000,
5.626588465298142E+009,-2.742739171343495E+001,-1.145266471132432E+001,
5.630498533724340E+009,-2.762805644617042E+001,-2.580548874710908E+001,
5.634408602150538E+009,-2.743403510887118E+001,-4.032334245763446E+001,
5.638318670576735E+009,-2.720676913245074E+001,-5.625120106934117E+001,
5.642228739002933E+009,-2.718050175307406E+001,-7.298951412445659E+001,
5.646138807429131E+009,-2.727818281991855E+001,-8.941001400477173E+001,
5.650048875855328E+009,-2.703419139430165E+001,-1.056335519569968E+002,
5.653958944281525E+009,-2.708910698649800E+001,-1.230128762967476E+002,
5.657869012707723E+009,-2.710867321573407E+001,-1.397671794496980E+002,
5.661779081133920E+009,-2.733875746429930E+001,-1.569656291527070E+002,
5.665689149560118E+009,-2.755118837316924E+001,-1.720946801259384E+002,
5.669599217986315E+009,-2.754169125969336E+001,1.715479910760479E+002,
5.673509286412512E+009,-2.754314084710175E+001,1.561295161952419E+002,
5.677419354838710E+009,-2.749765725330270E+001,1.409260727954320E+002,
5.681329423264907E+009,-2.741751872627405E+001,1.238078768846088E+002,
5.685239491691105E+009,-2.732352785342615E+001,1.070670995782014E+002,
5.689149560117302E+009,-2.727035042703175E+001,9.037676932576783E+001,
5.693059628543499E+009,-2.731870786841216E+001,7.354130634098827E+001,
5.696969696969697E+009,-2.736634328594428E+001,5.773754543180628E+001,
5.700879765395895E+009,-2.743578803175012E+001,4.202097639103328E+001,
5.704789833822092E+009,-2.720910140690476E+001,2.472357077992934E+001,
5.708699902248289E+009,-2.734355098587100E+001,8.045535220231573E+000,
5.712609970674487E+009,-2.742336096046727E+001,-7.208147303604098E+000,
5.716520039100684E+009,-2.743316919997046E+001,-2.297648128764526E+001,
5.720430107526882E+009,-2.725841567258715E+001,-3.870772250546378E+001,
5.724340175953079E+009,-2.705207949407096E+001,-5.543606055568967E+001,
5.728250244379276E+009,-2.691329627917080E+001,-7.274169601141109E+001,
5.732160312805474E+009,-2.687185097266319E+001,-8.960714118952879E+001,
5.736070381231671E+009,-2.676478727699610E+001,-1.071298978114142E+002,
5.739980449657869E+009,-2.674605281891621E+001,-1.241877238726571E+002,
5.743890518084066E+009,-2.681470962375800E+001,-1.416468731450275E+002,
5.747800586510263E+009,-2.697799496589329E+001,-1.586823195795915E+002,
5.751710654936461E+009,-2.681557649313282E+001,-1.746528420417413E+002,
5.755620723362660E+009,-2.675076464038750E+001,1.685686323100849E+002,
5.759530791788857E+009,-2.689486251339138E+001,1.520850795661925E+002,
5.763440860215054E+009,-2.685497296374345E+001,1.362743598222574E+002,
5.767350928641252E+009,-2.670702363779281E+001,1.191635864040561E+002,
5.771260997067449E+009,-2.663241671651126E+001,1.013568475756381E+002,
5.775171065493647E+009,-2.665880526070484E+001,8.444978009480541E+001,
5.779081133919844E+009,-2.667309727740557E+001,6.667893827427326E+001,
5.782991202346041E+009,-2.679729676520687E+001,4.909854714717294E+001,
5.786901270772239E+009,-2.693646348955342E+001,3.231182131204513E+001,
5.790811339198436E+009,-2.708619957410066E+001,1.556575564301128E+001,
5.794721407624634E+009,-2.716988249366603E+001,-2.142026284031790E-001,
5.798631476050831E+009,-2.733198964077200E+001,-1.713079797355157E+001,
5.802541544477028E+009,-2.746946722358074E+001,-3.261894958485373E+001,
5.806451612903226E+009,-2.766329150587125E+001,-4.875390771641563E+001,
5.810361681329423E+009,-2.776418510234575E+001,-6.308228988851804E+001,
5.814271749755621E+009,-2.760045273819661E+001,-7.751849027826492E+001,
5.818181818181818E+009,-2.740873132266315E+001,-9.328414543045160E+001,
5.822091886608016E+009,-2.735115416009500E+001,-1.101595880671981E+002,
5.826001955034213E+009,-2.747357968163868E+001,-1.255651962962950E+002,
5.829912023460411E+009,-2.732260909913130E+001,-1.401233611829403E+002,
5.833822091886608E+009,-2.712931677048699E+001,-1.545510017320569E+002,
5.837732160312805E+009,-2.674778139613304E+001,-1.698114278050584E+002,
5.841642228739003E+009,-2.624923166307686E+001,1.729867006833049E+002,
5.845552297165200E+009,-2.604152275942848E+001,1.549374720884302E+002,
5.849462365591398E+009,-2.589521926103040E+001,1.371584193522937E+002,
5.853372434017595E+009,-2.588584461150835E+001,1.199612608367650E+002,
5.857282502443792E+009,-2.587747446731468E+001,1.038941790164223E+002,
5.861192570869990E+009,-2.568371346220217E+001,8.836836517223078E+001,
5.865102639296187E+009,-2.540640706316200E+001,7.170902715993012E+001,
5.869012707722385E+009,-2.519757572641573E+001,5.372419655289395E+001,
5.872922776148583E+009,-2.507971278168278E+001,3.712874049003794E+001,
5.876832844574780E+009,-2.485553211090974E+001,2.012340124908780E+001,
5.880742913000978E+009,-2.457860229092053E+001,3.230992464258528E+000,
5.884652981427176E+009,-2.432440215961006E+001,-1.440509622115557E+001,
5.888563049853373E+009,-2.414703057143038E+001,-3.234046520418078E+001,
5.892473118279570E+009,-2.410806946327924E+001,-5.060831095621238E+001,
5.896383186705768E+009,-2.404118402646895E+001,-6.836164598113962E+001,
5.900293255131965E+009,-2.397801506338383E+001,-8.543224158178091E+001,
5.904203323558163E+009,-2.386124873065828E+001,-1.035207601752214E+002,
5.908113391984360E+009,-2.396107551945608E+001,-1.204629329828942E+002,
5.912023460410557E+009,-2.386310055346056E+001,-1.371997123069701E+002,
5.915933528836755E+009,-2.376234936563097E+001,-1.538780257580982E+002,
5.919843597262952E+009,-2.351443476769256E+001,-1.703717394003148E+002,
5.923753665689150E+009,-2.323663408157616E+001,1.721472753755865E+002,
5.927663734115347E+009,-2.312061247632789E+001,1.535453921096572E+002,
5.931573802541544E+009,-2.294341869790610E+001,1.361039560224091E+002,
5.935483870967742E+009,-2.275216654557421E+001,1.182330283773299E+002,
5.939393939393940E+009,-2.270427252582740E+001,9.955499895123222E+001,
5.943304007820137E+009,-2.267008054624312E+001,8.177651605855863E+001,
5.947214076246334E+009,-2.269525189308013E+001,6.380374203123525E+001,
5.951124144672532E+009,-2.269930499958338E+001,4.654589751243325E+001,
5.955034213098729E+009,-2.254845563696867E+001,2.925855056103184E+001,
5.958944281524927E+009,-2.245180163613084E+001,1.183499698224582E+001,
5.962854349951124E+009,-2.244556725441965E+001,-5.607907414812476E+000,
5.966764418377321E+009,-2.231829884179332E+001,-2.287686742883566E+001,
5.970674486803519E+009,-2.219030883346012E+001,-4.065934189801576E+001,
5.974584555229716E+009,-2.208400632688443E+001,-5.885920310699945E+001,
5.978494623655914E+009,-2.205693696661036E+001,-7.693839291293654E+001,
5.982404692082111E+009,-2.207041519211987E+001,-9.514931933066842E+001,
5.986314760508308E+009,-2.210891807614467E+001,-1.128095419762014E+002,
5.990224828934506E+009,-2.215871564120828E+001,-1.307013377056455E+002,
5.994134897360704E+009,-2.221319337622273E+001,-1.475699907910222E+002,
5.998044965786902E+009,-2.218669567124233E+001,-1.640429737407228E+002,
6.001955034213099E+009,-2.202484630855821E+001,1.786833796503554E+002,
6.005865102639297E+009,-2.194817976517957E+001,1.612276773977509E+002,
6.009775171065494E+009,-2.176435429956241E+001,1.436742816023657E+002,
6.013685239491692E+009,-2.163547622087132E+001,1.252191839443125E+002,
6.017595307917889E+009,-2.154330322991936E+001,1.079148261326340E+002,
6.021505376344086E+009,-2.141159062478507E+001,8.991916533774551E+001,
6.025415444770284E+009,-2.139303203134825E+001,7.151523413961324E+001,
6.029325513196481E+009,-2.135316921214061E+001,5.373771792401862E+001,
6.033235581622679E+009,-2.128782237489413E+001,3.563797444830718E+001,
6.037145650048876E+009,-2.122080893670027E+001,1.763237374056533E+001,
6.041055718475073E+009,-2.111250035228338E+001,-9.804195347788276E-001,
6.044965786901271E+009,-2.110986286985911E+001,-1.952864067324047E+001,
6.048875855327468E+009,-2.117822322323578E+001,-3.788851260090340E+001,
6.052785923753666E+009,-2.122881614949305E+001,-5.623562391622328E+001,
6.056695992179863E+009,-2.118412578045787E+001,-7.436572078118238E+001,
6.060606060606061E+009,-2.120747867074029E+001,-9.328261608745652E+001,
6.064516129032258E+009,-2.132164840157993E+001,-1.117657394026816E+002,
6.068426197458456E+009,-2.145635200532208E+001,-1.302307737190276E+002,
6.072336265884653E+009,-2.157834791827418E+001,-1.477653445608742E+002,
6.076246334310850E+009,-2.157762988145795E+001,-1.659307214668658E+002,
6.080156402737048E+009,-2.169602176906015E+001,1.759697978764766E+002,
6.084066471163245E+009,-2.164630668690792E+001,1.570036916696972E+002,
6.087976539589443E+009,-2.185660431646555E+001,1.384008506970547E+002,
6.091886608015640E+009,-2.202297249038504E+001,1.201781600492330E+002,
6.095796676441837E+009,-2.231631793895751E+001,1.019495425034869E+002,
6.099706744868035E+009,-2.253696768367156E+001,8.456014524372441E+001,
6.103616813294232E+009,-2.258553495584255E+001,6.748031302983958E+001,
6.107526881720430E+009,-2.264618299367642E+001,4.962080918995328E+001,
6.111436950146627E+009,-2.282969181740987E+001,3.094278866676483E+001,
6.115347018572825E+009,-2.304774402919259E+001,1.329421112952278E+001,
6.119257086999023E+009,-2.323955114601321E+001,-4.127986850514878E+000,
6.123167155425221E+009,-2.332759703668263E+001,-2.215913715355851E+001,
6.127077223851418E+009,-2.356814315479546E+001,-4.026394294361621E+001,
6.130987292277615E+009,-2.376378406198919E+001,-5.925905535523322E+001,
6.134897360703813E+009,-2.428133950307399E+001,-7.697972645326769E+001,
6.138807429130010E+009,-2.473071261482870E+001,-9.359089482118922E+001,
6.142717497556208E+009,-2.502019917104379E+001,-1.088635229190799E+002,
6.146627565982405E+009,-2.510368397192573E+001,-1.252374042889475E+002,
6.150537634408602E+009,-2.528814729333978E+001,-1.410611041622113E+002,
6.154447702834800E+009,-2.537032345599181E+001,-1.577327480524338E+002,
6.158357771260998E+009,-2.545933261176208E+001,-1.744616202015085E+002,
6.162267839687195E+009,-2.547218280854873E+001,1.685068978801820E+002,
6.166177908113392E+009,-2.544544462967839E+001,1.505661666839664E+002,
6.170087976539589E+009,-2.570468372421539E+001,1.330628607641235E+002,
6.173998044965787E+009,-2.594859319292492E+001,1.153431801407677E+002,
6.177908113391985E+009,-2.634296740730772E+001,9.941168258758624E+001,
6.181818181818182E+009,-2.653912442306638E+001,8.372477090993483E+001,
6.185728250244379E+009,-2.654046246698382E+001,6.790223923483863E+001,
6.189638318670576E+009,-2.665316187335380E+001,5.215582215112809E+001,
6.193548387096774E+009,-2.657657506275430E+001,3.602205469514810E+001,
6.197458455522972E+009,-2.641732219587214E+001,1.811371168733184E+001,
6.201368523949169E+009,-2.661838594702970E+001,-3.426134370325344E-001,
6.205278592375366E+009,-2.693732293899664E+001,-1.617366630250968E+001,
6.209188660801564E+009,-2.699696279751233E+001,-3.290788536445232E+001,
6.213098729227762E+009,-2.698813237299060E+001,-4.970042738102550E+001,
6.217008797653959E+009,-2.723489288709350E+001,-6.661634756771854E+001,
6.220918866080156E+009,-2.741568169044309E+001,-8.328581398543673E+001,
6.224828934506353E+009,-2.751681535800543E+001,-9.904049122331801E+001,
6.228739002932551E+009,-2.755741209941910E+001,-1.151315302352479E+002,
6.232649071358749E+009,-2.750014998647245E+001,-1.320914533500966E+002,
6.236559139784946E+009,-2.758494180690220E+001,-1.476139261178293E+002,
6.240469208211144E+009,-2.745396886360279E+001,-1.645481215495500E+002,
6.244379276637341E+009,-2.749502942832537E+001,1.770562761382028E+002,
6.248289345063539E+009,-2.757212960941172E+001,1.594733348638472E+002,
6.252199413489737E+009,-2.774752818625750E+001,1.413192577174493E+002,
6.256109481915934E+009,-2.804629133669690E+001,1.250470904605598E+002,
6.260019550342131E+009,-2.839398573507662E+001,1.084278430238367E+002,
6.263929618768329E+009,-2.851608111707670E+001,9.309176478302562E+001,
6.267839687194526E+009,-2.860931889265128E+001,7.626463601157762E+001,
6.271749755620724E+009,-2.880347726569595E+001,6.086257485284063E+001,
6.275659824046921E+009,-2.874507756450169E+001,4.585495821930320E+001,
6.279569892473118E+009,-2.863564647648374E+001,3.030442715123105E+001,
6.283479960899316E+009,-2.836016780745048E+001,1.296903317311768E+001,
6.287390029325514E+009,-2.842998620270659E+001,-5.598937968907338E+000,
6.291300097751711E+009,-2.859392029868171E+001,-2.324648678457044E+001,
6.295210166177908E+009,-2.877640611404221E+001,-4.094065423584281E+001,
6.299120234604105E+009,-2.905413747746838E+001,-5.760190380674333E+001,
6.303030303030303E+009,-2.937791277499738E+001,-7.427104802422399E+001,
6.306940371456501E+009,-2.972460356979741E+001,-8.932980661479762E+001,
6.310850439882698E+009,-2.998817050724313E+001,-1.057428434291870E+002,
6.314760508308895E+009,-3.010259203320754E+001,-1.189852395158205E+002,
6.318670576735093E+009,-2.998441207100093E+001,-1.339172355849939E+002,
6.322580645161290E+009,-2.991521751097279E+001,-1.495119613483110E+002,
6.326490713587488E+009,-2.993169046786689E+001,-1.647336156615169E+002,
6.330400782013685E+009,-2.985015348054488E+001,1.797952587211556E+002,
6.334310850439882E+009,-2.956865988849834E+001,1.636437166387447E+002,
6.338220918866080E+009,-2.955952279476205E+001,1.460944229768393E+002,
6.342130987292278E+009,-2.962020160712075E+001,1.299297901299116E+002,
6.346041055718475E+009,-2.951157854995783E+001,1.134222609182307E+002,
6.349951124144672E+009,-2.963872923651282E+001,9.628718670671675E+001,
6.353861192570869E+009,-2.968568328861620E+001,7.925730585395669E+001,
6.357771260997068E+009,-2.992344602405010E+001,6.475844818425877E+001,
6.361681329423266E+009,-2.954620477305661E+001,5.050623578265598E+001,
6.365591397849463E+009,-2.914605308945514E+001,3.210813378404604E+001,
6.369501466275660E+009,-2.891045993115806E+001,1.373049377938326E+001,
6.373411534701857E+009,-2.896417481824252E+001,-5.262595136719868E+000,
6.377321603128055E+009,-2.921095006566712E+001,-2.288555316015408E+001,
6.381231671554253E+009,-2.954637592776213E+001,-4.038414392194765E+001,
6.385141739980450E+009,-2.972396623038555E+001,-5.735123897007704E+001,
6.389051808406647E+009,-2.979260210577263E+001,-7.243173070986276E+001,
6.392961876832845E+009,-3.008514031630678E+001,-9.011475351776880E+001,
6.396871945259043E+009,-3.044035936344298E+001,-1.054917901812266E+002,
6.400782013685240E+009,-3.057928911731139E+001,-1.204824697650344E+002,
6.404692082111437E+009,-3.063223415246316E+001,-1.354175907547639E+002,
6.408602150537634E+009,-3.065330665091186E+001,-1.501188544018482E+002,
6.412512218963832E+009,-3.061749296818931E+001,-1.642105060245938E+002,
6.416422287390030E+009,-3.053771163323906E+001,1.791493825775052E+002,
6.420332355816227E+009,-3.042099876955352E+001,1.643902338425700E+002,
6.424242424242424E+009,-3.022168938464851E+001,1.491179828577798E+002,
6.428152492668621E+009,-2.992017554406453E+001,1.335496886594533E+002,
6.432062561094819E+009,-2.958241011479802E+001,1.167619472623953E+002,
6.435972629521017E+009,-2.946776264733533E+001,9.860721951682596E+001,
6.439882697947214E+009,-2.967824136867032E+001,8.099469022273821E+001,
6.443792766373411E+009,-2.964057777709578E+001,6.588559435764195E+001,
6.447702834799609E+009,-2.953317232021723E+001,5.073653387427412E+001,
6.451612903225807E+009,-2.953742856719725E+001,3.413273552502149E+001,
6.455522971652004E+009,-2.931731979517916E+001,1.999880861571713E+001,
6.459433040078201E+009,-2.890335489165956E+001,4.733931918038908E+000,
6.463343108504398E+009,-2.850988739238096E+001,-1.178133949313403E+001,
6.467253176930596E+009,-2.813422197688397E+001,-2.945668183082842E+001,
6.471163245356794E+009,-2.764448577839210E+001,-4.693669952036385E+001,
6.475073313782991E+009,-2.746748164393483E+001,-6.602705376687594E+001,
6.478983382209189E+009,-2.740762084914147E+001,-8.310994219534136E+001,
6.482893450635386E+009,-2.721259383082708E+001,-1.006826216100132E+002,
6.486803519061584E+009,-2.701190962440352E+001,-1.190637668893258E+002,
6.490713587487782E+009,-2.680997822773963E+001,-1.366179263506823E+002,
6.494623655913979E+009,-2.654662494348037E+001,-1.544814348710969E+002,
6.498533724340176E+009,-2.645927975946939E+001,-1.739120726056456E+002,
6.502443792766374E+009,-2.656229866746129E+001,1.678109382388962E+002,
6.506353861192571E+009,-2.651584275139570E+001,1.496782242908151E+002,
6.510263929618769E+009,-2.648777026488057E+001,1.321200809221286E+002,
6.514173998044966E+009,-2.648831608500160E+001,1.138726157761774E+002,
6.518084066471163E+009,-2.628544434558145E+001,9.736954453489197E+001,
6.521994134897361E+009,-2.614790173317864E+001,7.806058738913431E+001,
6.525904203323559E+009,-2.606600235596604E+001,5.919943357418364E+001,
6.529814271749756E+009,-2.602231537554702E+001,4.009868771425506E+001,
6.533724340175953E+009,-2.615125417811211E+001,2.068442737411891E+001,
6.537634408602150E+009,-2.640064443622382E+001,1.444627202839596E+000,
6.541544477028348E+009,-2.660775284506590E+001,-1.700599395896757E+001,
6.545454545454546E+009,-2.708245878198950E+001,-3.511057066286325E+001,
6.549364613880743E+009,-2.737370168732284E+001,-5.114589276905243E+001,
6.553274682306940E+009,-2.744658989864901E+001,-6.714449442480370E+001,
6.557184750733138E+009,-2.741119898756435E+001,-8.298326166635995E+001,
6.561094819159335E+009,-2.730714561800318E+001,-1.009181618018880E+002,
6.565004887585533E+009,-2.725478776355512E+001,-1.193078200346497E+002,
6.568914956011730E+009,-2.752615222907897E+001,-1.385744954202348E+002,
6.572825024437927E+009,-2.777763454350165E+001,-1.558926575096237E+002,
6.576735092864125E+009,-2.820546687800161E+001,-1.729176192948252E+002,
6.580645161290323E+009,-2.829347343342150E+001,1.702461673458160E+002,
6.584555229716520E+009,-2.844790598626716E+001,1.537335463702988E+002,
6.588465298142717E+009,-2.860626857580611E+001,1.353478996842803E+002,
6.592375366568914E+009,-2.894878717415560E+001,1.196166511061665E+002,
6.596285434995112E+009,-2.911112532072794E+001,1.034481856255253E+002,
6.600195503421310E+009,-2.919898599411013E+001,8.740166008944796E+001,
6.604105571847508E+009,-2.923498194642741E+001,7.075890161765989E+001,
6.608015640273705E+009,-2.924220105911385E+001,5.329183401040356E+001,
6.611925708699902E+009,-2.946393967289863E+001,3.710451859422010E+001,
6.615835777126100E+009,-2.959338368422386E+001,2.002087340452185E+001,
6.619745845552298E+009,-2.980945087811553E+001,2.881252031902138E+000,
6.623655913978495E+009,-3.012505005041043E+001,-1.252674022767960E+001,
6.627565982404692E+009,-3.015607636641765E+001,-2.726486751781520E+001,
6.631476050830890E+009,-3.013635256366288E+001,-4.439520200172460E+001,
6.635386119257088E+009,-3.019476105917993E+001,-5.919640263768412E+001,
6.639296187683285E+009,-3.015938072923782E+001,-7.629738960986013E+001,
6.643206256109482E+009,-3.012342889919378E+001,-9.164375761782249E+001,
6.647116324535679E+009,-3.007755218130813E+001,-1.099412676239466E+002,
6.651026392961877E+009,-3.011721447768595E+001,-1.260446556805910E+002,
6.654936461388075E+009,-3.013344354602618E+001,-1.421685654096042E+002,
6.658846529814272E+009,-3.011676561803135E+001,-1.599456402178415E+002,
6.662756598240469E+009,-3.016345444723797E+001,-1.771073030487726E+002,
6.666666666666666E+009,-3.034282677703721E+001,1.643954091689346E+002,
6.670576735092864E+009,-3.048087006056173E+001,1.480642175430369E+002,
6.674486803519062E+009,-3.045932488526077E+001,1.330057425066439E+002,
6.678396871945259E+009,-3.044234205733602E+001,1.147387538882738E+002,
6.682306940371456E+009,-3.063024348097981E+001,9.754425656707238E+001,
6.686217008797654E+009,-3.079700438486406E+001,8.065237653007625E+001,
6.690127077223852E+009,-3.070290702176933E+001,6.310355107528039E+001,
6.694037145650049E+009,-3.089471409001731E+001,4.487774736754361E+001,
6.697947214076246E+009,-3.123223867027772E+001,2.753351429339735E+001,
6.701857282502443E+009,-3.163747337586642E+001,1.202874223235641E+001,
6.705767350928641E+009,-3.186007702215385E+001,-2.101325043165590E+000,
6.709677419354839E+009,-3.178330199588578E+001,-1.844412620449038E+001,
6.713587487781036E+009,-3.190621711694887E+001,-3.595134003606399E+001,
6.717497556207233E+009,-3.209969105303139E+001,-5.273648052280757E+001,
6.721407624633431E+009,-3.229754516169084E+001,-6.752189540326960E+001,
6.725317693059629E+009,-3.225912027067341E+001,-8.196116669649270E+001,
6.729227761485827E+009,-3.206927214804922E+001,-9.877188309010387E+001,
6.733137829912024E+009,-3.235016891760427E+001,-1.167972871446857E+002,
6.737047898338221E+009,-3.262553323757459E+001,-1.318805005256074E+002,
6.740957966764419E+009,-3.265347863391672E+001,-1.481462406161574E+002,
6.744868035190616E+009,-3.288085388849451E+001,-1.634344035032319E+002,
6.748778103616814E+009,-3.272252514812612E+001,-1.790566386243113E+002,
6.752688172043011E+009,-3.281697769962306E+001,1.642002134384516E+002,
6.756598240469208E+009,-3.282712181839415E+001,1.484757900351390E+002,
6.760508308895406E+009,-3.285720263416096E+001,1.328399660113937E+002,
6.764418377321604E+009,-3.279202487484992E+001,1.162006622625851E+002,
6.768328445747801E+009,-3.299854856779584E+001,9.934112682383268E+001,
6.772238514173998E+009,-3.319490139294516E+001,8.310827892777490E+001,
6.776148582600195E+009,-3.343142115435220E+001,6.741336891694706E+001,
6.780058651026393E+009,-3.375744034432745E+001,5.365302119171096E+001,
6.783968719452591E+009,-3.368603644302728E+001,3.973377688901284E+001,
6.787878787878788E+009,-3.360304013046721E+001,2.386484196290951E+001,
6.791788856304985E+009,-3.356970941210871E+001,9.102355672415682E+000,
6.795698924731183E+009,-3.352530035571348E+001,-5.396006343768737E+000,
6.799608993157380E+009,-3.319230479959006E+001,-2.080645694432307E+001,
6.803519061583578E+009,-3.316883676673636E+001,-3.771534708091232E+001,
6.807429130009775E+009,-3.314031726147286E+001,-5.399833937704096E+001,
6.811339198435972E+009,-3.328985618645608E+001,-7.024246731571323E+001,
6.815249266862170E+009,-3.332152103953596E+001,-8.454114389870919E+001,
6.819159335288368E+009,-3.336057648199221E+001,-9.938935085898606E+001,
6.823069403714565E+009,-3.327714456195194E+001,-1.138958164701307E+002,
6.826979472140762E+009,-3.296230495528492E+001,-1.286131466073645E+002,
6.830889540566959E+009,-3.269586421285270E+001,-1.444975237077621E+002,
6.834799608993157E+009,-3.261004535522341E+001,-1.616221988756611E+002,
6.838709677419355E+009,-3.259939089432541E+001,-1.766010624273104E+002,
6.842619745845552E+009,-3.249627711278575E+001,1.672526500326261E+002,
6.846529814271750E+009,-3.251657779145911E+001,1.516305144664634E+002,
6.850439882697948E+009,-3.239306709319875E+001,1.371912934167344E+002,
6.854349951124145E+009,-3.210032286181522E+001,1.215931006566474E+002,
6.858260019550343E+009,-3.216812084014732E+001,1.050235789615920E+002,
6.862170087976540E+009,-3.234312215290014E+001,9.105810271564457E+001,
6.866080156402737E+009,-3.208551594443244E+001,7.817545763448561E+001,
6.869990224828935E+009,-3.181707652337046E+001,6.441096372544132E+001,
6.873900293255133E+009,-3.130563070086709E+001,5.055204945324077E+001,
6.877810361681330E+009,-3.078664537848631E+001,3.582483392619754E+001,
6.881720430107527E+009,-3.004510022607271E+001,2.095935935058804E+001,
6.885630498533724E+009,-2.924062600341586E+001,3.407637756765183E+000,
6.889540566959922E+009,-2.871555050662033E+001,-1.515472706731609E+001,
6.893450635386120E+009,-2.859953289664713E+001,-3.299340522968618E+001,
6.897360703812317E+009,-2.820144802264243E+001,-5.022784680669230E+001,
6.901270772238514E+009,-2.781726152595710E+001,-6.731637971279949E+001,
6.905180840664711E+009,-2.750086547482259E+001,-8.510904907829111E+001,
6.909090909090909E+009,-2.709726566463903E+001,-1.019162105690283E+002,
6.913000977517107E+009,-2.672647301018148E+001,-1.206215183631436E+002,
6.916911045943304E+009,-2.645889268802862E+001,-1.382264782105182E+002,
6.920821114369501E+009,-2.618447655456400E+001,-1.549670579293599E+002,
6.924731182795699E+009,-2.558694952935872E+001,-1.729655968773380E+002,
6.928641251221897E+009,-2.513318329798747E+001,1.673461027108055E+002,
6.932551319648094E+009,-2.485307013483523E+001,1.473591055926511E+002,
6.936461388074291E+009,-2.477107614303572E+001,1.287244876696021E+002,
6.940371456500488E+009,-2.465069476385020E+001,1.091665995146245E+002,
6.944281524926686E+009,-2.458888061135351E+001,9.077619440985048E+001,
6.948191593352884E+009,-2.450226900468348E+001,7.253961384102487E+001,
6.952101661779081E+009,-2.444256459618369E+001,5.431733166929580E+001,
6.956011730205278E+009,-2.423296464919737E+001,3.596106557355864E+001,
6.959921798631475E+009,-2.409525751909280E+001,1.704704980508875E+001,
6.963831867057674E+009,-2.403922080380841E+001,-1.038301721368321E+000,
6.967741935483872E+009,-2.380292224786830E+001,-1.952077771722545E+001,
6.971652003910069E+009,-2.368418101330616E+001,-3.922701819775200E+001,
6.975562072336266E+009,-2.362755509356476E+001,-5.892468931783857E+001,
6.979472140762464E+009,-2.379603248947218E+001,-7.825772016576443E+001,
6.983382209188661E+009,-2.399017910508627E+001,-9.716041108983021E+001,
6.987292277614859E+009,-2.411286437201448E+001,-1.154637334773233E+002,
6.991202346041056E+009,-2.438524001585915E+001,-1.332344303836282E+002,
6.995112414467253E+009,-2.451240244261992E+001,-1.503660454601414E+002,
6.999022482893451E+009,-2.448274741021228E+001,-1.676416651823066E+002,
7.002932551319649E+009,-2.441489218627844E+001,1.757148299649685E+002,
7.006842619745846E+009,-2.433053537368990E+001,1.578785805553997E+002,
7.010752688172043E+009,-2.429301671385836E+001,1.387689769638166E+002,
7.014662756598240E+009,-2.433522414215878E+001,1.207266447501802E+002,
7.018572825024438E+009,-2.446850580198288E+001,1.022109948266362E+002,
7.022482893450636E+009,-2.458667469112870E+001,8.380161418654770E+001,
7.026392961876833E+009,-2.476541470250618E+001,6.619250177978535E+001,
7.030303030303030E+009,-2.496230881617919E+001,4.850030664774074E+001,
7.034213098729228E+009,-2.517157966686793E+001,3.176552543221825E+001,
7.038123167155425E+009,-2.514844676675954E+001,1.470853075859989E+001,
7.042033235581623E+009,-2.526216854099360E+001,-2.291007978633803E+000,
7.045943304007820E+009,-2.522936258316376E+001,-2.044082907870177E+001,
7.049853372434017E+009,-2.525460142027650E+001,-3.806785326209221E+001,
7.053763440860215E+009,-2.532099437429306E+001,-5.614898251756593E+001,
7.057673509286413E+009,-2.541027872338990E+001,-7.349816971271441E+001,
7.061583577712610E+009,-2.554475456581556E+001,-9.169122943586737E+001,
7.065493646138807E+009,-2.572612675849776E+001,-1.098520138933883E+002,
7.069403714565004E+009,-2.593934264236767E+001,-1.264038821579967E+002,
7.073313782991202E+009,-2.610883400092055E+001,-1.430623134799685E+002,
7.077223851417400E+009,-2.626040363283460E+001,-1.593742605054208E+002,
7.081133919843597E+009,-2.622937206571800E+001,-1.762434222466146E+002,
7.085043988269795E+009,-2.648386469071181E+001,1.666610300009405E+002,
7.088954056695993E+009,-2.657567224581743E+001,1.503141234201125E+002,
7.092864125122190E+009,-2.652906824060192E+001,1.339134097428057E+002,
7.096774193548388E+009,-2.659107061675320E+001,1.169081548283229E+002,
7.100684261974585E+009,-2.670546014369460E+001,1.000402683036804E+002,
7.104594330400782E+009,-2.687426839880320E+001,8.285305756937314E+001,
7.108504398826980E+009,-2.697897924758018E+001,6.608810704687058E+001,
7.112414467253178E+009,-2.714929602127927E+001,4.915378196287337E+001,
7.116324535679375E+009,-2.733716261659806E+001,3.382081534824676E+001,
7.120234604105572E+009,-2.745436154744825E+001,1.906936484845724E+001,
7.124144672531769E+009,-2.742357855035105E+001,3.862122325175308E+000,
7.128054740957967E+009,-2.720895217379344E+001,-1.197312872098965E+001,
7.131964809384165E+009,-2.697815142560253E+001,-2.886211973267609E+001,
7.135874877810362E+009,-2.699157517155734E+001,-4.553924014396909E+001,
7.139784946236559E+009,-2.697466505653343E+001,-6.275539877033339E+001,
7.143695014662756E+009,-2.701129300907816E+001,-7.899019435810207E+001,
7.147605083088954E+009,-2.689180549391570E+001,-9.475231079428556E+001,
7.151515151515152E+009,-2.667184247842503E+001,-1.110638357640570E+002,
7.155425219941349E+009,-2.671581894845978E+001,-1.286460679018373E+002,
7.159335288367546E+009,-2.677237718486449E+001,-1.457747608113981E+002,
7.163245356793744E+009,-2.679059875842142E+001,-1.615726922141846E+002,
7.167155425219942E+009,-2.666767585044764E+001,-1.765903452339210E+002,
7.171065493646139E+009,-2.664714270182269E+001,1.670178925141473E+002,
7.174975562072336E+009,-2.634258931379319E+001,1.507791847589341E+002,
7.178885630498533E+009,-2.600994840020597E+001,1.327647980044209E+002,
7.182795698924731E+009,-2.585128245358903E+001,1.147830517794282E+002,
7.186705767350929E+009,-2.577622659425051E+001,9.688169145358593E+001,
7.190615835777126E+009,-2.582237815098809E+001,7.938792309888471E+001,
7.194525904203323E+009,-2.584634216401757E+001,6.264004173938623E+001,
7.198435972629520E+009,-2.566092779105347E+001,4.625951159171782E+001,
7.202346041055718E+009,-2.552791688971116E+001,2.888299998717849E+001,
7.206256109481916E+009,-2.542231000413669E+001,1.203820057524816E+001,
7.210166177908114E+009,-2.518266380511779E+001,-5.028392417609405E+000,
7.214076246334311E+009,-2.504809627901136E+001,-2.399744183008857E+001,
7.217986314760509E+009,-2.500222003005576E+001,-4.193823539331212E+001,
7.221896383186706E+009,-2.494595942332918E+001,-5.914992081184511E+001,
7.225806451612904E+009,-2.484657790347249E+001,-7.666596940441708E+001,
7.229716520039101E+009,-2.470138699829162E+001,-9.492247029863158E+001,
7.233626588465298E+009,-2.459439798336879E+001,-1.131483383064012E+002,
7.237536656891496E+009,-2.469010670918220E+001,-1.315516869482782E+002,
7.241446725317694E+009,-2.462491406134183E+001,-1.498909643844867E+002,
7.245356793743891E+009,-2.468792835782433E+001,-1.683023954567795E+002,
7.249266862170088E+009,-2.480170544139800E+001,1.740513231144372E+002,
7.253176930596285E+009,-2.495281802606827E+001,1.568701720067382E+002,
7.257086999022483E+009,-2.497320600479577E+001,1.398010566429467E+002,
7.260997067448681E+009,-2.495696547829641E+001,1.219086638103587E+002,
7.264907135874878E+009,-2.510230242007509E+001,1.041211327168468E+002,
7.268817204301075E+009,-2.523099415539024E+001,8.813391949460318E+001,
7.272727272727273E+009,-2.515606769061098E+001,7.260526280899504E+001,
7.276637341153470E+009,-2.482697646698465E+001,5.577654988397630E+001,
7.280547409579668E+009,-2.468752951516883E+001,3.690231391808997E+001,
7.284457478005865E+009,-2.460159784356858E+001,1.810502471355229E+001,
7.288367546432062E+009,-2.469600474546424E+001,-3.946529766305748E-001,
7.292277614858260E+009,-2.492020995621367E+001,-1.832861402295031E+001,
7.296187683284458E+009,-2.500842855833434E+001,-3.568488874886032E+001,
7.300097751710655E+009,-2.515813661163413E+001,-5.246878890794976E+001,
7.304007820136852E+009,-2.517998252659660E+001,-6.835608614326503E+001,
7.307917888563049E+009,-2.510930560160544E+001,-8.556849624852535E+001,
7.311827956989247E+009,-2.507314482881056E+001,-1.025907557692304E+002,
7.315738025415445E+009,-2.491385711428684E+001,-1.193123779643493E+002,
7.319648093841642E+009,-2.477441112245327E+001,-1.369762679958432E+002,
7.323558162267839E+009,-2.457618777251195E+001,-1.556475799218452E+002,
7.327468230694037E+009,-2.439009306739124E+001,-1.749101430091904E+002,
7.331378299120235E+009,-2.446097882717110E+001,1.652997046776899E+002,
7.335288367546433E+009,-2.461834455364679E+001,1.466569393549865E+002,
7.339198435972630E+009,-2.476624300077718E+001,1.284816242442292E+002,
7.343108504398827E+009,-2.494925268312998E+001,1.110622992728286E+002,
7.347018572825025E+009,-2.504190438482515E+001,9.346931978768437E+001,
7.350928641251223E+009,-2.502417250790296E+001,7.589629987006677E+001,
7.354838709677420E+009,-2.504562777514537E+001,5.781414839097956E+001,
7.358748778103617E+009,-2.516676955016381E+001,3.943094349956746E+001,
7.362658846529814E+009,-2.535277688727062E+001,2.121842569553222E+001,
7.366568914956012E+009,-2.547675345672416E+001,4.179448420814913E+000,
7.370478983382210E+009,-2.556615975652171E+001,-1.371835752539525E+001,
7.374389051808407E+009,-2.556353968379898E+001,-3.110916564481027E+001,
7.378299120234604E+009,-2.560040028262579E+001,-4.934159536765412E+001,
7.382209188660801E+009,-2.569294403003013E+001,-6.837298072240391E+001,
7.386119257086999E+009,-2.603973840339091E+001,-8.713460016736639E+001,
7.390029325513197E+009,-2.626832405194916E+001,-1.059034034618985E+002,
7.393939393939394E+009,-2.663175342070275E+001,-1.234350970736161E+002,
7.397849462365591E+009,-2.687423992989355E+001,-1.405610721740962E+002,
7.401759530791789E+009,-2.733744744537137E+001,-1.567869175060102E+002,
7.405669599217987E+009,-2.747233636460313E+001,-1.738070395442534E+002,
7.409579667644184E+009,-2.767135179437539E+001,1.692518205591626E+002,
7.413489736070381E+009,-2.779234194728550E+001,1.514351351074987E+002,
7.417399804496578E+009,-2.796911039314107E+001,1.353513341568354E+002,
7.421309872922776E+009,-2.811647003664260E+001,1.176158267649469E+002,
7.425219941348974E+009,-2.838334493256005E+001,1.003068568084775E+002,
7.429130009775171E+009,-2.869601393052498E+001,8.388540345360461E+001,
7.433040078201368E+009,-2.908561146766231E+001,6.764766143304993E+001,
7.436950146627565E+009,-2.936426365033431E+001,5.179286627319714E+001,
7.440860215053763E+009,-2.968289541564757E+001,3.586461845900862E+001,
7.444770283479961E+009,-2.970409708276448E+001,2.046515068622632E+001,
7.448680351906158E+009,-2.983804155472384E+001,4.659754332740013E+000,
7.452590420332356E+009,-2.978524402004101E+001,-1.164331766934095E+001,
7.456500488758554E+009,-3.002968590448706E+001,-2.996563211392968E+001,
7.460410557184751E+009,-3.025664248860922E+001,-4.554305202286511E+001,
7.464320625610949E+009,-3.044636065788396E+001,-5.929295423202655E+001,
7.468230694037146E+009,-3.031228181308218E+001,-7.490445829312819E+001,
7.472140762463343E+009,-3.006085364057566E+001,-9.021839500982722E+001,
7.476050830889541E+009,-2.989806201923397E+001,-1.087870342614914E+002,
7.479960899315739E+009,-2.974102348140859E+001,-1.259998148032236E+002,
7.483870967741936E+009,-2.976522746766687E+001,-1.442016064121927E+002,
7.487781036168133E+009,-2.992204651869230E+001,-1.636676491642620E+002,
7.491691104594330E+009,-3.020492781103253E+001,1.795862763879205E+002,
7.495601173020528E+009,-3.057072305495781E+001,1.619526875195288E+002,
7.499511241446726E+009,-3.086396555815574E+001,1.470638150718624E+002,
7.503421309872923E+009,-3.090520892529106E+001,1.316779662868913E+002,
7.507331378299120E+009,-3.096792916587705E+001,1.154022807487253E+002,
7.511241446725318E+009,-3.104164693807644E+001,1.004881794679967E+002,
7.515151515151515E+009,-3.095212394956745E+001,8.400563221063945E+001,
7.519061583577713E+009,-3.070821766290456E+001,6.638622935530005E+001,
7.522971652003910E+009,-3.074350913593960E+001,4.812235788143714E+001,
7.526881720430107E+009,-3.079897719930792E+001,3.144461951811547E+001,
7.530791788856305E+009,-3.092187728259367E+001,1.298650329635696E+001,
7.534701857282503E+009,-3.125674829258319E+001,-3.935071656429787E+000,
7.538611925708700E+009,-3.135073964345742E+001,-2.114477997667977E+001,
7.542521994134897E+009,-3.160974776168904E+001,-3.654223147277006E+001,
7.546432062561094E+009,-3.173788967018363E+001,-5.235920426317220E+001,
7.550342130987292E+009,-3.169704626756570E+001,-6.966368527237427E+001,
7.554252199413490E+009,-3.177099990432997E+001,-8.566113348811032E+001,
7.558162267839687E+009,-3.182300287372877E+001,-1.013498186092376E+002,
7.562072336265884E+009,-3.180798608385641E+001,-1.182435584830740E+002,
7.565982404692082E+009,-3.166780864688861E+001,-1.349221362678923E+002,
7.569892473118280E+009,-3.195564036911726E+001,-1.526387418013739E+002,
7.573802541544478E+009,-3.190889822595643E+001,-1.695481480230504E+002,
7.577712609970675E+009,-3.173321945949578E+001,1.736747469377459E+002,
7.581622678396872E+009,-3.179886065373613E+001,1.549021480578539E+002,
7.585532746823070E+009,-3.202167429754285E+001,1.352469978406917E+002,
7.589442815249268E+009,-3.247061089768630E+001,1.177292460993514E+002,
7.593352883675465E+009,-3.290862850923573E+001,1.009542190116604E+002,
7.597262952101662E+009,-3.325235311714958E+001,8.457916104326702E+001,
7.601173020527859E+009,-3.360146423830987E+001,6.885229240373634E+001,
7.605083088954057E+009,-3.373533381761929E+001,5.406610535671515E+001,
7.608993157380255E+009,-3.390496489318598E+001,3.734324192903063E+001,
7.612903225806452E+009,-3.430042527016492E+001,2.142516654248361E+001,
7.616813294232649E+009,-3.452764066997812E+001,6.447564566074392E+000,
7.620723362658846E+009,-3.453621121367423E+001,-8.350862761418483E+000,
7.624633431085044E+009,-3.470265027818251E+001,-2.536863947458123E+001,
7.628543499511242E+009,-3.490886296956410E+001,-4.055858588897913E+001,
7.632453567937439E+009,-3.507543437990098E+001,-5.552464234689704E+001,
7.636363636363636E+009,-3.515893712868795E+001,-7.115868631965167E+001,
7.640273704789834E+009,-3.547073207072985E+001,-8.577490024899602E+001,
7.644183773216032E+009,-3.560235290342966E+001,-9.953214885898153E+001,
7.648093841642229E+009,-3.550251285773098E+001,-1.132278059507996E+002,
7.652003910068426E+009,-3.554815385763089E+001,-1.300896442672171E+002,
7.655913978494623E+009,-3.600071558357485E+001,-1.435373170455121E+002,
7.659824046920821E+009,-3.593919651892571E+001,-1.552941231093213E+002,
7.663734115347019E+009,-3.558112019139333E+001,-1.694926215474412E+002,
7.667644183773216E+009,-3.557928781390088E+001,1.747195682465557E+002,
7.671554252199413E+009,-3.557867819808804E+001,1.615556791284984E+002,
7.675464320625610E+009,-3.515001528970095E+001,1.485496443956259E+002,
7.679374389051808E+009,-3.482911790038618E+001,1.330953837527466E+002,
7.683284457478006E+009,-3.462960996030370E+001,1.180150855280925E+002,
7.687194525904203E+009,-3.424861126246697E+001,1.047114448369960E+002,
7.691104594330401E+009,-3.351912087975763E+001,8.955507513061060E+001,
7.695014662756599E+009,-3.298220022584899E+001,7.217853409076267E+001,
7.698924731182797E+009,-3.266579410403493E+001,5.463269240526069E+001,
7.702834799608994E+009,-3.236249218103856E+001,3.842829612859607E+001,
7.706744868035191E+009,-3.192985244147905E+001,2.071047521940195E+001,
7.710654936461388E+009,-3.176707910447397E+001,2.996687316040496E+000,
7.714565004887586E+009,-3.153078180455280E+001,-1.279359530051988E+001,
7.718475073313784E+009,-3.118500931490943E+001,-2.955665967252626E+001,
7.722385141739981E+009,-3.076228337456864E+001,-4.622808592623952E+001,
7.726295210166178E+009,-3.034553213557082E+001,-6.330895427211999E+001,
7.730205278592375E+009,-2.990452484622758E+001,-8.125113300158154E+001,
7.734115347018573E+009,-2.960228947871430E+001,-9.958921134583991E+001,
7.738025415444771E+009,-2.918909579015807E+001,-1.176681332199863E+002,
7.741935483870968E+009,-2.880350372605660E+001,-1.367353015678072E+002,
7.745845552297165E+009,-2.854258444061535E+001,-1.570920371542862E+002,
7.749755620723363E+009,-2.839891721289872E+001,-1.766640016960295E+002,
7.753665689149560E+009,-2.829859707427747E+001,1.630442726839604E+002,
7.757575757575758E+009,-2.849195135004252E+001,1.442544522524186E+002,
7.761485826001955E+009,-2.863248393466939E+001,1.251803786219276E+002,
7.765395894428152E+009,-2.860457824670297E+001,1.076083616639897E+002,
7.769305962854350E+009,-2.856027339181951E+001,8.897972935338692E+001,
7.773216031280548E+009,-2.857410886976339E+001,7.061834239219971E+001,
7.777126099706745E+009,-2.847873996134297E+001,5.260103435009563E+001,
7.781036168132942E+009,-2.843287266972746E+001,3.201316906718367E+001,
7.784946236559139E+009,-2.849701353394473E+001,1.297297991413771E+001,
7.788856304985337E+009,-2.884281427902812E+001,-6.261802604585864E+000,
7.792766373411535E+009,-2.918789665705059E+001,-2.574726046193245E+001,
7.796676441837732E+009,-2.948071219158252E+001,-4.247564563586082E+001,
7.800586510263929E+009,-2.984615270552539E+001,-6.031891333720307E+001,
7.804496578690127E+009,-3.017957402279162E+001,-7.732553883653476E+001,
7.808406647116324E+009,-3.034078191836285E+001,-9.485909719965167E+001,
7.812316715542522E+009,-3.038577533596095E+001,-1.110511079568059E+002,
7.816226783968720E+009,-3.050577423825420E+001,-1.287391830151084E+002,
7.820136852394917E+009,-3.077078535006557E+001,-1.447901822735556E+002,
7.824046920821115E+009,-3.089785051253096E+001,-1.618379772864689E+002,
7.827956989247313E+009,-3.106860065306911E+001,-1.790613506972990E+002,
7.831867057673510E+009,-3.082936078374701E+001,1.635961051253469E+002,
7.835777126099707E+009,-3.118276753701986E+001,1.453856071387073E+002,
7.839687194525904E+009,-3.124609238477712E+001,1.280725163165242E+002,
7.843597262952102E+009,-3.152340235599687E+001,1.100336944131525E+002,
7.847507331378300E+009,-3.201515957918113E+001,9.168933215111626E+001,
7.851417399804497E+009,-3.231570713497322E+001,7.598920167977890E+001,
7.855327468230694E+009,-3.236885453894130E+001,6.059221772456637E+001,
7.859237536656891E+009,-3.256929467203682E+001,4.301371718843575E+001,
7.863147605083089E+009,-3.269877997486389E+001,2.663106689746332E+001,
7.867057673509287E+009,-3.278945048380091E+001,9.541384999049928E+000,
7.870967741935484E+009,-3.298603838463176E+001,-8.311736362063865E+000,
7.874877810361681E+009,-3.334851593272496E+001,-2.625433296506358E+001,
7.878787878787879E+009,-3.375262466681541E+001,-4.252812023595373E+001,
7.882697947214077E+009,-3.401507402595296E+001,-5.941340114996694E+001,
7.886608015640274E+009,-3.453702748709118E+001,-7.622935732339607E+001,
7.890518084066471E+009,-3.515129985392436E+001,-9.150087070637594E+001,
7.894428152492668E+009,-3.558152654236545E+001,-1.049573359286469E+002,
7.898338220918866E+009,-3.582844634612664E+001,-1.173981475905430E+002,
7.902248289345064E+009,-3.579205988791315E+001,-1.304674217883520E+002,
7.906158357771261E+009,-3.569897030843504E+001,-1.451056001243664E+002,
7.910068426197458E+009,-3.558927983839319E+001,-1.606243193293957E+002,
7.913978494623655E+009,-3.556087251223433E+001,-1.767711313529317E+002,
7.917888563049853E+009,-3.566043358396556E+001,1.664813640817005E+002,
7.921798631476051E+009,-3.619547600245068E+001,1.505140138565494E+002,
7.925708699902248E+009,-3.664194406746162E+001,1.383937543159362E+002,
7.929618768328445E+009,-3.663325342017119E+001,1.275254343220003E+002,
7.933528836754643E+009,-3.629848886798464E+001,1.143610849590455E+002,
7.937438905180841E+009,-3.592745162272693E+001,1.009832173990591E+002,
7.941348973607039E+009,-3.546508071705488E+001,8.661198643246284E+001,
7.945259042033236E+009,-3.502047234982528E+001,6.958221925253304E+001,
7.949169110459433E+009,-3.498710036319653E+001,5.249795132487565E+001,
7.953079178885631E+009,-3.494847977522983E+001,3.745410749826079E+001,
7.956989247311829E+009,-3.478567634588344E+001,2.309682301516721E+001,
7.960899315738026E+009,-3.439948812420460E+001,8.290898703341547E+000,
7.964809384164223E+009,-3.405767695987191E+001,-8.209627862565910E+000,
7.968719452590420E+009,-3.386505314807494E+001,-2.440577499770490E+001,
7.972629521016618E+009,-3.368352868618108E+001,-4.063093765118534E+001,
7.976539589442816E+009,-3.355293213014409E+001,-5.651983770239301E+001,
7.980449657869013E+009,-3.338203858002334E+001,-7.210954861700759E+001,
7.984359726295210E+009,-3.309423457979509E+001,-8.789047066899306E+001,
7.988269794721408E+009,-3.291028468144808E+001,-1.042476967987926E+002,
7.992179863147605E+009,-3.284392751745274E+001,-1.200003035658100E+002,
7.996089931573803E+009,-3.271051583256088E+001,-1.348015578086242E+002,
8.000000000000000E+009,-3.237190037266507E+001,-1.486395199213016E+002,
