% Version 1.00
%
%freq[Hz];db:Trc1_S21;ang:Trc1_S21;
4.000000000000000E+009,-2.191221627599496E+001,-9.847947249781747E+001,
4.003910068426198E+009,-2.182421329326793E+001,-1.153793225181407E+002,
4.007820136852395E+009,-2.197534690614711E+001,-1.324935132402912E+002,
4.011730205278593E+009,-2.221683241665635E+001,-1.479836244068411E+002,
4.015640273704790E+009,-2.224879935851843E+001,-1.623860832762518E+002,
4.019550342130987E+009,-2.189806478259550E+001,-1.773764268535237E+002,
4.023460410557185E+009,-2.162753526208411E+001,1.667568091255252E+002,
4.027370478983382E+009,-2.127237438465144E+001,1.499656829024592E+002,
4.031280547409580E+009,-2.106741780705770E+001,1.325524117049013E+002,
4.035190615835777E+009,-2.086952027603594E+001,1.142298017778689E+002,
4.039100684261975E+009,-2.092383938713762E+001,9.624771241089478E+001,
4.043010752688172E+009,-2.089989549860854E+001,7.887018292277564E+001,
4.046920821114369E+009,-2.108393839367725E+001,6.221898419821734E+001,
4.050830889540567E+009,-2.103703978131834E+001,4.730965516906789E+001,
4.054740957966765E+009,-2.071355964591422E+001,3.080479374794831E+001,
4.058651026392962E+009,-2.048439869652363E+001,1.292255357435506E+001,
4.062561094819160E+009,-2.037363533892777E+001,-4.337888340097597E+000,
4.066471163245357E+009,-2.028754975160679E+001,-2.217300189940613E+001,
4.070381231671554E+009,-2.029532871204041E+001,-3.951004834749485E+001,
4.074291300097752E+009,-2.028610189643712E+001,-5.639827951131384E+001,
4.078201368523949E+009,-2.015726138094887E+001,-7.301633157329701E+001,
4.082111436950147E+009,-2.004875699387224E+001,-9.030881437978931E+001,
4.086021505376344E+009,-1.988765594883092E+001,-1.071973930326714E+002,
4.089931573802542E+009,-1.968904231302520E+001,-1.248690383408875E+002,
4.093841642228739E+009,-1.961516523233771E+001,-1.434579878255476E+002,
4.097751710654936E+009,-1.959701535542680E+001,-1.603772565178910E+002,
4.101661779081134E+009,-1.944397656112273E+001,-1.773697214363407E+002,
4.105571847507331E+009,-1.928582228926699E+001,1.649298580283783E+002,
4.109481915933529E+009,-1.915140635013344E+001,1.469680389934226E+002,
4.113391984359726E+009,-1.909691583334863E+001,1.286377871971122E+002,
4.117302052785924E+009,-1.899119664047715E+001,1.105442644465788E+002,
4.121212121212121E+009,-1.891276793328415E+001,9.241979466640973E+001,
4.125122189638319E+009,-1.890163664095842E+001,7.336811462685610E+001,
4.129032258064516E+009,-1.898169447126234E+001,5.526297771085788E+001,
4.132942326490714E+009,-1.895177041896794E+001,3.766727743706917E+001,
4.136852394916911E+009,-1.889263342889313E+001,1.964016260042417E+001,
4.140762463343109E+009,-1.894970195679467E+001,1.121200389762555E+000,
4.144672531769306E+009,-1.898130850418652E+001,-1.710878117816952E+001,
4.148582600195503E+009,-1.902932106571108E+001,-3.572943814776954E+001,
4.152492668621701E+009,-1.911217701459191E+001,-5.393554893379026E+001,
4.156402737047898E+009,-1.930463378767187E+001,-7.215988333143869E+001,
4.160312805474096E+009,-1.947987105828468E+001,-8.951020058977966E+001,
4.164222873900293E+009,-1.962759384967200E+001,-1.068192700623892E+002,
4.168132942326491E+009,-1.969985349583351E+001,-1.235246430235104E+002,
4.172043010752688E+009,-1.971612327851218E+001,-1.410901178495983E+002,
4.175953079178886E+009,-1.980368067214403E+001,-1.589228200011364E+002,
4.179863147605083E+009,-1.997607013220307E+001,-1.760656387496450E+002,
4.183773216031281E+009,-2.002828843282028E+001,1.672538293913642E+002,
4.187683284457478E+009,-2.003772104439808E+001,1.503141867951004E+002,
4.191593352883676E+009,-2.006688344693028E+001,1.332643463270026E+002,
4.195503421309873E+009,-1.997687660008029E+001,1.163125008952686E+002,
4.199413489736071E+009,-1.988853128366545E+001,9.881267084157629E+001,
4.203323558162268E+009,-1.991342500066622E+001,8.075311836514001E+001,
4.207233626588465E+009,-1.991813088721608E+001,6.331832078037356E+001,
4.211143695014663E+009,-2.000015344612157E+001,4.571535323716955E+001,
4.215053763440860E+009,-2.001520299912842E+001,2.835860747863444E+001,
4.218963831867058E+009,-1.996152468584167E+001,1.101486517532343E+001,
4.222873900293255E+009,-1.993687902218773E+001,-7.107444231303489E+000,
4.226783968719452E+009,-1.998355993094074E+001,-2.568541343622642E+001,
4.230694037145650E+009,-2.012598291017060E+001,-4.384612458732408E+001,
4.234604105571847E+009,-2.027342966434059E+001,-6.128333480180687E+001,
4.238514173998045E+009,-2.030211114672968E+001,-7.921873013944979E+001,
4.242424242424243E+009,-2.044696121961828E+001,-9.697235714906243E+001,
4.246334310850440E+009,-2.064775763401296E+001,-1.151794652490171E+002,
4.250244379276638E+009,-2.088452313181694E+001,-1.322064959407477E+002,
4.254154447702835E+009,-2.115805202495502E+001,-1.492070168340214E+002,
4.258064516129032E+009,-2.123091317326928E+001,-1.655865198577430E+002,
4.261974584555230E+009,-2.131636469555860E+001,1.774492294717349E+002,
4.265884652981427E+009,-2.142200438191548E+001,1.605280004652577E+002,
4.269794721407625E+009,-2.156772726941287E+001,1.439044829217127E+002,
4.273704789833822E+009,-2.165077533456525E+001,1.270429029341598E+002,
4.277614858260019E+009,-2.175696632740278E+001,1.110707283938868E+002,
4.281524926686217E+009,-2.168433781817955E+001,9.441435063110092E+001,
4.285434995112414E+009,-2.166955950696860E+001,7.791525150294112E+001,
4.289345063538612E+009,-2.156070448110797E+001,6.116300177506560E+001,
4.293255131964809E+009,-2.154698245744195E+001,4.256806819877649E+001,
4.297165200391007E+009,-2.167811180489685E+001,2.438086978451840E+001,
4.301075268817205E+009,-2.193572424233184E+001,7.187435776259608E+000,
4.304985337243402E+009,-2.204723387066741E+001,-8.902747074034101E+000,
4.308895405669600E+009,-2.222794955434866E+001,-2.510155948222654E+001,
4.312805474095797E+009,-2.221435897080946E+001,-4.036863937783162E+001,
4.316715542521994E+009,-2.199219051587086E+001,-5.693316757981986E+001,
4.320625610948192E+009,-2.187503012310797E+001,-7.538176415181673E+001,
4.324535679374389E+009,-2.198242557978693E+001,-9.343409222042203E+001,
4.328445747800587E+009,-2.206913559471793E+001,-1.100936852413941E+002,
4.332355816226784E+009,-2.212912938745192E+001,-1.276924304924041E+002,
4.336265884652982E+009,-2.220252771807455E+001,-1.443749340174652E+002,
4.340175953079179E+009,-2.229338273900419E+001,-1.614864302842247E+002,
4.344086021505377E+009,-2.247825407115412E+001,-1.778359389936607E+002,
4.347996089931574E+009,-2.244853559410130E+001,1.652448521937986E+002,
4.351906158357771E+009,-2.258509097476803E+001,1.487710474516954E+002,
4.355816226783969E+009,-2.258575354671444E+001,1.328282368895639E+002,
4.359726295210166E+009,-2.253385209381680E+001,1.169919607926117E+002,
4.363636363636364E+009,-2.229919317866209E+001,1.005113787251908E+002,
4.367546432062561E+009,-2.220279280441215E+001,8.297626609157227E+001,
4.371456500488758E+009,-2.216442512670572E+001,6.512615061518726E+001,
4.375366568914956E+009,-2.213460299645242E+001,4.717924527725879E+001,
4.379276637341153E+009,-2.230106367157461E+001,2.949118003884641E+001,
4.383186705767351E+009,-2.239927708094186E+001,1.236799163355406E+001,
4.387096774193548E+009,-2.248826955619790E+001,-3.725167554816393E+000,
4.391006842619746E+009,-2.250127418518276E+001,-2.021860451623650E+001,
4.394916911045943E+009,-2.231972959402524E+001,-3.685011140265632E+001,
4.398826979472141E+009,-2.222643074445834E+001,-5.445446055091406E+001,
4.402737047898338E+009,-2.226444907814156E+001,-7.251384405954029E+001,
4.406647116324535E+009,-2.244184797138523E+001,-9.004126774553778E+001,
4.410557184750733E+009,-2.257639657836303E+001,-1.065100395768364E+002,
4.414467253176930E+009,-2.257671727267521E+001,-1.223299187328517E+002,
4.418377321603128E+009,-2.257756821163481E+001,-1.396824188746136E+002,
4.422287390029326E+009,-2.262568600739580E+001,-1.561007940656333E+002,
4.426197458455523E+009,-2.269733904887132E+001,-1.721099357792368E+002,
4.430107526881721E+009,-2.263352596068559E+001,1.713667833251184E+002,
4.434017595307918E+009,-2.243023049594065E+001,1.553432839693018E+002,
4.437927663734116E+009,-2.237081139392711E+001,1.373289904902477E+002,
4.441837732160313E+009,-2.247696161274696E+001,1.209708313738557E+002,
4.445747800586511E+009,-2.236626988492035E+001,1.048384257802816E+002,
4.449657869012708E+009,-2.218626970756301E+001,8.815477874792330E+001,
4.453567937438905E+009,-2.207883985678614E+001,7.072971498442188E+001,
4.457478005865103E+009,-2.197412011588873E+001,5.313684271122428E+001,
4.461388074291300E+009,-2.196488794916459E+001,3.495228073087209E+001,
4.465298142717498E+009,-2.199768954442348E+001,1.776720522113903E+001,
4.469208211143695E+009,-2.210356763957458E+001,4.566145579677688E-001,
4.473118279569893E+009,-2.210553044617424E+001,-1.505722748948457E+001,
4.477028347996090E+009,-2.195059928296498E+001,-3.230523117373658E+001,
4.480938416422287E+009,-2.192195491322860E+001,-4.913192168144497E+001,
4.484848484848485E+009,-2.178919632821886E+001,-6.605502279509680E+001,
4.488758553274682E+009,-2.181805225591319E+001,-8.369614868034665E+001,
4.492668621700880E+009,-2.172874280890934E+001,-9.996683429882195E+001,
4.496578690127077E+009,-2.163959064984583E+001,-1.177647990937988E+002,
4.500488758553275E+009,-2.165825334630658E+001,-1.351480350759962E+002,
4.504398826979472E+009,-2.160869776209013E+001,-1.516715190599365E+002,
4.508308895405669E+009,-2.157531692850438E+001,-1.686734707264966E+002,
4.512218963831867E+009,-2.157760194640514E+001,1.746628519691429E+002,
4.516129032258064E+009,-2.149522320412757E+001,1.581184506438344E+002,
4.520039100684262E+009,-2.133766631471203E+001,1.405442140371095E+002,
4.523949169110459E+009,-2.126347320603783E+001,1.233452586884744E+002,
4.527859237536657E+009,-2.121606889876993E+001,1.057750574847007E+002,
4.531769305962854E+009,-2.114947016776247E+001,8.803773613981626E+001,
4.535679374389051E+009,-2.109073786360834E+001,7.024047378141070E+001,
4.539589442815249E+009,-2.115657577436345E+001,5.245934353618068E+001,
4.543499511241447E+009,-2.120169081855848E+001,3.488591962832903E+001,
4.547409579667645E+009,-2.129856643189202E+001,1.777358716726860E+001,
4.551319648093842E+009,-2.134082955687742E+001,1.131727935467884E+000,
4.555229716520039E+009,-2.130720931380849E+001,-1.617321507354477E+001,
4.559139784946237E+009,-2.128501094113845E+001,-3.306770286442275E+001,
4.563049853372434E+009,-2.133711653631960E+001,-5.041483450256011E+001,
4.566959921798632E+009,-2.137778524916612E+001,-6.701935327346746E+001,
4.570869990224829E+009,-2.132789698425184E+001,-8.331418146722172E+001,
4.574780058651027E+009,-2.118105655225591E+001,-1.003840047809711E+002,
4.578690127077224E+009,-2.100043531770565E+001,-1.183719497492972E+002,
4.582600195503422E+009,-2.098324523296575E+001,-1.358524449060415E+002,
4.586510263929619E+009,-2.096047739465352E+001,-1.537928195394417E+002,
4.590420332355816E+009,-2.104450679482537E+001,-1.721277961837225E+002,
4.594330400782014E+009,-2.114407451935266E+001,1.707204664153453E+002,
4.598240469208211E+009,-2.127788586331873E+001,1.533777946453593E+002,
4.602150537634409E+009,-2.140475723332243E+001,1.371282912046476E+002,
4.606060606060606E+009,-2.136334110861054E+001,1.213322759663986E+002,
4.609970674486803E+009,-2.125089335381091E+001,1.041356371309140E+002,
4.613880742913001E+009,-2.114677609417091E+001,8.764751278826040E+001,
4.617790811339198E+009,-2.093471844521476E+001,6.932250083789637E+001,
4.621700879765396E+009,-2.089729083750580E+001,5.098784641205732E+001,
4.625610948191593E+009,-2.089305638337510E+001,3.241568167200689E+001,
4.629521016617791E+009,-2.110402477176061E+001,1.425119743943931E+001,
4.633431085043988E+009,-2.127618269774634E+001,-3.519638437454196E+000,
4.637341153470186E+009,-2.151920832173690E+001,-2.068050020929578E+001,
4.641251221896383E+009,-2.171400897660906E+001,-3.725693789145831E+001,
4.645161290322580E+009,-2.188264577594207E+001,-5.319117170124331E+001,
4.649071358748778E+009,-2.199238625286117E+001,-6.873908176338060E+001,
4.652981427174975E+009,-2.190163668307520E+001,-8.397629179587865E+001,
4.656891495601173E+009,-2.159676362307692E+001,-9.991183650088846E+001,
4.660801564027371E+009,-2.132129550747235E+001,-1.170281693791349E+002,
4.664711632453568E+009,-2.117380819328238E+001,-1.359151110847662E+002,
4.668621700879766E+009,-2.112790559400241E+001,-1.535715382235377E+002,
4.672531769305963E+009,-2.108785960928258E+001,-1.715968813728089E+002,
4.676441837732161E+009,-2.119794931021271E+001,1.704090637775605E+002,
4.680351906158358E+009,-2.132065886692323E+001,1.534174918977170E+002,
4.684261974584556E+009,-2.141744795741600E+001,1.364906353511227E+002,
4.688172043010753E+009,-2.142436495928355E+001,1.203163416855133E+002,
4.692082111436951E+009,-2.120907644659179E+001,1.039279795522811E+002,
4.695992179863148E+009,-2.106179865105151E+001,8.634272641664195E+001,
4.699902248289345E+009,-2.087910380230147E+001,6.834663437196450E+001,
4.703812316715543E+009,-2.083713191760861E+001,4.993487877116480E+001,
4.707722385141740E+009,-2.089639159776473E+001,3.077768189005253E+001,
4.711632453567938E+009,-2.100827660520761E+001,1.324592955702117E+001,
4.715542521994135E+009,-2.102993012421708E+001,-4.332314784783059E+000,
4.719452590420332E+009,-2.105682417385344E+001,-2.191557313393755E+001,
4.723362658846530E+009,-2.112481538451638E+001,-4.039840767948049E+001,
4.727272727272727E+009,-2.127847431641828E+001,-5.795495985384714E+001,
4.731182795698925E+009,-2.133889693744878E+001,-7.524098552825033E+001,
4.735092864125122E+009,-2.135229657487240E+001,-9.337800214264648E+001,
4.739002932551320E+009,-2.149063463616547E+001,-1.111834864507821E+002,
4.742913000977517E+009,-2.166564309084065E+001,-1.290112972158035E+002,
4.746823069403714E+009,-2.180393669802365E+001,-1.463876676046605E+002,
4.750733137829912E+009,-2.188168322739188E+001,-1.645623156771115E+002,
4.754643206256109E+009,-2.217770997854796E+001,1.774169444246874E+002,
4.758553274682307E+009,-2.243278903574666E+001,1.608045426205423E+002,
4.762463343108504E+009,-2.266012977476046E+001,1.443074418009947E+002,
4.766373411534702E+009,-2.277163885837434E+001,1.276974000331934E+002,
4.770283479960899E+009,-2.285278806290997E+001,1.112221811197331E+002,
4.774193548387096E+009,-2.288343923797707E+001,9.381080389480363E+001,
4.778103616813294E+009,-2.305449152866762E+001,7.601868850666385E+001,
4.782013685239492E+009,-2.319796923324206E+001,5.847822689866641E+001,
4.785923753665690E+009,-2.353976208873224E+001,4.094120121957273E+001,
4.789833822091887E+009,-2.378730936287358E+001,2.491114607165061E+001,
4.793743890518084E+009,-2.395266605667027E+001,8.067352834198966E+000,
4.797653958944282E+009,-2.422991859011655E+001,-9.501695070839064E+000,
4.801564027370479E+009,-2.454570871127709E+001,-2.589149426042184E+001,
4.805474095796677E+009,-2.477804334976893E+001,-4.267122791623847E+001,
4.809384164222874E+009,-2.519196638032836E+001,-5.911406742164562E+001,
4.813294232649072E+009,-2.551465649100391E+001,-7.493007038750343E+001,
4.817204301075269E+009,-2.587986212307673E+001,-9.105896750747878E+001,
4.821114369501467E+009,-2.636612193344276E+001,-1.059751787075762E+002,
4.825024437927664E+009,-2.685039940871713E+001,-1.194965201642766E+002,
4.828934506353861E+009,-2.703706427310945E+001,-1.322373989805751E+002,
4.832844574780059E+009,-2.691837383159721E+001,-1.458806272302587E+002,
4.836754643206256E+009,-2.675502748475280E+001,-1.597052441992549E+002,
4.840664711632454E+009,-2.657060420673335E+001,-1.750221179713119E+002,
4.844574780058651E+009,-2.645116830769785E+001,1.684390871036967E+002,
4.848484848484848E+009,-2.659304456370646E+001,1.511232969992715E+002,
4.852394916911046E+009,-2.689604816855390E+001,1.363325576307698E+002,
4.856304985337243E+009,-2.711157722685142E+001,1.226811259590953E+002,
4.860215053763441E+009,-2.700781972812841E+001,1.091599727484119E+002,
4.864125122189638E+009,-2.683996438405897E+001,9.597715459945141E+001,
4.868035190615836E+009,-2.646466466207358E+001,8.051562423815075E+001,
4.871945259042033E+009,-2.622188174494482E+001,6.465782334104704E+001,
4.875855327468231E+009,-2.614599566618193E+001,4.848349097441869E+001,
4.879765395894428E+009,-2.610839170064406E+001,3.268837740068594E+001,
4.883675464320625E+009,-2.597419828484681E+001,1.840072892466454E+001,
4.887585532746823E+009,-2.580110853358490E+001,3.072954839523207E+000,
4.891495601173020E+009,-2.564149769737837E+001,-1.245597827983428E+001,
4.895405669599218E+009,-2.548601537956176E+001,-2.706441518046645E+001,
4.899315738025415E+009,-2.515239302978005E+001,-4.277018032497889E+001,
4.903225806451613E+009,-2.491936076295099E+001,-5.886795847552838E+001,
4.907135874877811E+009,-2.472526872892164E+001,-7.428152877457259E+001,
4.911045943304008E+009,-2.444365942220196E+001,-9.063293357970289E+001,
4.914956011730206E+009,-2.422714478410310E+001,-1.063738807721088E+002,
4.918866080156403E+009,-2.392520051228576E+001,-1.224680680570168E+002,
4.922776148582601E+009,-2.369055893193930E+001,-1.386626669708352E+002,
4.926686217008798E+009,-2.326317679584864E+001,-1.551931219898851E+002,
4.930596285434996E+009,-2.303019377721412E+001,-1.724412799914126E+002,
4.934506353861193E+009,-2.282912877872430E+001,1.703607139093423E+002,
4.938416422287390E+009,-2.274853387435887E+001,1.543341705998518E+002,
4.942326490713588E+009,-2.261841305488913E+001,1.381224815647800E+002,
4.946236559139785E+009,-2.236375442814004E+001,1.227023552080970E+002,
4.950146627565983E+009,-2.197666856707286E+001,1.071373194604366E+002,
4.954056695992180E+009,-2.157373587177074E+001,9.045587336806517E+001,
4.957966764418377E+009,-2.113522300037709E+001,7.302908795136938E+001,
4.961876832844575E+009,-2.080586442965054E+001,5.575829623892674E+001,
4.965786901270772E+009,-2.049696031194980E+001,3.802999507767941E+001,
4.969696969696970E+009,-2.021492911931308E+001,2.051575491310798E+001,
4.973607038123167E+009,-1.993398729278846E+001,2.919844467576145E+000,
4.977517106549365E+009,-1.961960371718269E+001,-1.500458587478278E+001,
4.981427174975562E+009,-1.933321693814992E+001,-3.299206249372702E+001,
4.985337243401759E+009,-1.914719486136332E+001,-5.103867982968217E+001,
4.989247311827957E+009,-1.895102033694266E+001,-6.880251268897773E+001,
4.993157380254154E+009,-1.869396744208217E+001,-8.635528731005999E+001,
4.997067448680352E+009,-1.839999832493590E+001,-1.044357839671070E+002,
5.000977517106549E+009,-1.814007194036140E+001,-1.231348667652925E+002,
5.004887585532747E+009,-1.794452211872132E+001,-1.419544488416704E+002,
5.008797653958944E+009,-1.776331514311890E+001,-1.604852456615977E+002,
5.012707722385141E+009,-1.761780072691907E+001,-1.794710848205601E+002,
5.016617790811339E+009,-1.754904621636008E+001,1.617450449693456E+002,
5.020527859237536E+009,-1.754036490461266E+001,1.431183131940373E+002,
5.024437927663734E+009,-1.748235667317305E+001,1.249435571926859E+002,
5.028347996089932E+009,-1.744029050652317E+001,1.069590128207685E+002,
5.032258064516129E+009,-1.731803500520280E+001,8.918917568041935E+001,
5.036168132942327E+009,-1.719222636108402E+001,7.024118255346889E+001,
5.040078201368524E+009,-1.715727076210385E+001,5.207504536600953E+001,
5.043988269794722E+009,-1.708859549612111E+001,3.351156662464494E+001,
5.047898338220919E+009,-1.708511133073269E+001,1.502602300117456E+001,
5.051808406647117E+009,-1.708843357407241E+001,-3.059763953153895E+000,
5.055718475073314E+009,-1.703366948173782E+001,-2.170712239288235E+001,
5.059628543499512E+009,-1.705554556854782E+001,-4.009743820789512E+001,
5.063538611925709E+009,-1.709206561859968E+001,-5.853275513725793E+001,
5.067448680351906E+009,-1.715476792331170E+001,-7.644862388830168E+001,
5.071358748778104E+009,-1.715926920399284E+001,-9.434942782553887E+001,
5.075268817204301E+009,-1.711426464961549E+001,-1.126538679343796E+002,
5.079178885630499E+009,-1.715664574274901E+001,-1.310225566046110E+002,
5.083088954056696E+009,-1.718857622699989E+001,-1.495266077199045E+002,
5.086999022482893E+009,-1.730494429990376E+001,-1.675008736631642E+002,
5.090909090909091E+009,-1.734330051770196E+001,1.746443703655754E+002,
5.094819159335288E+009,-1.736118287752809E+001,1.563241741983230E+002,
5.098729227761486E+009,-1.747219723065562E+001,1.379498229609902E+002,
5.102639296187683E+009,-1.761309889650084E+001,1.197978698334991E+002,
5.106549364613881E+009,-1.780330095644310E+001,1.017113733146444E+002,
5.110459433040078E+009,-1.792496775867926E+001,8.471024711417141E+001,
5.114369501466276E+009,-1.799016538662085E+001,6.729334401518382E+001,
5.118279569892473E+009,-1.808038485220956E+001,4.961653028388304E+001,
5.122189638318670E+009,-1.816187512359000E+001,3.190324823224231E+001,
5.126099706744868E+009,-1.831372869176474E+001,1.429741788061208E+001,
5.130009775171065E+009,-1.841941930801699E+001,-2.658837194794075E+000,
5.133919843597263E+009,-1.846799159130172E+001,-1.978827838930866E+001,
5.137829912023460E+009,-1.845555072878209E+001,-3.693125410363546E+001,
5.141739980449657E+009,-1.847581611423302E+001,-5.459358149126373E+001,
5.145650048875855E+009,-1.845957788644879E+001,-7.267918612673623E+001,
5.149560117302053E+009,-1.851792449903630E+001,-9.064754509617896E+001,
5.153470185728251E+009,-1.850641113305801E+001,-1.086240952889229E+002,
5.157380254154448E+009,-1.859093774698702E+001,-1.269384130704733E+002,
5.161290322580645E+009,-1.871510260512091E+001,-1.450440604926047E+002,
5.165200391006843E+009,-1.888793899766224E+001,-1.633296341099809E+002,
5.169110459433041E+009,-1.902409859960143E+001,1.790968909725451E+002,
5.173020527859238E+009,-1.914146151348905E+001,1.617221763489761E+002,
5.176930596285435E+009,-1.919250246784593E+001,1.435491113817824E+002,
5.180840664711633E+009,-1.932285886655376E+001,1.255851435031141E+002,
5.184750733137830E+009,-1.954167465996413E+001,1.071362112882187E+002,
5.188660801564028E+009,-1.982025309153205E+001,8.964646696479525E+001,
5.192570869990225E+009,-2.009300988135671E+001,7.249467582391959E+001,
5.196480938416422E+009,-2.035593357255304E+001,5.553939389066785E+001,
5.200391006842620E+009,-2.047680894662089E+001,3.935956808680837E+001,
5.204301075268817E+009,-2.054368318372902E+001,2.228434172766912E+001,
5.208211143695015E+009,-2.067101598736008E+001,5.144944711935617E+000,
5.212121212121212E+009,-2.072438842012085E+001,-1.217985177689127E+001,
5.216031280547409E+009,-2.088214155291405E+001,-3.082038579084167E+001,
5.219941348973607E+009,-2.115636463228562E+001,-4.824796675801971E+001,
5.223851417399805E+009,-2.149278930199528E+001,-6.554215968829448E+001,
5.227761485826002E+009,-2.171551221489437E+001,-8.167417660373266E+001,
5.231671554252199E+009,-2.195715967193326E+001,-9.883751774230214E+001,
5.235581622678397E+009,-2.219450000464694E+001,-1.146266849678602E+002,
5.239491691104594E+009,-2.237909828563468E+001,-1.312624389793367E+002,
5.243401759530792E+009,-2.256497235702203E+001,-1.475059280351381E+002,
5.247311827956989E+009,-2.262375104275996E+001,-1.636800341057465E+002,
5.251221896383186E+009,-2.272634993584472E+001,1.798050484343102E+002,
5.255131964809384E+009,-2.284895469430541E+001,1.632231553537363E+002,
5.259042033235581E+009,-2.294049521620673E+001,1.461138506089284E+002,
5.262952101661779E+009,-2.319786508805851E+001,1.293537770978235E+002,
5.266862170087977E+009,-2.345859130511828E+001,1.127798966421620E+002,
5.270772238514174E+009,-2.363962817921081E+001,9.726494589561200E+001,
5.274682306940372E+009,-2.382706249904476E+001,8.190551574832071E+001,
5.278592375366570E+009,-2.379158670784110E+001,6.607014338754135E+001,
5.282502443792767E+009,-2.389301033124164E+001,5.083200034593554E+001,
5.286412512218964E+009,-2.380866239060146E+001,3.496728652108993E+001,
5.290322580645162E+009,-2.383170521937821E+001,1.865458137569386E+001,
5.294232649071359E+009,-2.382950948065784E+001,2.296848110685989E+000,
5.298142717497557E+009,-2.386760104032798E+001,-1.328618636189975E+001,
5.302052785923754E+009,-2.374630998242068E+001,-3.055220902720846E+001,
5.305962854349951E+009,-2.377458846434959E+001,-4.690170866870657E+001,
5.309872922776149E+009,-2.373054548407991E+001,-6.401302046498225E+001,
5.313782991202346E+009,-2.376280055600836E+001,-8.086255758182054E+001,
5.317693059628544E+009,-2.389402227524905E+001,-9.714374378197583E+001,
5.321603128054741E+009,-2.401741275049893E+001,-1.142197602983435E+002,
5.325513196480938E+009,-2.407926013415010E+001,-1.301400115437300E+002,
5.329423264907136E+009,-2.408493509526875E+001,-1.459800870489035E+002,
5.333333333333333E+009,-2.413626065472471E+001,-1.621501856068513E+002,
5.337243401759531E+009,-2.411647559849728E+001,-1.782089275730951E+002,
5.341153470185728E+009,-2.409027343520136E+001,1.653372611354384E+002,
5.345063538611926E+009,-2.412667585699225E+001,1.492104711997758E+002,
5.348973607038123E+009,-2.418423380521269E+001,1.324575248203789E+002,
5.352883675464321E+009,-2.433322792581809E+001,1.177918479797337E+002,
5.356793743890518E+009,-2.410139351333307E+001,1.028148387436198E+002,
5.360703812316715E+009,-2.385282721163723E+001,8.668533284848755E+001,
5.364613880742913E+009,-2.363192904809095E+001,7.039186350267096E+001,
5.368523949169110E+009,-2.338345993686060E+001,5.385788107118803E+001,
5.372434017595308E+009,-2.321524730080771E+001,3.586465167196955E+001,
5.376344086021505E+009,-2.301091081011811E+001,1.909851178061247E+001,
5.380254154447702E+009,-2.277229966287041E+001,1.236048102228580E+000,
5.384164222873900E+009,-2.267275413556718E+001,-1.720730501922838E+001,
5.388074291300098E+009,-2.262902716161438E+001,-3.533484998446006E+001,
5.391984359726296E+009,-2.263464095169661E+001,-5.370393109582652E+001,
5.395894428152493E+009,-2.284405981798891E+001,-7.169835597564455E+001,
5.399804496578690E+009,-2.289311769025305E+001,-8.921790729551213E+001,
5.403714565004888E+009,-2.305436862892382E+001,-1.062282323591875E+002,
5.407624633431086E+009,-2.323046338480985E+001,-1.227075148868733E+002,
5.411534701857283E+009,-2.319489299900933E+001,-1.386375463579638E+002,
5.415444770283480E+009,-2.321850976926104E+001,-1.552921576866714E+002,
5.419354838709678E+009,-2.304993657665737E+001,-1.714214625332367E+002,
5.423264907135875E+009,-2.285501382406728E+001,1.709319360611366E+002,
5.427174975562073E+009,-2.280717173156550E+001,1.522920572653692E+002,
5.431085043988270E+009,-2.299685364725418E+001,1.341647728428420E+002,
5.434995112414467E+009,-2.317271888169025E+001,1.179268044272604E+002,
5.438905180840665E+009,-2.324181416713783E+001,1.016633112938229E+002,
5.442815249266862E+009,-2.320891718641234E+001,8.590159683081274E+001,
5.446725317693060E+009,-2.312463414963858E+001,6.923057601797559E+001,
5.450635386119257E+009,-2.297396843535784E+001,5.230043104221706E+001,
5.454545454545454E+009,-2.294999155036510E+001,3.530527401896380E+001,
5.458455522971652E+009,-2.290556041759505E+001,1.889015409767773E+001,
5.462365591397850E+009,-2.267996269185817E+001,1.746457493566982E+000,
5.466275659824047E+009,-2.246118086473730E+001,-1.651141075859472E+001,
5.470185728250244E+009,-2.243909385774398E+001,-3.457952010108929E+001,
5.474095796676442E+009,-2.244172645891635E+001,-5.237228899832540E+001,
5.478005865102639E+009,-2.249969681309819E+001,-7.048113709345284E+001,
5.481915933528837E+009,-2.247551943453110E+001,-8.796804630855090E+001,
5.485826001955034E+009,-2.242456905972053E+001,-1.054179960166547E+002,
5.489736070381231E+009,-2.243884348713164E+001,-1.232746969260259E+002,
5.493646138807429E+009,-2.237817565824464E+001,-1.408657175007629E+002,
5.497556207233626E+009,-2.232083339353649E+001,-1.591882119645564E+002,
5.501466275659824E+009,-2.238979314487843E+001,-1.785252272948878E+002,
5.505376344086021E+009,-2.260694087536394E+001,1.634865227617196E+002,
5.509286412512219E+009,-2.277281197022160E+001,1.453899644323643E+002,
5.513196480938417E+009,-2.305220401357489E+001,1.281120987836123E+002,
5.517106549364615E+009,-2.319674446412510E+001,1.116331386397380E+002,
5.521016617790812E+009,-2.329458989580330E+001,9.410264925555097E+001,
5.524926686217009E+009,-2.340092021398126E+001,7.729683860816512E+001,
5.528836754643207E+009,-2.347364712964640E+001,6.078240201866628E+001,
5.532746823069404E+009,-2.340904990888087E+001,4.349223266700207E+001,
5.536656891495602E+009,-2.345484327836317E+001,2.493533215619112E+001,
5.540566959921799E+009,-2.361982728404972E+001,7.019168998934064E+000,
5.544477028347996E+009,-2.375311415874222E+001,-1.051204256447947E+001,
5.548387096774194E+009,-2.397291137572235E+001,-2.781633623132887E+001,
5.552297165200391E+009,-2.418611981480240E+001,-4.409196016804950E+001,
5.556207233626589E+009,-2.424338366223922E+001,-6.080364308113824E+001,
5.560117302052786E+009,-2.435520958910850E+001,-7.755143624064270E+001,
5.564027370478983E+009,-2.439903947074750E+001,-9.482970091656597E+001,
5.567937438905181E+009,-2.448748602757075E+001,-1.118758259007460E+002,
5.571847507331378E+009,-2.456302384301399E+001,-1.293853273483297E+002,
5.575757575757576E+009,-2.467987681667626E+001,-1.470858528783769E+002,
5.579667644183773E+009,-2.495783760967765E+001,-1.643089994498869E+002,
5.583577712609971E+009,-2.510874662327101E+001,1.789676983512654E+002,
5.587487781036168E+009,-2.538384790384223E+001,1.618950938453387E+002,
5.591397849462366E+009,-2.566517325371618E+001,1.458650490964915E+002,
5.595307917888563E+009,-2.576699191644600E+001,1.300853600171031E+002,
5.599217986314760E+009,-2.585675424681179E+001,1.137519456937256E+002,
5.603128054740958E+009,-2.611084604749346E+001,9.821043916739555E+001,
5.607038123167155E+009,-2.602094214867647E+001,8.265556423876710E+001,
5.610948191593353E+009,-2.599852315306022E+001,6.645831330910663E+001,
5.614858260019550E+009,-2.602528633617532E+001,4.936943733094648E+001,
5.618768328445747E+009,-2.607458197513222E+001,3.320505090267284E+001,
5.622678396871945E+009,-2.608781688654092E+001,1.686247290315550E+001,
5.626588465298142E+009,-2.610809874355473E+001,5.509542140082900E-001,
5.630498533724340E+009,-2.615542326795831E+001,-1.535635709792318E+001,
5.634408602150538E+009,-2.608378071492027E+001,-3.179471900782279E+001,
5.638318670576735E+009,-2.593200292992320E+001,-4.807280550596429E+001,
5.642228739002933E+009,-2.593337282120260E+001,-6.563679586221848E+001,
5.646138807429131E+009,-2.596247195627427E+001,-8.225756940432160E+001,
5.650048875855328E+009,-2.582038557919749E+001,-9.919326252418831E+001,
5.653958944281525E+009,-2.585711690054497E+001,-1.171529541105681E+002,
5.657869012707723E+009,-2.582480712167837E+001,-1.343411032064962E+002,
5.661779081133920E+009,-2.596523826914952E+001,-1.530012442996243E+002,
5.665689149560118E+009,-2.635374495297548E+001,-1.695660267700709E+002,
5.669599217986315E+009,-2.649031928794389E+001,1.741134770354909E+002,
5.673509286412512E+009,-2.669368458226228E+001,1.582101771113688E+002,
5.677419354838710E+009,-2.686116635514708E+001,1.426346676261906E+002,
5.681329423264907E+009,-2.685546384431923E+001,1.278869327943210E+002,
5.685239491691105E+009,-2.681792426883680E+001,1.112791883134721E+002,
5.689149560117302E+009,-2.680163600457702E+001,9.571468538347800E+001,
5.693059628543499E+009,-2.673280879590569E+001,7.949451926845518E+001,
5.696969696969697E+009,-2.656026431537502E+001,6.281888813121493E+001,
5.700879765395895E+009,-2.648178228239940E+001,4.623416450165265E+001,
5.704789833822092E+009,-2.660950314571791E+001,2.865356656851798E+001,
5.708699902248289E+009,-2.672984195959370E+001,1.178518746824622E+001,
5.712609970674487E+009,-2.671176785831904E+001,-2.621499197954648E+000,
5.716520039100684E+009,-2.656376022576293E+001,-1.849521205967136E+001,
5.720430107526882E+009,-2.646273533243760E+001,-3.474560308143074E+001,
5.724340175953079E+009,-2.637313837615672E+001,-5.087357408410642E+001,
5.728250244379276E+009,-2.613818117035365E+001,-6.786337464706638E+001,
5.732160312805474E+009,-2.594752148030508E+001,-8.538928439906485E+001,
5.736070381231671E+009,-2.585780975800455E+001,-1.032154721184950E+002,
5.739980449657869E+009,-2.599774901196057E+001,-1.213034255894892E+002,
5.743890518084066E+009,-2.608226422526078E+001,-1.383247088748347E+002,
5.747800586510263E+009,-2.628554427192464E+001,-1.546308512718882E+002,
5.751710654936461E+009,-2.626170935048815E+001,-1.705720250493533E+002,
5.755620723362660E+009,-2.607335281086805E+001,1.730564717569723E+002,
5.759530791788857E+009,-2.601160164861788E+001,1.558555405056761E+002,
5.763440860215054E+009,-2.594148765145079E+001,1.389459642422977E+002,
5.767350928641252E+009,-2.591721843839430E+001,1.217799104141735E+002,
5.771260997067449E+009,-2.584675401233409E+001,1.040600961256283E+002,
5.775171065493647E+009,-2.585005419697221E+001,8.633757906855621E+001,
5.779081133919844E+009,-2.598120180094307E+001,6.888546344366733E+001,
5.782991202346041E+009,-2.608255065399727E+001,5.117486604726739E+001,
5.786901270772239E+009,-2.640353920031002E+001,3.382820069763830E+001,
5.790811339198436E+009,-2.673874442818636E+001,1.812823513825005E+001,
5.794721407624634E+009,-2.667485674831261E+001,3.536310926589799E+000,
5.798631476050831E+009,-2.664860227106761E+001,-1.232646597040579E+001,
5.802541544477028E+009,-2.659134243363269E+001,-2.895820159130533E+001,
5.806451612903226E+009,-2.664795728004115E+001,-4.571407487699515E+001,
5.810361681329423E+009,-2.689482111314631E+001,-6.136052605799972E+001,
5.814271749755621E+009,-2.689313820681004E+001,-7.574304215137981E+001,
5.818181818181818E+009,-2.672815317854235E+001,-9.087076921085479E+001,
5.822091886608016E+009,-2.640509679736476E+001,-1.071667964268423E+002,
5.826001955034213E+009,-2.632018747173908E+001,-1.242648466677346E+002,
5.829912023460411E+009,-2.625144164706796E+001,-1.404799147294606E+002,
5.833822091886608E+009,-2.635635095174078E+001,-1.563734724790957E+002,
5.837732160312805E+009,-2.619043170838907E+001,-1.713398885528273E+002,
5.841642228739003E+009,-2.572711712731917E+001,1.724371686461129E+002,
5.845552297165200E+009,-2.539673866538984E+001,1.550701795373409E+002,
5.849462365591398E+009,-2.529061078016099E+001,1.367493178298302E+002,
5.853372434017595E+009,-2.536349906465559E+001,1.186257710434936E+002,
5.857282502443792E+009,-2.546399751330343E+001,1.024851998111346E+002,
5.861192570869990E+009,-2.543762394742219E+001,8.639426784191167E+001,
5.865102639296187E+009,-2.532656852341201E+001,7.157018564849501E+001,
5.869012707722385E+009,-2.498317901084379E+001,5.519368226733965E+001,
5.872922776148583E+009,-2.466490461028055E+001,3.857589973017731E+001,
5.876832844574780E+009,-2.440120580039611E+001,2.095204547475064E+001,
5.880742913000978E+009,-2.414141728439790E+001,3.300213815003071E+000,
5.884652981427176E+009,-2.391529414965443E+001,-1.403416509445062E+001,
5.888563049853373E+009,-2.377648374313668E+001,-3.233515610039979E+001,
5.892473118279570E+009,-2.369236978090000E+001,-5.000918030495514E+001,
5.896383186705768E+009,-2.353587834287380E+001,-6.789359226875345E+001,
5.900293255131965E+009,-2.347131269219052E+001,-8.519335091033271E+001,
5.904203323558163E+009,-2.337277212820262E+001,-1.029177217038661E+002,
5.908113391984360E+009,-2.321987370336974E+001,-1.204707185455943E+002,
5.912023460410557E+009,-2.309986187876392E+001,-1.376677445754978E+002,
5.915933528836755E+009,-2.284407877545403E+001,-1.558206020824586E+002,
5.919843597262952E+009,-2.273911047144718E+001,-1.743662420620658E+002,
5.923753665689150E+009,-2.272544716674777E+001,1.671867754311101E+002,
5.927663734115347E+009,-2.277881569611597E+001,1.487999584069730E+002,
5.931573802541544E+009,-2.278078606004900E+001,1.315518910376850E+002,
5.935483870967742E+009,-2.266706186944091E+001,1.139678576976072E+002,
5.939393939393940E+009,-2.263037746932812E+001,9.559159697780613E+001,
5.943304007820137E+009,-2.279941483767399E+001,7.743254750637472E+001,
5.947214076246334E+009,-2.276634541450280E+001,6.029107873388351E+001,
5.951124144672532E+009,-2.273353068650675E+001,4.306889821339279E+001,
5.955034213098729E+009,-2.273786381044662E+001,2.553669048336731E+001,
5.958944281524927E+009,-2.272695524345856E+001,7.762466631302556E+000,
5.962854349951124E+009,-2.282951346171500E+001,-9.676439374797715E+000,
5.966764418377321E+009,-2.275680263239599E+001,-2.676526797527404E+001,
5.970674486803519E+009,-2.266172139888036E+001,-4.421930735567613E+001,
5.974584555229716E+009,-2.263716123791529E+001,-6.232868098323320E+001,
5.978494623655914E+009,-2.269199700207112E+001,-8.030192848297486E+001,
5.982404692082111E+009,-2.282987552940081E+001,-9.811392299998509E+001,
5.986314760508308E+009,-2.290031597338399E+001,-1.150030520405838E+002,
5.990224828934506E+009,-2.299819885349724E+001,-1.328514553553035E+002,
5.994134897360704E+009,-2.306724745365367E+001,-1.493941927386082E+002,
5.998044965786902E+009,-2.312568683861232E+001,-1.661679056951585E+002,
6.001955034213099E+009,-2.308652046278262E+001,1.767919083764124E+002,
6.005865102639297E+009,-2.312142653375505E+001,1.599835284456510E+002,
6.009775171065494E+009,-2.299699082211161E+001,1.435838640119306E+002,
6.013685239491692E+009,-2.293723119440041E+001,1.255986298013378E+002,
6.017595307917889E+009,-2.298930657491313E+001,1.096580339881944E+002,
6.021505376344086E+009,-2.287946598226115E+001,9.235408063630621E+001,
6.025415444770284E+009,-2.280881897446719E+001,7.504166176494425E+001,
6.029325513196481E+009,-2.278033862246127E+001,5.840174937412832E+001,
6.033235581622679E+009,-2.259532181010006E+001,4.201686426512006E+001,
6.037145650048876E+009,-2.241788693034916E+001,2.428159543080257E+001,
6.041055718475073E+009,-2.222839539659716E+001,6.721038641216546E+000,
6.044965786901271E+009,-2.207805259660650E+001,-1.159275428899145E+001,
6.048875855327468E+009,-2.200560108349846E+001,-3.011644777864274E+001,
6.052785923753666E+009,-2.194831760079540E+001,-4.798517989124849E+001,
6.056695992179863E+009,-2.190586060970604E+001,-6.612821974603031E+001,
6.060606060606061E+009,-2.174520983672638E+001,-8.477181211656212E+001,
6.064516129032258E+009,-2.177723904625922E+001,-1.033362983412181E+002,
6.068426197458456E+009,-2.181013507204364E+001,-1.223189741716855E+002,
6.072336265884653E+009,-2.197590533655837E+001,-1.402117255272308E+002,
6.076246334310850E+009,-2.194795716110896E+001,-1.580267816159759E+002,
6.080156402737048E+009,-2.198474736607579E+001,-1.765809103286615E+002,
6.084066471163245E+009,-2.202146057576884E+001,1.648571814132133E+002,
6.087976539589443E+009,-2.212160752480320E+001,1.464642537416559E+002,
6.091886608015640E+009,-2.220179624055421E+001,1.279312683384362E+002,
6.095796676441837E+009,-2.242200288112586E+001,1.097345416757383E+002,
6.099706744868035E+009,-2.264409970420642E+001,9.192938541382763E+001,
6.103616813294232E+009,-2.277236635107835E+001,7.471276168317075E+001,
6.107526881720430E+009,-2.286876005860956E+001,5.658681110574314E+001,
6.111436950146627E+009,-2.301760422200981E+001,3.897718007849502E+001,
6.115347018572825E+009,-2.320529545156113E+001,2.132093886526609E+001,
6.119257086999023E+009,-2.329336527552544E+001,4.097485395121107E+000,
6.123167155425221E+009,-2.333803256335084E+001,-1.386328440122593E+001,
6.127077223851418E+009,-2.346621943204632E+001,-3.209930920506203E+001,
6.130987292277615E+009,-2.367703420799087E+001,-5.038147883669281E+001,
6.134897360703813E+009,-2.406072059348545E+001,-6.803346473899856E+001,
6.138807429130010E+009,-2.430858921054861E+001,-8.494310750532536E+001,
6.142717497556208E+009,-2.449117838715681E+001,-1.018617241730733E+002,
6.146627565982405E+009,-2.463086827110199E+001,-1.181408593740278E+002,
6.150537634408602E+009,-2.471908160020222E+001,-1.350905332237124E+002,
6.154447702834800E+009,-2.483139915516577E+001,-1.525069422829325E+002,
6.158357771260998E+009,-2.498003002731700E+001,-1.696129321975074E+002,
6.162267839687195E+009,-2.504853143698182E+001,1.735245279689979E+002,
6.166177908113392E+009,-2.512822796744619E+001,1.560432846028502E+002,
6.170087976539589E+009,-2.532715010893195E+001,1.381714303063922E+002,
6.173998044965787E+009,-2.548837432173165E+001,1.207618926712329E+002,
6.177908113391985E+009,-2.579836493400563E+001,1.034437119105138E+002,
6.181818181818182E+009,-2.608309844352998E+001,8.818405955561268E+001,
6.185728250244379E+009,-2.599810394746435E+001,7.233856141999839E+001,
6.189638318670576E+009,-2.612489937852354E+001,5.536433409059043E+001,
6.193548387096774E+009,-2.608074309575979E+001,3.892328255688075E+001,
6.197458455522972E+009,-2.599739184327455E+001,2.082663545414912E+001,
6.201368523949169E+009,-2.616212118199771E+001,2.044451132705212E+000,
6.205278592375366E+009,-2.648965809500193E+001,-1.475475840993290E+001,
6.209188660801564E+009,-2.660416786750695E+001,-3.197955515422861E+001,
6.213098729227762E+009,-2.691077761611945E+001,-4.831707388692929E+001,
6.217008797653959E+009,-2.711542184930846E+001,-6.454302642295791E+001,
6.220918866080156E+009,-2.739753662321967E+001,-8.148849661519991E+001,
6.224828934506353E+009,-2.748481586118942E+001,-9.666950323953971E+001,
6.228739002932551E+009,-2.741792104528192E+001,-1.133963243360529E+002,
6.232649071358749E+009,-2.760638201182640E+001,-1.303435785098521E+002,
6.236559139784946E+009,-2.769005413170543E+001,-1.467677121822057E+002,
6.240469208211144E+009,-2.771105801984580E+001,-1.634084853613779E+002,
6.244379276637341E+009,-2.781634720089392E+001,-1.799905529853152E+002,
6.248289345063539E+009,-2.786771243412181E+001,1.626755990803465E+002,
6.252199413489737E+009,-2.832788301907829E+001,1.450090352764239E+002,
6.256109481915934E+009,-2.851403171460290E+001,1.302070775470875E+002,
6.260019550342131E+009,-2.864301975277114E+001,1.150425698171416E+002,
6.263929618768329E+009,-2.876202521850831E+001,9.972876213634794E+001,
6.267839687194526E+009,-2.869412459477920E+001,8.319902183632323E+001,
6.271749755620724E+009,-2.866985436854609E+001,6.701843853372664E+001,
6.275659824046921E+009,-2.876152463850214E+001,5.033044925409534E+001,
6.279569892473118E+009,-2.892814157201151E+001,3.479801342998437E+001,
6.283479960899316E+009,-2.884336179368058E+001,1.824392883817725E+001,
6.287390029325514E+009,-2.886679842843971E+001,1.265961629494781E+000,
6.291300097751711E+009,-2.890852273883946E+001,-1.541042181924009E+001,
6.295210166177908E+009,-2.901753097313580E+001,-3.245297031615966E+001,
6.299120234604105E+009,-2.923039583574573E+001,-4.781889463288994E+001,
6.303030303030303E+009,-2.937792883541820E+001,-6.377082152509022E+001,
6.306940371456501E+009,-2.938948291626995E+001,-7.860399808843746E+001,
6.310850439882698E+009,-2.938780069828011E+001,-9.481093441748739E+001,
6.314760508308895E+009,-2.943880787094938E+001,-1.090677300510222E+002,
6.318670576735093E+009,-2.938833130086317E+001,-1.250983200835010E+002,
6.322580645161290E+009,-2.912363585481120E+001,-1.405438660421211E+002,
6.326490713587488E+009,-2.910739348540384E+001,-1.574443204137332E+002,
6.330400782013685E+009,-2.916459797289938E+001,-1.733080408512614E+002,
6.334310850439882E+009,-2.905456386519957E+001,1.709820211155879E+002,
6.338220918866080E+009,-2.889229037307844E+001,1.542272322214279E+002,
6.342130987292278E+009,-2.866333505505750E+001,1.395685024730134E+002,
6.346041055718475E+009,-2.841264034014322E+001,1.222922555550621E+002,
6.349951124144672E+009,-2.825310159952886E+001,1.048045658258872E+002,
6.353861192570869E+009,-2.803887400070874E+001,8.684302917738528E+001,
6.357771260997068E+009,-2.810711275510266E+001,6.922034382928732E+001,
6.361681329423266E+009,-2.792247796402584E+001,5.383792782417933E+001,
6.365591397849463E+009,-2.764196431912736E+001,3.553864391080428E+001,
6.369501466275660E+009,-2.755479811805211E+001,1.600018337722058E+001,
6.373411534701857E+009,-2.757250970962429E+001,-2.768635345626556E+000,
6.377321603128055E+009,-2.766819258071203E+001,-2.164904391188289E+001,
6.381231671554253E+009,-2.785677414888504E+001,-4.022123133346633E+001,
6.385141739980450E+009,-2.832439978203629E+001,-5.730658575184685E+001,
6.389051808406647E+009,-2.846391295583486E+001,-7.317572926020556E+001,
6.392961876832845E+009,-2.860288941107406E+001,-9.010374042155857E+001,
6.396871945259043E+009,-2.872154317151830E+001,-1.075025456940814E+002,
6.400782013685240E+009,-2.870769361648091E+001,-1.246678902750715E+002,
6.404692082111437E+009,-2.889098277568931E+001,-1.416737723433327E+002,
6.408602150537634E+009,-2.919055140383332E+001,-1.570323745595963E+002,
6.412512218963832E+009,-2.922742503447170E+001,-1.736754725931579E+002,
6.416422287390030E+009,-2.922308679500316E+001,1.698683495392710E+002,
6.420332355816227E+009,-2.927735592831752E+001,1.531038577599994E+002,
6.424242424242424E+009,-2.943196629188805E+001,1.360125740972594E+002,
6.428152492668621E+009,-2.965005533981993E+001,1.208591335525959E+002,
6.432062561094819E+009,-2.961698668545812E+001,1.047118401232023E+002,
6.435972629521017E+009,-2.965668843165653E+001,8.735953198512327E+001,
6.439882697947214E+009,-2.999311117160326E+001,7.046788528416627E+001,
6.443792766373411E+009,-3.020046128509586E+001,5.625891476805123E+001,
6.447702834799609E+009,-3.007702591758984E+001,4.097402180627834E+001,
6.451612903225807E+009,-3.023796494613002E+001,2.423200285333060E+001,
6.455522971652004E+009,-3.033758099507900E+001,9.942609470556841E+000,
6.459433040078201E+009,-3.034508048157459E+001,-4.186560458593580E+000,
6.463343108504398E+009,-3.005483631705046E+001,-1.843770304808837E+001,
6.467253176930596E+009,-2.981141050369322E+001,-3.281493255229135E+001,
6.471163245356794E+009,-2.914466497280293E+001,-5.036092915051502E+001,
6.475073313782991E+009,-2.899824331658668E+001,-6.816971676833120E+001,
6.478983382209189E+009,-2.881964128694708E+001,-8.533912747285277E+001,
6.482893450635386E+009,-2.864715803530867E+001,-1.026654453405166E+002,
6.486803519061584E+009,-2.870468965392467E+001,-1.196129355772932E+002,
6.490713587487782E+009,-2.859418390880127E+001,-1.358084641708646E+002,
6.494623655913979E+009,-2.825778212579278E+001,-1.523862882606431E+002,
6.498533724340176E+009,-2.814934265409891E+001,-1.698222716723703E+002,
6.502443792766374E+009,-2.803579124538398E+001,1.725538331019372E+002,
6.506353861192571E+009,-2.785917781081040E+001,1.558670758325173E+002,
6.510263929618769E+009,-2.771047534811803E+001,1.379540181711058E+002,
6.514173998044966E+009,-2.762116218967700E+001,1.218511046403616E+002,
6.518084066471163E+009,-2.726003614896943E+001,1.043892235867584E+002,
6.521994134897361E+009,-2.693311958144326E+001,8.512118909270868E+001,
6.525904203323559E+009,-2.699520689761439E+001,6.594525431748345E+001,
6.529814271749756E+009,-2.690939366018565E+001,4.758615282406641E+001,
6.533724340175953E+009,-2.688223913303046E+001,2.854132294607275E+001,
6.537634408602150E+009,-2.698068328975256E+001,1.043706900282249E+001,
6.541544477028348E+009,-2.706233357907482E+001,-8.320920969051780E+000,
6.545454545454546E+009,-2.725688826965795E+001,-2.681227987375384E+001,
6.549364613880743E+009,-2.763017612999367E+001,-4.322908355324228E+001,
6.553274682306940E+009,-2.761959593780184E+001,-5.985123415938312E+001,
6.557184750733138E+009,-2.756484157483197E+001,-7.597370091170104E+001,
6.561094819159335E+009,-2.737979815067627E+001,-9.347969025881393E+001,
6.565004887585533E+009,-2.726407216684130E+001,-1.126398160253412E+002,
6.568914956011730E+009,-2.732680695802988E+001,-1.321281905495421E+002,
6.572825024437927E+009,-2.764198124455959E+001,-1.515186541447914E+002,
6.576735092864125E+009,-2.809909870664424E+001,-1.690442564357300E+002,
6.580645161290323E+009,-2.830418572351809E+001,1.741694295289557E+002,
6.584555229716520E+009,-2.838777898589622E+001,1.570179028172647E+002,
6.588465298142717E+009,-2.853880971234984E+001,1.399157072863467E+002,
6.592375366568914E+009,-2.892292566426072E+001,1.230606540094700E+002,
6.596285434995112E+009,-2.909947013734616E+001,1.065941958419406E+002,
6.600195503421310E+009,-2.926892017917959E+001,9.058528462126736E+001,
6.604105571847508E+009,-2.931542696093542E+001,7.437520822388694E+001,
6.608015640273705E+009,-2.916476812768006E+001,5.775096048733069E+001,
6.611925708699902E+009,-2.939171655903738E+001,3.926662499568274E+001,
6.615835777126100E+009,-2.974436730991109E+001,2.281275538728533E+001,
6.619745845552298E+009,-2.984604868708205E+001,6.023225761090203E+000,
6.623655913978495E+009,-3.012692826952949E+001,-1.092206749863839E+001,
6.627565982404692E+009,-3.032253105924731E+001,-2.656127355026800E+001,
6.631476050830890E+009,-3.045536344266294E+001,-4.198643932149277E+001,
6.635386119257088E+009,-3.038484555375677E+001,-5.891638812619441E+001,
6.639296187683285E+009,-3.053080521854839E+001,-7.563905500284149E+001,
6.643206256109482E+009,-3.046541113499022E+001,-9.180702920252055E+001,
6.647116324535679E+009,-3.053043926142754E+001,-1.094614254765175E+002,
6.651026392961877E+009,-3.090053253531492E+001,-1.269387035100776E+002,
6.654936461388075E+009,-3.124967615105430E+001,-1.420989724361852E+002,
6.658846529814272E+009,-3.140036077792934E+001,-1.569288016878518E+002,
6.662756598240469E+009,-3.115023856116062E+001,-1.718995601943321E+002,
6.666666666666666E+009,-3.101899890361755E+001,1.716325824620824E+002,
6.670576735092864E+009,-3.119768234930981E+001,1.531336957646161E+002,
6.674486803519062E+009,-3.136513665640146E+001,1.367843127354036E+002,
6.678396871945259E+009,-3.142956547519630E+001,1.198781229629201E+002,
6.682306940371456E+009,-3.168045632423749E+001,1.037380737539504E+002,
6.686217008797654E+009,-3.181311003757770E+001,8.784555604746760E+001,
6.690127077223852E+009,-3.180824015885331E+001,7.387903508051731E+001,
6.694037145650049E+009,-3.178826142904954E+001,5.451087603555530E+001,
6.697947214076246E+009,-3.240982083310505E+001,3.894778604438549E+001,
6.701857282502443E+009,-3.256514303548123E+001,2.411587398049142E+001,
6.705767350928641E+009,-3.251920136566059E+001,1.094029933603532E+001,
6.709677419354839E+009,-3.232639838500472E+001,-4.541881512282774E+000,
6.713587487781036E+009,-3.220392595570603E+001,-2.090475796175934E+001,
6.717497556207233E+009,-3.208453756870709E+001,-3.771044210022628E+001,
6.721407624633431E+009,-3.221364818943662E+001,-5.400830035108343E+001,
6.725317693059629E+009,-3.210926104981040E+001,-6.922557188749391E+001,
6.729227761485827E+009,-3.189447291284119E+001,-8.527277200187476E+001,
6.733137829912024E+009,-3.188615503795429E+001,-1.036816852282965E+002,
6.737047898338221E+009,-3.206605895539890E+001,-1.198756973612494E+002,
6.740957966764419E+009,-3.209060071979795E+001,-1.362945611021522E+002,
6.744868035190616E+009,-3.235928514847149E+001,-1.516602211926995E+002,
6.748778103616814E+009,-3.237753736422011E+001,-1.660765529577643E+002,
6.752688172043011E+009,-3.210830298550359E+001,1.793748040128048E+002,
6.756598240469208E+009,-3.197243941876490E+001,1.622345673476102E+002,
6.760508308895406E+009,-3.189209307691862E+001,1.472017448952630E+002,
6.764418377321604E+009,-3.160952711309985E+001,1.305743574375352E+002,
6.768328445747801E+009,-3.146152687084737E+001,1.135487255289471E+002,
6.772238514173998E+009,-3.132347297534192E+001,9.704758367229135E+001,
6.776148582600195E+009,-3.122267316999067E+001,7.955126420915981E+001,
6.780058651026393E+009,-3.139040494347055E+001,6.256539976712528E+001,
6.783968719452591E+009,-3.136488494608741E+001,4.801027184727447E+001,
6.787878787878788E+009,-3.097243450080222E+001,3.128607346242524E+001,
6.791788856304985E+009,-3.078801256104278E+001,1.375243441059515E+001,
6.795698924731183E+009,-3.077674014000793E+001,-3.786453402618691E+000,
6.799608993157380E+009,-3.073149375054055E+001,-2.088822767587842E+001,
6.803519061583578E+009,-3.074395577748545E+001,-3.769120875388244E+001,
6.807429130009775E+009,-3.063059223372909E+001,-5.492668047385005E+001,
6.811339198435972E+009,-3.067619904384382E+001,-7.302013749787719E+001,
6.815249266862170E+009,-3.068688320949655E+001,-9.026576610753965E+001,
6.819159335288368E+009,-3.084654901119933E+001,-1.075893735564931E+002,
6.823069403714565E+009,-3.099636393445120E+001,-1.245901962693337E+002,
6.826979472140762E+009,-3.104926782865787E+001,-1.409457423404845E+002,
6.830889540566959E+009,-3.115561709052343E+001,-1.582349172240209E+002,
6.834799608993157E+009,-3.133894881979798E+001,-1.754830991055386E+002,
6.838709677419355E+009,-3.162144735712062E+001,1.685298071162360E+002,
6.842619745845552E+009,-3.181542592000255E+001,1.531795853137994E+002,
6.846529814271750E+009,-3.188553622250986E+001,1.370795035611147E+002,
6.850439882697948E+009,-3.206502277520214E+001,1.216916003292183E+002,
6.854349951124145E+009,-3.203864767413635E+001,1.058576016850650E+002,
6.858260019550343E+009,-3.214788775781800E+001,8.822135122753318E+001,
6.862170087976540E+009,-3.286008154184277E+001,7.136069708965226E+001,
6.866080156402737E+009,-3.348904035092183E+001,5.912077291316673E+001,
6.869990224828935E+009,-3.382954692238561E+001,4.796568398611688E+001,
6.873900293255133E+009,-3.394258330143002E+001,3.819813616863129E+001,
6.877810361681330E+009,-3.344370138140961E+001,2.867152100078219E+001,
6.881720430107527E+009,-3.263299718859953E+001,1.766715046637932E+001,
6.885630498533724E+009,-3.150796428997857E+001,3.139465648752744E+000,
6.889540566959922E+009,-3.074005807066509E+001,-1.485727665224001E+001,
6.893450635386120E+009,-3.037452174702050E+001,-3.187921446362616E+001,
6.897360703812317E+009,-2.985920486855589E+001,-4.815332151680659E+001,
6.901270772238514E+009,-2.942800689994449E+001,-6.515069517758539E+001,
6.905180840664711E+009,-2.902425363029984E+001,-8.243385068476502E+001,
6.909090909090909E+009,-2.867739624362363E+001,-9.859596446152214E+001,
6.913000977517107E+009,-2.816035987886586E+001,-1.162209026859713E+002,
6.916911045943304E+009,-2.775737450375185E+001,-1.338459392959557E+002,
6.920821114369501E+009,-2.742866288134285E+001,-1.510167634289595E+002,
6.924731182795699E+009,-2.685581725944813E+001,-1.678436965855029E+002,
6.928641251221897E+009,-2.635754648974787E+001,1.733368484166917E+002,
6.932551319648094E+009,-2.600245107448158E+001,1.537506483794251E+002,
6.936461388074291E+009,-2.582768535494378E+001,1.349017793539827E+002,
6.940371456500488E+009,-2.558493496653513E+001,1.156136441596948E+002,
6.944281524926686E+009,-2.546788755038364E+001,9.736603123608089E+001,
6.948191593352884E+009,-2.542332738885168E+001,8.008059219131570E+001,
6.952101661779081E+009,-2.515524704135389E+001,6.161994138142636E+001,
6.956011730205278E+009,-2.494701333071605E+001,4.342251264662021E+001,
6.959921798631475E+009,-2.472904439053063E+001,2.411243082339862E+001,
6.963831867057674E+009,-2.467932119134388E+001,5.630014912179449E+000,
6.967741935483872E+009,-2.450501750883255E+001,-1.288014897933134E+001,
6.971652003910069E+009,-2.435936517228064E+001,-3.252323733186959E+001,
6.975562072336266E+009,-2.425686736158737E+001,-5.183778218662802E+001,
6.979472140762464E+009,-2.443237693725176E+001,-7.032247617717820E+001,
6.983382209188661E+009,-2.444124713388945E+001,-8.809609085215836E+001,
6.987292277614859E+009,-2.446682541118849E+001,-1.067861618891567E+002,
6.991202346041056E+009,-2.449168179611473E+001,-1.244344789138482E+002,
6.995112414467253E+009,-2.452441033940009E+001,-1.420707866540860E+002,
6.999022482893451E+009,-2.454116361743996E+001,-1.591039273946469E+002,
7.002932551319649E+009,-2.431121763876388E+001,-1.774461215729584E+002,
7.006842619745846E+009,-2.419530443294777E+001,1.639126622469331E+002,
7.010752688172043E+009,-2.424407591031097E+001,1.454568618921158E+002,
7.014662756598240E+009,-2.422791995485702E+001,1.267127628342699E+002,
7.018572825024438E+009,-2.423382678793517E+001,1.074086831784073E+002,
7.022482893450636E+009,-2.441372245752557E+001,8.913133154656482E+001,
7.026392961876833E+009,-2.454343987205009E+001,7.097244350107285E+001,
7.030303030303030E+009,-2.480229489721968E+001,5.309567742236916E+001,
7.034213098729228E+009,-2.500435107477232E+001,3.514218724466924E+001,
7.038123167155425E+009,-2.504430174508011E+001,1.790091444661612E+001,
7.042033235581623E+009,-2.519005618719268E+001,4.383954530474979E-001,
7.045943304007820E+009,-2.518913106396807E+001,-1.691026248790075E+001,
7.049853372434017E+009,-2.510874783033516E+001,-3.550648276135884E+001,
7.053763440860215E+009,-2.538762530490983E+001,-5.414167159686435E+001,
7.057673509286413E+009,-2.557500214070772E+001,-7.160267975187297E+001,
7.061583577712610E+009,-2.575439601426329E+001,-8.945909895728632E+001,
7.065493646138807E+009,-2.609250540359121E+001,-1.065563256898649E+002,
7.069403714565004E+009,-2.636219578499624E+001,-1.239786031498989E+002,
7.073313782991202E+009,-2.659731089465350E+001,-1.394218432295742E+002,
7.077223851417400E+009,-2.659450615668191E+001,-1.547549775439578E+002,
7.081133919843597E+009,-2.650825582219235E+001,-1.719531676542941E+002,
7.085043988269795E+009,-2.674965021601012E+001,1.704492167536228E+002,
7.088954056695993E+009,-2.683766831158577E+001,1.532681385260702E+002,
7.092864125122190E+009,-2.698856277946204E+001,1.362014529247593E+002,
7.096774193548388E+009,-2.712845477072189E+001,1.201721756596279E+002,
7.100684261974585E+009,-2.721832224031105E+001,1.040917579509042E+002,
7.104594330400782E+009,-2.736000965838743E+001,8.708177089192324E+001,
7.108504398826980E+009,-2.749972833067691E+001,7.066358661018774E+001,
7.112414467253178E+009,-2.782099444279933E+001,5.517623485471069E+001,
7.116324535679375E+009,-2.790093010186933E+001,3.930414356720813E+001,
7.120234604105572E+009,-2.800392056260433E+001,2.529974898377789E+001,
7.124144672531769E+009,-2.781469943520768E+001,1.049153238433860E+001,
7.128054740957967E+009,-2.759254720948550E+001,-4.530236773261185E+000,
7.131964809384165E+009,-2.728312227212106E+001,-2.082187194288151E+001,
7.135874877810362E+009,-2.710967281701162E+001,-3.881625821912228E+001,
7.139784946236559E+009,-2.700120203454926E+001,-5.586058470215971E+001,
7.143695014662756E+009,-2.698230810563575E+001,-7.215526719084637E+001,
7.147605083088954E+009,-2.689251360151599E+001,-8.917712974386619E+001,
7.151515151515152E+009,-2.683433081481607E+001,-1.060581588738373E+002,
7.155425219941349E+009,-2.681434774926024E+001,-1.233479355670455E+002,
7.159335288367546E+009,-2.683490607544059E+001,-1.403163621596451E+002,
7.163245356793744E+009,-2.679767778679148E+001,-1.560403266332143E+002,
7.167155425219942E+009,-2.671631220237061E+001,-1.725228281342996E+002,
7.171065493646139E+009,-2.667190514947339E+001,1.709876184464650E+002,
7.174975562072336E+009,-2.637545865403407E+001,1.544343685698322E+002,
7.178885630498533E+009,-2.621364263433665E+001,1.372954017008159E+002,
7.182795698924731E+009,-2.605621319442070E+001,1.196107499700247E+002,
7.186705767350929E+009,-2.598778193406132E+001,1.016171903667846E+002,
7.190615835777126E+009,-2.585960473303845E+001,8.345253152673713E+001,
7.194525904203323E+009,-2.594894224567523E+001,6.616357665189001E+001,
7.198435972629520E+009,-2.601026162975256E+001,5.033270136117724E+001,
7.202346041055718E+009,-2.575338695586368E+001,3.380454237402424E+001,
7.206256109481916E+009,-2.562487349137808E+001,1.666512531672765E+001,
7.210166177908114E+009,-2.534403230316613E+001,-7.968270913319403E-001,
7.214076246334311E+009,-2.512618481594684E+001,-1.965573293043212E+001,
7.217986314760509E+009,-2.520415780984658E+001,-3.828551163635721E+001,
7.221896383186706E+009,-2.513735081786404E+001,-5.611693933230286E+001,
7.225806451612904E+009,-2.511865059714678E+001,-7.465596155017360E+001,
7.229716520039101E+009,-2.516090092811032E+001,-9.217311627618962E+001,
7.233626588465298E+009,-2.517875388924408E+001,-1.108584778733345E+002,
7.237536656891496E+009,-2.525252999194721E+001,-1.286768896094196E+002,
7.241446725317694E+009,-2.536649580037084E+001,-1.463065929686857E+002,
7.245356793743891E+009,-2.545975456048829E+001,-1.632291215960965E+002,
7.249266862170088E+009,-2.561568400297887E+001,1.790182624392576E+002,
7.253176930596285E+009,-2.565233143968041E+001,1.625902340775924E+002,
7.257086999022483E+009,-2.559649937330510E+001,1.452837573381297E+002,
7.260997067448681E+009,-2.552879712828342E+001,1.272694418073055E+002,
7.264907135874878E+009,-2.567562290660972E+001,1.098372530144969E+002,
7.268817204301075E+009,-2.595413265735235E+001,9.277495755858431E+001,
7.272727272727273E+009,-2.610989708318909E+001,7.745430822599195E+001,
7.276637341153470E+009,-2.601529499851440E+001,6.173611586969696E+001,
7.280547409579668E+009,-2.583503239188852E+001,4.530696947026708E+001,
7.284457478005865E+009,-2.563393629254728E+001,2.822584312122872E+001,
7.288367546432062E+009,-2.551313540573890E+001,1.046790935638627E+001,
7.292277614858260E+009,-2.540543907390690E+001,-7.295864918685749E+000,
7.296187683284458E+009,-2.556049235821028E+001,-2.569711489731337E+001,
7.300097751710655E+009,-2.569627162655993E+001,-4.277324375632244E+001,
7.304007820136852E+009,-2.572221125522169E+001,-5.829007154659711E+001,
7.307917888563049E+009,-2.565162584197607E+001,-7.497623917624851E+001,
7.311827956989247E+009,-2.563236209039538E+001,-9.174301558786696E+001,
7.315738025415445E+009,-2.541353925223533E+001,-1.085377466257613E+002,
7.319648093841642E+009,-2.515458166436350E+001,-1.262475826732800E+002,
7.323558162267839E+009,-2.483717530867879E+001,-1.433828066184489E+002,
7.327468230694037E+009,-2.465150577715764E+001,-1.627776707448175E+002,
7.331378299120235E+009,-2.462255283876905E+001,1.778435128255249E+002,
7.335288367546433E+009,-2.458321138647494E+001,1.591502143286719E+002,
7.339198435972630E+009,-2.465590814929718E+001,1.411875480233077E+002,
7.343108504398827E+009,-2.476670413776594E+001,1.231669621111775E+002,
7.347018572825025E+009,-2.477657860445104E+001,1.049478367691221E+002,
7.350928641251223E+009,-2.472412502468579E+001,8.693564966722586E+001,
7.354838709677420E+009,-2.476792929319620E+001,6.862096769852091E+001,
7.358748778103617E+009,-2.483080840836304E+001,5.076038267461369E+001,
7.362658846529814E+009,-2.496181903130520E+001,3.147204323724532E+001,
7.366568914956012E+009,-2.512446201469928E+001,1.326772116957018E+001,
7.370478983382210E+009,-2.531590256042465E+001,-4.590509929123168E+000,
7.374389051808407E+009,-2.541405925699301E+001,-2.176436238495198E+001,
7.378299120234604E+009,-2.543219674368943E+001,-3.902650470500947E+001,
7.382209188660801E+009,-2.552458642639591E+001,-5.767950621188425E+001,
7.386119257086999E+009,-2.570701259322070E+001,-7.606551324780990E+001,
7.390029325513197E+009,-2.598096965287293E+001,-9.429897562267591E+001,
7.393939393939394E+009,-2.620970330070115E+001,-1.117593830835592E+002,
7.397849462365591E+009,-2.642878627278999E+001,-1.299078364254930E+002,
7.401759530791789E+009,-2.667432143803115E+001,-1.465855372500181E+002,
7.405669599217987E+009,-2.685883904831655E+001,-1.633689658771933E+002,
7.409579667644184E+009,-2.695152589752151E+001,1.794529266381574E+002,
7.413489736070381E+009,-2.706869677026580E+001,1.622928916700700E+002,
7.417399804496578E+009,-2.724667711683857E+001,1.454561548986830E+002,
7.421309872922776E+009,-2.736491014212354E+001,1.274778124741305E+002,
7.425219941348974E+009,-2.752792939742548E+001,1.102652104931255E+002,
7.429130009775171E+009,-2.786545136393228E+001,9.235918712379763E+001,
7.433040078201368E+009,-2.813150913744293E+001,7.567277557225266E+001,
7.436950146627565E+009,-2.842103991278487E+001,5.949577137444671E+001,
7.440860215053763E+009,-2.865478578194271E+001,4.342048414685455E+001,
7.444770283479961E+009,-2.867216549085682E+001,2.740483808215152E+001,
7.448680351906158E+009,-2.890436462178155E+001,1.089094715141522E+001,
7.452590420332356E+009,-2.873366889404448E+001,-5.426418788292646E+000,
7.456500488758554E+009,-2.900248537568267E+001,-2.206720993998329E+001,
7.460410557184751E+009,-2.915723638843259E+001,-3.931105571684524E+001,
7.464320625610949E+009,-2.932027977496045E+001,-5.524936841941334E+001,
7.468230694037146E+009,-2.941245002350806E+001,-7.073028950380373E+001,
7.472140762463343E+009,-2.946790394996437E+001,-8.728857218191675E+001,
7.476050830889541E+009,-2.946236438607201E+001,-1.040891546066862E+002,
7.479960899315739E+009,-2.960016465415806E+001,-1.209171100908456E+002,
7.483870967741936E+009,-2.954213414345047E+001,-1.385262525120391E+002,
7.487781036168133E+009,-2.959480639922154E+001,-1.544062247813588E+002,
7.491691104594330E+009,-2.986436305983516E+001,-1.717434651903932E+002,
7.495601173020528E+009,-2.998411666289066E+001,1.715856903981208E+002,
7.499511241446726E+009,-2.996704428298108E+001,1.555850634027791E+002,
7.503421309872923E+009,-3.017977288356257E+001,1.392585600806893E+002,
7.507331378299120E+009,-3.031697873929088E+001,1.232121161973434E+002,
7.511241446725318E+009,-3.047588428004699E+001,1.081983480860191E+002,
7.515151515151515E+009,-3.028346080372259E+001,9.224707055820969E+001,
7.519061583577713E+009,-3.010389766369809E+001,7.643083442444907E+001,
7.522971652003910E+009,-2.990799930274076E+001,5.881974317844396E+001,
7.526881720430107E+009,-2.984857860808983E+001,4.143685707599291E+001,
7.530791788856305E+009,-2.984976976959066E+001,2.410016200780977E+001,
7.534701857282503E+009,-2.982956949934166E+001,6.004744035750985E+000,
7.538611925708700E+009,-2.982874447647681E+001,-1.160590545355687E+001,
7.542521994134897E+009,-2.992173731761709E+001,-2.890909522270676E+001,
7.546432062561094E+009,-3.015450928961583E+001,-4.636365857863817E+001,
7.550342130987292E+009,-3.014517155183384E+001,-6.267867617272187E+001,
7.554252199413490E+009,-3.025343203984457E+001,-7.839718544671406E+001,
7.558162267839687E+009,-2.999011515860882E+001,-9.412159832012632E+001,
7.562072336265884E+009,-2.973097023233278E+001,-1.123775511925817E+002,
7.565982404692082E+009,-2.981364746302891E+001,-1.301168138137776E+002,
7.569892473118280E+009,-2.977457670791935E+001,-1.483459518559492E+002,
7.573802541544478E+009,-2.981681881194413E+001,-1.663639227014499E+002,
7.577712609970675E+009,-2.985927655226554E+001,1.746527970191053E+002,
7.581622678396872E+009,-2.983698764357279E+001,1.559729006484006E+002,
7.585532746823070E+009,-3.008442980713221E+001,1.381521930736734E+002,
7.589442815249268E+009,-3.029538875773964E+001,1.194351659811697E+002,
7.593352883675465E+009,-3.056824430576419E+001,9.979138830148978E+001,
7.597262952101662E+009,-3.098294900386046E+001,8.283345393621043E+001,
7.601173020527859E+009,-3.133647218683234E+001,6.464242592616998E+001,
7.605083088954057E+009,-3.163532282647016E+001,4.790883244336977E+001,
7.608993157380255E+009,-3.209656618053256E+001,2.872420659831834E+001,
7.612903225806452E+009,-3.269141214645818E+001,1.242778612721556E+001,
7.616813294232649E+009,-3.319100897241982E+001,-3.106308442139672E+000,
7.620723362658846E+009,-3.350961502566649E+001,-1.895723636055661E+001,
7.624633431085044E+009,-3.398842955423956E+001,-3.477456095126351E+001,
7.628543499511242E+009,-3.429481295554021E+001,-5.005366637391248E+001,
7.632453567937439E+009,-3.472577186044344E+001,-6.548234791294553E+001,
7.636363636363636E+009,-3.513683560607316E+001,-7.965242652418660E+001,
7.640273704789834E+009,-3.551413319771471E+001,-9.361844139192652E+001,
7.644183773216032E+009,-3.596094264931264E+001,-1.055783859399399E+002,
7.648093841642229E+009,-3.583711892369764E+001,-1.164305462698194E+002,
7.652003910068426E+009,-3.539326486291954E+001,-1.303079966855391E+002,
7.655913978494623E+009,-3.518731858837040E+001,-1.480062004861239E+002,
7.659824046920821E+009,-3.566569155494624E+001,-1.638186226739389E+002,
7.663734115347019E+009,-3.569021424087003E+001,-1.781657880542414E+002,
7.667644183773216E+009,-3.598951084289037E+001,1.679303881292730E+002,
7.671554252199413E+009,-3.595306360934598E+001,1.560622818662097E+002,
7.675464320625610E+009,-3.552167566654448E+001,1.437482884756425E+002,
7.679374389051808E+009,-3.503649111502710E+001,1.279663270635552E+002,
7.683284457478006E+009,-3.488997423642608E+001,1.116562432778421E+002,
7.687194525904203E+009,-3.483844854028079E+001,9.703382160539066E+001,
7.691104594330401E+009,-3.451190401009391E+001,8.204508994530484E+001,
7.695014662756599E+009,-3.425550792877574E+001,6.667591220565606E+001,
7.698924731182797E+009,-3.406639654028145E+001,5.123439123416483E+001,
7.702834799608994E+009,-3.369507384813326E+001,3.654423313267991E+001,
7.706744868035191E+009,-3.328058404928742E+001,1.940342999923670E+001,
7.710654936461388E+009,-3.308164216374222E+001,3.014853608839233E+000,
7.714565004887586E+009,-3.288871494765680E+001,-1.205792273627399E+001,
7.718475073313784E+009,-3.237334010903766E+001,-2.824052607621274E+001,
7.722385141739981E+009,-3.210825464199222E+001,-4.482552681658325E+001,
7.726295210166178E+009,-3.170045593680372E+001,-6.088789474469767E+001,
7.730205278592375E+009,-3.120755687780653E+001,-7.791038612081259E+001,
7.734115347018573E+009,-3.083588830452653E+001,-9.589746036928516E+001,
7.738025415444771E+009,-3.050328361500735E+001,-1.138531999215134E+002,
7.741935483870968E+009,-3.012591539732428E+001,-1.319754952552881E+002,
7.745845552297165E+009,-2.982701883483884E+001,-1.515435804549934E+002,
7.749755620723363E+009,-2.981134784988413E+001,-1.710481724592818E+002,
7.753665689149560E+009,-2.980376592397754E+001,1.711493489752193E+002,
7.757575757575758E+009,-2.977303465976828E+001,1.529735566159497E+002,
7.761485826001955E+009,-2.981928489020405E+001,1.351801220228723E+002,
7.765395894428152E+009,-2.979731320123833E+001,1.179569328731995E+002,
7.769305962854350E+009,-2.984851546517250E+001,1.010496830570054E+002,
7.773216031280548E+009,-2.969505876278873E+001,8.487259743932734E+001,
7.777126099706745E+009,-2.931718299847663E+001,6.784226159579572E+001,
7.781036168132942E+009,-2.887676493482478E+001,4.957678804311730E+001,
7.784946236559139E+009,-2.886450913165259E+001,2.979675348461069E+001,
7.788856304985337E+009,-2.878508690948140E+001,1.027683458696997E+001,
7.792766373411535E+009,-2.888366745022129E+001,-8.951770581854975E+000,
7.796676441837732E+009,-2.898526407753558E+001,-2.603013081950024E+001,
7.800586510263929E+009,-2.896974529420403E+001,-4.346633748834392E+001,
7.804496578690127E+009,-2.884308664598915E+001,-6.110092182959143E+001,
7.808406647116324E+009,-2.882571905970146E+001,-7.918405604330681E+001,
7.812316715542522E+009,-2.869956277116516E+001,-9.740430511590007E+001,
7.816226783968720E+009,-2.864166325015677E+001,-1.167283529276335E+002,
7.820136852394917E+009,-2.864860155547036E+001,-1.363830593317285E+002,
7.824046920821115E+009,-2.883955592734090E+001,-1.551291218710033E+002,
7.827956989247313E+009,-2.886990175735972E+001,-1.743375905491215E+002,
7.831867057673510E+009,-2.894317048184685E+001,1.666427001974858E+002,
7.835777126099707E+009,-2.908402179768640E+001,1.469585165567656E+002,
7.839687194525904E+009,-2.956842637145854E+001,1.263786875805258E+002,
7.843597262952102E+009,-2.989666316530460E+001,1.079941070459268E+002,
7.847507331378300E+009,-3.052103893295604E+001,8.873176536915321E+001,
7.851417399804497E+009,-3.096358777985956E+001,7.297566233046467E+001,
7.855327468230694E+009,-3.119717037720630E+001,5.642895964081016E+001,
7.859237536656891E+009,-3.173737170757311E+001,3.988919469992263E+001,
7.863147605083089E+009,-3.175773260690791E+001,2.435146262687385E+001,
7.867057673509287E+009,-3.187104345899236E+001,6.692271353548757E+000,
7.870967741935484E+009,-3.204295412018828E+001,-1.156186604269215E+001,
7.874877810361681E+009,-3.230169157642945E+001,-3.090187153080438E+001,
7.878787878787879E+009,-3.287804333017016E+001,-4.905313643964578E+001,
7.882697947214077E+009,-3.340418779253184E+001,-6.725353016379096E+001,
7.886608015640274E+009,-3.433704861184015E+001,-8.519441677054034E+001,
7.890518084066471E+009,-3.540272580128636E+001,-1.000851949072985E+002,
7.894428152492668E+009,-3.627724544628889E+001,-1.117329486579995E+002,
7.898338220918866E+009,-3.658784840342165E+001,-1.222490913886396E+002,
7.902248289345064E+009,-3.654524492007620E+001,-1.334677590547437E+002,
7.906158357771261E+009,-3.639324054030262E+001,-1.471248971528036E+002,
7.910068426197458E+009,-3.613345507545679E+001,-1.619102130851027E+002,
7.913978494623655E+009,-3.621867942075974E+001,-1.781540044682745E+002,
7.917888563049853E+009,-3.650837374545402E+001,1.676565541660987E+002,
7.921798631476051E+009,-3.668119972582450E+001,1.521836206365228E+002,
7.925708699902248E+009,-3.703756894867277E+001,1.395226192925647E+002,
7.929618768328445E+009,-3.714996839198970E+001,1.275134503734975E+002,
7.933528836754643E+009,-3.693092821695760E+001,1.168615632393407E+002,
7.937438905180841E+009,-3.614931791982490E+001,1.046156314916653E+002,
7.941348973607039E+009,-3.547271395547672E+001,8.829242206782055E+001,
7.945259042033236E+009,-3.502490012750919E+001,7.062630425002818E+001,
7.949169110459433E+009,-3.494534813812776E+001,5.270402193823948E+001,
7.953079178885631E+009,-3.503757535607194E+001,3.535972904882321E+001,
7.956989247311829E+009,-3.520813884628969E+001,1.982244091479977E+001,
7.960899315738026E+009,-3.520749012923606E+001,5.833208740060261E+000,
7.964809384164223E+009,-3.511343025893459E+001,-8.421320527012956E+000,
7.968719452590420E+009,-3.497830005334119E+001,-2.280501779494652E+001,
7.972629521016618E+009,-3.468032467532560E+001,-3.793619598615967E+001,
7.976539589442816E+009,-3.449084514696420E+001,-5.283910970895699E+001,
7.980449657869013E+009,-3.409099578252867E+001,-6.780789545950763E+001,
7.984359726295210E+009,-3.383039949401689E+001,-8.406852396680543E+001,
7.988269794721408E+009,-3.373002060268894E+001,-9.968441986766807E+001,
7.992179863147605E+009,-3.349689917554462E+001,-1.137265627981952E+002,
7.996089931573803E+009,-3.310446544134263E+001,-1.287621856749905E+002,
8.000000000000000E+009,-3.278433933622705E+001,-1.438772443789839E+002,
