% Version 1.00
%
%freq[Hz];db:Trc1_S21;ang:Trc1_S21;
4.000000000000000E+009,-2.297045769048423E+001,-9.297625729064816E+001,
4.003910068426198E+009,-2.301316191774124E+001,-1.104911213184668E+002,
4.007820136852395E+009,-2.345371604892952E+001,-1.253316439758050E+002,
4.011730205278593E+009,-2.355911202403344E+001,-1.381477335251860E+002,
4.015640273704790E+009,-2.328885492282561E+001,-1.506770491014981E+002,
4.019550342130987E+009,-2.260485458428607E+001,-1.656406920086664E+002,
4.023460410557185E+009,-2.212203061252583E+001,1.777469311683028E+002,
4.027370478983382E+009,-2.178046039465773E+001,1.601609661075257E+002,
4.031280547409580E+009,-2.152596406950453E+001,1.433697742775919E+002,
4.035190615835777E+009,-2.121972427551803E+001,1.256615987676693E+002,
4.039100684261975E+009,-2.106252528655144E+001,1.080976380233718E+002,
4.043010752688172E+009,-2.089087908594451E+001,9.039502992252876E+001,
4.046920821114369E+009,-2.090722083577887E+001,7.365856326000450E+001,
4.050830889540567E+009,-2.070537790796280E+001,5.777037273613757E+001,
4.054740957966765E+009,-2.030274235368277E+001,4.053144628248271E+001,
4.058651026392962E+009,-2.007816515521574E+001,2.254334583852097E+001,
4.062561094819160E+009,-1.990195380221005E+001,4.387541873091863E+000,
4.066471163245357E+009,-1.991225686711609E+001,-1.356007148967075E+001,
4.070381231671554E+009,-1.985640053835150E+001,-3.052093020347389E+001,
4.074291300097752E+009,-1.968862285403459E+001,-4.750841513410304E+001,
4.078201368523949E+009,-1.943997585880421E+001,-6.527102901260845E+001,
4.082111436950147E+009,-1.928648787385206E+001,-8.370812373991986E+001,
4.086021505376344E+009,-1.924535276409995E+001,-1.014708299052062E+002,
4.089931573802542E+009,-1.911294382616818E+001,-1.194912487033986E+002,
4.093841642228739E+009,-1.908957624028149E+001,-1.372268087138552E+002,
4.097751710654936E+009,-1.909286966732739E+001,-1.539310025636451E+002,
4.101661779081134E+009,-1.883832061615023E+001,-1.711401644390915E+002,
4.105571847507331E+009,-1.865320794355966E+001,1.710988955151587E+002,
4.109481915933529E+009,-1.848361765901490E+001,1.528485397455808E+002,
4.113391984359726E+009,-1.843190806538469E+001,1.342693961423370E+002,
4.117302052785924E+009,-1.834149779442422E+001,1.163724175511914E+002,
4.121212121212121E+009,-1.823024387730330E+001,9.780752579430080E+001,
4.125122189638319E+009,-1.819639344633875E+001,7.872013545349439E+001,
4.129032258064516E+009,-1.826338580071553E+001,6.096007562240582E+001,
4.132942326490714E+009,-1.816571034937865E+001,4.287495648165204E+001,
4.136852394916911E+009,-1.816635539423891E+001,2.442148755183014E+001,
4.140762463343109E+009,-1.825533797509294E+001,6.643980340665039E+000,
4.144672531769306E+009,-1.813482839021060E+001,-1.079642439101218E+001,
4.148582600195503E+009,-1.800690190808758E+001,-3.020175670582171E+001,
4.152492668621701E+009,-1.808565741043779E+001,-4.955639214497866E+001,
4.156402737047898E+009,-1.825973764250624E+001,-6.774295821400662E+001,
4.160312805474096E+009,-1.832044275729720E+001,-8.586687856555332E+001,
4.164222873900293E+009,-1.844440962265677E+001,-1.031964321013456E+002,
4.168132942326491E+009,-1.843919775612597E+001,-1.210736831218848E+002,
4.172043010752688E+009,-1.847019427876149E+001,-1.399952060685419E+002,
4.175953079178886E+009,-1.875010686289255E+001,-1.584513448128421E+002,
4.179863147605083E+009,-1.901385089267617E+001,-1.756376958786113E+002,
4.183773216031281E+009,-1.916422682295910E+001,1.679103747326536E+002,
4.187683284457478E+009,-1.910054286129460E+001,1.511178532176353E+002,
4.191593352883676E+009,-1.906765374413843E+001,1.336130319541226E+002,
4.195503421309873E+009,-1.904639677637499E+001,1.160417482656238E+002,
4.199413489736071E+009,-1.902223988673053E+001,9.821856502872581E+001,
4.203323558162268E+009,-1.910325816555385E+001,8.021316906275638E+001,
4.207233626588465E+009,-1.919305220696494E+001,6.232784085358590E+001,
4.211143695014663E+009,-1.932935169040273E+001,4.433002734423508E+001,
4.215053763440860E+009,-1.947699942814491E+001,2.709590759706263E+001,
4.218963831867058E+009,-1.954918057319306E+001,9.937873131714770E+000,
4.222873900293255E+009,-1.967592861769188E+001,-7.681422899827624E+000,
4.226783968719452E+009,-1.971533052928317E+001,-2.383410334655124E+001,
4.230694037145650E+009,-1.960264571735145E+001,-4.162771550529744E+001,
4.234604105571847E+009,-1.958991688023203E+001,-5.918088098615829E+001,
4.238514173998045E+009,-1.955553430226181E+001,-7.775296472298898E+001,
4.242424242424243E+009,-1.969691738525165E+001,-9.643064720126552E+001,
4.246334310850440E+009,-1.992569712908908E+001,-1.144511493906853E+002,
4.250244379276638E+009,-2.007155492277418E+001,-1.313279933757219E+002,
4.254154447702835E+009,-2.025040391813967E+001,-1.488509723599346E+002,
4.258064516129032E+009,-2.036259692224184E+001,-1.661705446673369E+002,
4.261974584555230E+009,-2.049355566866273E+001,1.764273416202151E+002,
4.265884652981427E+009,-2.068585926517211E+001,1.591629068536809E+002,
4.269794721407625E+009,-2.086725745901871E+001,1.424725874671981E+002,
4.273704789833822E+009,-2.105844057063674E+001,1.260347326250928E+002,
4.277614858260019E+009,-2.107417501977911E+001,1.098048871158096E+002,
4.281524926686217E+009,-2.112714188550320E+001,9.301609222020726E+001,
4.285434995112414E+009,-2.108884006227523E+001,7.679468126674831E+001,
4.289345063538612E+009,-2.088667760469161E+001,5.915149290883680E+001,
4.293255131964809E+009,-2.094127379568236E+001,3.991286173624565E+001,
4.297165200391007E+009,-2.131637006754426E+001,2.187880288155245E+001,
4.301075268817205E+009,-2.164624456430019E+001,5.589497732505337E+000,
4.304985337243402E+009,-2.178684303133289E+001,-1.025665083549551E+001,
4.308895405669600E+009,-2.196876716961240E+001,-2.591380314534516E+001,
4.312805474095797E+009,-2.196201835445592E+001,-4.063562688627142E+001,
4.316715542521994E+009,-2.170774854058392E+001,-5.734876947568231E+001,
4.320625610948192E+009,-2.165110899466063E+001,-7.472001568045511E+001,
4.324535679374389E+009,-2.165205336157982E+001,-9.187710119776067E+001,
4.328445747800587E+009,-2.171922281320021E+001,-1.093343185346137E+002,
4.332355816226784E+009,-2.173158475044538E+001,-1.264794333331416E+002,
4.336265884652982E+009,-2.177693135321525E+001,-1.433507407054244E+002,
4.340175953079179E+009,-2.179879905722654E+001,-1.601024879592056E+002,
4.344086021505377E+009,-2.198126801399166E+001,-1.769137262470999E+002,
4.347996089931574E+009,-2.196372763531126E+001,1.666914378780886E+002,
4.351906158357771E+009,-2.197341597357028E+001,1.505887931411444E+002,
4.355816226783969E+009,-2.195904203573517E+001,1.343996266563423E+002,
4.359726295210166E+009,-2.172401134017356E+001,1.187316507955533E+002,
4.363636363636364E+009,-2.139806007359597E+001,1.003336181650111E+002,
4.367546432062561E+009,-2.137990545804731E+001,8.166682398363923E+001,
4.371456500488758E+009,-2.147775222773518E+001,6.351733282828244E+001,
4.375366568914956E+009,-2.157220187242551E+001,4.548578034552320E+001,
4.379276637341153E+009,-2.182074304629663E+001,2.884364931674988E+001,
4.383186705767351E+009,-2.185977534151041E+001,1.242454151262873E+001,
4.387096774193548E+009,-2.186194873526502E+001,-3.374155124860126E+000,
4.391006842619746E+009,-2.176054343502201E+001,-1.955914173434850E+001,
4.394916911045943E+009,-2.152930116601485E+001,-3.745070331893275E+001,
4.398826979472141E+009,-2.153047124552220E+001,-5.526587285528341E+001,
4.402737047898338E+009,-2.149923864020082E+001,-7.283015123970856E+001,
4.406647116324535E+009,-2.156935053382822E+001,-9.108007417082686E+001,
4.410557184750733E+009,-2.168479088671423E+001,-1.087354726928442E+002,
4.414467253176930E+009,-2.179893766640560E+001,-1.265920686258208E+002,
4.418377321603128E+009,-2.212502333041388E+001,-1.429822714155039E+002,
4.422287390029326E+009,-2.220511245300359E+001,-1.593013877461453E+002,
4.426197458455523E+009,-2.229497677394129E+001,-1.747691647837292E+002,
4.430107526881721E+009,-2.226822048694591E+001,1.699306712621563E+002,
4.434017595307918E+009,-2.199700433898311E+001,1.539556016285318E+002,
4.437927663734116E+009,-2.189669420345835E+001,1.354684867764492E+002,
4.441837732160313E+009,-2.204160210041689E+001,1.189826554385956E+002,
4.445747800586511E+009,-2.195428378679166E+001,1.029609161368425E+002,
4.449657869012708E+009,-2.168570792412780E+001,8.652515823683910E+001,
4.453567937438905E+009,-2.163680101313512E+001,6.849944235314609E+001,
4.457478005865103E+009,-2.160853250095082E+001,5.054329563454653E+001,
4.461388074291300E+009,-2.166289218285990E+001,3.319855199625030E+001,
4.465298142717498E+009,-2.177327771089946E+001,1.612283563466474E+001,
4.469208211143695E+009,-2.178971762578081E+001,1.011033494751245E-002,
4.473118279569893E+009,-2.171192700631447E+001,-1.621707959489251E+001,
4.477028347996090E+009,-2.157361214563246E+001,-3.269750837756651E+001,
4.480938416422287E+009,-2.135203939305660E+001,-5.001677054808264E+001,
4.484848484848485E+009,-2.121032198413763E+001,-6.817128810455290E+001,
4.488758553274682E+009,-2.128313945756581E+001,-8.663720136777644E+001,
4.492668621700880E+009,-2.131244325468423E+001,-1.035103612824498E+002,
4.496578690127077E+009,-2.138085816267139E+001,-1.210821204945093E+002,
4.500488758553275E+009,-2.147609629253441E+001,-1.377217877016243E+002,
4.504398826979472E+009,-2.152100165101479E+001,-1.541588468221426E+002,
4.508308895405669E+009,-2.150154484983460E+001,-1.701648108966502E+002,
4.512218963831867E+009,-2.144214162258793E+001,1.731710793479956E+002,
4.516129032258064E+009,-2.131406932535010E+001,1.570902373785832E+002,
4.520039100684262E+009,-2.104486301372296E+001,1.398964442732692E+002,
4.523949169110459E+009,-2.102383747036428E+001,1.217729530343103E+002,
4.527859237536657E+009,-2.097241614800841E+001,1.043164461110487E+002,
4.531769305962854E+009,-2.102508059024138E+001,8.686829532268089E+001,
4.535679374389051E+009,-2.096465272307082E+001,6.942717864599119E+001,
4.539589442815249E+009,-2.103328476375619E+001,5.209928688394323E+001,
4.543499511241447E+009,-2.105374577605073E+001,3.461708148980896E+001,
4.547409579667645E+009,-2.117244028318487E+001,1.750756686543708E+001,
4.551319648093842E+009,-2.114394531513656E+001,1.406716253517190E+000,
4.555229716520039E+009,-2.112492547427535E+001,-1.553667708797176E+001,
4.559139784946237E+009,-2.107638549956750E+001,-3.220368375280228E+001,
4.563049853372434E+009,-2.103364051399633E+001,-4.947538920022729E+001,
4.566959921798632E+009,-2.092577542318863E+001,-6.635948110502031E+001,
4.570869990224829E+009,-2.081865206724754E+001,-8.310789839297361E+001,
4.574780058651027E+009,-2.067584924875905E+001,-1.008599289016746E+002,
4.578690127077224E+009,-2.063769639568764E+001,-1.189967837929306E+002,
4.582600195503422E+009,-2.061533185901957E+001,-1.362273216151776E+002,
4.586510263929619E+009,-2.055886738843569E+001,-1.544481264713315E+002,
4.590420332355816E+009,-2.070342992252240E+001,-1.722525254757042E+002,
4.594330400782014E+009,-2.080635639197520E+001,1.707944192094782E+002,
4.598240469208211E+009,-2.092241083407181E+001,1.540806640581475E+002,
4.602150537634409E+009,-2.101095834007643E+001,1.376570655980308E+002,
4.606060606060606E+009,-2.094493890304740E+001,1.222558768155396E+002,
4.609970674486803E+009,-2.072650028083955E+001,1.051114805906889E+002,
4.613880742913001E+009,-2.058366632393330E+001,8.789974708979925E+001,
4.617790811339198E+009,-2.040214094872775E+001,7.017122370164999E+001,
4.621700879765396E+009,-2.033001630695962E+001,5.128490039263279E+001,
4.625610948191593E+009,-2.033986509027848E+001,3.273877491168346E+001,
4.629521016617791E+009,-2.043812132706643E+001,1.419815979233342E+001,
4.633431085043988E+009,-2.064196828648488E+001,-3.597908308839358E+000,
4.637341153470186E+009,-2.084221817837307E+001,-2.110801139277303E+001,
4.641251221896383E+009,-2.106575037347049E+001,-3.827567447718793E+001,
4.645161290322580E+009,-2.131941827556400E+001,-5.417908932799136E+001,
4.649071358748778E+009,-2.145822854375960E+001,-6.945430867779839E+001,
4.652981427174975E+009,-2.125939064319191E+001,-8.383849231904617E+001,
4.656891495601173E+009,-2.086951061802461E+001,-1.004631627073177E+002,
4.660801564027371E+009,-2.060160363286053E+001,-1.182772979806757E+002,
4.664711632453568E+009,-2.049199705657445E+001,-1.370358273577409E+002,
4.668621700879766E+009,-2.042866246585906E+001,-1.550395761509933E+002,
4.672531769305963E+009,-2.042548976574176E+001,-1.734619969682867E+002,
4.676441837732161E+009,-2.051222629071302E+001,1.679899188627680E+002,
4.680351906158358E+009,-2.061148704988338E+001,1.504334138284772E+002,
4.684261974584556E+009,-2.080149750462404E+001,1.334075020320828E+002,
4.688172043010753E+009,-2.086209068799813E+001,1.167018604953070E+002,
4.692082111436951E+009,-2.084558921391498E+001,1.000318098444809E+002,
4.695992179863148E+009,-2.077560293864083E+001,8.384002538077418E+001,
4.699902248289345E+009,-2.056391657780298E+001,6.662596644064854E+001,
4.703812316715543E+009,-2.045085312675951E+001,4.778051038140785E+001,
4.707722385141740E+009,-2.050130187622601E+001,2.904927134576705E+001,
4.711632453567938E+009,-2.057907029091547E+001,1.149167165507402E+001,
4.715542521994135E+009,-2.063166778838813E+001,-6.246315376606603E+000,
4.719452590420332E+009,-2.068709409479946E+001,-2.398624159512587E+001,
4.723362658846530E+009,-2.076206410268188E+001,-4.248590612240446E+001,
4.727272727272727E+009,-2.096528337243811E+001,-5.995672144324633E+001,
4.731182795698925E+009,-2.111469206281257E+001,-7.723791009538560E+001,
4.735092864125122E+009,-2.124390592263342E+001,-9.428605782441419E+001,
4.739002932551320E+009,-2.131054325139444E+001,-1.115146876668342E+002,
4.742913000977517E+009,-2.134551895805011E+001,-1.292264806623700E+002,
4.746823069403714E+009,-2.147753962890999E+001,-1.466280233202555E+002,
4.750733137829912E+009,-2.148748531825854E+001,-1.643908895332219E+002,
4.754643206256109E+009,-2.173699627497880E+001,1.775510285047191E+002,
4.758553274682307E+009,-2.193843695461068E+001,1.605965454535617E+002,
4.762463343108504E+009,-2.210118227430791E+001,1.432078829597151E+002,
4.766373411534702E+009,-2.237516911707980E+001,1.265330540258468E+002,
4.770283479960899E+009,-2.257376784354404E+001,1.104148437664932E+002,
4.774193548387096E+009,-2.261800741741714E+001,9.400257996822843E+001,
4.778103616813294E+009,-2.268191001201627E+001,7.697355494452843E+001,
4.782013685239492E+009,-2.281902418757914E+001,6.067983949079463E+001,
4.785923753665690E+009,-2.292137466521170E+001,4.383807816802636E+001,
4.789833822091887E+009,-2.305624556675331E+001,2.710450122958916E+001,
4.793743890518084E+009,-2.315659776491334E+001,1.030844439116850E+001,
4.797653958944282E+009,-2.318514715317163E+001,-6.656510139870629E+000,
4.801564027370479E+009,-2.329817178113738E+001,-2.401538258322849E+001,
4.805474095796677E+009,-2.338153288508376E+001,-4.168109653234879E+001,
4.809384164222874E+009,-2.368940900914328E+001,-6.024176802451916E+001,
4.813294232649072E+009,-2.415696149912322E+001,-7.715353057671322E+001,
4.817204301075269E+009,-2.459075073372037E+001,-9.297321793267828E+001,
4.821114369501467E+009,-2.499072595780046E+001,-1.091407499383511E+002,
4.825024437927664E+009,-2.553006297410278E+001,-1.232742273561836E+002,
4.828934506353861E+009,-2.569429743469324E+001,-1.359513872319852E+002,
4.832844574780059E+009,-2.559113582838847E+001,-1.502268675146613E+002,
4.836754643206256E+009,-2.553728196609508E+001,-1.646071663021659E+002,
4.840664711632454E+009,-2.531835598378684E+001,-1.796080480390527E+002,
4.844574780058651E+009,-2.499337687804808E+001,1.627447409426565E+002,
4.848484848484848E+009,-2.517480811312071E+001,1.443884788714648E+002,
4.852394916911046E+009,-2.555639087398490E+001,1.279521108280283E+002,
4.856304985337243E+009,-2.586791761888067E+001,1.130494795479391E+002,
4.860215053763441E+009,-2.611477867593493E+001,9.892384590406094E+001,
4.864125122189638E+009,-2.606154362389675E+001,8.635347201658381E+001,
4.868035190615836E+009,-2.593291471362001E+001,7.103086193643253E+001,
4.871945259042033E+009,-2.577672366925832E+001,5.615102318720378E+001,
4.875855327468231E+009,-2.551437927142707E+001,4.108906356801041E+001,
4.879765395894428E+009,-2.535482599962916E+001,2.441690412780601E+001,
4.883675464320625E+009,-2.519220671599256E+001,7.544968600446334E+000,
4.887585532746823E+009,-2.529857941441502E+001,-8.809589990588039E+000,
4.891495601173020E+009,-2.540711955121943E+001,-2.450063806217521E+001,
4.895405669599218E+009,-2.554939844146663E+001,-3.982106092650945E+001,
4.899315738025415E+009,-2.550882703665326E+001,-5.327068235546847E+001,
4.903225806451613E+009,-2.527351491443339E+001,-6.866572133131592E+001,
4.907135874877811E+009,-2.526519588079287E+001,-8.279694527901837E+001,
4.911045943304008E+009,-2.495758357407697E+001,-9.670642601296484E+001,
4.914956011730206E+009,-2.458271147906368E+001,-1.121808752408259E+002,
4.918866080156403E+009,-2.419227424987639E+001,-1.278912154160163E+002,
4.922776148582601E+009,-2.384706910777205E+001,-1.441975075712035E+002,
4.926686217008798E+009,-2.351582984659472E+001,-1.618016374794195E+002,
4.930596285434996E+009,-2.349229176762309E+001,-1.791357054767527E+002,
4.934506353861193E+009,-2.344820305202305E+001,1.648274811277737E+002,
4.938416422287390E+009,-2.339745670033314E+001,1.497118253549470E+002,
4.942326490713588E+009,-2.322156502361058E+001,1.349828136554956E+002,
4.946236559139785E+009,-2.284251379756153E+001,1.202329234619604E+002,
4.950146627565983E+009,-2.232644194783122E+001,1.052796330204234E+002,
4.954056695992180E+009,-2.177734328021942E+001,8.900221436140544E+001,
4.957966764418377E+009,-2.128223676461698E+001,7.149873641590267E+001,
4.961876832844575E+009,-2.073708731241872E+001,5.402250256432309E+001,
4.965786901270772E+009,-2.041765773810300E+001,3.521294728473144E+001,
4.969696969696970E+009,-2.017324442484307E+001,1.714893145849997E+001,
4.973607038123167E+009,-1.988403075643265E+001,-5.421281072185149E-001,
4.977517106549365E+009,-1.957886911585420E+001,-1.888002178223288E+001,
4.981427174975562E+009,-1.934136827808663E+001,-3.787707981653954E+001,
4.985337243401759E+009,-1.938558485129012E+001,-5.575135642558053E+001,
4.989247311827957E+009,-1.927556556579929E+001,-7.258566893650203E+001,
4.993157380254154E+009,-1.902564047508335E+001,-8.904924096978515E+001,
4.997067448680352E+009,-1.862624489502354E+001,-1.064248197889344E+002,
5.000977517106549E+009,-1.824702371773840E+001,-1.251514515561998E+002,
5.004887585532747E+009,-1.802251577188133E+001,-1.439839414855318E+002,
5.008797653958944E+009,-1.774983023760558E+001,-1.628047168594662E+002,
5.012707722385141E+009,-1.766606059429082E+001,1.776037389522930E+002,
5.016617790811339E+009,-1.765835412457856E+001,1.584355250428720E+002,
5.020527859237536E+009,-1.771404820722836E+001,1.399481298609755E+002,
5.024437927663734E+009,-1.772435589313738E+001,1.220376081794499E+002,
5.028347996089932E+009,-1.774251049981224E+001,1.048433831653692E+002,
5.032258064516129E+009,-1.757427263435713E+001,8.788478435731724E+001,
5.036168132942327E+009,-1.737731417419252E+001,6.934155352975155E+001,
5.040078201368524E+009,-1.725160329677088E+001,5.119591669203334E+001,
5.043988269794722E+009,-1.711931501430821E+001,3.262256799122788E+001,
5.047898338220919E+009,-1.706315631329857E+001,1.379899000230689E+001,
5.051808406647117E+009,-1.698668273701420E+001,-4.486158233403830E+000,
5.055718475073314E+009,-1.698830988785329E+001,-2.378201322847195E+001,
5.059628543499512E+009,-1.707505724576610E+001,-4.209401489818467E+001,
5.063538611925709E+009,-1.717563267884763E+001,-6.019882174218432E+001,
5.067448680351906E+009,-1.716124987572661E+001,-7.745303258937838E+001,
5.071358748778104E+009,-1.710974296494529E+001,-9.549958006931094E+001,
5.075268817204301E+009,-1.710018867601272E+001,-1.137194602953305E+002,
5.079178885630499E+009,-1.709161653744507E+001,-1.318070502879778E+002,
5.083088954056696E+009,-1.702011870170171E+001,-1.499985204193309E+002,
5.086999022482893E+009,-1.700791492320004E+001,-1.685315278120474E+002,
5.090909090909091E+009,-1.700981382314627E+001,1.729356190223021E+002,
5.094819159335288E+009,-1.703822615834455E+001,1.541189631924719E+002,
5.098729227761486E+009,-1.713102107242270E+001,1.352249217107957E+002,
5.102639296187683E+009,-1.728941187266885E+001,1.163425261293064E+002,
5.106549364613881E+009,-1.762351828730079E+001,9.787715386054363E+001,
5.110459433040078E+009,-1.782284545082185E+001,8.073811545748333E+001,
5.114369501466276E+009,-1.802554547232752E+001,6.344617839937875E+001,
5.118279569892473E+009,-1.813269770443260E+001,4.652304364448663E+001,
5.122189638318670E+009,-1.828057073384381E+001,2.941050932695956E+001,
5.126099706744868E+009,-1.833616311173586E+001,1.259380037156520E+001,
5.130009775171065E+009,-1.834178716055138E+001,-4.700331476342019E+000,
5.133919843597263E+009,-1.838980019885770E+001,-2.236749789952913E+001,
5.137829912023460E+009,-1.841514877343883E+001,-3.992451135595548E+001,
5.141739980449657E+009,-1.846238406376895E+001,-5.758449433424535E+001,
5.145650048875855E+009,-1.845530552583254E+001,-7.568325599421164E+001,
5.149560117302053E+009,-1.856782187204607E+001,-9.335648282986276E+001,
5.153470185728251E+009,-1.863425238028582E+001,-1.110392681235189E+002,
5.157380254154448E+009,-1.870208800386062E+001,-1.288995007685755E+002,
5.161290322580645E+009,-1.883100349405738E+001,-1.467945986697499E+002,
5.165200391006843E+009,-1.892718304130082E+001,-1.643847095294632E+002,
5.169110459433041E+009,-1.904325007747289E+001,1.781846330595108E+002,
5.173020527859238E+009,-1.911585143737738E+001,1.603304697154633E+002,
5.176930596285435E+009,-1.918364800052892E+001,1.427885091822108E+002,
5.180840664711633E+009,-1.925387059104734E+001,1.246182625734716E+002,
5.184750733137830E+009,-1.946919866569763E+001,1.062637719212997E+002,
5.188660801564028E+009,-1.972683656109492E+001,8.867728035947049E+001,
5.192570869990225E+009,-1.995776614187949E+001,7.126256105110180E+001,
5.196480938416422E+009,-2.021043896398304E+001,5.439768717376542E+001,
5.200391006842620E+009,-2.032097736598674E+001,3.801130228728424E+001,
5.204301075268817E+009,-2.040429850450541E+001,2.095553894841777E+001,
5.208211143695015E+009,-2.054367922469638E+001,4.152613825521311E+000,
5.212121212121212E+009,-2.053043539944536E+001,-1.335932220033202E+001,
5.216031280547409E+009,-2.068792883173767E+001,-3.161706858687751E+001,
5.219941348973607E+009,-2.090870094829548E+001,-4.916436982706744E+001,
5.223851417399805E+009,-2.119134538383378E+001,-6.622925777114240E+001,
5.227761485826002E+009,-2.137621165146357E+001,-8.312777557013934E+001,
5.231671554252199E+009,-2.163744819073353E+001,-1.002060338339144E+002,
5.235581622678397E+009,-2.182480801742503E+001,-1.165465490899918E+002,
5.239491691104594E+009,-2.204382862232143E+001,-1.332943216524180E+002,
5.243401759530792E+009,-2.216734691929436E+001,-1.492588562372216E+002,
5.247311827956989E+009,-2.234678969753945E+001,-1.656294528233868E+002,
5.251221896383186E+009,-2.237993781907868E+001,1.780227425861489E+002,
5.255131964809384E+009,-2.245289272052811E+001,1.610560349428545E+002,
5.259042033235581E+009,-2.262773054418815E+001,1.441434453180433E+002,
5.262952101661779E+009,-2.283148651950271E+001,1.270318773186999E+002,
5.266862170087977E+009,-2.301289472886932E+001,1.104929607264973E+002,
5.270772238514174E+009,-2.329887913460236E+001,9.433286215378570E+001,
5.274682306940372E+009,-2.351151592282988E+001,7.878539799536435E+001,
5.278592375366570E+009,-2.355622599093360E+001,6.374588175689017E+001,
5.282502443792767E+009,-2.359937173557123E+001,4.823685619340811E+001,
5.286412512218964E+009,-2.355551859195439E+001,3.299849862579921E+001,
5.290322580645162E+009,-2.348235690042339E+001,1.700589198546863E+001,
5.294232649071359E+009,-2.336171678061572E+001,2.995766654722260E-001,
5.298142717497557E+009,-2.335539419255515E+001,-1.692767250445405E+001,
5.302052785923754E+009,-2.336247910407188E+001,-3.327835720489460E+001,
5.305962854349951E+009,-2.323060837701747E+001,-5.001093351971440E+001,
5.309872922776149E+009,-2.314422555157584E+001,-6.779092974958584E+001,
5.313782991202346E+009,-2.323851238616032E+001,-8.544359839115060E+001,
5.317693059628544E+009,-2.353364198278579E+001,-1.023693749054002E+002,
5.321603128054741E+009,-2.372329749170492E+001,-1.178050946749755E+002,
5.325513196480938E+009,-2.370226538344246E+001,-1.334414362492153E+002,
5.329423264907136E+009,-2.359444090972541E+001,-1.498355950751935E+002,
5.333333333333333E+009,-2.350120634482081E+001,-1.667983621254728E+002,
5.337243401759531E+009,-2.354232019871947E+001,1.758283199281424E+002,
5.341153470185728E+009,-2.368433829915758E+001,1.585286370935885E+002,
5.345063538611926E+009,-2.388061285152652E+001,1.421750459991141E+002,
5.348973607038123E+009,-2.402386173246630E+001,1.265389536859875E+002,
5.352883675464321E+009,-2.401195100548001E+001,1.113011780966410E+002,
5.356793743890518E+009,-2.401245718560469E+001,9.588540965498363E+001,
5.360703812316715E+009,-2.397178011063816E+001,7.995871427718342E+001,
5.364613880742913E+009,-2.395670993432277E+001,6.490617041666813E+001,
5.368523949169110E+009,-2.363808951678947E+001,4.940175055795491E+001,
5.372434017595308E+009,-2.328621393797013E+001,3.304605495810429E+001,
5.376344086021505E+009,-2.299532189357652E+001,1.604441748181399E+001,
5.380254154447702E+009,-2.264687687363786E+001,-1.705167919326859E+000,
5.384164222873900E+009,-2.246962058808723E+001,-2.037322850742576E+001,
5.388074291300098E+009,-2.241264599155260E+001,-3.903746478428364E+001,
5.391984359726296E+009,-2.240687382061230E+001,-5.772326851060984E+001,
5.395894428152493E+009,-2.256435968394588E+001,-7.637004007195365E+001,
5.399804496578690E+009,-2.266317769845426E+001,-9.388980351374298E+001,
5.403714565004888E+009,-2.286755952109534E+001,-1.119844763988100E+002,
5.407624633431086E+009,-2.310670840782266E+001,-1.282628359986494E+002,
5.411534701857283E+009,-2.333553192359685E+001,-1.440295359181806E+002,
5.415444770283480E+009,-2.323220568245220E+001,-1.588233078543230E+002,
5.419354838709678E+009,-2.295371292166153E+001,-1.749329646540435E+002,
5.423264907135875E+009,-2.260218788942628E+001,1.672071583135202E+002,
5.427174975562073E+009,-2.252654706960830E+001,1.480583721940017E+002,
5.431085043988270E+009,-2.272213485668002E+001,1.297486079110848E+002,
5.434995112414467E+009,-2.282764382488180E+001,1.133740502340738E+002,
5.438905180840665E+009,-2.278066753918420E+001,9.571668615203289E+001,
5.442815249266862E+009,-2.292531936499992E+001,7.806298107279170E+001,
5.446725317693060E+009,-2.315000584336561E+001,6.153383662997403E+001,
5.450635386119257E+009,-2.313697447047483E+001,4.547134812959881E+001,
5.454545454545454E+009,-2.311869996970126E+001,2.929294079848231E+001,
5.458455522971652E+009,-2.299630372146700E+001,1.331692914690947E+001,
5.462365591397850E+009,-2.275592732754771E+001,-3.151140612670467E+000,
5.466275659824047E+009,-2.255797798135288E+001,-2.140850471489533E+001,
5.470185728250244E+009,-2.237564381385372E+001,-3.985995965215653E+001,
5.474095796676442E+009,-2.237362559057321E+001,-5.841145570726457E+001,
5.478005865102639E+009,-2.247835156156007E+001,-7.665184125606969E+001,
5.481915933528837E+009,-2.246469556145700E+001,-9.457792965435927E+001,
5.485826001955034E+009,-2.256456365314893E+001,-1.128831549339304E+002,
5.489736070381231E+009,-2.273383252860391E+001,-1.310589621143523E+002,
5.493646138807429E+009,-2.295211001925947E+001,-1.470377723583454E+002,
5.497556207233626E+009,-2.281158560813798E+001,-1.635097962037468E+002,
5.501466275659824E+009,-2.278155971669257E+001,1.780869751525564E+002,
5.505376344086021E+009,-2.273929261114336E+001,1.601685345866287E+002,
5.509286412512219E+009,-2.284341477588609E+001,1.416762415319434E+002,
5.513196480938417E+009,-2.305199898472399E+001,1.242248835482121E+002,
5.517106549364615E+009,-2.306967614286472E+001,1.069915838058424E+002,
5.521016617790812E+009,-2.312764085316375E+001,8.908775182111297E+001,
5.524926686217009E+009,-2.324469831602945E+001,7.076922266560604E+001,
5.528836754643207E+009,-2.350431805134448E+001,5.335978683718179E+001,
5.532746823069404E+009,-2.365557669010830E+001,3.649944721477133E+001,
5.536656891495602E+009,-2.378616266264430E+001,1.856383362198453E+001,
5.540566959921799E+009,-2.399536766203680E+001,9.669772295781862E-001,
5.544477028347996E+009,-2.425877025811740E+001,-1.552293945455313E+001,
5.548387096774194E+009,-2.442107087018979E+001,-3.150011503453208E+001,
5.552297165200391E+009,-2.448259623145709E+001,-4.816580465438003E+001,
5.556207233626589E+009,-2.460181161379323E+001,-6.426698940341649E+001,
5.560117302052786E+009,-2.447216779784956E+001,-8.039502555866501E+001,
5.564027370478983E+009,-2.427894042267724E+001,-9.849261099611844E+001,
5.567937438905181E+009,-2.431165555176966E+001,-1.173424478344928E+002,
5.571847507331378E+009,-2.439978753741732E+001,-1.351389912662370E+002,
5.575757575757576E+009,-2.463139718474837E+001,-1.544387588349823E+002,
5.579667644183773E+009,-2.504867002021074E+001,-1.716667310264415E+002,
5.583577712609971E+009,-2.533766637821812E+001,1.703890317203856E+002,
5.587487781036168E+009,-2.594015304762062E+001,1.540467012292108E+002,
5.591397849462366E+009,-2.617939002830068E+001,1.397181950009334E+002,
5.595307917888563E+009,-2.641036578334703E+001,1.240957366362053E+002,
5.599217986314760E+009,-2.652935854869383E+001,1.094775923063045E+002,
5.603128054740958E+009,-2.643094229744571E+001,9.411199049436556E+001,
5.607038123167155E+009,-2.621985308242143E+001,7.765713637777026E+001,
5.610948191593353E+009,-2.618462678054644E+001,6.092882241514703E+001,
5.614858260019550E+009,-2.629401709085442E+001,4.330804964656654E+001,
5.618768328445747E+009,-2.637930873086383E+001,2.666508386740675E+001,
5.622678396871945E+009,-2.651403899763756E+001,8.344512742293507E+000,
5.626588465298142E+009,-2.686489230356125E+001,-8.538340049569392E+000,
5.630498533724340E+009,-2.741089817607781E+001,-2.416470942318767E+001,
5.634408602150538E+009,-2.747862338797093E+001,-3.626541986050732E+001,
5.638318670576735E+009,-2.727157463897115E+001,-5.017445495558889E+001,
5.642228739002933E+009,-2.690841329806402E+001,-6.517669235414952E+001,
5.646138807429131E+009,-2.662365379857619E+001,-8.196442573862440E+001,
5.650048875855328E+009,-2.617488397107773E+001,-9.970868222873739E+001,
5.653958944281525E+009,-2.612210135032745E+001,-1.181327013406580E+002,
5.657869012707723E+009,-2.606633853109134E+001,-1.374143848816859E+002,
5.661779081133920E+009,-2.623342814399575E+001,-1.555508723863257E+002,
5.665689149560118E+009,-2.659046642909196E+001,-1.727758711554885E+002,
5.669599217986315E+009,-2.685968042720086E+001,1.711536910797409E+002,
5.673509286412512E+009,-2.712057301181431E+001,1.558351643668163E+002,
5.677419354838710E+009,-2.716346660169851E+001,1.408793867633663E+002,
5.681329423264907E+009,-2.704200894030410E+001,1.257392964709112E+002,
5.685239491691105E+009,-2.688227445983627E+001,1.092328433723509E+002,
5.689149560117302E+009,-2.667956991585795E+001,9.249552561008775E+001,
5.693059628543499E+009,-2.651599256742975E+001,7.462524001325424E+001,
5.696969696969697E+009,-2.660162702679130E+001,5.689819220094611E+001,
5.700879765395895E+009,-2.665191265767128E+001,4.031410348138641E+001,
5.704789833822092E+009,-2.676897727543320E+001,2.323287200523290E+001,
5.708699902248289E+009,-2.688820434902924E+001,5.386892588641100E+000,
5.712609970674487E+009,-2.705089664325140E+001,-9.950848167052859E+000,
5.716520039100684E+009,-2.709428318102635E+001,-2.696478777345218E+001,
5.720430107526882E+009,-2.723802715400195E+001,-4.208604333412578E+001,
5.724340175953079E+009,-2.716832507293551E+001,-5.695616675172808E+001,
5.728250244379276E+009,-2.695109395533397E+001,-7.308239556922533E+001,
5.732160312805474E+009,-2.668085095298448E+001,-9.062408948405466E+001,
5.736070381231671E+009,-2.653700990787040E+001,-1.093507875169002E+002,
5.739980449657869E+009,-2.657328835970723E+001,-1.269376781412872E+002,
5.743890518084066E+009,-2.683611250462198E+001,-1.455782248378377E+002,
5.747800586510263E+009,-2.707529475806730E+001,-1.626239282993516E+002,
5.751710654936461E+009,-2.739305301465396E+001,-1.783685682313790E+002,
5.755620723362660E+009,-2.751721391675071E+001,1.665935705115979E+002,
5.759530791788857E+009,-2.756452567776988E+001,1.504346814550541E+002,
5.763440860215054E+009,-2.768810834630196E+001,1.358259238210309E+002,
5.767350928641252E+009,-2.765337263299476E+001,1.219173051349689E+002,
5.771260997067449E+009,-2.726723945630855E+001,1.059968311583895E+002,
5.775171065493647E+009,-2.702158113626031E+001,8.837153852099912E+001,
5.779081133919844E+009,-2.684798979782445E+001,6.997649643749556E+001,
5.782991202346041E+009,-2.691679162027631E+001,5.151996436661140E+001,
5.786901270772239E+009,-2.720041975481084E+001,3.433758342901903E+001,
5.790811339198436E+009,-2.739358166551898E+001,1.848430614910464E+001,
5.794721407624634E+009,-2.735528746306265E+001,2.813289595066239E+000,
5.798631476050831E+009,-2.737130232595304E+001,-1.429191924520755E+001,
5.802541544477028E+009,-2.753780791129453E+001,-3.129582140624973E+001,
5.806451612903226E+009,-2.792791035515531E+001,-4.754525573544886E+001,
5.810361681329423E+009,-2.822246616150370E+001,-6.096249431831497E+001,
5.814271749755621E+009,-2.802211318233906E+001,-7.297273251178177E+001,
5.818181818181818E+009,-2.754022933831888E+001,-8.793639202818153E+001,
5.822091886608016E+009,-2.729976972806826E+001,-1.045322347715719E+002,
5.826001955034213E+009,-2.715349407381167E+001,-1.218653807458875E+002,
5.829912023460411E+009,-2.708944990755663E+001,-1.371654213664005E+002,
5.833822091886608E+009,-2.680500662049371E+001,-1.537712919444497E+002,
5.837732160312805E+009,-2.672823954528496E+001,-1.689111276096885E+002,
5.841642228739003E+009,-2.626184390062915E+001,1.738425570937424E+002,
5.845552297165200E+009,-2.609237853498250E+001,1.553202400864978E+002,
5.849462365591398E+009,-2.624861857131252E+001,1.377086858630333E+002,
5.853372434017595E+009,-2.635319167026916E+001,1.227880412227874E+002,
5.857282502443792E+009,-2.615211200559288E+001,1.077933635737148E+002,
5.861192570869990E+009,-2.583467906833478E+001,9.158965129592075E+001,
5.865102639296187E+009,-2.541764513057396E+001,7.562955474949203E+001,
5.869012707722385E+009,-2.510251956897876E+001,5.770564207515186E+001,
5.872922776148583E+009,-2.491804348057602E+001,4.107285709714873E+001,
5.876832844574780E+009,-2.460899129635576E+001,2.363129861515969E+001,
5.880742913000978E+009,-2.442191632161056E+001,6.247451156184449E+000,
5.884652981427176E+009,-2.410373649566980E+001,-1.138062443609374E+001,
5.888563049853373E+009,-2.403968965518351E+001,-2.994158941448623E+001,
5.892473118279570E+009,-2.385791127219339E+001,-4.795378824748121E+001,
5.896383186705768E+009,-2.381637775707166E+001,-6.547094285052748E+001,
5.900293255131965E+009,-2.369742802601358E+001,-8.183953119622098E+001,
5.904203323558163E+009,-2.341487914821789E+001,-9.983923458699233E+001,
5.908113391984360E+009,-2.336126912476950E+001,-1.181040336017079E+002,
5.912023460410557E+009,-2.324120468338441E+001,-1.352008433545247E+002,
5.915933528836755E+009,-2.310542647780741E+001,-1.528264139437780E+002,
5.919843597262952E+009,-2.296775018858699E+001,-1.710007320943527E+002,
5.923753665689150E+009,-2.292651744169017E+001,1.704435644179575E+002,
5.927663734115347E+009,-2.292765656923787E+001,1.533006133884497E+002,
5.931573802541544E+009,-2.287727110861837E+001,1.364493570800860E+002,
5.935483870967742E+009,-2.270282075518753E+001,1.188919327291157E+002,
5.939393939393940E+009,-2.260531171222345E+001,1.012962446108311E+002,
5.943304007820137E+009,-2.246681872126551E+001,8.358179209713443E+001,
5.947214076246334E+009,-2.225914619920045E+001,6.636392492016340E+001,
5.951124144672532E+009,-2.211063370918605E+001,4.814993378675698E+001,
5.955034213098729E+009,-2.197341259401089E+001,2.942593630234818E+001,
5.958944281524927E+009,-2.195487203336662E+001,1.065008345638564E+001,
5.962854349951124E+009,-2.197695619132893E+001,-7.339919533014960E+000,
5.966764418377321E+009,-2.197872624819402E+001,-2.554435510894349E+001,
5.970674486803519E+009,-2.192100085824180E+001,-4.362129110769510E+001,
5.974584555229716E+009,-2.194152201184958E+001,-6.214984328359172E+001,
5.978494623655914E+009,-2.208517536037437E+001,-8.031523304364153E+001,
5.982404692082111E+009,-2.222925417378024E+001,-9.732962199052516E+001,
5.986314760508308E+009,-2.220121627405708E+001,-1.141872005588153E+002,
5.990224828934506E+009,-2.216426717611561E+001,-1.318234305141677E+002,
5.994134897360704E+009,-2.213935467743522E+001,-1.497263453753414E+002,
5.998044965786902E+009,-2.220746239815623E+001,-1.676562682418958E+002,
6.001955034213099E+009,-2.231314231403821E+001,1.750236605824123E+002,
6.005865102639297E+009,-2.227047411102499E+001,1.580001147677416E+002,
6.009775171065494E+009,-2.223270754728675E+001,1.408065140895002E+002,
6.013685239491692E+009,-2.218240449456685E+001,1.235343736817453E+002,
6.017595307917889E+009,-2.213288999987451E+001,1.060556209576028E+002,
6.021505376344086E+009,-2.218079954738983E+001,8.882895840293043E+001,
6.025415444770284E+009,-2.214390445383891E+001,7.131605443593098E+001,
6.029325513196481E+009,-2.210926210951395E+001,5.403446771389029E+001,
6.033235581622679E+009,-2.189871938629471E+001,3.670318541828939E+001,
6.037145650048876E+009,-2.193295538982417E+001,1.916767803069256E+001,
6.041055718475073E+009,-2.180217432187064E+001,1.047925821801424E+000,
6.044965786901271E+009,-2.171978537022530E+001,-1.735748135609653E+001,
6.048875855327468E+009,-2.185863196346228E+001,-3.580396174785651E+001,
6.052785923753666E+009,-2.184842369295840E+001,-5.279326577241867E+001,
6.056695992179863E+009,-2.169188400118279E+001,-7.053416303465043E+001,
6.060606060606061E+009,-2.156117200113506E+001,-8.944279495650270E+001,
6.064516129032258E+009,-2.155228131845825E+001,-1.089266759243140E+002,
6.068426197458456E+009,-2.181346227734510E+001,-1.275299759840969E+002,
6.072336265884653E+009,-2.203624011238015E+001,-1.446781083173180E+002,
6.076246334310850E+009,-2.196016040281289E+001,-1.623970460959059E+002,
6.080156402737048E+009,-2.193783032458176E+001,1.789163825760581E+002,
6.084066471163245E+009,-2.201979237452660E+001,1.603314851244003E+002,
6.087976539589443E+009,-2.213570848883853E+001,1.414020442720184E+002,
6.091886608015640E+009,-2.241009181901277E+001,1.231354970564670E+002,
6.095796676441837E+009,-2.269263202094865E+001,1.055663542794878E+002,
6.099706744868035E+009,-2.290184075433464E+001,8.904674255334689E+001,
6.103616813294232E+009,-2.291675600076682E+001,7.202049681125337E+001,
6.107526881720430E+009,-2.286252811223004E+001,5.391356371697429E+001,
6.111436950146627E+009,-2.299960974449185E+001,3.572041524948450E+001,
6.115347018572825E+009,-2.319033022279015E+001,1.774401087604120E+001,
6.119257086999023E+009,-2.330237791877120E+001,3.404672196800682E-001,
6.123167155425221E+009,-2.330586676964497E+001,-1.820635394979871E+001,
6.127077223851418E+009,-2.351641841160926E+001,-3.677574612948030E+001,
6.130987292277615E+009,-2.385305316905111E+001,-5.613942425061985E+001,
6.134897360703813E+009,-2.441110578370790E+001,-7.328454542103070E+001,
6.138807429130010E+009,-2.485344687122014E+001,-8.989531301669796E+001,
6.142717497556208E+009,-2.512445411092359E+001,-1.050016217140518E+002,
6.146627565982405E+009,-2.534601951702348E+001,-1.199642677191065E+002,
6.150537634408602E+009,-2.518408545081883E+001,-1.355040262136075E+002,
6.154447702834800E+009,-2.499063714306485E+001,-1.527042892039793E+002,
6.158357771260998E+009,-2.507072846984002E+001,-1.704214773147391E+002,
6.162267839687195E+009,-2.518604922580918E+001,1.719897483649708E+002,
6.166177908113392E+009,-2.525602402618486E+001,1.542960063861138E+002,
6.170087976539589E+009,-2.546431089153558E+001,1.363297735342693E+002,
6.173998044965787E+009,-2.569788704245290E+001,1.190085602067671E+002,
6.177908113391985E+009,-2.612451283228985E+001,1.020872692662063E+002,
6.181818181818182E+009,-2.631204154832126E+001,8.791604875837145E+001,
6.185728250244379E+009,-2.610684874273055E+001,7.243592390427807E+001,
6.189638318670576E+009,-2.606590818981509E+001,5.588966308496946E+001,
6.193548387096774E+009,-2.590317528751668E+001,3.832040103580130E+001,
6.197458455522972E+009,-2.579111786846849E+001,1.913533804866683E+001,
6.201368523949169E+009,-2.616939264660439E+001,6.408740903298349E-001,
6.205278592375366E+009,-2.626331084966710E+001,-1.614271555036408E+001,
6.209188660801564E+009,-2.638685671936656E+001,-3.373048837783403E+001,
6.213098729227762E+009,-2.660960355605585E+001,-5.164187538377298E+001,
6.217008797653959E+009,-2.694884041800343E+001,-6.887738551690296E+001,
6.220918866080156E+009,-2.734981334237392E+001,-8.577018917085057E+001,
6.224828934506353E+009,-2.756157287541782E+001,-1.011380530274301E+002,
6.228739002932551E+009,-2.771654736697832E+001,-1.162687284037913E+002,
6.232649071358749E+009,-2.766418492156894E+001,-1.319640177047990E+002,
6.236559139784946E+009,-2.758097843550194E+001,-1.477967761098890E+002,
6.240469208211144E+009,-2.757550646652866E+001,-1.656326802680542E+002,
6.244379276637341E+009,-2.765759992029742E+001,1.775899135920946E+002,
6.248289345063539E+009,-2.760818277205222E+001,1.593715077695681E+002,
6.252199413489737E+009,-2.777507113069287E+001,1.406802701700215E+002,
6.256109481915934E+009,-2.814247267415712E+001,1.227795108777243E+002,
6.260019550342131E+009,-2.868899884400298E+001,1.065572400695591E+002,
6.263929618768329E+009,-2.897010892916649E+001,9.132295733271764E+001,
6.267839687194526E+009,-2.935560797294265E+001,7.592918874199773E+001,
6.271749755620724E+009,-2.957732795120942E+001,6.313309546929177E+001,
6.275659824046921E+009,-2.940502159177317E+001,4.942595092354777E+001,
6.279569892473118E+009,-2.894978001889693E+001,3.458399541739922E+001,
6.283479960899316E+009,-2.853181545157239E+001,1.747248104637122E+001,
6.287390029325514E+009,-2.826424970090309E+001,-2.562968310807604E+000,
6.291300097751711E+009,-2.859839401850319E+001,-2.110281707985231E+001,
6.295210166177908E+009,-2.881243068590612E+001,-3.971758236706220E+001,
6.299120234604105E+009,-2.935841067427159E+001,-5.515113507675473E+001,
6.303030303030303E+009,-2.952901936025951E+001,-7.013291225511637E+001,
6.306940371456501E+009,-2.947682814141701E+001,-8.688006762239317E+001,
6.310850439882698E+009,-2.981199456609522E+001,-1.034993350393864E+002,
6.314760508308895E+009,-3.000039165821507E+001,-1.183095575693756E+002,
6.318670576735093E+009,-2.997491538315098E+001,-1.339266930026162E+002,
6.322580645161290E+009,-3.011861109974645E+001,-1.489312002695300E+002,
6.326490713587488E+009,-2.988298391076644E+001,-1.641579614892134E+002,
6.330400782013685E+009,-2.987721019719499E+001,1.793682470625734E+002,
6.334310850439882E+009,-2.979480342933457E+001,1.634832366808884E+002,
6.338220918866080E+009,-2.980840192509509E+001,1.459999024852452E+002,
6.342130987292278E+009,-3.011120933574675E+001,1.289643643339262E+002,
6.346041055718475E+009,-3.019588802286502E+001,1.130742449332942E+002,
6.349951124144672E+009,-3.030080864893701E+001,9.693289764954598E+001,
6.353861192570869E+009,-3.043561128032415E+001,8.175016549716503E+001,
6.357771260997068E+009,-3.049953885637442E+001,6.873504894104767E+001,
6.361681329423266E+009,-3.008218404583968E+001,5.292849911123366E+001,
6.365591397849463E+009,-2.970015021806482E+001,3.547021589176710E+001,
6.369501466275660E+009,-2.943690058676403E+001,1.747042100845410E+001,
6.373411534701857E+009,-2.960205625354753E+001,-1.477292183458397E+000,
6.377321603128055E+009,-2.978145942004080E+001,-1.777721039582113E+001,
6.381231671554253E+009,-2.973239616830391E+001,-3.513824688696636E+001,
6.385141739980450E+009,-2.997510884414995E+001,-5.197400855588328E+001,
6.389051808406647E+009,-2.990293441385987E+001,-6.732189398197278E+001,
6.392961876832845E+009,-3.015488757239387E+001,-8.592183715723776E+001,
6.396871945259043E+009,-3.046759480980947E+001,-1.001991805006988E+002,
6.400782013685240E+009,-3.031876553531114E+001,-1.158480388607071E+002,
6.404692082111437E+009,-3.033378779528027E+001,-1.321474198464197E+002,
6.408602150537634E+009,-3.063624146858320E+001,-1.474239336437418E+002,
6.412512218963832E+009,-3.059460550163368E+001,-1.609986790378294E+002,
6.416422287390030E+009,-3.036049363702187E+001,-1.771473465681939E+002,
6.420332355816227E+009,-3.017522154911767E+001,1.678305676321864E+002,
6.424242424242424E+009,-3.011308045934452E+001,1.512446743058643E+002,
6.428152492668621E+009,-2.971258502563865E+001,1.362977388144171E+002,
6.432062561094819E+009,-2.934017780138280E+001,1.187524268929073E+002,
6.435972629521017E+009,-2.916743423605492E+001,9.979261588363939E+001,
6.439882697947214E+009,-2.922129247504934E+001,8.305159605805514E+001,
6.443792766373411E+009,-2.933103700354230E+001,6.428296609070138E+001,
6.447702834799609E+009,-2.970620345055262E+001,4.800494960880532E+001,
6.451612903225807E+009,-2.992414281162084E+001,3.403593267562264E+001,
6.455522971652004E+009,-3.001571130630178E+001,2.215426169081759E+001,
6.459433040078201E+009,-2.917591724405965E+001,8.608492054501415E+000,
6.463343108504398E+009,-2.856464678462536E+001,-8.541634547332228E+000,
6.467253176930596E+009,-2.807410934836722E+001,-2.779566992275816E+001,
6.471163245356794E+009,-2.780014433726510E+001,-4.627903489179050E+001,
6.475073313782991E+009,-2.768143640499277E+001,-6.458000589241549E+001,
6.478983382209189E+009,-2.752736601457844E+001,-8.181160189940000E+001,
6.482893450635386E+009,-2.739443565138195E+001,-1.002011061903064E+002,
6.486803519061584E+009,-2.739800214711757E+001,-1.183674347648098E+002,
6.490713587487782E+009,-2.736068677419383E+001,-1.358270245622103E+002,
6.494623655913979E+009,-2.722240092884928E+001,-1.534478040716355E+002,
6.498533724340176E+009,-2.717767951562874E+001,-1.707773946171641E+002,
6.502443792766374E+009,-2.716287310468547E+001,1.718438591099799E+002,
6.506353861192571E+009,-2.699893892477298E+001,1.553609422070693E+002,
6.510263929618769E+009,-2.673447884491143E+001,1.374165971455361E+002,
6.514173998044966E+009,-2.657356449231182E+001,1.190527135671825E+002,
6.518084066471163E+009,-2.638652848423964E+001,1.001397816549531E+002,
6.521994134897361E+009,-2.646110481108662E+001,8.155798294562341E+001,
6.525904203323559E+009,-2.649315571831470E+001,6.327126041324884E+001,
6.529814271749756E+009,-2.647052817742548E+001,4.500061444013009E+001,
6.533724340175953E+009,-2.665094010916414E+001,2.608425761073680E+001,
6.537634408602150E+009,-2.677830459257755E+001,8.049219410806753E+000,
6.541544477028348E+009,-2.679990229532979E+001,-1.015413494154406E+001,
6.545454545454546E+009,-2.717524036869503E+001,-2.789179384374222E+001,
6.549364613880743E+009,-2.754432002881851E+001,-4.286322787305575E+001,
6.553274682306940E+009,-2.725694626454651E+001,-5.832719568880989E+001,
6.557184750733138E+009,-2.705172677539631E+001,-7.650737528833497E+001,
6.561094819159335E+009,-2.682247030456377E+001,-9.411881161930623E+001,
6.565004887585533E+009,-2.671530743426019E+001,-1.136852112391879E+002,
6.568914956011730E+009,-2.693888323079214E+001,-1.349521850297043E+002,
6.572825024437927E+009,-2.733061920636057E+001,-1.533655127379284E+002,
6.576735092864125E+009,-2.771443330414607E+001,-1.710330701832553E+002,
6.580645161290323E+009,-2.804197750061965E+001,1.728245647436991E+002,
6.584555229716520E+009,-2.816324165463884E+001,1.550177549012761E+002,
6.588465298142717E+009,-2.860687118377422E+001,1.372824522714439E+002,
6.592375366568914E+009,-2.909190735086123E+001,1.218365224315219E+002,
6.596285434995112E+009,-2.932370542966810E+001,1.069139693989901E+002,
6.600195503421310E+009,-2.923388403036346E+001,9.308084098049019E+001,
6.604105571847508E+009,-2.915173095521155E+001,7.615325261423099E+001,
6.608015640273705E+009,-2.909517857285760E+001,5.881988201191773E+001,
6.611925708699902E+009,-2.923955605600223E+001,4.068736119674627E+001,
6.615835777126100E+009,-2.932502326793084E+001,2.402849220581021E+001,
6.619745845552298E+009,-2.944357304275673E+001,6.495444707600476E+000,
6.623655913978495E+009,-2.985294809310302E+001,-1.074795250137214E+001,
6.627565982404692E+009,-3.023667448680775E+001,-2.663447409020221E+001,
6.631476050830890E+009,-3.034091241611421E+001,-4.128016257189233E+001,
6.635386119257088E+009,-3.031571286773069E+001,-5.608148873412379E+001,
6.639296187683285E+009,-3.019361685210440E+001,-7.278050143612995E+001,
6.643206256109482E+009,-3.017509517626633E+001,-8.857187513013301E+001,
6.647116324535679E+009,-3.018582852410541E+001,-1.056422424095564E+002,
6.651026392961877E+009,-3.046276239781182E+001,-1.228856951058475E+002,
6.654936461388075E+009,-3.069690818525298E+001,-1.371893919650282E+002,
6.658846529814272E+009,-3.035939636354712E+001,-1.520109702924567E+002,
6.662756598240469E+009,-3.033662798041069E+001,-1.689138869961346E+002,
6.666666666666666E+009,-3.017087261309981E+001,1.728526816125697E+002,
6.670576735092864E+009,-3.024647170109090E+001,1.560564697074521E+002,
6.674486803519062E+009,-3.025274885433669E+001,1.392785788251617E+002,
6.678396871945259E+009,-3.022005771693164E+001,1.228195845502059E+002,
6.682306940371456E+009,-3.032907330705010E+001,1.062291517026698E+002,
6.686217008797654E+009,-3.028122657082820E+001,8.887601097561208E+001,
6.690127077223852E+009,-3.032712279400293E+001,7.050773914762989E+001,
6.694037145650049E+009,-3.047533326202140E+001,5.252887527876334E+001,
6.697947214076246E+009,-3.110109593175547E+001,3.637281922084595E+001,
6.701857282502443E+009,-3.101157956037284E+001,2.279457890813825E+001,
6.705767350928641E+009,-3.080526985157090E+001,8.151857903420709E+000,
6.709677419354839E+009,-3.059432958109834E+001,-8.798010077645108E+000,
6.713587487781036E+009,-3.026134703195509E+001,-2.643713898849216E+001,
6.717497556207233E+009,-3.041326510269441E+001,-4.611310350193794E+001,
6.721407624633431E+009,-3.076533149473538E+001,-6.464264954999999E+001,
6.725317693059629E+009,-3.096145020474300E+001,-7.919931656133434E+001,
6.729227761485827E+009,-3.088507395043363E+001,-9.676060903714426E+001,
6.733137829912024E+009,-3.119752573385357E+001,-1.154530159197650E+002,
6.737047898338221E+009,-3.141555431423098E+001,-1.317697697031857E+002,
6.740957966764419E+009,-3.152984974175530E+001,-1.466162470965204E+002,
6.744868035190616E+009,-3.164777490030247E+001,-1.634570626902573E+002,
6.748778103616814E+009,-3.165658586400151E+001,-1.782451367013192E+002,
6.752688172043011E+009,-3.153949081974507E+001,1.641451643591845E+002,
6.756598240469208E+009,-3.192015605366406E+001,1.466187641152612E+002,
6.760508308895406E+009,-3.200251016651738E+001,1.305433176143466E+002,
6.764418377321604E+009,-3.238830373623700E+001,1.148884960554773E+002,
6.768328445747801E+009,-3.268515765947348E+001,9.677201249148550E+001,
6.772238514173998E+009,-3.287131625390778E+001,8.450830575921093E+001,
6.776148582600195E+009,-3.273132536099431E+001,6.807784238560579E+001,
6.780058651026393E+009,-3.300973886800516E+001,5.384237503187120E+001,
6.783968719452591E+009,-3.281048488725664E+001,3.938318630689403E+001,
6.787878787878788E+009,-3.287584683383079E+001,2.184957411936454E+001,
6.791788856304985E+009,-3.317775546844020E+001,6.813225128007992E+000,
6.795698924731183E+009,-3.327103844240961E+001,-5.857524829387980E+000,
6.799608993157380E+009,-3.284315607214709E+001,-1.917944119329905E+001,
6.803519061583578E+009,-3.252917400803085E+001,-3.600293072933650E+001,
6.807429130009775E+009,-3.239101067538530E+001,-5.311798870759242E+001,
6.811339198435972E+009,-3.243926981671442E+001,-7.018606266992387E+001,
6.815249266862170E+009,-3.246660671112120E+001,-8.635524212785904E+001,
6.819159335288368E+009,-3.266624785717814E+001,-1.018232965267623E+002,
6.823069403714565E+009,-3.273048716425438E+001,-1.161911217404978E+002,
6.826979472140762E+009,-3.258209149643203E+001,-1.305924590017760E+002,
6.830889540566959E+009,-3.238070766501009E+001,-1.453885849029662E+002,
6.834799608993157E+009,-3.215398044919355E+001,-1.611796160005602E+002,
6.838709677419355E+009,-3.184822380496133E+001,-1.761316250695223E+002,
6.842619745845552E+009,-3.155568889296632E+001,1.660904892868934E+002,
6.846529814271750E+009,-3.146119027613209E+001,1.489347441532491E+002,
6.850439882697948E+009,-3.144738118856463E+001,1.319168283159171E+002,
6.854349951124145E+009,-3.149998698713120E+001,1.156741034390663E+002,
6.858260019550343E+009,-3.141501544180633E+001,9.819914215751444E+001,
6.862170087976540E+009,-3.197077080738929E+001,8.103668453955281E+001,
6.866080156402737E+009,-3.255799092427138E+001,6.799562490585520E+001,
6.869990224828935E+009,-3.255763907276283E+001,5.865731502180779E+001,
6.873900293255133E+009,-3.200491473345766E+001,4.660039777832935E+001,
6.877810361681330E+009,-3.146042097137978E+001,3.344449841002039E+001,
6.881720430107527E+009,-3.063230575384647E+001,1.959430684779784E+001,
6.885630498533724E+009,-2.971201695183379E+001,2.637572531163075E+000,
6.889540566959922E+009,-2.923121327554260E+001,-1.705351110863184E+001,
6.893450635386120E+009,-2.921577323061115E+001,-3.403944925580967E+001,
6.897360703812317E+009,-2.878363948748178E+001,-4.962132048460540E+001,
6.901270772238514E+009,-2.820793732950169E+001,-6.645588691743050E+001,
6.905180840664711E+009,-2.797225880179467E+001,-8.346722121957539E+001,
6.909090909090909E+009,-2.746970232659471E+001,-1.005309392183645E+002,
6.913000977517107E+009,-2.705233059910583E+001,-1.190281165334274E+002,
6.916911045943304E+009,-2.687473854389829E+001,-1.357023303947128E+002,
6.920821114369501E+009,-2.639858308862426E+001,-1.522909738722506E+002,
6.924731182795699E+009,-2.585292690610661E+001,-1.701578546187980E+002,
6.928641251221897E+009,-2.534163106777456E+001,1.707060736543256E+002,
6.932551319648094E+009,-2.499068500376545E+001,1.506302575447238E+002,
6.936461388074291E+009,-2.492520719983654E+001,1.310683062605728E+002,
6.940371456500488E+009,-2.468485955224021E+001,1.119759078725034E+002,
6.944281524926686E+009,-2.471086244585892E+001,9.368804739727091E+001,
6.948191593352884E+009,-2.465797939114069E+001,7.583180772011237E+001,
6.952101661779081E+009,-2.437201354695569E+001,5.792907174563326E+001,
6.956011730205278E+009,-2.418233253616025E+001,3.937899200015314E+001,
6.959921798631475E+009,-2.406797627152067E+001,2.022592905107396E+001,
6.963831867057674E+009,-2.390678298325138E+001,1.920091633068569E+000,
6.967741935483872E+009,-2.380015510026549E+001,-1.669957751749404E+001,
6.971652003910069E+009,-2.358966165881194E+001,-3.555372832293060E+001,
6.975562072336266E+009,-2.342526132536294E+001,-5.573896069407228E+001,
6.979472140762464E+009,-2.349185456603341E+001,-7.560848411719290E+001,
6.983382209188661E+009,-2.366193546133554E+001,-9.475997060646918E+001,
6.987292277614859E+009,-2.381716538253017E+001,-1.137694001631454E+002,
6.991202346041056E+009,-2.411923322713572E+001,-1.321222616663669E+002,
6.995112414467253E+009,-2.440954949387168E+001,-1.492399893361181E+002,
6.999022482893451E+009,-2.447287627355589E+001,-1.647724986124433E+002,
7.002932551319649E+009,-2.430642547583089E+001,1.789561433009150E+002,
7.006842619745846E+009,-2.413161439139433E+001,1.608032059160531E+002,
7.010752688172043E+009,-2.404747239219785E+001,1.425261370127602E+002,
7.014662756598240E+009,-2.387880139744072E+001,1.239161006078178E+002,
7.018572825024438E+009,-2.383250367702966E+001,1.044684069470833E+002,
7.022482893450636E+009,-2.402809972037974E+001,8.390642412695662E+001,
7.026392961876833E+009,-2.433886917378188E+001,6.604778405337507E+001,
7.030303030303030E+009,-2.464792550096277E+001,4.847330343517510E+001,
7.034213098729228E+009,-2.497887871133276E+001,3.160135267443233E+001,
7.038123167155425E+009,-2.497641278700283E+001,1.542807900218621E+001,
7.042033235581623E+009,-2.502235024247137E+001,-1.762239730061089E+000,
7.045943304007820E+009,-2.503647831303846E+001,-1.877875036212496E+001,
7.049853372434017E+009,-2.498223849551448E+001,-3.627286070429133E+001,
7.053763440860215E+009,-2.505649802689512E+001,-5.397375991125607E+001,
7.057673509286413E+009,-2.492506537070876E+001,-7.234152555403537E+001,
7.061583577712610E+009,-2.514463086290106E+001,-9.181008974417514E+001,
7.065493646138807E+009,-2.542117545974198E+001,-1.104152578771402E+002,
7.069403714565004E+009,-2.581246681782364E+001,-1.276358642383787E+002,
7.073313782991202E+009,-2.608458927079381E+001,-1.433896944050480E+002,
7.077223851417400E+009,-2.628967141710024E+001,-1.591335931198611E+002,
7.081133919843597E+009,-2.638857105114707E+001,-1.753996112681710E+002,
7.085043988269795E+009,-2.637842251712549E+001,1.680322897542539E+002,
7.088954056695993E+009,-2.642814093505163E+001,1.520654405931938E+002,
7.092864125122190E+009,-2.636446941009483E+001,1.340241020361557E+002,
7.096774193548388E+009,-2.651956925409157E+001,1.173938755183410E+002,
7.100684261974585E+009,-2.662402713351689E+001,1.002089623320945E+002,
7.104594330400782E+009,-2.681250660449456E+001,8.321963475883338E+001,
7.108504398826980E+009,-2.714441518210044E+001,6.556099026096720E+001,
7.112414467253178E+009,-2.740209806007650E+001,4.978168790506720E+001,
7.116324535679375E+009,-2.767715893074523E+001,3.503061054780179E+001,
7.120234604105572E+009,-2.787705042587048E+001,2.048626510800046E+001,
7.124144672531769E+009,-2.772775322599077E+001,7.612163529722355E+000,
7.128054740957967E+009,-2.739909965675586E+001,-7.058835786302523E+000,
7.131964809384165E+009,-2.695977694923797E+001,-2.370722855899976E+001,
7.135874877810362E+009,-2.679300827608693E+001,-4.044092363628963E+001,
7.139784946236559E+009,-2.656659652902271E+001,-5.788963563749019E+001,
7.143695014662756E+009,-2.654707749769950E+001,-7.460153290049587E+001,
7.147605083088954E+009,-2.642785052147697E+001,-9.220901306709448E+001,
7.151515151515152E+009,-2.642754961719762E+001,-1.093095474357465E+002,
7.155425219941349E+009,-2.634863488867343E+001,-1.260378440224115E+002,
7.159335288367546E+009,-2.637069557223918E+001,-1.430958630357732E+002,
7.163245356793744E+009,-2.633092632180166E+001,-1.595849614677908E+002,
7.167155425219942E+009,-2.632521610826995E+001,-1.754328058946833E+002,
7.171065493646139E+009,-2.617082417158271E+001,1.690070765478162E+002,
7.174975562072336E+009,-2.583624531474594E+001,1.516098286402886E+002,
7.178885630498533E+009,-2.571754004849200E+001,1.329928894219619E+002,
7.182795698924731E+009,-2.554569267912811E+001,1.156993786223101E+002,
7.186705767350929E+009,-2.543832116166154E+001,9.853445179591394E+001,
7.190615835777126E+009,-2.536519746902964E+001,8.029592525962934E+001,
7.194525904203323E+009,-2.551160093086057E+001,6.309440642273467E+001,
7.198435972629520E+009,-2.541824956847692E+001,4.695340323535142E+001,
7.202346041055718E+009,-2.517791568175585E+001,2.988278077709056E+001,
7.206256109481916E+009,-2.512804335295481E+001,1.217582373504934E+001,
7.210166177908114E+009,-2.500057618912231E+001,-5.204859007738470E+000,
7.214076246334311E+009,-2.492200853137621E+001,-2.282940942422099E+001,
7.217986314760509E+009,-2.491656877211397E+001,-4.045937829433971E+001,
7.221896383186706E+009,-2.468968611739082E+001,-5.786460958061443E+001,
7.225806451612904E+009,-2.454007679669627E+001,-7.553448550688647E+001,
7.229716520039101E+009,-2.437806420271654E+001,-9.334143185146614E+001,
7.233626588465298E+009,-2.424451122735151E+001,-1.124533660083862E+002,
7.237536656891496E+009,-2.423565931317484E+001,-1.315610323289993E+002,
7.241446725317694E+009,-2.433422261943136E+001,-1.501710624356591E+002,
7.245356793743891E+009,-2.448144140566926E+001,-1.678561816864243E+002,
7.249266862170088E+009,-2.459034385927401E+001,1.746053674329332E+002,
7.253176930596285E+009,-2.467903332076430E+001,1.575164885171085E+002,
7.257086999022483E+009,-2.467312985081864E+001,1.396321006563936E+002,
7.260997067448681E+009,-2.470570833728623E+001,1.220021728035098E+002,
7.264907135874878E+009,-2.482756334172558E+001,1.043549281229232E+002,
7.268817204301075E+009,-2.490473643967317E+001,8.793091760997120E+001,
7.272727272727273E+009,-2.474116577872506E+001,7.177692321225659E+001,
7.276637341153470E+009,-2.449636034002383E+001,5.384313963589955E+001,
7.280547409579668E+009,-2.449695142769433E+001,3.470176418229860E+001,
7.284457478005865E+009,-2.455335558943181E+001,1.550171981055034E+001,
7.288367546432062E+009,-2.474176048972615E+001,-2.593553048460035E+000,
7.292277614858260E+009,-2.500495969108892E+001,-2.052439559598776E+001,
7.296187683284458E+009,-2.530399811857839E+001,-3.818622713015200E+001,
7.300097751710655E+009,-2.557153227301234E+001,-5.408926645716858E+001,
7.304007820136852E+009,-2.562874850795269E+001,-6.863267997691844E+001,
7.307917888563049E+009,-2.560241753322416E+001,-8.478031060949436E+001,
7.311827956989247E+009,-2.556006385753419E+001,-1.003429993591702E+002,
7.315738025415445E+009,-2.539116353563100E+001,-1.166542889706635E+002,
7.319648093841642E+009,-2.504069674846480E+001,-1.337255244235217E+002,
7.323558162267839E+009,-2.471647168429479E+001,-1.523876053217694E+002,
7.327468230694037E+009,-2.455442823133769E+001,-1.720851852751432E+002,
7.331378299120235E+009,-2.466385292714595E+001,1.684243333547448E+002,
7.335288367546433E+009,-2.480736551233047E+001,1.500072428603978E+002,
7.339198435972630E+009,-2.500736909917217E+001,1.330144697395218E+002,
7.343108504398827E+009,-2.501745663348424E+001,1.159874738654465E+002,
7.347018572825025E+009,-2.494888804954092E+001,9.886459707184983E+001,
7.350928641251223E+009,-2.485700242824107E+001,8.074086326582811E+001,
7.354838709677420E+009,-2.475992235967098E+001,6.230710326637442E+001,
7.358748778103617E+009,-2.473650474486311E+001,4.328283651254615E+001,
7.362658846529814E+009,-2.488855020880053E+001,2.456320848154151E+001,
7.366568914956012E+009,-2.509019084225654E+001,6.639171353297051E+000,
7.370478983382210E+009,-2.522238217370006E+001,-1.113970041083319E+001,
7.374389051808407E+009,-2.531716255835919E+001,-2.862786291908284E+001,
7.378299120234604E+009,-2.530503479826727E+001,-4.708624881802155E+001,
7.382209188660801E+009,-2.555291900024508E+001,-6.583039769474000E+001,
7.386119257086999E+009,-2.567189091250971E+001,-8.351935425137972E+001,
7.390029325513197E+009,-2.587296597820813E+001,-1.020658013130571E+002,
7.393939393939394E+009,-2.607886616146487E+001,-1.199849178923566E+002,
7.397849462365591E+009,-2.634690825279069E+001,-1.374978305390399E+002,
7.401759530791789E+009,-2.659161429415573E+001,-1.540362311084693E+002,
7.405669599217987E+009,-2.671528465392210E+001,-1.718256343326893E+002,
7.409579667644184E+009,-2.691823292613887E+001,1.698848553970059E+002,
7.413489736070381E+009,-2.718669591648899E+001,1.527542574250685E+002,
7.417399804496578E+009,-2.740749288058590E+001,1.349941902237941E+002,
7.421309872922776E+009,-2.776057189044194E+001,1.175604851354464E+002,
7.425219941348974E+009,-2.810000988577264E+001,9.922440643650431E+001,
7.429130009775171E+009,-2.857689182994243E+001,8.345311041936196E+001,
7.433040078201368E+009,-2.894129794232133E+001,6.894393237404802E+001,
7.436950146627565E+009,-2.904517303091173E+001,5.308583265129113E+001,
7.440860215053763E+009,-2.920127457196352E+001,3.726973233210251E+001,
7.444770283479961E+009,-2.921079567942688E+001,2.245076045885607E+001,
7.448680351906158E+009,-2.936039119177845E+001,6.298202277391916E+000,
7.452590420332356E+009,-2.920257680664993E+001,-9.817909421127171E+000,
7.456500488758554E+009,-2.937620548886436E+001,-2.816918901135682E+001,
7.460410557184751E+009,-2.961573888175526E+001,-4.383911596925896E+001,
7.464320625610949E+009,-2.973949841770432E+001,-5.929989990082655E+001,
7.468230694037146E+009,-2.967022811742716E+001,-7.580815656654646E+001,
7.472140762463343E+009,-2.968193393904745E+001,-9.108497101286189E+001,
7.476050830889541E+009,-2.951066388318827E+001,-1.079720688489922E+002,
7.479960899315739E+009,-2.928336908268484E+001,-1.247459382038600E+002,
7.483870967741936E+009,-2.913998830758220E+001,-1.429699405445871E+002,
7.487781036168133E+009,-2.915481512612231E+001,-1.612151730813382E+002,
7.491691104594330E+009,-2.933428843541780E+001,1.794114257003728E+002,
7.495601173020528E+009,-2.965403466667291E+001,1.621590218981393E+002,
7.499511241446726E+009,-2.978709596236566E+001,1.454521229885580E+002,
7.503421309872923E+009,-2.998497408492699E+001,1.283498344930493E+002,
7.507331378299120E+009,-3.008055465907001E+001,1.125061479754985E+002,
7.511241446725318E+009,-3.029314066082896E+001,9.627973148782469E+001,
7.515151515151515E+009,-3.001781183139600E+001,7.871837889001921E+001,
7.519061583577713E+009,-3.030219664440612E+001,6.129627889065012E+001,
7.522971652003910E+009,-3.043829406006253E+001,4.506571240654137E+001,
7.526881720430107E+009,-3.027982274119394E+001,2.823604856837004E+001,
7.530791788856305E+009,-3.020423259387259E+001,9.429437792890708E+000,
7.534701857282503E+009,-3.053276282416601E+001,-8.868717121470683E+000,
7.538611925708700E+009,-3.079650387283955E+001,-2.666312585397496E+001,
7.542521994134897E+009,-3.101547166387101E+001,-4.371222132450315E+001,
7.546432062561094E+009,-3.162449025946144E+001,-6.092861577436226E+001,
7.550342130987292E+009,-3.192062472166531E+001,-7.682452292070535E+001,
7.554252199413490E+009,-3.223285390958220E+001,-9.182336346508568E+001,
7.558162267839687E+009,-3.228699458179436E+001,-1.060386683192533E+002,
7.562072336265884E+009,-3.221541578394983E+001,-1.225674833106042E+002,
7.565982404692082E+009,-3.241791768391138E+001,-1.377348250869417E+002,
7.569892473118280E+009,-3.209013885850710E+001,-1.526149213963592E+002,
7.573802541544478E+009,-3.183606758593003E+001,-1.705152850014615E+002,
7.577712609970675E+009,-3.167851185140042E+001,1.711155188627900E+002,
7.581622678396872E+009,-3.166592865043699E+001,1.520273797380931E+002,
7.585532746823070E+009,-3.188258033692435E+001,1.320451120171854E+002,
7.589442815249268E+009,-3.239070498440516E+001,1.123042155304752E+002,
7.593352883675465E+009,-3.329878065387539E+001,9.472252448565466E+001,
7.597262952101662E+009,-3.388489097000836E+001,8.100879037703997E+001,
7.601173020527859E+009,-3.418351407483792E+001,6.661660087341248E+001,
7.605083088954057E+009,-3.424389855493103E+001,5.280402130530580E+001,
7.608993157380255E+009,-3.434507163763924E+001,3.769084527297882E+001,
7.612903225806452E+009,-3.418511603610370E+001,2.130844769381737E+001,
7.616813294232649E+009,-3.434141726875509E+001,4.071913476487328E+000,
7.620723362658846E+009,-3.442568230672386E+001,-1.337347840170700E+001,
7.624633431085044E+009,-3.471501510329434E+001,-3.123637306344533E+001,
7.628543499511242E+009,-3.519480573944064E+001,-4.884656891427818E+001,
7.632453567937439E+009,-3.592135546275143E+001,-6.561003143289611E+001,
7.636363636363636E+009,-3.684692292970007E+001,-7.928773275346252E+001,
7.640273704789834E+009,-3.737207345973967E+001,-8.798349642879617E+001,
7.644183773216032E+009,-3.736644964052307E+001,-9.892260011653087E+001,
7.648093841642229E+009,-3.715574824258749E+001,-1.082382205114454E+002,
7.652003910068426E+009,-3.630092301631122E+001,-1.231697857925837E+002,
7.655913978494623E+009,-3.622369627741031E+001,-1.409597567983646E+002,
7.659824046920821E+009,-3.668860435678634E+001,-1.553045930901450E+002,
7.663734115347019E+009,-3.645794456256618E+001,-1.668652936144874E+002,
7.667644183773216E+009,-3.629711051627688E+001,-1.798552062597053E+002,
7.671554252199413E+009,-3.571010132206466E+001,1.671118646967628E+002,
7.675464320625610E+009,-3.516100277440209E+001,1.506070129421805E+002,
7.679374389051808E+009,-3.510181408125008E+001,1.337167390459371E+002,
7.683284457478006E+009,-3.505626900509733E+001,1.195464388790071E+002,
7.687194525904203E+009,-3.465564546870350E+001,1.061588672412728E+002,
7.691104594330401E+009,-3.399881551352310E+001,9.209974505485413E+001,
7.695014662756599E+009,-3.326169224052304E+001,7.481791671040486E+001,
7.698924731182797E+009,-3.297186167045538E+001,5.701072767552448E+001,
7.702834799608994E+009,-3.249243749015732E+001,3.996287907897647E+001,
7.706744868035191E+009,-3.219009987176434E+001,2.176487054439640E+001,
7.710654936461388E+009,-3.187178317269722E+001,3.989366149386884E+000,
7.714565004887586E+009,-3.186689610382792E+001,-1.421191230348727E+001,
7.718475073313784E+009,-3.173278584621876E+001,-3.101940423942336E+001,
7.722385141739981E+009,-3.173585282628853E+001,-4.711362982071550E+001,
7.726295210166178E+009,-3.148777764809092E+001,-6.160018285662714E+001,
7.730205278592375E+009,-3.098790071744411E+001,-7.705435073431596E+001,
7.734115347018573E+009,-3.046151085120270E+001,-9.390654773481532E+001,
7.738025415444771E+009,-2.975842715719626E+001,-1.109613596769549E+002,
7.741935483870968E+009,-2.905994467449683E+001,-1.313139892461556E+002,
7.745845552297165E+009,-2.868790925947740E+001,-1.529003691310177E+002,
7.749755620723363E+009,-2.862142494705963E+001,-1.742107575070230E+002,
7.753665689149560E+009,-2.877050297303523E+001,1.653382216057343E+002,
7.757575757575758E+009,-2.918213417455849E+001,1.461515627366027E+002,
7.761485826001955E+009,-2.943210187442642E+001,1.278269698583181E+002,
7.765395894428152E+009,-2.980548496285584E+001,1.115986375707616E+002,
7.769305962854350E+009,-2.982826093206883E+001,9.630424637216613E+001,
7.773216031280548E+009,-2.969847746507807E+001,8.067968647758832E+001,
7.777126099706745E+009,-2.947221863535375E+001,6.415412642252225E+001,
7.781036168132942E+009,-2.900665456502617E+001,4.685720555288064E+001,
7.784946236559139E+009,-2.863915441243008E+001,2.774649693714709E+001,
7.788856304985337E+009,-2.857829573693383E+001,8.292274187654369E+000,
7.792766373411535E+009,-2.857882895911930E+001,-1.193969776543352E+001,
7.796676441837732E+009,-2.864353393011841E+001,-3.086520363280550E+001,
7.800586510263929E+009,-2.892906620178331E+001,-4.894848289233227E+001,
7.804496578690127E+009,-2.894928120213589E+001,-6.648955836569998E+001,
7.808406647116324E+009,-2.911620627492113E+001,-8.435017773866120E+001,
7.812316715542522E+009,-2.908249019618813E+001,-1.011738582508437E+002,
7.816226783968720E+009,-2.903631927867282E+001,-1.179118777408514E+002,
7.820136852394917E+009,-2.875444385507100E+001,-1.372856064797217E+002,
7.824046920821115E+009,-2.881049472174259E+001,-1.561172121203323E+002,
7.827956989247313E+009,-2.872275574632828E+001,-1.746204197797026E+002,
7.831867057673510E+009,-2.860547685883864E+001,1.645245090119736E+002,
7.835777126099707E+009,-2.897884283745813E+001,1.435726702191366E+002,
7.839687194525904E+009,-2.944578971182047E+001,1.235622318444679E+002,
7.843597262952102E+009,-2.988368292801810E+001,1.045541651905965E+002,
7.847507331378300E+009,-3.065641358781841E+001,8.748717502032024E+001,
7.851417399804497E+009,-3.106050035386824E+001,7.098454693157090E+001,
7.855327468230694E+009,-3.127262618592248E+001,5.534121424502796E+001,
7.859237536656891E+009,-3.132209421095357E+001,3.912527959828286E+001,
7.863147605083089E+009,-3.149492940530293E+001,2.110285091356036E+001,
7.867057673509287E+009,-3.175603225809926E+001,3.552508591824939E+000,
7.870967741935484E+009,-3.188192218641515E+001,-1.445466166162394E+001,
7.874877810361681E+009,-3.218094969820686E+001,-3.311821901795480E+001,
7.878787878787879E+009,-3.269557107774045E+001,-5.097105412582155E+001,
7.882697947214077E+009,-3.310277529449981E+001,-6.871642782689877E+001,
7.886608015640274E+009,-3.369956584808097E+001,-8.674780704012396E+001,
7.890518084066471E+009,-3.455882329770455E+001,-1.031259909825795E+002,
7.894428152492668E+009,-3.529470333654946E+001,-1.174904343842721E+002,
7.898338220918866E+009,-3.586238112009498E+001,-1.293922718573115E+002,
7.902248289345064E+009,-3.604376620288389E+001,-1.428070141138572E+002,
7.906158357771261E+009,-3.621857811892444E+001,-1.567486126601340E+002,
7.910068426197458E+009,-3.630276971124719E+001,-1.696216272111765E+002,
7.913978494623655E+009,-3.602162982405184E+001,1.744745703905166E+002,
7.917888563049853E+009,-3.644558656557400E+001,1.550159467265118E+002,
7.921798631476051E+009,-3.744512316139684E+001,1.400473838244707E+002,
7.925708699902248E+009,-3.812668266073730E+001,1.297442179632132E+002,
7.929618768328445E+009,-3.826338700616034E+001,1.211646222537711E+002,
7.933528836754643E+009,-3.773204798280174E+001,1.122254314194094E+002,
7.937438905180841E+009,-3.679433940523793E+001,9.773149642813763E+001,
7.941348973607039E+009,-3.652670389843274E+001,8.040334154146447E+001,
7.945259042033236E+009,-3.639022956254998E+001,6.351139073868848E+001,
7.949169110459433E+009,-3.661775176156149E+001,4.798596387495201E+001,
7.953079178885631E+009,-3.675079800075689E+001,3.454727207075819E+001,
7.956989247311829E+009,-3.699036830865913E+001,2.116995964353902E+001,
7.960899315738026E+009,-3.666124417103323E+001,1.166023758923658E+001,
7.964809384164223E+009,-3.565377991054344E+001,-2.086193767566773E+000,
7.968719452590420E+009,-3.519075478901956E+001,-1.880431126312269E+001,
7.972629521016618E+009,-3.465988891313842E+001,-3.543756806917890E+001,
7.976539589442816E+009,-3.450056424037418E+001,-5.366289764784073E+001,
7.980449657869013E+009,-3.449773629375064E+001,-6.983458152220607E+001,
7.984359726295210E+009,-3.458416025643736E+001,-8.455140832650373E+001,
7.988269794721408E+009,-3.444914744145854E+001,-9.833012416590788E+001,
7.992179863147605E+009,-3.422639320587906E+001,-1.112741592637528E+002,
7.996089931573803E+009,-3.370549812604109E+001,-1.228416311526212E+002,
8.000000000000000E+009,-3.285539041537346E+001,-1.366646832141111E+002,
