% Version 1.00
%
%freq[Hz];db:Trc1_S21;ang:Trc1_S21;
4.000000000000000E+009,-2.506398761770727E+001,-1.363621553051591E+002,
4.003910068426198E+009,-2.503713766892245E+001,-1.534528741490120E+002,
4.007820136852395E+009,-2.470671019892097E+001,-1.727668286473252E+002,
4.011730205278593E+009,-2.501783848095617E+001,1.649828061286928E+002,
4.015640273704790E+009,-2.550972392096943E+001,1.471651683672938E+002,
4.019550342130987E+009,-2.545970063746705E+001,1.290959183397173E+002,
4.023460410557185E+009,-2.519050279047995E+001,1.099134958060257E+002,
4.027370478983382E+009,-2.532043319534987E+001,8.711262624728207E+001,
4.031280547409580E+009,-2.579717733691174E+001,6.692870791308563E+001,
4.035190615835777E+009,-2.646082464521381E+001,4.868087451796664E+001,
4.039100684261975E+009,-2.675683656000106E+001,3.244113666192422E+001,
4.043010752688172E+009,-2.658057185121233E+001,1.645048398678573E+001,
4.046920821114369E+009,-2.623526369875217E+001,-2.157365714273657E+000,
4.050830889540567E+009,-2.584699132902710E+001,-2.352854146967673E+001,
4.054740957966765E+009,-2.594624622314984E+001,-4.605131129781847E+001,
4.058651026392962E+009,-2.648474218064951E+001,-6.560074480936281E+001,
4.062561094819160E+009,-2.652077446706265E+001,-8.482066969306915E+001,
4.066471163245357E+009,-2.665360750335966E+001,-1.053045874036247E+002,
4.070381231671554E+009,-2.721081865219679E+001,-1.253341801627993E+002,
4.074291300097752E+009,-2.762214882145511E+001,-1.429760737850341E+002,
4.078201368523949E+009,-2.808674633618350E+001,-1.593787025165928E+002,
4.082111436950147E+009,-2.793011897896936E+001,-1.737341560972122E+002,
4.086021505376344E+009,-2.755226777250734E+001,1.692571862715073E+002,
4.089931573802542E+009,-2.719797841835410E+001,1.516577884103779E+002,
4.093841642228739E+009,-2.640613046742327E+001,1.305257619019803E+002,
4.097751710654936E+009,-2.633293145002108E+001,1.066859972757560E+002,
4.101661779081134E+009,-2.658897461092493E+001,8.668859242013787E+001,
4.105571847507331E+009,-2.676563968493666E+001,6.752841702152098E+001,
4.109481915933529E+009,-2.676022852632323E+001,4.804100563354761E+001,
4.113391984359726E+009,-2.670350926242469E+001,2.604347781478123E+001,
4.117302052785924E+009,-2.712118618256582E+001,8.292705504676828E+000,
4.121212121212121E+009,-2.688208454624584E+001,-9.390995021180595E+000,
4.125122189638319E+009,-2.679701636513020E+001,-3.171423001890232E+001,
4.129032258064516E+009,-2.738213849345902E+001,-5.008343070282877E+001,
4.132942326490714E+009,-2.737402680496247E+001,-6.761942502497826E+001,
4.136852394916911E+009,-2.731575076938586E+001,-8.460557798966384E+001,
4.140762463343109E+009,-2.709659043149382E+001,-1.038083905110662E+002,
4.144672531769306E+009,-2.718651994916966E+001,-1.241102723676824E+002,
4.148582600195503E+009,-2.741860202942944E+001,-1.420408074886142E+002,
4.152492668621701E+009,-2.756300554494274E+001,-1.580265152959536E+002,
4.156402737047898E+009,-2.706240241977738E+001,-1.736554223570477E+002,
4.160312805474096E+009,-2.627619363194904E+001,1.683549497926044E+002,
4.164222873900293E+009,-2.558873558709083E+001,1.467947746020221E+002,
4.168132942326491E+009,-2.539743859188488E+001,1.227650030286114E+002,
4.172043010752688E+009,-2.562695909937988E+001,1.007923398360567E+002,
4.175953079178886E+009,-2.609967905827389E+001,8.018461274934178E+001,
4.179863147605083E+009,-2.654004602960117E+001,6.155686015874645E+001,
4.183773216031281E+009,-2.694805142685146E+001,4.508690388175912E+001,
4.187683284457478E+009,-2.693553338299506E+001,3.106718811934270E+001,
4.191593352883676E+009,-2.647395115533258E+001,1.573021950792511E+001,
4.195503421309873E+009,-2.580563780145376E+001,-1.133583412266698E+000,
4.199413489736071E+009,-2.512473103319722E+001,-2.063030408986931E+001,
4.203323558162268E+009,-2.469954574655575E+001,-4.253236552470047E+001,
4.207233626588465E+009,-2.449064220895463E+001,-6.360283138679447E+001,
4.211143695014663E+009,-2.456065342719129E+001,-8.490333417269092E+001,
4.215053763440860E+009,-2.470787884015773E+001,-1.043340069266550E+002,
4.218963831867058E+009,-2.476068920615873E+001,-1.225810615644414E+002,
4.222873900293255E+009,-2.447025944346760E+001,-1.415474274992335E+002,
4.226783968719452E+009,-2.453792674659032E+001,-1.609208907391651E+002,
4.230694037145650E+009,-2.443822743128395E+001,-1.799833706548240E+002,
4.234604105571847E+009,-2.463713031423701E+001,1.600031019642835E+002,
4.238514173998045E+009,-2.482823074959074E+001,1.439081180076187E+002,
4.242424242424243E+009,-2.441028173214892E+001,1.274064251454193E+002,
4.246334310850440E+009,-2.393413367372309E+001,1.083246265981297E+002,
4.250244379276638E+009,-2.369106746515168E+001,8.785076766000931E+001,
4.254154447702835E+009,-2.350260147445413E+001,6.842133379780478E+001,
4.258064516129032E+009,-2.328773684902387E+001,4.791652652210538E+001,
4.261974584555230E+009,-2.334464249980659E+001,2.728753685547450E+001,
4.265884652981427E+009,-2.350898561851292E+001,7.763112984818223E+000,
4.269794721407625E+009,-2.328090770462638E+001,-1.131968240668231E+001,
4.273704789833822E+009,-2.343327896361508E+001,-3.209423703268650E+001,
4.277614858260019E+009,-2.366659137007703E+001,-4.964068625457990E+001,
4.281524926686217E+009,-2.364446942463591E+001,-6.739674040850417E+001,
4.285434995112414E+009,-2.338230912667192E+001,-8.543619883713630E+001,
4.289345063538612E+009,-2.304553386556446E+001,-1.045933213405069E+002,
4.293255131964809E+009,-2.296599859629508E+001,-1.255857845440498E+002,
4.297165200391007E+009,-2.307402457880822E+001,-1.464705906508183E+002,
4.301075268817205E+009,-2.314787219287150E+001,-1.647729056570471E+002,
4.304985337243402E+009,-2.307010001911001E+001,1.753681955046943E+002,
4.308895405669600E+009,-2.314356239186887E+001,1.559525299604067E+002,
4.312805474095797E+009,-2.326424025132572E+001,1.364432442879964E+002,
4.316715542521994E+009,-2.330998923442679E+001,1.179492329610923E+002,
4.320625610948192E+009,-2.337418462747938E+001,9.869346137430175E+001,
4.324535679374389E+009,-2.328023773042147E+001,7.950317426585113E+001,
4.328445747800587E+009,-2.316343543506883E+001,5.980154305599837E+001,
4.332355816226784E+009,-2.310775388345862E+001,3.844391457660466E+001,
4.336265884652982E+009,-2.332155506287734E+001,1.783256060500453E+001,
4.340175953079179E+009,-2.351764949306190E+001,-4.042875180232506E+000,
4.344086021505377E+009,-2.413662966921736E+001,-2.506412325948614E+001,
4.347996089931574E+009,-2.498118256885073E+001,-4.388838891988599E+001,
4.351906158357771E+009,-2.552546847359870E+001,-5.925430828615593E+001,
4.355816226783969E+009,-2.561437146239621E+001,-7.474562114588706E+001,
4.359726295210166E+009,-2.559663328115063E+001,-9.198845207143808E+001,
4.363636363636364E+009,-2.577399463194951E+001,-1.088424320733629E+002,
4.367546432062561E+009,-2.542615678040878E+001,-1.254489872471728E+002,
4.371456500488758E+009,-2.511043391275965E+001,-1.455558093716865E+002,
4.375366568914956E+009,-2.524269737269936E+001,-1.674147061548774E+002,
4.379276637341153E+009,-2.569962121065390E+001,1.725841444107191E+002,
4.383186705767351E+009,-2.614419956361060E+001,1.543373533680293E+002,
4.387096774193548E+009,-2.638197024785569E+001,1.360562216833339E+002,
4.391006842619746E+009,-2.712484386391994E+001,1.175172007730877E+002,
4.394916911045943E+009,-2.768466089300661E+001,1.037303720572301E+002,
4.398826979472141E+009,-2.738117218439841E+001,8.996823933015958E+001,
4.402737047898338E+009,-2.728479712742318E+001,7.285037911888423E+001,
4.406647116324535E+009,-2.702995273907538E+001,5.592856325879110E+001,
4.410557184750733E+009,-2.677879050020795E+001,3.828675483335734E+001,
4.414467253176930E+009,-2.648485911030189E+001,1.853296409481197E+001,
4.418377321603128E+009,-2.648955403400705E+001,-2.159764070687872E+000,
4.422287390029326E+009,-2.676973023666582E+001,-2.106910620128276E+001,
4.426197458455523E+009,-2.697411122745562E+001,-4.133650058514693E+001,
4.430107526881721E+009,-2.781266288535821E+001,-5.881376266717668E+001,
4.434017595307918E+009,-2.793107825116310E+001,-7.146153020210082E+001,
4.437927663734116E+009,-2.768537276863391E+001,-8.590787103665318E+001,
4.441837732160313E+009,-2.722592435768362E+001,-1.017541350610854E+002,
4.445747800586511E+009,-2.671312763719568E+001,-1.194277878584339E+002,
4.449657869012708E+009,-2.620120733781661E+001,-1.399044381798915E+002,
4.453567937438905E+009,-2.613252800338042E+001,-1.602708229392507E+002,
4.457478005865103E+009,-2.608145889856933E+001,-1.795311390431502E+002,
4.461388074291300E+009,-2.620207967667689E+001,1.619112268434679E+002,
4.465298142717498E+009,-2.603877512183105E+001,1.436937236650623E+002,
4.469208211143695E+009,-2.591885370904311E+001,1.249906792607557E+002,
4.473118279569893E+009,-2.571701135059403E+001,1.068679432197570E+002,
4.477028347996090E+009,-2.537406907113290E+001,8.864775105828819E+001,
4.480938416422287E+009,-2.498768170660502E+001,6.841729289275115E+001,
4.484848484848485E+009,-2.490501209356197E+001,4.779572118897809E+001,
4.488758553274682E+009,-2.469249504150020E+001,2.771526097271671E+001,
4.492668621700880E+009,-2.473532642348808E+001,5.845420938211767E+000,
4.496578690127077E+009,-2.498561775613879E+001,-1.303718262136171E+001,
4.500488758553275E+009,-2.493786354532659E+001,-3.173496846173634E+001,
4.504398826979472E+009,-2.485094898654872E+001,-5.014304499774702E+001,
4.508308895405669E+009,-2.451166767862873E+001,-6.902148028847728E+001,
4.512218963831867E+009,-2.443156021331757E+001,-8.914941246163184E+001,
4.516129032258064E+009,-2.430921641069243E+001,-1.093093312764335E+002,
4.520039100684262E+009,-2.439880450626857E+001,-1.303114864863577E+002,
4.523949169110459E+009,-2.455143361897675E+001,-1.486078351932125E+002,
4.527859237536657E+009,-2.435528767840680E+001,-1.669676021197443E+002,
4.531769305962854E+009,-2.396386421211252E+001,1.721365162049362E+002,
4.535679374389051E+009,-2.412880447738570E+001,1.507336131637508E+002,
4.539589442815249E+009,-2.413551292611452E+001,1.319124541527908E+002,
4.543499511241447E+009,-2.390787217824791E+001,1.118009108331633E+002,
4.547409579667645E+009,-2.406909043468996E+001,9.001457838058315E+001,
4.551319648093842E+009,-2.439888335513797E+001,7.032240265292448E+001,
4.555229716520039E+009,-2.452725031669648E+001,5.258429756162504E+001,
4.559139784946237E+009,-2.437733078471095E+001,3.390731212910777E+001,
4.563049853372434E+009,-2.430133254696948E+001,1.420077433349557E+001,
4.566959921798632E+009,-2.428443405090587E+001,-5.054449002940695E+000,
4.570869990224829E+009,-2.424445501992444E+001,-2.469588688080759E+001,
4.574780058651027E+009,-2.421025151544774E+001,-4.391669045013229E+001,
4.578690127077224E+009,-2.412295391848179E+001,-6.275066004260724E+001,
4.582600195503422E+009,-2.407872363042278E+001,-8.279837816741491E+001,
4.586510263929619E+009,-2.396685137470444E+001,-1.020105150720552E+002,
4.590420332355816E+009,-2.403663615565269E+001,-1.230960179241545E+002,
4.594330400782014E+009,-2.417410316468087E+001,-1.420375380210086E+002,
4.598240469208211E+009,-2.426325842777263E+001,-1.604640285543473E+002,
4.602150537634409E+009,-2.427001956380871E+001,-1.792659602191541E+002,
4.606060606060606E+009,-2.443013019408405E+001,1.622419752739610E+002,
4.609970674486803E+009,-2.423627611784918E+001,1.441431788266126E+002,
4.613880742913001E+009,-2.404648225134018E+001,1.245273187507306E+002,
4.617790811339198E+009,-2.399686071211345E+001,1.051097519566638E+002,
4.621700879765396E+009,-2.397187671754401E+001,8.547835036329543E+001,
4.625610948191593E+009,-2.408884393121668E+001,6.627949162685975E+001,
4.629521016617791E+009,-2.415571816337333E+001,4.795208770115448E+001,
4.633431085043988E+009,-2.395270775058640E+001,2.947827707695515E+001,
4.637341153470186E+009,-2.403335505922882E+001,9.615118969763188E+000,
4.641251221896383E+009,-2.405535667473435E+001,-8.282263624293282E+000,
4.645161290322580E+009,-2.399979502762280E+001,-2.696521040728089E+001,
4.649071358748778E+009,-2.380115291665341E+001,-4.578461876441351E+001,
4.652981427174975E+009,-2.382101682361310E+001,-6.606486099986701E+001,
4.656891495601173E+009,-2.402981609249938E+001,-8.506912367050450E+001,
4.660801564027371E+009,-2.408275407277991E+001,-1.028016144446134E+002,
4.664711632453568E+009,-2.414656489442283E+001,-1.206497450336310E+002,
4.668621700879766E+009,-2.404548939805672E+001,-1.393034588522746E+002,
4.672531769305963E+009,-2.418008918457144E+001,-1.572713708121633E+002,
4.676441837732161E+009,-2.414402999743870E+001,-1.749572138123358E+002,
4.680351906158358E+009,-2.395630549945181E+001,1.687120851747652E+002,
4.684261974584556E+009,-2.360644690497072E+001,1.502822462953801E+002,
4.688172043010753E+009,-2.348337328462452E+001,1.309320691929172E+002,
4.692082111436951E+009,-2.341719764443648E+001,1.112542192358418E+002,
4.695992179863148E+009,-2.349497453250245E+001,9.328640608888451E+001,
4.699902248289345E+009,-2.347129384059097E+001,7.417938719804396E+001,
4.703812316715543E+009,-2.360561630198647E+001,5.642121281528615E+001,
4.707722385141740E+009,-2.366909502012955E+001,3.981414091097803E+001,
4.711632453567938E+009,-2.348846540261351E+001,2.328491733191483E+001,
4.715542521994135E+009,-2.319517387882037E+001,6.761992588759604E+000,
4.719452590420332E+009,-2.262434272878577E+001,-1.118652218860263E+001,
4.723362658846530E+009,-2.239335378175569E+001,-3.098630133870279E+001,
4.727272727272727E+009,-2.196786265727151E+001,-4.942333225169756E+001,
4.731182795698925E+009,-2.162168556178124E+001,-7.013699974077234E+001,
4.735092864125122E+009,-2.159792270886841E+001,-9.215952557941385E+001,
4.739002932551320E+009,-2.174146905048567E+001,-1.122300292564800E+002,
4.742913000977517E+009,-2.191637331783822E+001,-1.313634779198256E+002,
4.746823069403714E+009,-2.218252073512492E+001,-1.492425139560064E+002,
4.750733137829912E+009,-2.216899483144024E+001,-1.670566512891126E+002,
4.754643206256109E+009,-2.217784129575452E+001,1.752995921787291E+002,
4.758553274682307E+009,-2.201278529280328E+001,1.583466753998683E+002,
4.762463343108504E+009,-2.175365854541608E+001,1.403950733739249E+002,
4.766373411534702E+009,-2.140012678760282E+001,1.217697325233378E+002,
4.770283479960899E+009,-2.113680140080773E+001,1.014965805756909E+002,
4.774193548387096E+009,-2.103508862198988E+001,8.084865152435249E+001,
4.778103616813294E+009,-2.110675736795626E+001,5.948732107354261E+001,
4.782013685239492E+009,-2.138783712650038E+001,3.980695857274407E+001,
4.785923753665690E+009,-2.173817644057987E+001,2.103727168184297E+001,
4.789833822091887E+009,-2.196964787383946E+001,3.188154904189851E+000,
4.793743890518084E+009,-2.208898166254802E+001,-1.393394251069312E+001,
4.797653958944282E+009,-2.216252631844030E+001,-3.071174861247902E+001,
4.801564027370479E+009,-2.199968096808789E+001,-4.785667831908967E+001,
4.805474095796677E+009,-2.183478701817034E+001,-6.587633843723997E+001,
4.809384164222874E+009,-2.169569246733676E+001,-8.390572444595806E+001,
4.813294232649072E+009,-2.149938876755702E+001,-1.030036259989359E+002,
4.817204301075269E+009,-2.127485674571105E+001,-1.233729587858424E+002,
4.821114369501467E+009,-2.146770738305850E+001,-1.433419555800437E+002,
4.825024437927664E+009,-2.169534143704038E+001,-1.621349131284190E+002,
4.828934506353861E+009,-2.172229214451545E+001,1.799260560555712E+002,
4.832844574780059E+009,-2.181191280433371E+001,1.606518935501977E+002,
4.836754643206256E+009,-2.188229498063343E+001,1.416478660263109E+002,
4.840664711632454E+009,-2.215315270275938E+001,1.227581051670349E+002,
4.844574780058651E+009,-2.229656620090296E+001,1.061617357050453E+002,
4.848484848484848E+009,-2.210459282747408E+001,8.856750228038578E+001,
4.852394916911046E+009,-2.202023524452606E+001,6.966565844879328E+001,
4.856304985337243E+009,-2.186080806970066E+001,5.015705131907138E+001,
4.860215053763441E+009,-2.190918119971634E+001,2.878622478952919E+001,
4.864125122189638E+009,-2.234624299559252E+001,8.558015816871134E+000,
4.868035190615836E+009,-2.279900086076707E+001,-9.849790813958698E+000,
4.871945259042033E+009,-2.313004141301878E+001,-2.656964284214116E+001,
4.875855327468231E+009,-2.315851932062072E+001,-4.449834994726168E+001,
4.879765395894428E+009,-2.355235574192081E+001,-6.281850119701847E+001,
4.883675464320625E+009,-2.390377113903600E+001,-7.820086161318258E+001,
4.887585532746823E+009,-2.375628249254631E+001,-9.365467803477802E+001,
4.891495601173020E+009,-2.344454735584044E+001,-1.107086291834341E+002,
4.895405669599218E+009,-2.322453710762457E+001,-1.295802494008269E+002,
4.899315738025415E+009,-2.317233830612775E+001,-1.494799852305740E+002,
4.903225806451613E+009,-2.331572264373936E+001,-1.690716219874985E+002,
4.907135874877811E+009,-2.356272871140789E+001,1.717035319037028E+002,
4.911045943304008E+009,-2.385617208869988E+001,1.525707897472923E+002,
4.914956011730206E+009,-2.433062286138134E+001,1.347692326554267E+002,
4.918866080156403E+009,-2.470284043470544E+001,1.197233069906893E+002,
4.922776148582601E+009,-2.455434394372550E+001,1.040242131127669E+002,
4.926686217008798E+009,-2.450223279434936E+001,8.720860541808295E+001,
4.930596285434996E+009,-2.425799706202569E+001,7.030058298365218E+001,
4.934506353861193E+009,-2.408215575354546E+001,5.135672506416796E+001,
4.938416422287390E+009,-2.414632894506297E+001,3.227605859804247E+001,
4.942326490713588E+009,-2.418126137300533E+001,1.467155752598737E+001,
4.946236559139785E+009,-2.416190781501585E+001,-3.285410142731308E+000,
4.950146627565983E+009,-2.414746948122943E+001,-2.267286500110338E+001,
4.954056695992180E+009,-2.433934652950322E+001,-4.110186880725966E+001,
4.957966764418377E+009,-2.462180180784345E+001,-5.845915807855407E+001,
4.961876832844575E+009,-2.465243723777625E+001,-7.473430410210676E+001,
4.965786901270772E+009,-2.437010505778375E+001,-9.146141936952041E+001,
4.969696969696970E+009,-2.409617564239817E+001,-1.102161921145229E+002,
4.973607038123167E+009,-2.411619357070508E+001,-1.297452803529475E+002,
4.977517106549365E+009,-2.420202421282190E+001,-1.477539927421613E+002,
4.981427174975562E+009,-2.424346931213750E+001,-1.669647196365591E+002,
4.985337243401759E+009,-2.445254521473417E+001,1.760489091600922E+002,
4.989247311827957E+009,-2.431657679927703E+001,1.598051499484988E+002,
4.993157380254154E+009,-2.404084697313300E+001,1.416392774430258E+002,
4.997067448680352E+009,-2.387189361314904E+001,1.229561460952886E+002,
5.000977517106549E+009,-2.357422161696169E+001,1.043773105209687E+002,
5.004887585532747E+009,-2.332777463862755E+001,8.475124900482251E+001,
5.008797653958944E+009,-2.328697826955446E+001,6.420117161279919E+001,
5.012707722385141E+009,-2.317738354111766E+001,4.453095970655306E+001,
5.016617790811339E+009,-2.326494581723380E+001,2.391071852078916E+001,
5.020527859237536E+009,-2.327412691965034E+001,3.411828261783152E+000,
5.024437927663734E+009,-2.351247012648097E+001,-1.687170584239896E+001,
5.028347996089932E+009,-2.381145168544599E+001,-3.585454336069957E+001,
5.032258064516129E+009,-2.409893841288017E+001,-5.391054233976412E+001,
5.036168132942327E+009,-2.414823626991839E+001,-7.117873838730984E+001,
5.040078201368524E+009,-2.412470728275665E+001,-8.929566972929561E+001,
5.043988269794722E+009,-2.398374551267457E+001,-1.082958432125868E+002,
5.047898338220919E+009,-2.398956040595824E+001,-1.275519551107940E+002,
5.051808406647117E+009,-2.391478544098147E+001,-1.469505454555297E+002,
5.055718475073314E+009,-2.401005752576915E+001,-1.672193871067685E+002,
5.059628543499512E+009,-2.418488938800513E+001,1.736535042288473E+002,
5.063538611925709E+009,-2.440053632715436E+001,1.554296322807625E+002,
5.067448680351906E+009,-2.443273432887768E+001,1.374564177729675E+002,
5.071358748778104E+009,-2.439795176821485E+001,1.195291747353417E+002,
5.075268817204301E+009,-2.428662833872482E+001,1.014320581054286E+002,
5.079178885630499E+009,-2.396897711763283E+001,8.230693798001536E+001,
5.083088954056696E+009,-2.375382970109452E+001,6.209898691458855E+001,
5.086999022482893E+009,-2.353295603247753E+001,4.095883138340772E+001,
5.090909090909091E+009,-2.363816405595876E+001,1.852897768507684E+001,
5.094819159335288E+009,-2.412888769123175E+001,-2.572011565259493E+000,
5.098729227761486E+009,-2.474358035812322E+001,-2.128690202101081E+001,
5.102639296187683E+009,-2.508159613225097E+001,-3.870368324810819E+001,
5.106549364613881E+009,-2.523629961329050E+001,-5.408645803830908E+001,
5.110459433040078E+009,-2.499340778396344E+001,-6.913855526053843E+001,
5.114369501466276E+009,-2.425095867671105E+001,-8.634677480930984E+001,
5.118279569892473E+009,-2.376571674134964E+001,-1.080677781745015E+002,
5.122189638318670E+009,-2.355261354757666E+001,-1.296740181870705E+002,
5.126099706744868E+009,-2.340631449427550E+001,-1.512673044390183E+002,
5.130009775171065E+009,-2.333710121722396E+001,-1.732448545087431E+002,
5.133919843597263E+009,-2.357305554763038E+001,1.640971259392114E+002,
5.137829912023460E+009,-2.393694140857368E+001,1.426633833148509E+002,
5.141739980449657E+009,-2.451830535075178E+001,1.235195335068966E+002,
5.145650048875855E+009,-2.492446691054981E+001,1.066501550206423E+002,
5.149560117302053E+009,-2.486940631343865E+001,9.114958235288864E+001,
5.153470185728251E+009,-2.432939384676360E+001,7.220245230532441E+001,
5.157380254154448E+009,-2.419552740647340E+001,5.157167669500673E+001,
5.161290322580645E+009,-2.418238050440960E+001,3.139049214682894E+001,
5.165200391006843E+009,-2.419700494702580E+001,1.077298205564815E+001,
5.169110459433041E+009,-2.436330492490921E+001,-9.127885541078038E+000,
5.173020527859238E+009,-2.444284654829503E+001,-2.709342743758079E+001,
5.176930596285435E+009,-2.432576167078071E+001,-4.713704459287479E+001,
5.180840664711633E+009,-2.434712960630061E+001,-6.639349864456062E+001,
5.184750733137830E+009,-2.441840219955690E+001,-8.675956231345690E+001,
5.188660801564028E+009,-2.439680851672806E+001,-1.049704519220907E+002,
5.192570869990225E+009,-2.432763310385158E+001,-1.238016762763946E+002,
5.196480938416422E+009,-2.410226782911261E+001,-1.425751984130983E+002,
5.200391006842620E+009,-2.393393725835634E+001,-1.638739022922083E+002,
5.204301075268817E+009,-2.388868893863273E+001,1.759751357611912E+002,
5.208211143695015E+009,-2.390539140475129E+001,1.541553093392995E+002,
5.212121212121212E+009,-2.428022032045105E+001,1.330958300020212E+002,
5.216031280547409E+009,-2.458828129305560E+001,1.146430324143847E+002,
5.219941348973607E+009,-2.474301132497663E+001,9.649723417160814E+001,
5.223851417399805E+009,-2.483852665850651E+001,7.738693222538424E+001,
5.227761485826002E+009,-2.489282240875195E+001,5.940180223975519E+001,
5.231671554252199E+009,-2.487814443633051E+001,4.059287233436578E+001,
5.235581622678397E+009,-2.497624700874135E+001,2.335062964665905E+001,
5.239491691104594E+009,-2.467357311321408E+001,4.840106360185128E+000,
5.243401759530792E+009,-2.442982562585138E+001,-1.469814993250942E+001,
5.247311827956989E+009,-2.432353861088420E+001,-3.383832665668599E+001,
5.251221896383186E+009,-2.413765408037303E+001,-5.340495633933813E+001,
5.255131964809384E+009,-2.402852977538017E+001,-7.506893400512968E+001,
5.259042033235581E+009,-2.416341630596870E+001,-9.632841765418225E+001,
5.262952101661779E+009,-2.444907887956415E+001,-1.160826898504160E+002,
5.266862170087977E+009,-2.467057353973562E+001,-1.339847492936335E+002,
5.270772238514174E+009,-2.479026367761597E+001,-1.527704461589113E+002,
5.274682306940372E+009,-2.485767071636982E+001,-1.707164087253347E+002,
5.278592375366570E+009,-2.478133518472719E+001,1.704376295151115E+002,
5.282502443792767E+009,-2.475229106891754E+001,1.519440253706047E+002,
5.286412512218964E+009,-2.474873451497016E+001,1.338330098234923E+002,
5.290322580645162E+009,-2.456709300872612E+001,1.144644997382327E+002,
5.294232649071359E+009,-2.448003318118211E+001,9.545096723471214E+001,
5.298142717497557E+009,-2.440378793183475E+001,7.623388415179679E+001,
5.302052785923754E+009,-2.423451428097625E+001,5.601262639854221E+001,
5.305962854349951E+009,-2.420586315045878E+001,3.561249172549291E+001,
5.309872922776149E+009,-2.447695124543420E+001,1.452388864827166E+001,
5.313782991202346E+009,-2.486421585909530E+001,-3.651650219189369E+000,
5.317693059628544E+009,-2.487262887674604E+001,-2.016573934138030E+001,
5.321603128054741E+009,-2.472496175828068E+001,-3.966233342090094E+001,
5.325513196480938E+009,-2.474388718138092E+001,-5.946527207343456E+001,
5.329423264907136E+009,-2.490541098453132E+001,-7.821353355280580E+001,
5.333333333333333E+009,-2.495475260451297E+001,-9.724639006591153E+001,
5.337243401759531E+009,-2.512371502911326E+001,-1.157970989759309E+002,
5.341153470185728E+009,-2.527223342553938E+001,-1.345323526872094E+002,
5.345063538611926E+009,-2.543679352095179E+001,-1.524278937543278E+002,
5.348973607038123E+009,-2.556960053447619E+001,-1.691001227783866E+002,
5.352883675464321E+009,-2.538269366453061E+001,1.735742368271601E+002,
5.356793743890518E+009,-2.510593953043378E+001,1.558451123586760E+002,
5.360703812316715E+009,-2.493541501182886E+001,1.367305803281986E+002,
5.364613880742913E+009,-2.496718185082139E+001,1.174717200961664E+002,
5.368523949169110E+009,-2.483438524460352E+001,9.918533164152524E+001,
5.372434017595308E+009,-2.457327945854985E+001,8.000500353826222E+001,
5.376344086021505E+009,-2.452317596651491E+001,5.962184809032275E+001,
5.380254154447702E+009,-2.457538137375040E+001,4.002778506189976E+001,
5.384164222873900E+009,-2.457196754150386E+001,1.990917049076429E+001,
5.388074291300098E+009,-2.484913913908549E+001,-1.477143292351021E-002,
5.391984359726296E+009,-2.515562332293321E+001,-1.843476276336633E+001,
5.395894428152493E+009,-2.521327365166668E+001,-3.552888128212672E+001,
5.399804496578690E+009,-2.536548199818542E+001,-5.415568879469200E+001,
5.403714565004888E+009,-2.541233775352539E+001,-7.198250225888221E+001,
5.407624633431086E+009,-2.531928429823008E+001,-8.948044271779662E+001,
5.411534701857283E+009,-2.519767649111114E+001,-1.074531774799734E+002,
5.415444770283480E+009,-2.516945515029406E+001,-1.254256877998008E+002,
5.419354838709678E+009,-2.480641982267456E+001,-1.432184754169466E+002,
5.423264907135875E+009,-2.460176043993360E+001,-1.626433947290066E+002,
5.427174975562073E+009,-2.440017020719426E+001,1.771457071605070E+002,
5.431085043988270E+009,-2.425212872219932E+001,1.548985780697010E+002,
5.434995112414467E+009,-2.476294864828616E+001,1.342411451004251E+002,
5.438905180840665E+009,-2.518045599980205E+001,1.167310512912999E+002,
5.442815249266862E+009,-2.544327374037369E+001,9.954238370553856E+001,
5.446725317693060E+009,-2.536973422548563E+001,8.258403966604962E+001,
5.450635386119257E+009,-2.546311463930339E+001,6.541459610012302E+001,
5.454545454545454E+009,-2.527606773569914E+001,4.875318276929119E+001,
5.458455522971652E+009,-2.497093860141756E+001,3.054010890304664E+001,
5.462365591397850E+009,-2.471813378255443E+001,1.210570536640696E+001,
5.466275659824047E+009,-2.444996893043366E+001,-6.105599649978466E+000,
5.470185728250244E+009,-2.420733306290320E+001,-2.661843673052794E+001,
5.474095796676442E+009,-2.409105526825793E+001,-4.710183237292540E+001,
5.478005865102639E+009,-2.408753585037172E+001,-6.769534854973189E+001,
5.481915933528837E+009,-2.430784408292743E+001,-8.707120283880694E+001,
5.485826001955034E+009,-2.453460536482744E+001,-1.048790312748439E+002,
5.489736070381231E+009,-2.441331492024252E+001,-1.222678658635415E+002,
5.493646138807429E+009,-2.410315222111172E+001,-1.405666750604613E+002,
5.497556207233626E+009,-2.394202069434644E+001,-1.598266815173146E+002,
5.501466275659824E+009,-2.388286989120790E+001,-1.788850740050433E+002,
5.505376344086021E+009,-2.373915187966370E+001,1.619995532046454E+002,
5.509286412512219E+009,-2.351129763945152E+001,1.434202256282038E+002,
5.513196480938417E+009,-2.322274358233592E+001,1.234256024531192E+002,
5.517106549364615E+009,-2.302713244571106E+001,1.014163600838811E+002,
5.521016617790812E+009,-2.314774919622334E+001,8.032243453153394E+001,
5.524926686217009E+009,-2.340872471449661E+001,6.002403721782717E+001,
5.528836754643207E+009,-2.373767746457939E+001,4.140580959811728E+001,
5.532746823069404E+009,-2.386136482061246E+001,2.351516138983759E+001,
5.536656891495602E+009,-2.389660792655245E+001,7.091475689298675E+000,
5.540566959921799E+009,-2.353747677502607E+001,-1.103651252668112E+001,
5.544477028347996E+009,-2.320546661762114E+001,-3.060948596862155E+001,
5.548387096774194E+009,-2.295579496344762E+001,-5.063247059339999E+001,
5.552297165200391E+009,-2.285816177085524E+001,-7.155114857343375E+001,
5.556207233626589E+009,-2.277825911163978E+001,-9.170034701109915E+001,
5.560117302052786E+009,-2.269067440555295E+001,-1.123635417667170E+002,
5.564027370478983E+009,-2.278368751317755E+001,-1.337147576920191E+002,
5.567937438905181E+009,-2.302865539861006E+001,-1.546436671315891E+002,
5.571847507331378E+009,-2.344995927359635E+001,-1.745566297827867E+002,
5.575757575757576E+009,-2.370297972092864E+001,1.686335247337839E+002,
5.579667644183773E+009,-2.359657406624772E+001,1.506737985017503E+002,
5.583577712609971E+009,-2.349032502778633E+001,1.315054005480320E+002,
5.587487781036168E+009,-2.335155759645398E+001,1.117220601144037E+002,
5.591397849462366E+009,-2.341524413254467E+001,9.189270886829230E+001,
5.595307917888563E+009,-2.354664403410564E+001,7.306028568594532E+001,
5.599217986314760E+009,-2.357255690426192E+001,5.388491922747887E+001,
5.603128054740958E+009,-2.348158015062045E+001,3.501838723964849E+001,
5.607038123167155E+009,-2.339253837469296E+001,1.463287490632444E+001,
5.610948191593353E+009,-2.362627326099442E+001,-5.524289886735934E+000,
5.614858260019550E+009,-2.374403906598149E+001,-2.516290828579419E+001,
5.618768328445747E+009,-2.395921870878386E+001,-4.503137692801018E+001,
5.622678396871945E+009,-2.422642764722090E+001,-6.301529684570156E+001,
5.626588465298142E+009,-2.433014530338424E+001,-8.087022138814248E+001,
5.630498533724340E+009,-2.444034035232633E+001,-9.952744044286533E+001,
5.634408602150538E+009,-2.442418470894970E+001,-1.171965119575599E+002,
5.638318670576735E+009,-2.440127733598849E+001,-1.359548665703998E+002,
5.642228739002933E+009,-2.440262380882936E+001,-1.543550410885086E+002,
5.646138807429131E+009,-2.436653692691420E+001,-1.736940673098472E+002,
5.650048875855328E+009,-2.454280106465033E+001,1.662768834116491E+002,
5.653958944281525E+009,-2.485121632885960E+001,1.476576905704566E+002,
5.657869012707723E+009,-2.507363758567461E+001,1.310919290562783E+002,
5.661779081133920E+009,-2.511372307698607E+001,1.145919547550959E+002,
5.665689149560118E+009,-2.501020682407535E+001,9.771354560795541E+001,
5.669599217986315E+009,-2.483407051594854E+001,7.999854822459980E+001,
5.673509286412512E+009,-2.459837460883451E+001,6.214900250500669E+001,
5.677419354838710E+009,-2.444080556233453E+001,4.235903065793870E+001,
5.681329423264907E+009,-2.441714026118532E+001,2.260744827144944E+001,
5.685239491691105E+009,-2.452774960164786E+001,3.029881707435021E+000,
5.689149560117302E+009,-2.476886814087483E+001,-1.408007947354853E+001,
5.693059628543499E+009,-2.452296147461365E+001,-3.131301513578101E+001,
5.696969696969697E+009,-2.448189921961669E+001,-5.004473461339356E+001,
5.700879765395895E+009,-2.446252193900254E+001,-6.871867719635173E+001,
5.704789833822092E+009,-2.458042537107117E+001,-8.610544364936112E+001,
5.708699902248289E+009,-2.437324800704607E+001,-1.025384049884257E+002,
5.712609970674487E+009,-2.399812863091906E+001,-1.213280816164068E+002,
5.716520039100684E+009,-2.390650580243529E+001,-1.405892071018214E+002,
5.720430107526882E+009,-2.366885110047129E+001,-1.589630017086786E+002,
5.724340175953079E+009,-2.342880262611471E+001,-1.772540371506082E+002,
5.728250244379276E+009,-2.305409242836969E+001,1.618464778182137E+002,
5.732160312805474E+009,-2.301446620803164E+001,1.402646870731911E+002,
5.736070381231671E+009,-2.330425639695358E+001,1.199716616110463E+002,
5.739980449657869E+009,-2.352942547730021E+001,1.013715474930811E+002,
5.743890518084066E+009,-2.369747538411950E+001,8.340547630122396E+001,
5.747800586510263E+009,-2.371527019126251E+001,6.679788454395725E+001,
5.751710654936461E+009,-2.347026260957293E+001,4.898985608774548E+001,
5.755620723362660E+009,-2.304782650851785E+001,3.052084490492515E+001,
5.759530791788857E+009,-2.282709232973447E+001,9.684879086294925E+000,
5.763440860215054E+009,-2.274985123138549E+001,-1.098532829725103E+001,
5.767350928641252E+009,-2.281095163219885E+001,-3.110357083943467E+001,
5.771260997067449E+009,-2.293803346416422E+001,-5.055887572746477E+001,
5.775171065493647E+009,-2.312422919303433E+001,-7.064202584401711E+001,
5.779081133919844E+009,-2.345330571239011E+001,-8.983246891879927E+001,
5.782991202346041E+009,-2.350675184392297E+001,-1.090508324199234E+002,
5.786901270772239E+009,-2.362255292253401E+001,-1.275841974512159E+002,
5.790811339198436E+009,-2.371258084046985E+001,-1.452112036240759E+002,
5.794721407624634E+009,-2.365042461293284E+001,-1.629201902970042E+002,
5.798631476050831E+009,-2.351757837234888E+001,1.781156201080956E+002,
5.802541544477028E+009,-2.347407249074236E+001,1.593738737070709E+002,
5.806451612903226E+009,-2.339141109841754E+001,1.389144910999602E+002,
5.810361681329423E+009,-2.344962791714146E+001,1.182646435032535E+002,
5.814271749755621E+009,-2.384094472845206E+001,9.767044015761860E+001,
5.818181818181818E+009,-2.427170608164538E+001,7.913598591495521E+001,
5.822091886608016E+009,-2.470403118395614E+001,6.138281062859952E+001,
5.826001955034213E+009,-2.481468012566921E+001,4.552572419406396E+001,
5.829912023460411E+009,-2.496362288708213E+001,2.718430708927567E+001,
5.833822091886608E+009,-2.508266898686905E+001,1.128076618527178E+001,
5.837732160312805E+009,-2.488254428943438E+001,-6.134710650069539E+000,
5.841642228739003E+009,-2.485054956214513E+001,-2.453895098459255E+001,
5.845552297165200E+009,-2.474998167629675E+001,-4.181568522375237E+001,
5.849462365591398E+009,-2.448168804462154E+001,-5.989239832932807E+001,
5.853372434017595E+009,-2.425195187962948E+001,-7.992442001539793E+001,
5.857282502443792E+009,-2.431616193748203E+001,-1.004195650541648E+002,
5.861192570869990E+009,-2.442838227542128E+001,-1.202831197487257E+002,
5.865102639296187E+009,-2.455458271225674E+001,-1.402533015620763E+002,
5.869012707722385E+009,-2.513341251420312E+001,-1.588193135214986E+002,
5.872922776148583E+009,-2.523642650363400E+001,-1.746911406210953E+002,
5.876832844574780E+009,-2.505870363980446E+001,1.673800686634744E+002,
5.880742913000978E+009,-2.502952253951745E+001,1.482751433331514E+002,
5.884652981427176E+009,-2.518970226916941E+001,1.297368948005326E+002,
5.888563049853373E+009,-2.541798694717050E+001,1.116224344052772E+002,
5.892473118279570E+009,-2.549747589541514E+001,9.413693322972068E+001,
5.896383186705768E+009,-2.537595016805371E+001,7.769334355191653E+001,
5.900293255131965E+009,-2.523167247242288E+001,5.823011841887647E+001,
5.904203323558163E+009,-2.535383811181253E+001,4.024859248737911E+001,
5.908113391984360E+009,-2.517521866085087E+001,2.209763889472556E+001,
5.912023460410557E+009,-2.501018461810942E+001,2.791494779129051E+000,
5.915933528836755E+009,-2.503618696800789E+001,-1.742462755045546E+001,
5.919843597262952E+009,-2.513936961080830E+001,-3.692337832750931E+001,
5.923753665689150E+009,-2.540303311148250E+001,-5.750632178373140E+001,
5.927663734115347E+009,-2.585989217476568E+001,-7.519972202462188E+001,
5.931573802541544E+009,-2.615025420820615E+001,-9.188278403700201E+001,
5.935483870967742E+009,-2.607225060345339E+001,-1.071632197736395E+002,
5.939393939393940E+009,-2.587691484443778E+001,-1.248474502636814E+002,
5.943304007820137E+009,-2.577434639574258E+001,-1.435698929869203E+002,
5.947214076246334E+009,-2.576421062063923E+001,-1.612668568024804E+002,
5.951124144672532E+009,-2.532681082459164E+001,1.792647737548780E+002,
5.955034213098729E+009,-2.527530253318493E+001,1.574157072428581E+002,
5.958944281524927E+009,-2.562222057911637E+001,1.366490019948008E+002,
5.962854349951124E+009,-2.631398250324407E+001,1.175705340576055E+002,
5.966764418377321E+009,-2.695822624989067E+001,1.031579889655394E+002,
5.970674486803519E+009,-2.676765760481815E+001,8.907086793638979E+001,
5.974584555229716E+009,-2.633847834578578E+001,7.210040040573929E+001,
5.978494623655914E+009,-2.620725455549224E+001,5.387373050638497E+001,
5.982404692082111E+009,-2.582651777605716E+001,3.619248415007002E+001,
5.986314760508308E+009,-2.564269577157901E+001,1.551516211767858E+001,
5.990224828934506E+009,-2.571165050703932E+001,-3.731024051637981E+000,
5.994134897360704E+009,-2.573448526743238E+001,-2.455502719175828E+001,
5.998044965786902E+009,-2.616381436263529E+001,-4.409293097384505E+001,
6.001955034213099E+009,-2.648736865354165E+001,-6.077018489740264E+001,
6.005865102639297E+009,-2.649399901812895E+001,-7.750796140488374E+001,
6.009775171065494E+009,-2.669848564787675E+001,-9.489408439619308E+001,
6.013685239491692E+009,-2.668806378488877E+001,-1.102637816694348E+002,
6.017595307917889E+009,-2.642988572977686E+001,-1.253377012424994E+002,
6.021505376344086E+009,-2.579920310727301E+001,-1.417421660136259E+002,
6.025415444770284E+009,-2.530766188506810E+001,-1.617741538788443E+002,
6.029325513196481E+009,-2.503870163147807E+001,1.783451557194663E+002,
6.033235581622679E+009,-2.496432928477734E+001,1.586438549036701E+002,
6.037145650048876E+009,-2.483442151038459E+001,1.396603981667622E+002,
6.041055718475073E+009,-2.456570387107147E+001,1.209610046148131E+002,
6.044965786901271E+009,-2.443060158553508E+001,1.003737620186769E+002,
6.048875855327468E+009,-2.446356879812342E+001,8.217553771499166E+001,
6.052785923753666E+009,-2.421080495425788E+001,6.382690156093972E+001,
6.056695992179863E+009,-2.394082293713155E+001,4.435373826574702E+001,
6.060606060606061E+009,-2.354963600340508E+001,2.482809485678206E+001,
6.064516129032258E+009,-2.326004845220541E+001,3.484113936027926E+000,
6.068426197458456E+009,-2.316131435063356E+001,-1.774975140107549E+001,
6.072336265884653E+009,-2.307463759304103E+001,-3.856761415844158E+001,
6.076246334310850E+009,-2.306457075498361E+001,-6.003092867383246E+001,
6.080156402737048E+009,-2.314351716165749E+001,-8.176741092290119E+001,
6.084066471163245E+009,-2.332169551067986E+001,-1.014582683293191E+002,
6.087976539589443E+009,-2.340867487887806E+001,-1.210642616965368E+002,
6.091886608015640E+009,-2.338044547123133E+001,-1.412914713945451E+002,
6.095796676441837E+009,-2.339437807562378E+001,-1.615882679861919E+002,
6.099706744868035E+009,-2.344751198798034E+001,1.784362985752380E+002,
6.103616813294232E+009,-2.331846833625937E+001,1.582775129169627E+002,
6.107526881720430E+009,-2.327799639302473E+001,1.365989235753364E+002,
6.111436950146627E+009,-2.342867972811409E+001,1.149075982249217E+002,
6.115347018572825E+009,-2.368534192937087E+001,9.294933050281873E+001,
6.119257086999023E+009,-2.397730715201067E+001,7.217822867384476E+001,
6.123167155425221E+009,-2.439494642489393E+001,5.055952073086540E+001,
6.127077223851418E+009,-2.515644629279466E+001,3.000553303873204E+001,
6.130987292277615E+009,-2.571134338395221E+001,1.367948715818120E+001,
6.134897360703813E+009,-2.592158810151105E+001,-3.208221791943229E+000,
6.138807429130010E+009,-2.581853239558397E+001,-2.084527440184065E+001,
6.142717497556208E+009,-2.583260646859799E+001,-4.034872863396744E+001,
6.146627565982405E+009,-2.590851698809610E+001,-5.929019183847169E+001,
6.150537634408602E+009,-2.579176325428891E+001,-7.914398378245622E+001,
6.154447702834800E+009,-2.578312180940715E+001,-1.001365483347475E+002,
6.158357771260998E+009,-2.610596342197738E+001,-1.212632142914746E+002,
6.162267839687195E+009,-2.640797962927525E+001,-1.414794548049093E+002,
6.166177908113392E+009,-2.667112552250774E+001,-1.617826678756358E+002,
6.170087976539589E+009,-2.715741390586557E+001,1.777209755783578E+002,
6.173998044965787E+009,-2.801961086542658E+001,1.582218187571332E+002,
6.177908113391985E+009,-2.877694030892726E+001,1.416898355355964E+002,
6.181818181818182E+009,-2.910887565771532E+001,1.289132385945854E+002,
6.185728250244379E+009,-2.884547879689551E+001,1.135650369307513E+002,
6.189638318670576E+009,-2.872692973593147E+001,9.632583195683110E+001,
6.193548387096774E+009,-2.832634493490898E+001,7.862887363462370E+001,
6.197458455522972E+009,-2.808139897607155E+001,5.706249989717981E+001,
6.201368523949169E+009,-2.837766945302369E+001,3.638452317884583E+001,
6.205278592375366E+009,-2.855580780803937E+001,1.737658649628400E+001,
6.209188660801564E+009,-2.889621486198534E+001,-1.412672076243634E+000,
6.213098729227762E+009,-2.932649701223882E+001,-2.062057962065742E+001,
6.217008797653959E+009,-2.973801459749087E+001,-3.812278295169388E+001,
6.220918866080156E+009,-3.010436841882067E+001,-5.169580736531595E+001,
6.224828934506353E+009,-2.977821999889708E+001,-6.735640468896052E+001,
6.228739002932551E+009,-2.937063378565066E+001,-8.424757860762446E+001,
6.232649071358749E+009,-2.916450397245181E+001,-1.041383700122397E+002,
6.236559139784946E+009,-2.923287609872649E+001,-1.228624643818252E+002,
6.240469208211144E+009,-2.920721496415883E+001,-1.391272431147026E+002,
6.244379276637341E+009,-2.884509270915120E+001,-1.580603953196092E+002,
6.248289345063539E+009,-2.900467259300101E+001,-1.785315917385316E+002,
6.252199413489737E+009,-2.921648469897018E+001,1.650396373546153E+002,
6.256109481915934E+009,-2.906683314640151E+001,1.476847232301986E+002,
6.260019550342131E+009,-2.894212525488202E+001,1.309622952546870E+002,
6.263929618768329E+009,-2.852174781828235E+001,1.135173734472753E+002,
6.267839687194526E+009,-2.812458504818974E+001,9.328041761966499E+001,
6.271749755620724E+009,-2.787448278618960E+001,7.368853409051079E+001,
6.275659824046921E+009,-2.799185288436722E+001,5.278746556648982E+001,
6.279569892473118E+009,-2.795379971170377E+001,3.539961675983473E+001,
6.283479960899316E+009,-2.747420353037510E+001,1.743932245782990E+001,
6.287390029325514E+009,-2.721028491596573E+001,-3.670517947374770E+000,
6.291300097751711E+009,-2.699765939079235E+001,-2.394273281690352E+001,
6.295210166177908E+009,-2.697156482886200E+001,-4.570614108678302E+001,
6.299120234604105E+009,-2.712020718969912E+001,-6.638317811955923E+001,
6.303030303030303E+009,-2.723854735323663E+001,-8.507897792584176E+001,
6.306940371456501E+009,-2.730207863275922E+001,-1.059464518807364E+002,
6.310850439882698E+009,-2.731849240922734E+001,-1.259570273376824E+002,
6.314760508308895E+009,-2.761299553551151E+001,-1.461937314778212E+002,
6.318670576735093E+009,-2.788664705937813E+001,-1.644088090341331E+002,
6.322580645161290E+009,-2.795495374587194E+001,1.785765790772427E+002,
6.326490713587488E+009,-2.768225298773372E+001,1.590997469939438E+002,
6.330400782013685E+009,-2.784829156641055E+001,1.370181651414102E+002,
6.334310850439882E+009,-2.835287662139373E+001,1.186068446640180E+002,
6.338220918866080E+009,-2.844799569833591E+001,1.014955344918492E+002,
6.342130987292278E+009,-2.845795218983277E+001,8.369792366928145E+001,
6.346041055718475E+009,-2.832450704637154E+001,6.616866953799980E+001,
6.349951124144672E+009,-2.820586349213186E+001,4.709447255623496E+001,
6.353861192570869E+009,-2.822705988166344E+001,2.724962679968506E+001,
6.357771260997068E+009,-2.822003001291648E+001,7.763521856228171E+000,
6.361681329423266E+009,-2.816167810923383E+001,-1.189211353100726E+001,
6.365591397849463E+009,-2.811338593325250E+001,-3.213214028695933E+001,
6.369501466275660E+009,-2.862346690375653E+001,-5.350724476893082E+001,
6.373411534701857E+009,-2.936438884075179E+001,-7.112143093048552E+001,
6.377321603128055E+009,-2.940866149709589E+001,-8.538497740349925E+001,
6.381231671554253E+009,-2.914303659616434E+001,-1.030533095226698E+002,
6.385141739980450E+009,-2.882365219421568E+001,-1.202058468534291E+002,
6.389051808406647E+009,-2.869723107313584E+001,-1.417908090905738E+002,
6.392961876832845E+009,-2.878299177894443E+001,-1.604986285101692E+002,
6.396871945259043E+009,-2.881492752054209E+001,-1.780214591075911E+002,
6.400782013685240E+009,-2.857133121684781E+001,1.619067290013460E+002,
6.404692082111437E+009,-2.871836606638156E+001,1.410053472245483E+002,
6.408602150537634E+009,-2.912485953829034E+001,1.208168617372216E+002,
6.412512218963832E+009,-2.953000523142880E+001,1.037283914545562E+002,
6.416422287390030E+009,-2.926589606900608E+001,8.864528220561503E+001,
6.420332355816227E+009,-2.889524521643460E+001,6.974930125684884E+001,
6.424242424242424E+009,-2.887452804425351E+001,4.799112368256767E+001,
6.428152492668621E+009,-2.897630317422837E+001,2.934298456654638E+001,
6.432062561094819E+009,-2.901497020809536E+001,8.867639323736880E+000,
6.435972629521017E+009,-2.919012477580527E+001,-9.205383276164005E+000,
6.439882697947214E+009,-2.912282338716096E+001,-2.825448964427845E+001,
6.443792766373411E+009,-2.934319693694096E+001,-4.741509128874919E+001,
6.447702834799609E+009,-2.947538047715412E+001,-6.653064766039660E+001,
6.451612903225807E+009,-2.962346355653891E+001,-8.336726791821498E+001,
6.455522971652004E+009,-2.956906114537082E+001,-1.017932474783785E+002,
6.459433040078201E+009,-2.961950878381915E+001,-1.198238884356622E+002,
6.463343108504398E+009,-2.921685577563155E+001,-1.374286640831503E+002,
6.467253176930596E+009,-2.907805401951981E+001,-1.598499096414965E+002,
6.471163245356794E+009,-2.947725530327656E+001,-1.795793428649841E+002,
6.475073313782991E+009,-2.938544347656499E+001,1.624799749452579E+002,
6.478983382209189E+009,-2.938136464154390E+001,1.427678842874192E+002,
6.482893450635386E+009,-2.926750334657885E+001,1.219680603864692E+002,
6.486803519061584E+009,-2.998964889817076E+001,9.980190635746362E+001,
6.490713587487782E+009,-3.059129991316219E+001,8.194387372058232E+001,
6.494623655913979E+009,-3.098130555718329E+001,6.629225467462365E+001,
6.498533724340176E+009,-3.095283482948517E+001,4.857490719808990E+001,
6.502443792766374E+009,-3.106438230447480E+001,3.047706211177198E+001,
6.506353861192571E+009,-3.129185837448344E+001,1.401809667303842E+001,
6.510263929618769E+009,-3.127463049336436E+001,-2.938487953313515E+000,
6.514173998044966E+009,-3.113862561746406E+001,-2.046938920387109E+001,
6.518084066471163E+009,-3.104547271338589E+001,-3.751993857927513E+001,
6.521994134897361E+009,-3.081054972441289E+001,-5.725064702925982E+001,
6.525904203323559E+009,-3.085203553464195E+001,-7.801796954205686E+001,
6.529814271749756E+009,-3.119317848254991E+001,-9.710270893412751E+001,
6.533724340175953E+009,-3.189033302625271E+001,-1.153276976016069E+002,
6.537634408602150E+009,-3.192245578973247E+001,-1.306935450677584E+002,
6.541544477028348E+009,-3.185888785382279E+001,-1.477803684769924E+002,
6.545454545454546E+009,-3.215799787374783E+001,-1.665296920021173E+002,
6.549364613880743E+009,-3.230860575048190E+001,1.771018329024912E+002,
6.553274682306940E+009,-3.271641269190227E+001,1.633899384329251E+002,
6.557184750733138E+009,-3.202343809994196E+001,1.484100202325530E+002,
6.561094819159335E+009,-3.158843934083254E+001,1.318630670469628E+002,
6.565004887585533E+009,-3.160105320653946E+001,1.116801517298361E+002,
6.568914956011730E+009,-3.146216565905934E+001,9.396595131727749E+001,
6.572825024437927E+009,-3.159091095895139E+001,7.513080348723609E+001,
6.576735092864125E+009,-3.157900853710230E+001,6.141132600924410E+001,
6.580645161290323E+009,-3.096411314770732E+001,4.644208766654628E+001,
6.584555229716520E+009,-3.018587254063553E+001,2.911207642962601E+001,
6.588465298142717E+009,-2.934860589287288E+001,9.032133178583012E+000,
6.592375366568914E+009,-2.889582050499946E+001,-1.386980353191895E+001,
6.596285434995112E+009,-2.877076572713023E+001,-3.626663467064377E+001,
6.600195503421310E+009,-2.899225525267632E+001,-5.737852247663329E+001,
6.604105571847508E+009,-2.898999651884210E+001,-7.615557811968904E+001,
6.608015640273705E+009,-2.869737634004166E+001,-9.581570251881855E+001,
6.611925708699902E+009,-2.884601109241983E+001,-1.194223328599758E+002,
6.615835777126100E+009,-2.954002247910276E+001,-1.393991510899536E+002,
6.619745845552298E+009,-3.009895553995703E+001,-1.534515781763141E+002,
6.623655913978495E+009,-2.966066417541865E+001,-1.684881096892819E+002,
6.627565982404692E+009,-2.912538129189012E+001,1.728734611481406E+002,
6.631476050830890E+009,-2.875076853369197E+001,1.516033694462896E+002,
6.635386119257088E+009,-2.855701584976716E+001,1.307474520667897E+002,
6.639296187683285E+009,-2.874581613371525E+001,1.086694848242662E+002,
6.643206256109482E+009,-2.903217271978947E+001,8.812592893958414E+001,
6.647116324535679E+009,-2.929379903788143E+001,6.931873047856215E+001,
6.651026392961877E+009,-2.928056186502218E+001,5.064818927284616E+001,
6.654936461388075E+009,-2.960408928528438E+001,3.006331284687575E+001,
6.658846529814272E+009,-3.015376434614156E+001,1.062767320396069E+001,
6.662756598240469E+009,-3.056708511332868E+001,-5.507294304996419E+000,
6.666666666666666E+009,-3.070860555244344E+001,-1.993133747198776E+001,
6.670576735092864E+009,-3.049049707333152E+001,-3.592167057316910E+001,
6.674486803519062E+009,-2.983155290886321E+001,-5.330684435148414E+001,
6.678396871945259E+009,-2.940395416860854E+001,-7.390472145855608E+001,
6.682306940371456E+009,-2.930048244693652E+001,-9.457838616418127E+001,
6.686217008797654E+009,-2.947981234021259E+001,-1.155199025670445E+002,
6.690127077223852E+009,-2.989114163281313E+001,-1.371708692687128E+002,
6.694037145650049E+009,-3.041686113237859E+001,-1.534004879447563E+002,
6.697947214076246E+009,-3.036701112867815E+001,-1.702903221185980E+002,
6.701857282502443E+009,-3.057142338603089E+001,1.726457163968674E+002,
6.705767350928641E+009,-3.038893893373981E+001,1.566548993722476E+002,
6.709677419354839E+009,-3.015994749597569E+001,1.388267282853181E+002,
6.713587487781036E+009,-2.968517455525356E+001,1.198906862917172E+002,
6.717497556207233E+009,-2.931768712165660E+001,9.805398168699358E+001,
6.721407624633431E+009,-2.965672616651049E+001,7.653404445728975E+001,
6.725317693059629E+009,-2.991239464277549E+001,5.717349357799096E+001,
6.729227761485827E+009,-3.045850519527855E+001,3.967176337614069E+001,
6.733137829912024E+009,-3.030166357309388E+001,2.385437181422217E+001,
6.737047898338221E+009,-3.014057633972956E+001,5.240245858673022E+000,
6.740957966764419E+009,-3.005033672904753E+001,-1.463191079410577E+001,
6.744868035190616E+009,-3.047933583669794E+001,-3.282393503293667E+001,
6.748778103616814E+009,-3.065258161172748E+001,-4.909041270392881E+001,
6.752688172043011E+009,-3.034145842676477E+001,-6.446649282379799E+001,
6.756598240469208E+009,-2.954033509579359E+001,-8.292554481195870E+001,
6.760508308895406E+009,-2.909421264322477E+001,-1.040227275616767E+002,
6.764418377321604E+009,-2.894843530229604E+001,-1.279736832527638E+002,
6.768328445747801E+009,-2.951314520016109E+001,-1.489054554612544E+002,
6.772238514173998E+009,-2.986998845559079E+001,-1.685161008296239E+002,
6.776148582600195E+009,-3.013137931083038E+001,1.736339698509700E+002,
6.780058651026393E+009,-3.026155311993309E+001,1.528600791258370E+002,
6.783968719452591E+009,-3.087294833770532E+001,1.337997764650022E+002,
6.787878787878788E+009,-3.144699650657145E+001,1.158321348636445E+002,
6.791788856304985E+009,-3.223510653082806E+001,1.024305282546186E+002,
6.795698924731183E+009,-3.212712817850293E+001,9.219917589302828E+001,
6.799608993157380E+009,-3.149669536328058E+001,7.742404123252931E+001,
6.803519061583578E+009,-3.064231871057577E+001,5.924614775593809E+001,
6.807429130009775E+009,-3.030201561871223E+001,3.563190301452483E+001,
6.811339198435972E+009,-3.076983735392320E+001,1.529303317322165E+001,
6.815249266862170E+009,-3.106990322775113E+001,-2.792795402122937E+000,
6.819159335288368E+009,-3.130332660122096E+001,-2.065107811225451E+001,
6.823069403714565E+009,-3.157665441559516E+001,-3.563520956529906E+001,
6.826979472140762E+009,-3.147851707004390E+001,-5.116544566607570E+001,
6.830889540566959E+009,-3.132647360252129E+001,-6.732602137850830E+001,
6.834799608993157E+009,-3.100573203997482E+001,-8.209352635663727E+001,
6.838709677419355E+009,-3.040791540227105E+001,-9.761630077406566E+001,
6.842619745845552E+009,-2.969767740719994E+001,-1.174045330179300E+002,
6.846529814271750E+009,-2.935275653744478E+001,-1.388296943380936E+002,
6.850439882697948E+009,-2.957688369001410E+001,-1.596558718517813E+002,
6.854349951124145E+009,-2.982296814967920E+001,-1.777007587288692E+002,
6.858260019550343E+009,-2.966351356765007E+001,1.631281423049837E+002,
6.862170087976540E+009,-2.965410571093689E+001,1.455545548761744E+002,
6.866080156402737E+009,-2.982320531711603E+001,1.271021836993428E+002,
6.869990224828935E+009,-2.995864661023262E+001,1.128096435545687E+002,
6.873900293255133E+009,-2.931054625635388E+001,9.700942158102794E+001,
6.877810361681330E+009,-2.903500142997255E+001,7.719837655504779E+001,
6.881720430107527E+009,-2.849076312396828E+001,6.003734157705635E+001,
6.885630498533724E+009,-2.799242758793512E+001,4.024028505242804E+001,
6.889540566959922E+009,-2.772716224348464E+001,2.063917493863098E+001,
6.893450635386120E+009,-2.738265171879369E+001,8.055189170149304E-001,
6.897360703812317E+009,-2.722085308029877E+001,-2.018658800855628E+001,
6.901270772238514E+009,-2.704718382452927E+001,-4.039798732181427E+001,
6.905180840664711E+009,-2.710090631150323E+001,-6.244673886573170E+001,
6.909090909090909E+009,-2.700176287786875E+001,-8.281939578583874E+001,
6.913000977517107E+009,-2.737769590164644E+001,-1.029931133887041E+002,
6.916911045943304E+009,-2.776183063348537E+001,-1.206170444282020E+002,
6.920821114369501E+009,-2.765919275284085E+001,-1.368162200250009E+002,
6.924731182795699E+009,-2.736972048004175E+001,-1.543657191088851E+002,
6.928641251221897E+009,-2.699142801856832E+001,-1.729716822951928E+002,
6.932551319648094E+009,-2.653482214861879E+001,1.661429313281366E+002,
6.936461388074291E+009,-2.644025979445799E+001,1.431193382856736E+002,
6.940371456500488E+009,-2.658588871256903E+001,1.226447511080363E+002,
6.944281524926686E+009,-2.676802640094164E+001,1.022872556209283E+002,
6.948191593352884E+009,-2.699698060576280E+001,8.261992403887615E+001,
6.952101661779081E+009,-2.709850335434919E+001,6.403487831112970E+001,
6.956011730205278E+009,-2.718731473721683E+001,4.481429196955912E+001,
6.959921798631475E+009,-2.744617361599672E+001,2.521327733185208E+001,
6.963831867057674E+009,-2.748202077368614E+001,6.812463555666517E+000,
6.967741935483872E+009,-2.762025621601955E+001,-1.152337969343690E+001,
6.971652003910069E+009,-2.750931112049811E+001,-3.113106093115583E+001,
6.975562072336266E+009,-2.772415286719620E+001,-5.119183375519499E+001,
6.979472140762464E+009,-2.811330666948484E+001,-6.944002428546035E+001,
6.983382209188661E+009,-2.817960274809299E+001,-8.694104156033409E+001,
6.987292277614859E+009,-2.816608479385801E+001,-1.033137462151452E+002,
6.991202346041056E+009,-2.806111730218143E+001,-1.199064094669295E+002,
6.995112414467253E+009,-2.761749369998778E+001,-1.398993321986774E+002,
6.999022482893451E+009,-2.758749998622784E+001,-1.603424432480832E+002,
7.002932551319649E+009,-2.755134940921893E+001,-1.784174127793041E+002,
7.006842619745846E+009,-2.738139174950590E+001,1.615431305239797E+002,
7.010752688172043E+009,-2.719413599553821E+001,1.414731768588430E+002,
7.014662756598240E+009,-2.732529883160211E+001,1.192266475347288E+002,
7.018572825024438E+009,-2.776477808718038E+001,9.784307296040348E+001,
7.022482893450636E+009,-2.836774318805130E+001,7.944075440682077E+001,
7.026392961876833E+009,-2.860695441145324E+001,6.221139641231737E+001,
7.030303030303030E+009,-2.877383606395208E+001,4.500091885716269E+001,
7.034213098729228E+009,-2.862759496910162E+001,2.872498370040310E+001,
7.038123167155425E+009,-2.823734957154299E+001,8.680505837437709E+000,
7.042033235581623E+009,-2.846897951143887E+001,-1.325060108789090E+001,
7.045943304007820E+009,-2.886447282122954E+001,-3.303528531495277E+001,
7.049853372434017E+009,-2.924756215970610E+001,-5.046998730446358E+001,
7.053763440860215E+009,-2.915902367896723E+001,-6.743101640743659E+001,
7.057673509286413E+009,-2.917969842094890E+001,-8.657406269075085E+001,
7.061583577712610E+009,-2.912232305767557E+001,-1.064392269959311E+002,
7.065493646138807E+009,-2.936779465607501E+001,-1.270486966497161E+002,
7.069403714565004E+009,-2.998497675310100E+001,-1.455799763703853E+002,
7.073313782991202E+009,-3.034635687928265E+001,-1.625987570000318E+002,
7.077223851417400E+009,-3.045991903474899E+001,-1.778608665301908E+002,
7.081133919843597E+009,-3.040848457695664E+001,1.658350711083968E+002,
7.085043988269795E+009,-3.018388568844738E+001,1.482081372672389E+002,
7.088954056695993E+009,-3.024433261026012E+001,1.277835953957627E+002,
7.092864125122190E+009,-3.041371292500499E+001,1.088435906053403E+002,
7.096774193548388E+009,-3.099125055023967E+001,9.254129912720585E+001,
7.100684261974585E+009,-3.107686815257892E+001,7.786275585022780E+001,
7.104594330400782E+009,-3.042033884159869E+001,6.130643246786741E+001,
7.108504398826980E+009,-3.014038527368552E+001,4.112836800743677E+001,
7.112414467253178E+009,-3.023877523391854E+001,2.227924127027124E+001,
7.116324535679375E+009,-3.023497065111255E+001,3.527461242813633E+000,
7.120234604105572E+009,-3.019040857467165E+001,-1.433711694218840E+001,
7.124144672531769E+009,-3.009349635923112E+001,-3.315802584398270E+001,
7.128054740957967E+009,-3.013295425216739E+001,-5.342415157109688E+001,
7.131964809384165E+009,-3.029489766591555E+001,-7.049933608559653E+001,
7.135874877810362E+009,-3.044049212767106E+001,-9.012767911311755E+001,
7.139784946236559E+009,-3.090461243159402E+001,-1.055368627843375E+002,
7.143695014662756E+009,-3.075995434815651E+001,-1.182505414050111E+002,
7.147605083088954E+009,-2.983853399804103E+001,-1.347435552960533E+002,
7.151515151515152E+009,-2.902581885627707E+001,-1.553636854089519E+002,
7.155425219941349E+009,-2.864122626868767E+001,-1.779831413685427E+002,
7.159335288367546E+009,-2.881175945442958E+001,1.595700745165090E+002,
7.163245356793744E+009,-2.890342481322121E+001,1.398898844791420E+002,
7.167155425219942E+009,-2.911191182566969E+001,1.189680767014803E+002,
7.171065493646139E+009,-2.946453917480662E+001,9.894268632851413E+001,
7.174975562072336E+009,-3.009904451280578E+001,8.284894097326122E+001,
7.178885630498533E+009,-2.985881240118602E+001,6.781223633100400E+001,
7.182795698924731E+009,-2.935353789529125E+001,5.167074384546950E+001,
7.186705767350929E+009,-2.842969733322900E+001,3.184459497018898E+001,
7.190615835777126E+009,-2.782185938624055E+001,7.977648480602308E+000,
7.194525904203323E+009,-2.774034995258347E+001,-1.548203682986476E+001,
7.198435972629520E+009,-2.801496734902486E+001,-3.941480833634691E+001,
7.202346041055718E+009,-2.847475152827305E+001,-6.185171242836178E+001,
7.206256109481916E+009,-2.905055070964510E+001,-8.224969075282424E+001,
7.210166177908114E+009,-2.960603193103800E+001,-1.023285840580521E+002,
7.214076246334311E+009,-3.001727032219738E+001,-1.217908326341504E+002,
7.217986314760509E+009,-3.068673934689048E+001,-1.381520887217244E+002,
7.221896383186706E+009,-3.095527738458685E+001,-1.541096729078662E+002,
7.225806451612904E+009,-3.073552439247422E+001,-1.690965976458069E+002,
7.229716520039101E+009,-3.041834752709318E+001,1.719254426499395E+002,
7.233626588465298E+009,-3.019948002662494E+001,1.513585153028120E+002,
7.237536656891496E+009,-2.997033239687715E+001,1.298831546405512E+002,
7.241446725317694E+009,-3.006854823381292E+001,1.057602819259884E+002,
7.245356793743891E+009,-3.085169035118831E+001,8.185139802777999E+001,
7.249266862170088E+009,-3.179022443935326E+001,6.426240084008236E+001,
7.253176930596285E+009,-3.262831930774243E+001,4.573140578270737E+001,
7.257086999022483E+009,-3.311965353392688E+001,2.998339540061427E+001,
7.260997067448681E+009,-3.370567032230114E+001,1.349830361955146E+001,
7.264907135874878E+009,-3.427457090576439E+001,-7.906479867922520E-001,
7.268817204301075E+009,-3.439712311362452E+001,-1.419978456238287E+001,
7.272727272727273E+009,-3.407361065745123E+001,-2.722857461887707E+001,
7.276637341153470E+009,-3.355548841511362E+001,-4.467402980762208E+001,
7.280547409579668E+009,-3.324670478995168E+001,-6.532905705428281E+001,
7.284457478005865E+009,-3.368384685632952E+001,-8.340367396354540E+001,
7.288367546432062E+009,-3.377205676153319E+001,-1.000591612363098E+002,
7.292277614858260E+009,-3.370065773414454E+001,-1.177322811784705E+002,
7.296187683284458E+009,-3.391106032297782E+001,-1.353203573941765E+002,
7.300097751710655E+009,-3.405185475462920E+001,-1.516233039684057E+002,
7.304007820136852E+009,-3.424006005608237E+001,-1.669968712251451E+002,
7.307917888563049E+009,-3.437699629851327E+001,1.790932826708467E+002,
7.311827956989247E+009,-3.376982216625854E+001,1.677336945213784E+002,
7.315738025415445E+009,-3.265475323158188E+001,1.493579011977556E+002,
7.319648093841642E+009,-3.203369206448852E+001,1.282207525324324E+002,
7.323558162267839E+009,-3.177654606545268E+001,1.067584563106082E+002,
7.327468230694037E+009,-3.177771655282975E+001,8.623674892878216E+001,
7.331378299120235E+009,-3.210526766220405E+001,6.678885827543472E+001,
7.335288367546433E+009,-3.223902754781305E+001,5.077461276490757E+001,
7.339198435972630E+009,-3.214466506828728E+001,3.530718294025822E+001,
7.343108504398827E+009,-3.184180867711147E+001,1.965410744850074E+001,
7.347018572825025E+009,-3.124293469805478E+001,4.063973727890986E+000,
7.350928641251223E+009,-3.043522223889575E+001,-1.380687894044247E+001,
7.354838709677420E+009,-2.963420074926433E+001,-3.425873880853862E+001,
7.358748778103617E+009,-2.915583875242160E+001,-5.524500789961282E+001,
7.362658846529814E+009,-2.875137333466752E+001,-7.612350188162270E+001,
7.366568914956012E+009,-2.843950920714356E+001,-9.751334371081377E+001,
7.370478983382210E+009,-2.827668100872737E+001,-1.202733016155363E+002,
7.374389051808407E+009,-2.851660370585024E+001,-1.424593536096579E+002,
7.378299120234604E+009,-2.867860954708259E+001,-1.610330822451180E+002,
7.382209188660801E+009,-2.886386860952506E+001,-1.792035690367726E+002,
7.386119257086999E+009,-2.868013158436099E+001,1.630603527633098E+002,
7.390029325513197E+009,-2.825470641267269E+001,1.437087830563157E+002,
7.393939393939394E+009,-2.788997275319408E+001,1.247566370264373E+002,
7.397849462365591E+009,-2.761284530680025E+001,1.046123493205149E+002,
7.401759530791789E+009,-2.726055043930229E+001,8.324783830909401E+001,
7.405669599217987E+009,-2.714969444273305E+001,6.077132095221029E+001,
7.409579667644184E+009,-2.715680088123995E+001,3.950008065853977E+001,
7.413489736070381E+009,-2.716948964857959E+001,1.907656489012221E+001,
7.417399804496578E+009,-2.708393919732956E+001,-2.689907863651394E+000,
7.421309872922776E+009,-2.735520101747588E+001,-2.562158276303679E+001,
7.425219941348974E+009,-2.786776573780679E+001,-4.522122059838026E+001,
7.429130009775171E+009,-2.821946125529954E+001,-6.406390385520730E+001,
7.433040078201368E+009,-2.842149633292426E+001,-8.333053796801893E+001,
7.436950146627565E+009,-2.879037861712511E+001,-1.007317121430749E+002,
7.440860215053763E+009,-2.864809188229420E+001,-1.171384112892011E+002,
7.444770283479961E+009,-2.828466990769848E+001,-1.367629461219920E+002,
7.448680351906158E+009,-2.821372872030853E+001,-1.564347682463822E+002,
7.452590420332356E+009,-2.809194227110375E+001,-1.778729310042298E+002,
7.456500488758554E+009,-2.824014165307780E+001,1.612502776033313E+002,
7.460410557184751E+009,-2.869751011642576E+001,1.396817775184492E+002,
7.464320625610949E+009,-2.919977634256085E+001,1.210389101725679E+002,
7.468230694037146E+009,-2.973057965983445E+001,1.023589726110484E+002,
7.472140762463343E+009,-3.010518767473864E+001,8.686451395025372E+001,
7.476050830889541E+009,-2.991136634475690E+001,7.037747185857641E+001,
7.479960899315739E+009,-2.982170382563905E+001,5.246734342847083E+001,
7.483870967741936E+009,-2.973340360973710E+001,3.355863981930155E+001,
7.487781036168133E+009,-2.951549384541409E+001,1.579712669939093E+001,
7.491691104594330E+009,-2.944214456731749E+001,-4.417950146158267E+000,
7.495601173020528E+009,-2.964258444060352E+001,-2.475869607992032E+001,
7.499511241446726E+009,-2.993038534066434E+001,-4.286208097374379E+001,
7.503421309872923E+009,-3.014669790041167E+001,-6.076380628236657E+001,
7.507331378299120E+009,-3.011898216546926E+001,-7.795831827054968E+001,
7.511241446725318E+009,-3.030453349955055E+001,-9.743567959977973E+001,
7.515151515151515E+009,-3.049990304776999E+001,-1.155119227020677E+002,
7.519061583577713E+009,-3.043744324103853E+001,-1.322978541950627E+002,
7.522971652003910E+009,-3.043386061044975E+001,-1.506335146045628E+002,
7.526881720430107E+009,-3.055746871354532E+001,-1.664181430404061E+002,
7.530791788856305E+009,-3.031566723117481E+001,1.762130776692139E+002,
7.534701857282503E+009,-3.000273813151285E+001,1.591935485458946E+002,
7.538611925708700E+009,-2.971645183110377E+001,1.397655043892231E+002,
7.542521994134897E+009,-2.961232600029145E+001,1.202718043400896E+002,
7.546432062561094E+009,-2.979758206853350E+001,1.008356144209543E+002,
7.550342130987292E+009,-2.985619238910942E+001,8.217007891454274E+001,
7.554252199413490E+009,-2.979052476923347E+001,6.336002086209938E+001,
7.558162267839687E+009,-2.989305582430785E+001,4.441264015551302E+001,
7.562072336265884E+009,-3.004157451845255E+001,2.856766502677005E+001,
7.565982404692082E+009,-2.969507822612872E+001,1.080883172705143E+001,
7.569892473118280E+009,-2.962392618108513E+001,-7.530580623994805E+000,
7.573802541544478E+009,-2.937451201640155E+001,-2.591147026313772E+001,
7.577712609970675E+009,-2.924964587173569E+001,-4.411270798728818E+001,
7.581622678396872E+009,-2.881569739106756E+001,-6.337038560346738E+001,
7.585532746823070E+009,-2.866366481692047E+001,-8.381223877696516E+001,
7.589442815249268E+009,-2.883141823491918E+001,-1.049556864711368E+002,
7.593352883675465E+009,-2.920662388139204E+001,-1.246313756595513E+002,
7.597262952101662E+009,-2.954771549212027E+001,-1.411579872026945E+002,
7.601173020527859E+009,-2.965768203693878E+001,-1.580245723269999E+002,
7.605083088954057E+009,-2.942215311481011E+001,-1.748780890337268E+002,
7.608993157380255E+009,-2.914401423765730E+001,1.670556853526878E+002,
7.612903225806452E+009,-2.909237855073283E+001,1.490272842509223E+002,
7.616813294232649E+009,-2.869034249319660E+001,1.318137732889280E+002,
7.620723362658846E+009,-2.814283009391346E+001,1.121772153362823E+002,
7.624633431085044E+009,-2.788465530645889E+001,9.002164138236510E+001,
7.628543499511242E+009,-2.802838833750604E+001,6.930855765225401E+001,
7.632453567937439E+009,-2.833141752083046E+001,5.013267999822229E+001,
7.636363636363636E+009,-2.848454772129783E+001,3.110608820374707E+001,
7.640273704789834E+009,-2.854935600083594E+001,1.398990732199783E+001,
7.644183773216032E+009,-2.858927577347393E+001,-4.625873965408565E+000,
7.648093841642229E+009,-2.878163687223786E+001,-2.056067747763041E+001,
7.652003910068426E+009,-2.840863130650373E+001,-3.708264864776566E+001,
7.655913978494623E+009,-2.816796455470934E+001,-5.581424746856153E+001,
7.659824046920821E+009,-2.783993399020467E+001,-7.351951893816273E+001,
7.663734115347019E+009,-2.736587907051512E+001,-9.262869730378138E+001,
7.667644183773216E+009,-2.704802810227577E+001,-1.146173210631731E+002,
7.671554252199413E+009,-2.709465476826732E+001,-1.367816840239185E+002,
7.675464320625610E+009,-2.730171220449744E+001,-1.569137804157457E+002,
7.679374389051808E+009,-2.754569389837662E+001,-1.759744050678916E+002,
7.683284457478006E+009,-2.760610652080164E+001,1.662152228434338E+002,
7.687194525904203E+009,-2.762111225528530E+001,1.467178791793272E+002,
7.691104594330401E+009,-2.785602834822820E+001,1.272063174027306E+002,
7.695014662756599E+009,-2.813014944237423E+001,1.101330684938244E+002,
7.698924731182797E+009,-2.783516767781276E+001,9.402100438037836E+001,
7.702834799608994E+009,-2.755065846913753E+001,7.575623892593816E+001,
7.706744868035191E+009,-2.719864969503907E+001,5.706322760708292E+001,
7.710654936461388E+009,-2.707478355464426E+001,3.609521649261682E+001,
7.714565004887586E+009,-2.699864956612304E+001,1.542001628338728E+001,
7.718475073313784E+009,-2.712608546530575E+001,-5.431225678112522E+000,
7.722385141739981E+009,-2.743530706172230E+001,-2.440421390756730E+001,
7.726295210166178E+009,-2.756894555046842E+001,-4.141248677931014E+001,
7.730205278592375E+009,-2.747252318045823E+001,-5.986786867204155E+001,
7.734115347018573E+009,-2.755058674076647E+001,-7.721458167642047E+001,
7.738025415444771E+009,-2.738499003170736E+001,-9.530814939318827E+001,
7.741935483870968E+009,-2.720686605367900E+001,-1.149310834801901E+002,
7.745845552297165E+009,-2.707981313746267E+001,-1.336168406296380E+002,
7.749755620723363E+009,-2.686684398875501E+001,-1.534299327845388E+002,
7.753665689149560E+009,-2.664983387984147E+001,-1.738894318700235E+002,
7.757575757575758E+009,-2.683282980621371E+001,1.646289923469253E+002,
7.761485826001955E+009,-2.708472855705784E+001,1.451339329431011E+002,
7.765395894428152E+009,-2.751127392446492E+001,1.252309254234949E+002,
7.769305962854350E+009,-2.793376553820874E+001,1.091665085547463E+002,
7.773216031280548E+009,-2.795788025609134E+001,9.339141762860331E+001,
7.777126099706745E+009,-2.757451118252845E+001,7.727709968375257E+001,
7.781036168132942E+009,-2.701560727928059E+001,5.838822559759868E+001,
7.784946236559139E+009,-2.674391236223529E+001,3.762172196614040E+001,
7.788856304985337E+009,-2.672318155404886E+001,1.762081669171631E+001,
7.792766373411535E+009,-2.667760066059898E+001,-3.037917049971471E+000,
7.796676441837732E+009,-2.664689777236529E+001,-2.329157656994060E+001,
7.800586510263929E+009,-2.673286716783103E+001,-4.502168245778357E+001,
7.804496578690127E+009,-2.695119036886052E+001,-6.527932840309623E+001,
7.808406647116324E+009,-2.771720376720034E+001,-8.418411754175980E+001,
7.812316715542522E+009,-2.792963022754201E+001,-9.919470719845502E+001,
7.816226783968720E+009,-2.797649645816465E+001,-1.161142048299435E+002,
7.820136852394917E+009,-2.777916329275104E+001,-1.338275741583809E+002,
7.824046920821115E+009,-2.736332313977348E+001,-1.504049661629273E+002,
7.827956989247313E+009,-2.689058417504528E+001,-1.710725827368715E+002,
7.831867057673510E+009,-2.677177234488623E+001,1.668030888884287E+002,
7.835777126099707E+009,-2.686859809239512E+001,1.460841477614747E+002,
7.839687194525904E+009,-2.701387419967901E+001,1.241606208901521E+002,
7.843597262952102E+009,-2.746743580762586E+001,1.034640491572355E+002,
7.847507331378300E+009,-2.801309869263321E+001,8.343549850320166E+001,
7.851417399804497E+009,-2.870178386098138E+001,6.673721794267627E+001,
7.855327468230694E+009,-2.897193682604541E+001,5.068212963754750E+001,
7.859237536656891E+009,-2.878176343938776E+001,3.486074704839249E+001,
7.863147605083089E+009,-2.880163537510793E+001,1.691479059314088E+001,
7.867057673509287E+009,-2.864391307030025E+001,1.406120389231045E+000,
7.870967741935484E+009,-2.810463595918888E+001,-1.788712704081418E+001,
7.874877810361681E+009,-2.793570784110895E+001,-3.934359025646594E+001,
7.878787878787879E+009,-2.811033880102707E+001,-5.929177693819339E+001,
7.882697947214077E+009,-2.818805518459449E+001,-7.901919346371894E+001,
7.886608015640274E+009,-2.847793730813305E+001,-9.994808752887150E+001,
7.890518084066471E+009,-2.899046337389406E+001,-1.184836502971325E+002,
7.894428152492668E+009,-2.928220938099745E+001,-1.352277449586181E+002,
7.898338220918866E+009,-2.929287412310454E+001,-1.502775587280614E+002,
7.902248289345064E+009,-2.937525077919815E+001,-1.675732958073436E+002,
7.906158357771261E+009,-2.929615055488953E+001,1.755454212681233E+002,
7.910068426197458E+009,-2.887484062787041E+001,1.586908657498679E+002,
7.913978494623655E+009,-2.860285305462910E+001,1.398028656161200E+002,
7.917888563049853E+009,-2.847631595990019E+001,1.207013146335493E+002,
7.921798631476051E+009,-2.818544175691313E+001,1.003763000927187E+002,
7.925708699902248E+009,-2.813226934578860E+001,7.945544424707562E+001,
7.929618768328445E+009,-2.825714836608814E+001,5.858413607040338E+001,
7.933528836754643E+009,-2.853628477739445E+001,3.861824317314966E+001,
7.937438905180841E+009,-2.903293181891426E+001,1.975863931440001E+001,
7.941348973607039E+009,-2.934855032193041E+001,3.717363133884869E+000,
7.945259042033236E+009,-2.939988924147437E+001,-1.442863588552090E+001,
7.949169110459433E+009,-2.947115903873014E+001,-3.066244623734743E+001,
7.953079178885631E+009,-2.908859943975244E+001,-4.848096312907438E+001,
7.956989247311829E+009,-2.885309395305417E+001,-6.689829181916123E+001,
7.960899315738026E+009,-2.893920340343548E+001,-8.720781978449153E+001,
7.964809384164223E+009,-2.909847605924720E+001,-1.062352851230854E+002,
7.968719452590420E+009,-2.920806504924801E+001,-1.248691795497431E+002,
7.972629521016618E+009,-2.940380458613828E+001,-1.435285374466504E+002,
7.976539589442816E+009,-2.962218330043712E+001,-1.617147880285574E+002,
7.980449657869013E+009,-2.970104639030019E+001,-1.782681983760470E+002,
7.984359726295210E+009,-2.987690763170726E+001,1.643989453730264E+002,
7.988269794721408E+009,-2.980610281512610E+001,1.491336010746596E+002,
7.992179863147605E+009,-2.958235520299817E+001,1.311532058734122E+002,
7.996089931573803E+009,-2.934608019779041E+001,1.137104061880580E+002,
8.000000000000000E+009,-2.888470364318298E+001,9.476337415669855E+001,
