% Version 1.00
%
%freq[Hz];db:Trc1_S21;ang:Trc1_S21;
4.000000000000000E+009,-2.326934424359100E+001,-1.527622298007018E+002,
4.003910068426198E+009,-2.346982486166365E+001,-1.693173117209549E+002,
4.007820136852395E+009,-2.350396977953047E+001,1.734762731440646E+002,
4.011730205278593E+009,-2.339943510658147E+001,1.560873744587566E+002,
4.015640273704790E+009,-2.316515576808369E+001,1.369243927097637E+002,
4.019550342130987E+009,-2.316147549120680E+001,1.171774916056044E+002,
4.023460410557185E+009,-2.313425728130012E+001,9.744306643324623E+001,
4.027370478983382E+009,-2.321402750213657E+001,7.732354787686147E+001,
4.031280547409580E+009,-2.349123911199228E+001,5.816303065682592E+001,
4.035190615835777E+009,-2.376873285656751E+001,3.866119748131317E+001,
4.039100684261975E+009,-2.400590809188761E+001,2.172513128051356E+001,
4.043010752688172E+009,-2.392798534405490E+001,3.927555709722043E+000,
4.046920821114369E+009,-2.401323754535927E+001,-1.417924330466983E+001,
4.050830889540567E+009,-2.382321128374219E+001,-3.338301900215652E+001,
4.054740957966765E+009,-2.385429531527418E+001,-5.288351168608287E+001,
4.058651026392962E+009,-2.394134898950362E+001,-7.160997666628578E+001,
4.062561094819160E+009,-2.394408212620954E+001,-9.004277321718693E+001,
4.066471163245357E+009,-2.378627026472121E+001,-1.094497713858472E+002,
4.070381231671554E+009,-2.397736402466734E+001,-1.303728605063938E+002,
4.074291300097752E+009,-2.439993057929319E+001,-1.489872518466744E+002,
4.078201368523949E+009,-2.476249976816919E+001,-1.670791104206982E+002,
4.082111436950147E+009,-2.491362758216400E+001,1.776360251975789E+002,
4.086021505376344E+009,-2.473298054215558E+001,1.621480976979531E+002,
4.089931573802542E+009,-2.427463815420550E+001,1.453483935561143E+002,
4.093841642228739E+009,-2.389437676991977E+001,1.258756599475453E+002,
4.097751710654936E+009,-2.363704785387283E+001,1.053226143015558E+002,
4.101661779081134E+009,-2.349540890050070E+001,8.718245300699032E+001,
4.105571847507331E+009,-2.323884612160747E+001,6.714274948121327E+001,
4.109481915933529E+009,-2.296929216251819E+001,4.617352600983897E+001,
4.113391984359726E+009,-2.309407274200041E+001,2.428570657885677E+001,
4.117302052785924E+009,-2.346110776927270E+001,4.252314977794742E+000,
4.121212121212121E+009,-2.363868398878742E+001,-1.292415314580588E+001,
4.125122189638319E+009,-2.363659345931378E+001,-3.189551526453020E+001,
4.129032258064516E+009,-2.362701487202689E+001,-4.921006861571858E+001,
4.132942326490714E+009,-2.350760120343290E+001,-6.716415765240248E+001,
4.136852394916911E+009,-2.322940229418109E+001,-8.614544331679065E+001,
4.140762463343109E+009,-2.306329608184250E+001,-1.055619128027259E+002,
4.144672531769306E+009,-2.291190284583433E+001,-1.254022636576633E+002,
4.148582600195503E+009,-2.283251504380161E+001,-1.451862344102952E+002,
4.152492668621701E+009,-2.287417245125168E+001,-1.656552255838965E+002,
4.156402737047898E+009,-2.307228842247413E+001,1.752345458494953E+002,
4.160312805474096E+009,-2.308543716039496E+001,1.581733807076028E+002,
4.164222873900293E+009,-2.272505481808862E+001,1.394811681496227E+002,
4.168132942326491E+009,-2.260043772816623E+001,1.181657250679624E+002,
4.172043010752688E+009,-2.280419168439766E+001,9.895051969552958E+001,
4.175953079178886E+009,-2.280293680687531E+001,8.007093178396951E+001,
4.179863147605083E+009,-2.276341841969904E+001,6.114859109542223E+001,
4.183773216031281E+009,-2.280399395392701E+001,4.083282376691282E+001,
4.187683284457478E+009,-2.309113034488686E+001,2.221364871480754E+001,
4.191593352883676E+009,-2.322479408773599E+001,4.855177310175364E+000,
4.195503421309873E+009,-2.306838708602466E+001,-1.176613479430625E+001,
4.199413489736071E+009,-2.269185216332786E+001,-2.937682160664160E+001,
4.203323558162268E+009,-2.238575290841003E+001,-4.905089401177542E+001,
4.207233626588465E+009,-2.214575550552337E+001,-6.934275088538622E+001,
4.211143695014663E+009,-2.215177930640674E+001,-8.975522083504131E+001,
4.215053763440860E+009,-2.218739278188826E+001,-1.094259764243178E+002,
4.218963831867058E+009,-2.222406508591142E+001,-1.297413540251355E+002,
4.222873900293255E+009,-2.234003811528083E+001,-1.502276326881811E+002,
4.226783968719452E+009,-2.265948373284741E+001,-1.694607084529141E+002,
4.230694037145650E+009,-2.270009208460658E+001,1.728391074155917E+002,
4.234604105571847E+009,-2.279124168678031E+001,1.535238383292717E+002,
4.238514173998045E+009,-2.293684644930606E+001,1.357112381152730E+002,
4.242424242424243E+009,-2.279999918057561E+001,1.169209317189165E+002,
4.246334310850440E+009,-2.278048550917319E+001,9.800275127033277E+001,
4.250244379276638E+009,-2.289181325799418E+001,7.809603151143378E+001,
4.254154447702835E+009,-2.299539797586495E+001,5.993633868639507E+001,
4.258064516129032E+009,-2.286906744650386E+001,4.007754342500497E+001,
4.261974584555230E+009,-2.294355780707643E+001,1.856177931903104E+001,
4.265884652981427E+009,-2.350928484260357E+001,-1.364742416481539E+000,
4.269794721407625E+009,-2.379233249144123E+001,-1.963628910872097E+001,
4.273704789833822E+009,-2.425056939074491E+001,-3.868296580232831E+001,
4.277614858260019E+009,-2.476118341667067E+001,-5.438333664117193E+001,
4.281524926686217E+009,-2.476064317901209E+001,-7.056347448112165E+001,
4.285434995112414E+009,-2.488151197658721E+001,-8.776898505216012E+001,
4.289345063538612E+009,-2.471667218211005E+001,-1.056281858750678E+002,
4.293255131964809E+009,-2.491942355770659E+001,-1.262574887492447E+002,
4.297165200391007E+009,-2.554076414904450E+001,-1.429155761327226E+002,
4.301075268817205E+009,-2.569210408856994E+001,-1.582674361372383E+002,
4.304985337243402E+009,-2.557751266001446E+001,-1.748124216799948E+002,
4.308895405669600E+009,-2.564063965500175E+001,1.672377414672965E+002,
4.312805474095797E+009,-2.593057809464634E+001,1.494002561164188E+002,
4.316715542521994E+009,-2.623995705072403E+001,1.333027620645230E+002,
4.320625610948192E+009,-2.603190571688541E+001,1.197018759247855E+002,
4.324535679374389E+009,-2.560089977945314E+001,1.027099197704719E+002,
4.328445747800587E+009,-2.529551429126076E+001,8.366326474006289E+001,
4.332355816226784E+009,-2.520715363291149E+001,6.306251620182134E+001,
4.336265884652982E+009,-2.543940281378095E+001,4.499414326339923E+001,
4.340175953079179E+009,-2.549402442750924E+001,2.705818799920757E+001,
4.344086021505377E+009,-2.571891390160374E+001,8.427708140256348E+000,
4.347996089931574E+009,-2.617069370133964E+001,-8.444781419290214E+000,
4.351906158357771E+009,-2.638015919366029E+001,-2.396092503832207E+001,
4.355816226783969E+009,-2.620552136676819E+001,-3.836515659965074E+001,
4.359726295210166E+009,-2.587300348898798E+001,-5.568629002544197E+001,
4.363636363636364E+009,-2.568818768922238E+001,-7.269343173960463E+001,
4.367546432062561E+009,-2.534695525552781E+001,-9.022763627581242E+001,
4.371456500488758E+009,-2.488876305369514E+001,-1.102863547693599E+002,
4.375366568914956E+009,-2.505997091674722E+001,-1.310570519815659E+002,
4.379276637341153E+009,-2.518490080316447E+001,-1.495735784081037E+002,
4.383186705767351E+009,-2.537575945267117E+001,-1.688649386685994E+002,
4.387096774193548E+009,-2.561147715261015E+001,1.733808150120079E+002,
4.391006842619746E+009,-2.586285120427079E+001,1.557175581609189E+002,
4.394916911045943E+009,-2.603951830023969E+001,1.412360399521573E+002,
4.398826979472141E+009,-2.565256643381344E+001,1.245476273078292E+002,
4.402737047898338E+009,-2.567729452322849E+001,1.071725875848656E+002,
4.406647116324535E+009,-2.550903973015232E+001,9.000909063687799E+001,
4.410557184750733E+009,-2.534096595689670E+001,7.235393006328755E+001,
4.414467253176930E+009,-2.492800628833129E+001,5.414677734382736E+001,
4.418377321603128E+009,-2.469559731761674E+001,3.455286296227446E+001,
4.422287390029326E+009,-2.465690629335806E+001,1.489102717024585E+001,
4.426197458455523E+009,-2.483823260513814E+001,-4.175873490689990E+000,
4.430107526881721E+009,-2.495509946437965E+001,-2.195351412616219E+001,
4.434017595307918E+009,-2.492368034242019E+001,-3.823983560843499E+001,
4.437927663734116E+009,-2.465015260838252E+001,-5.501549515129396E+001,
4.441837732160313E+009,-2.429636800507308E+001,-7.457681388269927E+001,
4.445747800586511E+009,-2.417761036371826E+001,-9.317601474862831E+001,
4.449657869012708E+009,-2.391486412714767E+001,-1.131506467242793E+002,
4.453567937438905E+009,-2.387497626904201E+001,-1.332696458559318E+002,
4.457478005865103E+009,-2.390431315645862E+001,-1.519511393060084E+002,
4.461388074291300E+009,-2.381025736210418E+001,-1.706124121221041E+002,
4.465298142717498E+009,-2.362414422752783E+001,1.701238611717958E+002,
4.469208211143695E+009,-2.351003899610103E+001,1.492996662379946E+002,
4.473118279569893E+009,-2.374166684743500E+001,1.297812949228130E+002,
4.477028347996090E+009,-2.355960446822853E+001,1.114012655702936E+002,
4.480938416422287E+009,-2.350679691760684E+001,9.187163830816392E+001,
4.484848484848485E+009,-2.332001437338321E+001,7.210031170082199E+001,
4.488758553274682E+009,-2.328096536004561E+001,5.135171436717862E+001,
4.492668621700880E+009,-2.349401599630655E+001,3.075731580436539E+001,
4.496578690127077E+009,-2.368091198849222E+001,1.255510790498063E+001,
4.500488758553275E+009,-2.353317087906886E+001,-7.204276918356929E+000,
4.504398826979472E+009,-2.358388118202862E+001,-2.584058532803362E+001,
4.508308895405669E+009,-2.338837427455062E+001,-4.572927522649810E+001,
4.512218963831867E+009,-2.330188253852741E+001,-6.621720686126234E+001,
4.516129032258064E+009,-2.337293022589508E+001,-8.692482028688539E+001,
4.520039100684262E+009,-2.361422903880093E+001,-1.069173317189232E+002,
4.523949169110459E+009,-2.355507248036576E+001,-1.250448906984110E+002,
4.527859237536657E+009,-2.335572157861574E+001,-1.454233464403941E+002,
4.531769305962854E+009,-2.324977007228790E+001,-1.676295596979053E+002,
4.535679374389051E+009,-2.356177721920158E+001,1.713784573594488E+002,
4.539589442815249E+009,-2.363408578944188E+001,1.513315136947047E+002,
4.543499511241447E+009,-2.365671658375815E+001,1.307530339217226E+002,
4.547409579667645E+009,-2.386568788924766E+001,1.081587859983729E+002,
4.551319648093842E+009,-2.441654972922320E+001,8.725063668106624E+001,
4.555229716520039E+009,-2.494939795735103E+001,6.870343641215487E+001,
4.559139784946237E+009,-2.522073823419083E+001,5.111885786479692E+001,
4.563049853372434E+009,-2.525144199760113E+001,3.384954620256233E+001,
4.566959921798632E+009,-2.519849061560731E+001,1.626628073732782E+001,
4.570869990224829E+009,-2.476632602776748E+001,-3.426279337392466E+000,
4.574780058651027E+009,-2.462638760688587E+001,-2.555958584787398E+001,
4.578690127077224E+009,-2.481247481689400E+001,-4.671472552907591E+001,
4.582600195503422E+009,-2.498891895151805E+001,-6.640718142828139E+001,
4.586510263929619E+009,-2.509811449270638E+001,-8.756115054361091E+001,
4.590420332355816E+009,-2.540496472840950E+001,-1.084483657698014E+002,
4.594330400782014E+009,-2.598431282237277E+001,-1.276511951168738E+002,
4.598240469208211E+009,-2.634976144716937E+001,-1.444952597631637E+002,
4.602150537634409E+009,-2.664368091776198E+001,-1.617487906481411E+002,
4.606060606060606E+009,-2.650289973710325E+001,-1.760413196192370E+002,
4.609970674486803E+009,-2.606921298005744E+001,1.665811478797837E+002,
4.613880742913001E+009,-2.547783739538008E+001,1.467256065980363E+002,
4.617790811339198E+009,-2.519273755012222E+001,1.254824739450406E+002,
4.621700879765396E+009,-2.516566935623930E+001,1.038772019829381E+002,
4.625610948191593E+009,-2.536858306372400E+001,8.412636896527616E+001,
4.629521016617791E+009,-2.534065372349690E+001,6.567657420339364E+001,
4.633431085043988E+009,-2.534354328811453E+001,4.633402041859234E+001,
4.637341153470186E+009,-2.546898023590124E+001,2.667709009920687E+001,
4.641251221896383E+009,-2.556573914850027E+001,9.006995735689383E+000,
4.645161290322580E+009,-2.533909761578430E+001,-8.550351287304839E+000,
4.649071358748778E+009,-2.479235575898608E+001,-2.748928390641304E+001,
4.652981427174975E+009,-2.461385607993920E+001,-4.884863392838442E+001,
4.656891495601173E+009,-2.457032709163007E+001,-6.860644507771382E+001,
4.660801564027371E+009,-2.455562886472248E+001,-8.821883233206455E+001,
4.664711632453568E+009,-2.442418929482527E+001,-1.066004367362702E+002,
4.668621700879766E+009,-2.423639010772637E+001,-1.273154885219438E+002,
4.672531769305963E+009,-2.428937884371631E+001,-1.472835695154811E+002,
4.676441837732161E+009,-2.420896559778691E+001,-1.667045722372779E+002,
4.680351906158358E+009,-2.436262582876406E+001,1.750584003947419E+002,
4.684261974584556E+009,-2.406779173677250E+001,1.571961697074158E+002,
4.688172043010753E+009,-2.375650182826673E+001,1.364584961851267E+002,
4.692082111436951E+009,-2.368088322548026E+001,1.162655788364030E+002,
4.695992179863148E+009,-2.356383295029936E+001,9.684338090049565E+001,
4.699902248289345E+009,-2.353282220062204E+001,7.660351046205999E+001,
4.703812316715543E+009,-2.372651177078379E+001,5.609437124960822E+001,
4.707722385141740E+009,-2.394994869828999E+001,3.757020031724099E+001,
4.711632453567938E+009,-2.388642263511913E+001,2.065870487435689E+001,
4.715542521994135E+009,-2.378502870188345E+001,2.342362335103555E+000,
4.719452590420332E+009,-2.350338291425848E+001,-1.546406497409659E+001,
4.723362658846530E+009,-2.335009361494588E+001,-3.525127959185274E+001,
4.727272727272727E+009,-2.305818803323126E+001,-5.379209276948878E+001,
4.731182795698925E+009,-2.262026740177364E+001,-7.409822094638344E+001,
4.735092864125122E+009,-2.251983828285363E+001,-9.577981666307460E+001,
4.739002932551320E+009,-2.258702590566953E+001,-1.172040086314468E+002,
4.742913000977517E+009,-2.281119603068694E+001,-1.378365559428273E+002,
4.746823069403714E+009,-2.312043000618215E+001,-1.577127434877630E+002,
4.750733137829912E+009,-2.335068936180912E+001,-1.767211025629167E+002,
4.754643206256109E+009,-2.354749977325192E+001,1.655833237431751E+002,
4.758553274682307E+009,-2.357113034397280E+001,1.483609188107770E+002,
4.762463343108504E+009,-2.348952825222339E+001,1.304986657742053E+002,
4.766373411534702E+009,-2.336354493361390E+001,1.123388098369415E+002,
4.770283479960899E+009,-2.317060082939300E+001,9.325322680637514E+001,
4.774193548387096E+009,-2.310887136325892E+001,7.395164761624911E+001,
4.778103616813294E+009,-2.293968920604485E+001,5.337833771768355E+001,
4.782013685239492E+009,-2.299827457908294E+001,3.224729718278770E+001,
4.785923753665690E+009,-2.339903596851999E+001,1.142141556067498E+001,
4.789833822091887E+009,-2.392010069564868E+001,-7.386690951289119E+000,
4.793743890518084E+009,-2.433956239726963E+001,-2.424329729467701E+001,
4.797653958944282E+009,-2.451091608802646E+001,-4.103880700385701E+001,
4.801564027370479E+009,-2.461761860047508E+001,-5.623903957643481E+001,
4.805474095796677E+009,-2.433585267265080E+001,-7.352086958088316E+001,
4.809384164222874E+009,-2.428653603771400E+001,-9.132389477911393E+001,
4.813294232649072E+009,-2.405235350518982E+001,-1.099465299256346E+002,
4.817204301075269E+009,-2.398010976317258E+001,-1.295912020274223E+002,
4.821114369501467E+009,-2.413290870025140E+001,-1.488791599314656E+002,
4.825024437927664E+009,-2.428100234329100E+001,-1.675585955777673E+002,
4.828934506353861E+009,-2.431438344916030E+001,1.745584351572969E+002,
4.832844574780059E+009,-2.437149023332331E+001,1.561995944102214E+002,
4.836754643206256E+009,-2.448227239024842E+001,1.373051454014760E+002,
4.840664711632454E+009,-2.480149603263044E+001,1.186333561802028E+002,
4.844574780058651E+009,-2.515034379786206E+001,1.025257935019234E+002,
4.848484848484848E+009,-2.505316814337370E+001,8.769436937468097E+001,
4.852394916911046E+009,-2.472341305317702E+001,7.135182704279887E+001,
4.856304985337243E+009,-2.413747630237487E+001,5.284136874248208E+001,
4.860215053763441E+009,-2.386905283644912E+001,3.164727242103162E+001,
4.864125122189638E+009,-2.388146926417612E+001,1.018482338388143E+001,
4.868035190615836E+009,-2.419530298290080E+001,-1.003819748050393E+001,
4.871945259042033E+009,-2.459140832993019E+001,-2.905291477832339E+001,
4.875855327468231E+009,-2.488582597923073E+001,-4.667931873951347E+001,
4.879765395894428E+009,-2.512416218781948E+001,-6.491473462455758E+001,
4.883675464320625E+009,-2.548940313145320E+001,-8.177537025222041E+001,
4.887585532746823E+009,-2.558796845789671E+001,-9.560655790033832E+001,
4.891495601173020E+009,-2.524508333252939E+001,-1.101933186116356E+002,
4.895405669599218E+009,-2.451993750506718E+001,-1.280867383877761E+002,
4.899315738025415E+009,-2.405744826338395E+001,-1.489855938496596E+002,
4.903225806451613E+009,-2.392921833655992E+001,-1.703489754627785E+002,
4.907135874877811E+009,-2.402217449261514E+001,1.684306124905464E+002,
4.911045943304008E+009,-2.436954383558499E+001,1.472998187683491E+002,
4.914956011730206E+009,-2.489206275338609E+001,1.290134996114085E+002,
4.918866080156403E+009,-2.525006259279750E+001,1.114851934238534E+002,
4.922776148582601E+009,-2.559501784249427E+001,9.478011881695035E+001,
4.926686217008798E+009,-2.574140818839412E+001,7.993401820909152E+001,
4.930596285434996E+009,-2.532759524279996E+001,6.500069938498884E+001,
4.934506353861193E+009,-2.479738846223147E+001,4.605637210283922E+001,
4.938416422287390E+009,-2.460563730120350E+001,2.532330734502306E+001,
4.942326490713588E+009,-2.463230674996620E+001,5.045711388024989E+000,
4.946236559139785E+009,-2.488219202975337E+001,-1.428151489474214E+001,
4.950146627565983E+009,-2.498747902686492E+001,-3.203253273383272E+001,
4.954056695992180E+009,-2.507623922072548E+001,-5.092889227490621E+001,
4.957966764418377E+009,-2.523797933108658E+001,-6.937639739718571E+001,
4.961876832844575E+009,-2.538345185471450E+001,-8.573903373787962E+001,
4.965786901270772E+009,-2.530368131481736E+001,-1.023649615387538E+002,
4.969696969696970E+009,-2.496617005650867E+001,-1.199325259590822E+002,
4.973607038123167E+009,-2.464361620409033E+001,-1.379728183465161E+002,
4.977517106549365E+009,-2.429401589956493E+001,-1.593094283038790E+002,
4.981427174975562E+009,-2.425117146361419E+001,1.791060847315862E+002,
4.985337243401759E+009,-2.464937463348677E+001,1.573041596931102E+002,
4.989247311827957E+009,-2.510134230998501E+001,1.396553017956919E+002,
4.993157380254154E+009,-2.523241776614503E+001,1.229742861356939E+002,
4.997067448680352E+009,-2.514241240963612E+001,1.054773402623875E+002,
5.000977517106549E+009,-2.502945008124553E+001,8.681539702894138E+001,
5.004887585532747E+009,-2.488253793273637E+001,6.784959513284392E+001,
5.008797653958944E+009,-2.480948282248993E+001,4.860515754898878E+001,
5.012707722385141E+009,-2.470426557612829E+001,2.966455019490457E+001,
5.016617790811339E+009,-2.463825896074323E+001,9.938620764585005E+000,
5.020527859237536E+009,-2.462312559538357E+001,-1.006535773219051E+001,
5.024437927663734E+009,-2.459435845563682E+001,-3.052834287134254E+001,
5.028347996089932E+009,-2.460076471447165E+001,-5.207632148581923E+001,
5.032258064516129E+009,-2.520014646911925E+001,-7.298370059728102E+001,
5.036168132942327E+009,-2.554662839886857E+001,-9.169633432769818E+001,
5.040078201368524E+009,-2.601292495940450E+001,-1.093611527547017E+002,
5.043988269794722E+009,-2.619092153453163E+001,-1.269991765745421E+002,
5.047898338220919E+009,-2.630415152519650E+001,-1.439246000044938E+002,
5.051808406647117E+009,-2.648894402198725E+001,-1.613964262631053E+002,
5.055718475073314E+009,-2.646312095948656E+001,-1.778651726004384E+002,
5.059628543499512E+009,-2.622729644342661E+001,1.638968320025073E+002,
5.063538611925709E+009,-2.622297715309777E+001,1.455699328422716E+002,
5.067448680351906E+009,-2.610911698935449E+001,1.266936186252896E+002,
5.071358748778104E+009,-2.617875782162267E+001,1.090097897864167E+002,
5.075268817204301E+009,-2.610754831013902E+001,8.999629693635420E+001,
5.079178885630499E+009,-2.603837081713680E+001,7.309040361127379E+001,
5.083088954056696E+009,-2.576495929939462E+001,5.366761541159187E+001,
5.086999022482893E+009,-2.549911933126561E+001,3.408081260025915E+001,
5.090909090909091E+009,-2.554241103889020E+001,1.337355305716488E+001,
5.094819159335288E+009,-2.580242407707228E+001,-6.294158110887237E+000,
5.098729227761486E+009,-2.599826860378524E+001,-2.492510185427868E+001,
5.102639296187683E+009,-2.626611013053030E+001,-4.192319439385607E+001,
5.106549364613881E+009,-2.618775289393641E+001,-5.896701874864084E+001,
5.110459433040078E+009,-2.615721519867496E+001,-7.506984818077727E+001,
5.114369501466276E+009,-2.554375266725272E+001,-9.140819036185529E+001,
5.118279569892473E+009,-2.496370374558658E+001,-1.113265382411201E+002,
5.122189638318670E+009,-2.473018587087493E+001,-1.319217109375232E+002,
5.126099706744868E+009,-2.446461012769701E+001,-1.526125313706659E+002,
5.130009775171065E+009,-2.435648057370929E+001,-1.739306960598260E+002,
5.133919843597263E+009,-2.462090438768027E+001,1.650212200236580E+002,
5.137829912023460E+009,-2.483084424415961E+001,1.452369996236601E+002,
5.141739980449657E+009,-2.518657323316970E+001,1.258321792226787E+002,
5.145650048875855E+009,-2.548969797467673E+001,1.096622910243040E+002,
5.149560117302053E+009,-2.517142516003844E+001,9.533240762901951E+001,
5.153470185728251E+009,-2.457395663506604E+001,7.656741937874725E+001,
5.157380254154448E+009,-2.421736075067229E+001,5.625834167762025E+001,
5.161290322580645E+009,-2.405677853042768E+001,3.595196312432448E+001,
5.165200391006843E+009,-2.406374757282912E+001,1.548196967297322E+001,
5.169110459433041E+009,-2.414490477201193E+001,-4.318338459933361E+000,
5.173020527859238E+009,-2.422556606242827E+001,-2.353791452786938E+001,
5.176930596285435E+009,-2.435463863493364E+001,-4.148929355638313E+001,
5.180840664711633E+009,-2.429901845132248E+001,-5.804700884776447E+001,
5.184750733137830E+009,-2.389268040452754E+001,-7.601373607882245E+001,
5.188660801564028E+009,-2.354460332027153E+001,-9.486520134205902E+001,
5.192570869990225E+009,-2.315086699499951E+001,-1.146973201104511E+002,
5.196480938416422E+009,-2.300576763702492E+001,-1.356433226432663E+002,
5.200391006842620E+009,-2.287553663965893E+001,-1.556959166408003E+002,
5.204301075268817E+009,-2.266131650926372E+001,-1.767386812197531E+002,
5.208211143695015E+009,-2.268676897204035E+001,1.611007114415474E+002,
5.212121212121212E+009,-2.319746082919697E+001,1.401593554439768E+002,
5.216031280547409E+009,-2.362029838445347E+001,1.236657173324703E+002,
5.219941348973607E+009,-2.363493216111515E+001,1.075570225357673E+002,
5.223851417399805E+009,-2.333970828600057E+001,8.966688004215021E+001,
5.227761485826002E+009,-2.321649836374510E+001,7.123736005979066E+001,
5.231671554252199E+009,-2.308258495208679E+001,5.226971327888546E+001,
5.235581622678397E+009,-2.289837585785556E+001,3.417240206749890E+001,
5.239491691104594E+009,-2.252368652831066E+001,1.535398497028178E+001,
5.243401759530792E+009,-2.226769781688024E+001,-5.089561287960474E+000,
5.247311827956989E+009,-2.211495373825287E+001,-2.512433908842889E+001,
5.251221896383186E+009,-2.202945596895960E+001,-4.597552340550097E+001,
5.255131964809384E+009,-2.209520415899512E+001,-6.660480070944367E+001,
5.259042033235581E+009,-2.221244992367259E+001,-8.673435958053496E+001,
5.262952101661779E+009,-2.240656617899639E+001,-1.058667902900305E+002,
5.266862170087977E+009,-2.253531849929026E+001,-1.246947882466455E+002,
5.270772238514174E+009,-2.270333953639764E+001,-1.432741281029228E+002,
5.274682306940372E+009,-2.270446583847939E+001,-1.605075471287136E+002,
5.278592375366570E+009,-2.251610550471458E+001,-1.780185239110959E+002,
5.282502443792767E+009,-2.223725254037433E+001,1.630473968754029E+002,
5.286412512218964E+009,-2.207165122787026E+001,1.435882757303490E+002,
5.290322580645162E+009,-2.190990677668129E+001,1.237632006658566E+002,
5.294232649071359E+009,-2.176771618208882E+001,1.032438181500509E+002,
5.298142717497557E+009,-2.181840309803146E+001,8.392126503875124E+001,
5.302052785923754E+009,-2.184840779491790E+001,6.306081464734312E+001,
5.305962854349951E+009,-2.195385668795422E+001,4.273632832671684E+001,
5.309872922776149E+009,-2.204267547166259E+001,2.341756830022749E+001,
5.313782991202346E+009,-2.229581182248324E+001,3.804878739714569E+000,
5.317693059628544E+009,-2.254547352381590E+001,-1.386630181785841E+001,
5.321603128054741E+009,-2.238471966266394E+001,-3.131231151882091E+001,
5.325513196480938E+009,-2.224806954587009E+001,-5.119965972924226E+001,
5.329423264907136E+009,-2.221780706718927E+001,-7.100718677107741E+001,
5.333333333333333E+009,-2.223154260219117E+001,-9.127622218666286E+001,
5.337243401759531E+009,-2.238887346901118E+001,-1.115185196132284E+002,
5.341153470185728E+009,-2.263022007943767E+001,-1.318751091636026E+002,
5.345063538611926E+009,-2.295653740913648E+001,-1.514529455270748E+002,
5.348973607038123E+009,-2.346209636856124E+001,-1.695895075935739E+002,
5.352883675464321E+009,-2.362693545349710E+001,1.735817295705386E+002,
5.356793743890518E+009,-2.378482991724826E+001,1.556229191437793E+002,
5.360703812316715E+009,-2.378325440879857E+001,1.381348043257569E+002,
5.364613880742913E+009,-2.384640858490533E+001,1.194422387231597E+002,
5.368523949169110E+009,-2.403217813131756E+001,1.016332741454961E+002,
5.372434017595308E+009,-2.403638449495751E+001,8.398390386165156E+001,
5.376344086021505E+009,-2.400656743009071E+001,6.502722375003719E+001,
5.380254154447702E+009,-2.417663159524140E+001,4.612053574322633E+001,
5.384164222873900E+009,-2.428083862894997E+001,2.742107717819180E+001,
5.388074291300098E+009,-2.457392445031057E+001,7.646726594871288E+000,
5.391984359726296E+009,-2.512207675007344E+001,-9.104596684456745E+000,
5.395894428152493E+009,-2.531173956800336E+001,-2.422864538780845E+001,
5.399804496578690E+009,-2.539863372388945E+001,-4.032204602123336E+001,
5.403714565004888E+009,-2.544541182337174E+001,-5.493910112401863E+001,
5.407624633431086E+009,-2.518392648147048E+001,-7.016374780264854E+001,
5.411534701857283E+009,-2.464623755084250E+001,-8.716138023341573E+001,
5.415444770283480E+009,-2.428956632295813E+001,-1.043477908753552E+002,
5.419354838709678E+009,-2.369330307126973E+001,-1.223710944800954E+002,
5.423264907135875E+009,-2.304683718761002E+001,-1.433729296455509E+002,
5.427174975562073E+009,-2.282066107206499E+001,-1.658350929126142E+002,
5.431085043988270E+009,-2.296012175854051E+001,1.720191598746827E+002,
5.434995112414467E+009,-2.338687798750780E+001,1.517521352874624E+002,
5.438905180840665E+009,-2.374845406169601E+001,1.345469013773185E+002,
5.442815249266862E+009,-2.374937539178779E+001,1.169074034136419E+002,
5.446725317693060E+009,-2.383214306476889E+001,1.001116269335314E+002,
5.450635386119257E+009,-2.369498846602970E+001,8.361032180209210E+001,
5.454545454545454E+009,-2.313931380723289E+001,6.585430422631379E+001,
5.458455522971652E+009,-2.278654328415706E+001,4.652104544189861E+001,
5.462365591397850E+009,-2.244725586002553E+001,2.543512904956249E+001,
5.466275659824047E+009,-2.219235591327440E+001,4.811582336148601E+000,
5.470185728250244E+009,-2.203748983808497E+001,-1.702294174846916E+001,
5.474095796676442E+009,-2.212569449964889E+001,-3.944600462982040E+001,
5.478005865102639E+009,-2.256406256947406E+001,-6.047834542560170E+001,
5.481915933528837E+009,-2.279518620507622E+001,-8.018454320167164E+001,
5.485826001955034E+009,-2.315664767105769E+001,-9.928843899969789E+001,
5.489736070381231E+009,-2.336454692614302E+001,-1.160020141077321E+002,
5.493646138807429E+009,-2.318904850932411E+001,-1.343480841123465E+002,
5.497556207233626E+009,-2.307707939573330E+001,-1.546142020985976E+002,
5.501466275659824E+009,-2.308734643216349E+001,-1.739169756164191E+002,
5.505376344086021E+009,-2.299863518425713E+001,1.660262441996278E+002,
5.509286412512219E+009,-2.298522423288373E+001,1.453073193473686E+002,
5.513196480938417E+009,-2.299922893633430E+001,1.245029237105584E+002,
5.517106549364615E+009,-2.325065276026792E+001,1.036103381107030E+002,
5.521016617790812E+009,-2.348237414593118E+001,8.245870087409672E+001,
5.524926686217009E+009,-2.395075992089421E+001,6.179369774944780E+001,
5.528836754643207E+009,-2.449320393160877E+001,4.143621018063288E+001,
5.532746823069404E+009,-2.524607010084027E+001,2.352447554392509E+001,
5.536656891495602E+009,-2.569621214981314E+001,8.092806611568486E+000,
5.540566959921799E+009,-2.563273124119143E+001,-7.409909963465933E+000,
5.544477028347996E+009,-2.543246599292627E+001,-2.522956666535675E+001,
5.548387096774194E+009,-2.530198837824397E+001,-4.414754237308180E+001,
5.552297165200391E+009,-2.527015089405049E+001,-6.330306438572239E+001,
5.556207233626589E+009,-2.506915646390000E+001,-8.280917724755936E+001,
5.560117302052786E+009,-2.518102782417865E+001,-1.033241345796000E+002,
5.564027370478983E+009,-2.528183239093000E+001,-1.234220514717297E+002,
5.567937438905181E+009,-2.531094568485957E+001,-1.450143138143235E+002,
5.571847507331378E+009,-2.598374120818186E+001,-1.672638798190040E+002,
5.575757575757576E+009,-2.679361702206530E+001,1.753844879697040E+002,
5.579667644183773E+009,-2.717748998879699E+001,1.583496893310957E+002,
5.583577712609971E+009,-2.742994375351085E+001,1.416953680618668E+002,
5.587487781036168E+009,-2.762299120048290E+001,1.253999830894181E+002,
5.591397849462366E+009,-2.767401958704761E+001,1.094681479653402E+002,
5.595307917888563E+009,-2.731069840359079E+001,9.253666412000530E+001,
5.599217986314760E+009,-2.707043291604711E+001,7.282087466468650E+001,
5.603128054740958E+009,-2.711660649292566E+001,5.173193063016849E+001,
5.607038123167155E+009,-2.746232838979192E+001,3.124739300360657E+001,
5.610948191593353E+009,-2.795440982415266E+001,1.275204751311712E+001,
5.614858260019550E+009,-2.841386910471093E+001,-5.841932122098972E+000,
5.618768328445747E+009,-2.885612435383676E+001,-2.263048746576844E+001,
5.622678396871945E+009,-2.923231814099826E+001,-3.700682364033911E+001,
5.626588465298142E+009,-2.940929551120118E+001,-5.103070842392042E+001,
5.630498533724340E+009,-2.908604364147088E+001,-6.690297451705219E+001,
5.634408602150538E+009,-2.903362727607926E+001,-8.168376074382023E+001,
5.638318670576735E+009,-2.841931367862316E+001,-9.702073335919884E+001,
5.642228739002933E+009,-2.783510876103259E+001,-1.161223538358990E+002,
5.646138807429131E+009,-2.725764042637602E+001,-1.371805158096304E+002,
5.650048875855328E+009,-2.757630656236636E+001,-1.581829430972106E+002,
5.653958944281525E+009,-2.775355083720074E+001,-1.756649048732210E+002,
5.657869012707723E+009,-2.763635217126082E+001,1.678689672078334E+002,
5.661779081133920E+009,-2.738898542985554E+001,1.509394118827731E+002,
5.665689149560118E+009,-2.722749894309172E+001,1.339699608265892E+002,
5.669599217986315E+009,-2.667627933843174E+001,1.164292699523694E+002,
5.673509286412512E+009,-2.622305584670116E+001,9.833759530646854E+001,
5.677419354838710E+009,-2.581702988275552E+001,7.816508445707689E+001,
5.681329423264907E+009,-2.544862816779479E+001,5.786217366104020E+001,
5.685239491691105E+009,-2.517051612725654E+001,3.708912985656359E+001,
5.689149560117302E+009,-2.496091522311977E+001,1.619677520449341E+001,
5.693059628543499E+009,-2.478821894416265E+001,-5.418553954601586E+000,
5.696969696969697E+009,-2.499588550291858E+001,-2.640353837362466E+001,
5.700879765395895E+009,-2.529593141852422E+001,-4.538815568887917E+001,
5.704789833822092E+009,-2.532053002717510E+001,-6.263055463856460E+001,
5.708699902248289E+009,-2.493211262911342E+001,-8.068388268412335E+001,
5.712609970674487E+009,-2.473286426206997E+001,-1.013450609408723E+002,
5.716520039100684E+009,-2.469217182108646E+001,-1.210867270632772E+002,
5.720430107526882E+009,-2.436854139196684E+001,-1.392739983420769E+002,
5.724340175953079E+009,-2.397503177134243E+001,-1.598834172145434E+002,
5.728250244379276E+009,-2.370774384758301E+001,1.771967969964519E+002,
5.732160312805474E+009,-2.381362305520351E+001,1.549221318080496E+002,
5.736070381231671E+009,-2.404035693051117E+001,1.331202554127853E+002,
5.739980449657869E+009,-2.449498755931582E+001,1.122037274653459E+002,
5.743890518084066E+009,-2.496956429906341E+001,9.351042068925537E+001,
5.747800586510263E+009,-2.526727574268289E+001,7.631430591826856E+001,
5.751710654936461E+009,-2.533504552611500E+001,5.925471236150082E+001,
5.755620723362660E+009,-2.512653643562879E+001,4.150247474823981E+001,
5.759530791788857E+009,-2.482116159097957E+001,2.162328333971258E+001,
5.763440860215054E+009,-2.465566980629884E+001,1.520079276514621E+000,
5.767350928641252E+009,-2.456396940624514E+001,-1.958814325031991E+001,
5.771260997067449E+009,-2.454264563788202E+001,-4.043856980967673E+001,
5.775171065493647E+009,-2.491547502939978E+001,-6.168823433548873E+001,
5.779081133919844E+009,-2.530923449439021E+001,-8.220502116042542E+001,
5.782991202346041E+009,-2.579300264527531E+001,-1.032302713145696E+002,
5.786901270772239E+009,-2.647968249750759E+001,-1.197714941880234E+002,
5.790811339198436E+009,-2.648201341201109E+001,-1.351771892285405E+002,
5.794721407624634E+009,-2.649507491958216E+001,-1.525968211320399E+002,
5.798631476050831E+009,-2.628321664040327E+001,-1.708857242926438E+002,
5.802541544477028E+009,-2.614691324035918E+001,1.702153887880250E+002,
5.806451612903226E+009,-2.621760952043410E+001,1.501973273376746E+002,
5.810361681329423E+009,-2.633882612150017E+001,1.298889957990222E+002,
5.814271749755621E+009,-2.652596056183510E+001,1.101758735546035E+002,
5.818181818181818E+009,-2.696297431011070E+001,9.010963124815449E+001,
5.822091886608016E+009,-2.761246709798126E+001,7.123829143187444E+001,
5.826001955034213E+009,-2.814933068409765E+001,5.639153413710257E+001,
5.829912023460411E+009,-2.825735583305973E+001,4.071748461892326E+001,
5.833822091886608E+009,-2.824275901022563E+001,2.745952025816103E+001,
5.837732160312805E+009,-2.779681340197998E+001,1.083084783144683E+001,
5.841642228739003E+009,-2.742221829208599E+001,-6.982103127507255E+000,
5.845552297165200E+009,-2.706710020574437E+001,-2.511426092283947E+001,
5.849462365591398E+009,-2.668803577840382E+001,-4.508899255828934E+001,
5.853372434017595E+009,-2.664292761095956E+001,-6.667089133019701E+001,
5.857282502443792E+009,-2.681319570581938E+001,-8.794779308837873E+001,
5.861192570869990E+009,-2.705628720720861E+001,-1.059820751508471E+002,
5.865102639296187E+009,-2.740613479744035E+001,-1.243463614801251E+002,
5.869012707722385E+009,-2.768466403637453E+001,-1.414783565766497E+002,
5.872922776148583E+009,-2.761265009233856E+001,-1.566732539831641E+002,
5.876832844574780E+009,-2.733530359122877E+001,-1.742691378106202E+002,
5.880742913000978E+009,-2.714563811913613E+001,1.677275178125785E+002,
5.884652981427176E+009,-2.702598012867044E+001,1.486709303374301E+002,
5.888563049853373E+009,-2.694668192705020E+001,1.303563354939460E+002,
5.892473118279570E+009,-2.683695992820798E+001,1.118118717411414E+002,
5.896383186705768E+009,-2.666901019352945E+001,9.310073949504159E+001,
5.900293255131965E+009,-2.669963274587392E+001,7.379888176836440E+001,
5.904203323558163E+009,-2.656425569864475E+001,5.582976967023254E+001,
5.908113391984360E+009,-2.630050260512836E+001,3.657760929317587E+001,
5.912023460410557E+009,-2.621679451621955E+001,1.594125260593831E+001,
5.915933528836755E+009,-2.643767165966835E+001,-3.123490119799623E+000,
5.919843597262952E+009,-2.634189571754804E+001,-2.251925612883959E+001,
5.923753665689150E+009,-2.651726862077208E+001,-4.338522781190681E+001,
5.927663734115347E+009,-2.683910624833962E+001,-6.141102461184755E+001,
5.931573802541544E+009,-2.708941112949844E+001,-7.833416268515552E+001,
5.935483870967742E+009,-2.701632556616213E+001,-9.497334415041452E+001,
5.939393939393940E+009,-2.687765771059302E+001,-1.124174729406012E+002,
5.943304007820137E+009,-2.660853419353877E+001,-1.307001121264382E+002,
5.947214076246334E+009,-2.629709914601204E+001,-1.502417480153753E+002,
5.951124144672532E+009,-2.614213449131184E+001,-1.711678676639776E+002,
5.955034213098729E+009,-2.635531956209238E+001,1.660915642782415E+002,
5.958944281524927E+009,-2.705918861500591E+001,1.462726609515485E+002,
5.962854349951124E+009,-2.786627786254157E+001,1.298626497648137E+002,
5.966764418377321E+009,-2.832099029323182E+001,1.185416828253133E+002,
5.970674486803519E+009,-2.765039523205816E+001,1.055135747044578E+002,
5.974584555229716E+009,-2.695785927706404E+001,8.876672027520552E+001,
5.978494623655914E+009,-2.634338153335541E+001,6.894999347310090E+001,
5.982404692082111E+009,-2.596877611235179E+001,4.923902356752226E+001,
5.986314760508308E+009,-2.583089628497425E+001,2.866547456309339E+001,
5.990224828934506E+009,-2.559572049440821E+001,7.452256039010748E+000,
5.994134897360704E+009,-2.572196874269530E+001,-1.448331706985795E+001,
5.998044965786902E+009,-2.635329617193563E+001,-3.296954870040511E+001,
6.001955034213099E+009,-2.669900446026948E+001,-4.837768934463405E+001,
6.005865102639297E+009,-2.646260229016465E+001,-6.269923081087138E+001,
6.009775171065494E+009,-2.593632145552512E+001,-8.002401871957551E+001,
6.013685239491692E+009,-2.542788527058848E+001,-9.803074609344117E+001,
6.017595307917889E+009,-2.492394046008928E+001,-1.177609744417334E+002,
6.021505376344086E+009,-2.464622371274874E+001,-1.377737773773832E+002,
6.025415444770284E+009,-2.437632952991099E+001,-1.583537911141277E+002,
6.029325513196481E+009,-2.410359369208987E+001,-1.798617745653125E+002,
6.033235581622679E+009,-2.432227373773244E+001,1.584773861746360E+002,
6.037145650048876E+009,-2.458864072122980E+001,1.387224879297579E+002,
6.041055718475073E+009,-2.484776749823690E+001,1.210353656500037E+002,
6.044965786901271E+009,-2.476409599282059E+001,1.045623671070229E+002,
6.048875855327468E+009,-2.453634535037402E+001,8.669777203542984E+001,
6.052785923753666E+009,-2.413871619854052E+001,6.880399805603528E+001,
6.056695992179863E+009,-2.371685753194968E+001,4.964398208158788E+001,
6.060606060606061E+009,-2.310707523853125E+001,2.833780123548720E+001,
6.064516129032258E+009,-2.286885370400639E+001,5.684701442058571E+000,
6.068426197458456E+009,-2.296300235268607E+001,-1.660328502262091E+001,
6.072336265884653E+009,-2.317545582982488E+001,-3.735635298163813E+001,
6.076246334310850E+009,-2.326609511089117E+001,-5.748777123439838E+001,
6.080156402737048E+009,-2.347376293430321E+001,-7.839398152977901E+001,
6.084066471163245E+009,-2.362678107077699E+001,-9.758264851161177E+001,
6.087976539589443E+009,-2.372006973041400E+001,-1.161589343735708E+002,
6.091886608015640E+009,-2.370703349600142E+001,-1.347589424032905E+002,
6.095796676441837E+009,-2.354578882919359E+001,-1.536993544220155E+002,
6.099706744868035E+009,-2.326569553386004E+001,-1.729440976922446E+002,
6.103616813294232E+009,-2.302039913835592E+001,1.657327892896089E+002,
6.107526881720430E+009,-2.286257165916631E+001,1.436508914568599E+002,
6.111436950146627E+009,-2.300762482617297E+001,1.204418865751105E+002,
6.115347018572825E+009,-2.340501667478206E+001,9.844641257854036E+001,
6.119257086999023E+009,-2.392950757662458E+001,7.710149841493882E+001,
6.123167155425221E+009,-2.442938422674428E+001,5.784298068225641E+001,
6.127077223851418E+009,-2.495512770096942E+001,3.927231955731401E+001,
6.130987292277615E+009,-2.535256197088151E+001,2.267786387672706E+001,
6.134897360703813E+009,-2.540070197708339E+001,5.932884963869809E+000,
6.138807429130010E+009,-2.539597664940432E+001,-1.288719774179681E+001,
6.142717497556208E+009,-2.539506281435692E+001,-3.044992580547585E+001,
6.146627565982405E+009,-2.515215019169795E+001,-4.897489160565001E+001,
6.150537634408602E+009,-2.505953786741042E+001,-6.878865550650535E+001,
6.154447702834800E+009,-2.493326582545853E+001,-8.984005397564118E+001,
6.158357771260998E+009,-2.504442401797513E+001,-1.114938533597291E+002,
6.162267839687195E+009,-2.531624343938749E+001,-1.326899549602131E+002,
6.166177908113392E+009,-2.576821349017683E+001,-1.535336573008903E+002,
6.170087976539589E+009,-2.646353910202393E+001,-1.736747181663817E+002,
6.173998044965787E+009,-2.702814622857689E+001,1.690908977310109E+002,
6.177908113391985E+009,-2.759137128378753E+001,1.526256050487029E+002,
6.181818181818182E+009,-2.798493334996014E+001,1.380338753567575E+002,
6.185728250244379E+009,-2.798174688144368E+001,1.227339565223718E+002,
6.189638318670576E+009,-2.759851866230161E+001,1.084065484481432E+002,
6.193548387096774E+009,-2.697618915233403E+001,9.010461824507131E+001,
6.197458455522972E+009,-2.661713785195719E+001,6.808446107874515E+001,
6.201368523949169E+009,-2.684697164771076E+001,4.732303463485036E+001,
6.205278592375366E+009,-2.695408104318712E+001,2.804502998133151E+001,
6.209188660801564E+009,-2.712041836365209E+001,8.200523943974925E+000,
6.213098729227762E+009,-2.744739552384290E+001,-1.111380876127402E+001,
6.217008797653959E+009,-2.793958661548573E+001,-3.009484004127459E+001,
6.220918866080156E+009,-2.849942684050579E+001,-4.704011351358425E+001,
6.224828934506353E+009,-2.887538958800803E+001,-6.094405712539994E+001,
6.228739002932551E+009,-2.856808442819966E+001,-7.402579131595333E+001,
6.232649071358749E+009,-2.792971951441884E+001,-9.247568474376440E+001,
6.236559139784946E+009,-2.764486051318763E+001,-1.118356015510591E+002,
6.240469208211144E+009,-2.752968303702753E+001,-1.308549337208500E+002,
6.244379276637341E+009,-2.748781173866110E+001,-1.504636831063791E+002,
6.248289345063539E+009,-2.759149698855070E+001,-1.702691589064478E+002,
6.252199413489737E+009,-2.778254208303707E+001,1.723363629775761E+002,
6.256109481915934E+009,-2.773501717461485E+001,1.547416861604375E+002,
6.260019550342131E+009,-2.771930720225013E+001,1.363973618147997E+002,
6.263929618768329E+009,-2.793486690786980E+001,1.182651583919119E+002,
6.267839687194526E+009,-2.789300175954755E+001,1.022912960486162E+002,
6.271749755620724E+009,-2.769841883718818E+001,8.546815526469126E+001,
6.275659824046921E+009,-2.724377687718682E+001,6.817374597377574E+001,
6.279569892473118E+009,-2.681411419733509E+001,4.966431929282453E+001,
6.283479960899316E+009,-2.644359720183423E+001,2.934356349156284E+001,
6.287390029325514E+009,-2.629207366219955E+001,7.735454537480761E+000,
6.291300097751711E+009,-2.622015975142190E+001,-1.316379067939055E+001,
6.295210166177908E+009,-2.630858949921379E+001,-3.375908938879685E+001,
6.299120234604105E+009,-2.664192962684874E+001,-5.332216217424303E+001,
6.303030303030303E+009,-2.699323467408551E+001,-7.280004561389930E+001,
6.306940371456501E+009,-2.721676279209294E+001,-9.114108237260399E+001,
6.310850439882698E+009,-2.736238043153232E+001,-1.075952890679321E+002,
6.314760508308895E+009,-2.737305061076448E+001,-1.250636055061388E+002,
6.318670576735093E+009,-2.739268227983806E+001,-1.416165013301197E+002,
6.322580645161290E+009,-2.707629892994785E+001,-1.594323851348145E+002,
6.326490713587488E+009,-2.682645489927950E+001,-1.792095007608593E+002,
6.330400782013685E+009,-2.702807100989006E+001,1.608995382591908E+002,
6.334310850439882E+009,-2.719632549318973E+001,1.430475184097534E+002,
6.338220918866080E+009,-2.694273144516365E+001,1.251134469416307E+002,
6.342130987292278E+009,-2.683207898121275E+001,1.060519605019038E+002,
6.346041055718475E+009,-2.683594700436591E+001,8.762956226800701E+001,
6.349951124144672E+009,-2.676511990081544E+001,6.760367180942176E+001,
6.353861192570869E+009,-2.682605502577299E+001,4.792994115551015E+001,
6.357771260997068E+009,-2.699715854033365E+001,2.999587946970593E+001,
6.361681329423266E+009,-2.698974069077237E+001,1.225004267766122E+001,
6.365591397849463E+009,-2.687968062035730E+001,-6.636321357368455E+000,
6.369501466275660E+009,-2.680429027051480E+001,-2.603411827193563E+001,
6.373411534701857E+009,-2.680220940331810E+001,-4.506144478647685E+001,
6.377321603128055E+009,-2.665237575445252E+001,-6.508114363880813E+001,
6.381231671554253E+009,-2.683322622761090E+001,-8.453337530174888E+001,
6.385141739980450E+009,-2.692358157419559E+001,-1.029613936433643E+002,
6.389051808406647E+009,-2.711923835947371E+001,-1.225752463621501E+002,
6.392961876832845E+009,-2.727152501006019E+001,-1.401731113728258E+002,
6.396871945259043E+009,-2.712108591252609E+001,-1.585453709655927E+002,
6.400782013685240E+009,-2.691426390455865E+001,-1.790457222709245E+002,
6.404692082111437E+009,-2.726174612276611E+001,1.604311906905915E+002,
6.408602150537634E+009,-2.771549072638419E+001,1.417239304088095E+002,
6.412512218963832E+009,-2.781056200564006E+001,1.256758427836030E+002,
6.416422287390030E+009,-2.761975875677539E+001,1.072614876409183E+002,
6.420332355816227E+009,-2.762481912122151E+001,8.796269919370566E+001,
6.424242424242424E+009,-2.768711761479609E+001,6.890724357228689E+001,
6.428152492668621E+009,-2.787162867218176E+001,4.909163989167168E+001,
6.432062561094819E+009,-2.828079190902440E+001,3.106239432977259E+001,
6.435972629521017E+009,-2.848014683294427E+001,1.378487969198659E+001,
6.439882697947214E+009,-2.832420336202887E+001,-1.808473733247011E+000,
6.443792766373411E+009,-2.815872003383075E+001,-2.090182843020780E+001,
6.447702834799609E+009,-2.818280993608219E+001,-4.073379300480649E+001,
6.451612903225807E+009,-2.832494776450957E+001,-5.831293534522732E+001,
6.455522971652004E+009,-2.831769651335609E+001,-7.612299180243883E+001,
6.459433040078201E+009,-2.819948009931652E+001,-9.442513571463276E+001,
6.463343108504398E+009,-2.815473188452130E+001,-1.125109395091947E+002,
6.467253176930596E+009,-2.795357081653768E+001,-1.315694277541606E+002,
6.471163245356794E+009,-2.786099736389832E+001,-1.508377994009290E+002,
6.475073313782991E+009,-2.772499878337062E+001,-1.702837666439801E+002,
6.478983382209189E+009,-2.771831566229916E+001,1.688601283555829E+002,
6.482893450635386E+009,-2.804898886655281E+001,1.475794083599166E+002,
6.486803519061584E+009,-2.892307689506266E+001,1.282740434805259E+002,
6.490713587487782E+009,-2.907377611561701E+001,1.150034262679666E+002,
6.494623655913979E+009,-2.867591538562867E+001,9.783578969578321E+001,
6.498533724340176E+009,-2.839391573103008E+001,7.734306214228865E+001,
6.502443792766374E+009,-2.879837908396031E+001,5.762399689626156E+001,
6.506353861192571E+009,-2.912641654074291E+001,3.975532167129398E+001,
6.510263929618769E+009,-2.910477614279037E+001,2.270004399452619E+001,
6.514173998044966E+009,-2.903715206900765E+001,4.121671803334944E+000,
6.518084066471163E+009,-2.895800800476828E+001,-1.444937158761685E+001,
6.521994134897361E+009,-2.917054898150422E+001,-3.504888666528181E+001,
6.525904203323559E+009,-2.944090914159410E+001,-5.333381224606207E+001,
6.529814271749756E+009,-2.981514035112359E+001,-7.012506867269848E+001,
6.533724340175953E+009,-2.949153096722353E+001,-8.519055733495971E+001,
6.537634408602150E+009,-2.943080367375132E+001,-1.040504173767509E+002,
6.541544477028348E+009,-2.952543108922690E+001,-1.243679724386612E+002,
6.545454545454546E+009,-2.972436645140735E+001,-1.420498761012275E+002,
6.549364613880743E+009,-2.991992476921281E+001,-1.595990591006149E+002,
6.553274682306940E+009,-2.981886807191158E+001,-1.766672352949533E+002,
6.557184750733138E+009,-2.962518596026585E+001,1.668495159241322E+002,
6.561094819159335E+009,-2.947618063418791E+001,1.463746109780130E+002,
6.565004887585533E+009,-2.992440347532496E+001,1.274872433932018E+002,
6.568914956011730E+009,-2.993583580754252E+001,1.120142231064496E+002,
6.572825024437927E+009,-2.967984850455212E+001,9.635875607283542E+001,
6.576735092864125E+009,-2.922488189406117E+001,7.871088571532299E+001,
6.580645161290323E+009,-2.908316101986935E+001,5.811046939680498E+001,
6.584555229716520E+009,-2.921899044009856E+001,3.815022000341221E+001,
6.588465298142717E+009,-2.910985866440212E+001,2.040927576442994E+001,
6.592375366568914E+009,-2.894763519132562E+001,6.211668965785214E-001,
6.596285434995112E+009,-2.934164066883922E+001,-1.923059691401565E+001,
6.600195503421310E+009,-2.930225443912037E+001,-3.593714048764064E+001,
6.604105571847508E+009,-2.936154046106777E+001,-5.342686728708037E+001,
6.608015640273705E+009,-2.928526866639789E+001,-7.238426427974802E+001,
6.611925708699902E+009,-2.929407247556903E+001,-8.919594050728693E+001,
6.615835777126100E+009,-2.883302763277657E+001,-1.076800022813675E+002,
6.619745845552298E+009,-2.867956788047367E+001,-1.269499730721527E+002,
6.623655913978495E+009,-2.855772649345897E+001,-1.482180123214751E+002,
6.627565982404692E+009,-2.890563679244524E+001,-1.677139737806744E+002,
6.631476050830890E+009,-2.903654133545701E+001,1.750641355710383E+002,
6.635386119257088E+009,-2.896879244500308E+001,1.578852106504427E+002,
6.639296187683285E+009,-2.869563018306579E+001,1.403720924258352E+002,
6.643206256109482E+009,-2.830994175612822E+001,1.198113020574001E+002,
6.647116324535679E+009,-2.823488430953173E+001,1.003166801854873E+002,
6.651026392961877E+009,-2.812779006775641E+001,7.958518330665092E+001,
6.654936461388075E+009,-2.822592802357978E+001,5.893736022172309E+001,
6.658846529814272E+009,-2.854433507525513E+001,3.934274966815850E+001,
6.662756598240469E+009,-2.866204505933240E+001,2.127621134685387E+001,
6.666666666666666E+009,-2.859090244785032E+001,2.097746840262024E+000,
6.670576735092864E+009,-2.864065598064826E+001,-1.729554601752419E+001,
6.674486803519062E+009,-2.866300831679556E+001,-3.790972651365790E+001,
6.678396871945259E+009,-2.896280772496890E+001,-5.806017789293806E+001,
6.682306940371456E+009,-2.916980088700064E+001,-7.600956291656500E+001,
6.686217008797654E+009,-2.960295001832931E+001,-9.499045665527889E+001,
6.690127077223852E+009,-2.985284352494539E+001,-1.105802007337592E+002,
6.694037145650049E+009,-2.972638769995423E+001,-1.257125133097815E+002,
6.697947214076246E+009,-2.933233256260071E+001,-1.442915740574205E+002,
6.701857282502443E+009,-2.897214835065332E+001,-1.630788484322556E+002,
6.705767350928641E+009,-2.863140533284273E+001,1.755495934845391E+002,
6.709677419354839E+009,-2.885741289894075E+001,1.533288684831819E+002,
6.713587487781036E+009,-2.883428356303725E+001,1.338956759626123E+002,
6.717497556207233E+009,-2.917417086936732E+001,1.127462265435112E+002,
6.721407624633431E+009,-2.992173475766943E+001,9.348725505936805E+001,
6.725317693059629E+009,-3.056301334383295E+001,7.648964561593851E+001,
6.729227761485827E+009,-3.065920610472951E+001,6.306187063805680E+001,
6.733137829912024E+009,-3.028806244643153E+001,4.726994688806431E+001,
6.737047898338221E+009,-2.994707836182068E+001,2.627371742727727E+001,
6.740957966764419E+009,-2.989276864043913E+001,7.761638342573056E+000,
6.744868035190616E+009,-3.014187078409012E+001,-1.103154316623138E+001,
6.748778103616814E+009,-3.015873565615289E+001,-2.641401354062381E+001,
6.752688172043011E+009,-2.987423851190297E+001,-4.599373298451419E+001,
6.756598240469208E+009,-2.970133433410808E+001,-6.470475424607295E+001,
6.760508308895406E+009,-2.975289603505722E+001,-8.550966721938507E+001,
6.764418377321604E+009,-3.002566770339073E+001,-1.058606621732017E+002,
6.768328445747801E+009,-3.045288349282301E+001,-1.232597017259267E+002,
6.772238514173998E+009,-3.085212851629532E+001,-1.398270202401335E+002,
6.776148582600195E+009,-3.103638206037921E+001,-1.546046506149065E+002,
6.780058651026393E+009,-3.048002703768658E+001,-1.715510247892127E+002,
6.783968719452591E+009,-3.024064111468651E+001,1.708080470087768E+002,
6.787878787878788E+009,-3.026328663226129E+001,1.523791903586385E+002,
6.791788856304985E+009,-3.051832224925466E+001,1.351635711298837E+002,
6.795698924731183E+009,-3.025869380014333E+001,1.201183316049828E+002,
6.799608993157380E+009,-2.959977642486985E+001,1.037870606885190E+002,
6.803519061583578E+009,-2.890276883252168E+001,8.455813230616600E+001,
6.807429130009775E+009,-2.879699003774800E+001,6.213786518698522E+001,
6.811339198435972E+009,-2.907377137020030E+001,4.167437740917596E+001,
6.815249266862170E+009,-2.919772657261561E+001,2.406848781315846E+001,
6.819159335288368E+009,-2.934978915042209E+001,7.900468978218148E+000,
6.823069403714565E+009,-2.899478452594877E+001,-8.396090261852995E+000,
6.826979472140762E+009,-2.875444993119996E+001,-2.640399500507372E+001,
6.830889540566959E+009,-2.840477991225736E+001,-4.401666690872204E+001,
6.834799608993157E+009,-2.810416355263517E+001,-6.192603132611545E+001,
6.838709677419355E+009,-2.762601348514264E+001,-8.077096169917326E+001,
6.842619745845552E+009,-2.739547376910046E+001,-9.952345195884742E+001,
6.846529814271750E+009,-2.699479390629186E+001,-1.194054201236856E+002,
6.850439882697948E+009,-2.671547346189681E+001,-1.394941596659017E+002,
6.854349951124145E+009,-2.662166270179918E+001,-1.595866574319387E+002,
6.858260019550343E+009,-2.646730981230343E+001,-1.798299762020651E+002,
6.862170087976540E+009,-2.659152646367311E+001,1.608399411889844E+002,
6.866080156402737E+009,-2.670621472276153E+001,1.428666443206026E+002,
6.869990224828935E+009,-2.644365401318846E+001,1.253005927908050E+002,
6.873900293255133E+009,-2.603301890690791E+001,1.072797364273205E+002,
6.877810361681330E+009,-2.566336063585807E+001,8.684904196518660E+001,
6.881720430107527E+009,-2.527493838054868E+001,6.808061968449093E+001,
6.885630498533724E+009,-2.490820019899955E+001,4.720364333981127E+001,
6.889540566959922E+009,-2.466148833317413E+001,2.604357872777539E+001,
6.893450635386120E+009,-2.450215455505644E+001,4.422744247556861E+000,
6.897360703812317E+009,-2.466452252109709E+001,-1.675794428301525E+001,
6.901270772238514E+009,-2.483741719762631E+001,-3.791601492488609E+001,
6.905180840664711E+009,-2.497889751493325E+001,-5.703812793706289E+001,
6.909090909090909E+009,-2.505295483600953E+001,-7.645165348123967E+001,
6.913000977517107E+009,-2.526441777547586E+001,-9.588732498006006E+001,
6.916911045943304E+009,-2.529245352998409E+001,-1.134174119202674E+002,
6.920821114369501E+009,-2.519560526782794E+001,-1.313055740636130E+002,
6.924731182795699E+009,-2.488540229485715E+001,-1.495657628136562E+002,
6.928641251221897E+009,-2.451538015384278E+001,-1.692620141117826E+002,
6.932551319648094E+009,-2.427239716716123E+001,1.693416655753848E+002,
6.936461388074291E+009,-2.435836856332401E+001,1.475617256448814E+002,
6.940371456500488E+009,-2.444351407135236E+001,1.277708831031560E+002,
6.944281524926686E+009,-2.458308745178927E+001,1.075608648542771E+002,
6.948191593352884E+009,-2.462673630096809E+001,8.858786883380135E+001,
6.952101661779081E+009,-2.468693319872758E+001,6.842289803297098E+001,
6.956011730205278E+009,-2.490558259169340E+001,4.891022337202477E+001,
6.959921798631475E+009,-2.496601841622780E+001,3.062827376106781E+001,
6.963831867057674E+009,-2.491429154556886E+001,1.199867487032421E+001,
6.967741935483872E+009,-2.495823922385413E+001,-7.624900528757891E+000,
6.971652003910069E+009,-2.485698040831916E+001,-2.719650697097435E+001,
6.975562072336266E+009,-2.495076153717715E+001,-4.827333986109610E+001,
6.979472140762464E+009,-2.519362190410006E+001,-6.822593115961243E+001,
6.983382209188661E+009,-2.550732774525690E+001,-8.620270055203696E+001,
6.987292277614859E+009,-2.555399535014909E+001,-1.045171985039452E+002,
6.991202346041056E+009,-2.551948638267952E+001,-1.223265589729541E+002,
6.995112414467253E+009,-2.548719945434691E+001,-1.418666986374376E+002,
6.999022482893451E+009,-2.562676291526315E+001,-1.608140368513217E+002,
7.002932551319649E+009,-2.574156213785252E+001,-1.789801589581898E+002,
7.006842619745846E+009,-2.577360836028241E+001,1.628764057734678E+002,
7.010752688172043E+009,-2.557587692868543E+001,1.445837580276937E+002,
7.014662756598240E+009,-2.546438486809512E+001,1.241672018926749E+002,
7.018572825024438E+009,-2.554653533884360E+001,1.038207612147625E+002,
7.022482893450636E+009,-2.585756699956350E+001,8.419198759577944E+001,
7.026392961876833E+009,-2.613946922492433E+001,6.575653499259026E+001,
7.030303030303030E+009,-2.637887121804588E+001,4.787821846993359E+001,
7.034213098729228E+009,-2.648081048339142E+001,3.121496304822815E+001,
7.038123167155425E+009,-2.625188931999116E+001,1.306307462521386E+001,
7.042033235581623E+009,-2.625006436680985E+001,-5.969550304467354E+000,
7.045943304007820E+009,-2.637337821939986E+001,-2.473523845191400E+001,
7.049853372434017E+009,-2.638934502797448E+001,-4.192567665520478E+001,
7.053763440860215E+009,-2.609648695895216E+001,-5.903590275899673E+001,
7.057673509286413E+009,-2.596935024856825E+001,-7.915470225905861E+001,
7.061583577712610E+009,-2.595307078149684E+001,-9.862732944427282E+001,
7.065493646138807E+009,-2.612944034099245E+001,-1.181944851794452E+002,
7.069403714565004E+009,-2.624912991653941E+001,-1.370969738692228E+002,
7.073313782991202E+009,-2.642191672812643E+001,-1.544332486512490E+002,
7.077223851417400E+009,-2.632626777944097E+001,-1.717140294961832E+002,
7.081133919843597E+009,-2.617759970662460E+001,1.702015740398031E+002,
7.085043988269795E+009,-2.600879284189821E+001,1.520068340717626E+002,
7.088954056695993E+009,-2.591553901088938E+001,1.336875150240243E+002,
7.092864125122190E+009,-2.581298318789074E+001,1.149382169094375E+002,
7.096774193548388E+009,-2.569407258644564E+001,9.580729348439559E+001,
7.100684261974585E+009,-2.545273768094453E+001,7.682682014626286E+001,
7.104594330400782E+009,-2.538799421492952E+001,5.717560414941060E+001,
7.108504398826980E+009,-2.533929312132793E+001,3.845535463944163E+001,
7.112414467253178E+009,-2.525112533611933E+001,1.865103810339837E+001,
7.116324535679375E+009,-2.515113693309889E+001,-1.856988004204026E+000,
7.120234604105572E+009,-2.540425672295844E+001,-2.104746068200985E+001,
7.124144672531769E+009,-2.533291500680003E+001,-3.945074007943281E+001,
7.128054740957967E+009,-2.517670627338935E+001,-5.869809406546518E+001,
7.131964809384165E+009,-2.514570494251694E+001,-7.828136032721390E+001,
7.135874877810362E+009,-2.526331801032960E+001,-9.766284350373304E+001,
7.139784946236559E+009,-2.534982920926094E+001,-1.155848924505085E+002,
7.143695014662756E+009,-2.516925789998541E+001,-1.340392584233460E+002,
7.147605083088954E+009,-2.497919181002297E+001,-1.534546424845105E+002,
7.151515151515152E+009,-2.486217034679273E+001,-1.741090322708723E+002,
7.155425219941349E+009,-2.486767416528561E+001,1.650115241903426E+002,
7.159335288367546E+009,-2.512846076131979E+001,1.445754357607530E+002,
7.163245356793744E+009,-2.530061529583202E+001,1.257557825045553E+002,
7.167155425219942E+009,-2.543837993335673E+001,1.055407508795012E+002,
7.171065493646139E+009,-2.567442294205197E+001,8.584228052125076E+001,
7.174975562072336E+009,-2.608873842963539E+001,6.740500169020902E+001,
7.178885630498533E+009,-2.620167679219255E+001,5.012046491782495E+001,
7.182795698924731E+009,-2.620084070015368E+001,3.306825935649511E+001,
7.186705767350929E+009,-2.595609064040652E+001,1.542667385394956E+001,
7.190615835777126E+009,-2.575665488965892E+001,-4.574199827048097E+000,
7.194525904203323E+009,-2.559448905355786E+001,-2.503378068656983E+001,
7.198435972629520E+009,-2.544653767931255E+001,-4.592334854623928E+001,
7.202346041055718E+009,-2.551448306366447E+001,-6.846343696339839E+001,
7.206256109481916E+009,-2.606356518413970E+001,-8.919557714983976E+001,
7.210166177908114E+009,-2.661639695127198E+001,-1.086359555912942E+002,
7.214076246334311E+009,-2.709628057984694E+001,-1.278309395434269E+002,
7.217986314760509E+009,-2.757267347177302E+001,-1.440430466406955E+002,
7.221896383186706E+009,-2.775684901572651E+001,-1.598741758936732E+002,
7.225806451612904E+009,-2.764549497220600E+001,-1.763773002512776E+002,
7.229716520039101E+009,-2.751932983780356E+001,1.663188109066620E+002,
7.233626588465298E+009,-2.733738152333788E+001,1.468989327218383E+002,
7.237536656891496E+009,-2.722792399105429E+001,1.275897512943109E+002,
7.241446725317694E+009,-2.720395952202663E+001,1.065876289450329E+002,
7.245356793743891E+009,-2.741647756548241E+001,8.542690231172318E+001,
7.249266862170088E+009,-2.804580162805388E+001,6.625792087070570E+001,
7.253176930596285E+009,-2.848966666339764E+001,4.979037914634129E+001,
7.257086999022483E+009,-2.869221130006847E+001,3.353156132629188E+001,
7.260997067448681E+009,-2.869721092548364E+001,1.786413409374278E+001,
7.264907135874878E+009,-2.859262685854719E+001,1.875723313933696E-001,
7.268817204301075E+009,-2.839366853100630E+001,-1.784196473066834E+001,
7.272727272727273E+009,-2.823892839896811E+001,-3.620449812379583E+001,
7.276637341153470E+009,-2.817060931457889E+001,-5.525870563718902E+001,
7.280547409579668E+009,-2.822424814402290E+001,-7.553475862318489E+001,
7.284457478005865E+009,-2.859801840427854E+001,-9.388138235126061E+001,
7.288367546432062E+009,-2.896067399734151E+001,-1.124848414574408E+002,
7.292277614858260E+009,-2.907200831727442E+001,-1.296994105367739E+002,
7.296187683284458E+009,-2.916631580118490E+001,-1.464209094908382E+002,
7.300097751710655E+009,-2.946244376570981E+001,-1.614112562287235E+002,
7.304007820136852E+009,-2.917877614874030E+001,-1.759574026163326E+002,
7.307917888563049E+009,-2.885637158421777E+001,1.674106568975927E+002,
7.311827956989247E+009,-2.820454304418745E+001,1.495499295003896E+002,
7.315738025415445E+009,-2.779661725426990E+001,1.294119744449791E+002,
7.319648093841642E+009,-2.758715005192252E+001,1.085214441942805E+002,
7.323558162267839E+009,-2.741866586909165E+001,8.764702239721358E+001,
7.327468230694037E+009,-2.759917466068976E+001,6.617587914085574E+001,
7.331378299120235E+009,-2.796957075505610E+001,4.598818435088911E+001,
7.335288367546433E+009,-2.851028891422633E+001,2.934659698033520E+001,
7.339198435972630E+009,-2.861788379345169E+001,1.312904928372034E+001,
7.343108504398827E+009,-2.851392310589717E+001,-3.090041818348566E+000,
7.347018572825025E+009,-2.839748401112658E+001,-1.971730637997321E+001,
7.350928641251223E+009,-2.810266554395746E+001,-3.544120806834381E+001,
7.354838709677420E+009,-2.768671313299153E+001,-5.279812401273952E+001,
7.358748778103617E+009,-2.703617955942198E+001,-7.165156581295464E+001,
7.362658846529814E+009,-2.639165831251918E+001,-9.439157510132704E+001,
7.366568914956012E+009,-2.627276917743696E+001,-1.161798513875289E+002,
7.370478983382210E+009,-2.647283611648787E+001,-1.385717482802718E+002,
7.374389051808407E+009,-2.673322107633637E+001,-1.600335838504520E+002,
7.378299120234604E+009,-2.735078709875651E+001,-1.766117434819303E+002,
7.382209188660801E+009,-2.742389379599866E+001,1.674348102429560E+002,
7.386119257086999E+009,-2.729783944650505E+001,1.503512364797215E+002,
7.390029325513197E+009,-2.702224714590840E+001,1.330384938218912E+002,
7.393939393939394E+009,-2.664650263990533E+001,1.136541082067417E+002,
7.397849462365591E+009,-2.643521360809307E+001,9.357790381401033E+001,
7.401759530791789E+009,-2.615452986219100E+001,7.445596197539105E+001,
7.405669599217987E+009,-2.596825365327570E+001,5.234967089188054E+001,
7.409579667644184E+009,-2.615071489952918E+001,3.014975103559867E+001,
7.413489736070381E+009,-2.657942822096837E+001,1.049584152082404E+001,
7.417399804496578E+009,-2.699718274865987E+001,-7.094897109835081E+000,
7.421309872922776E+009,-2.697980835915297E+001,-2.487237416526814E+001,
7.425219941348974E+009,-2.711326919389864E+001,-4.152697230750752E+001,
7.429130009775171E+009,-2.691469426696614E+001,-5.854357281619771E+001,
7.433040078201368E+009,-2.651089565567524E+001,-7.699979449018856E+001,
7.436950146627565E+009,-2.631637374946472E+001,-9.666168373418383E+001,
7.440860215053763E+009,-2.613457614153258E+001,-1.166283111927205E+002,
7.444770283479961E+009,-2.586061871109085E+001,-1.377907747458320E+002,
7.448680351906158E+009,-2.584926231065630E+001,-1.595568877492600E+002,
7.452590420332356E+009,-2.609518340479722E+001,1.783677141723792E+002,
7.456500488758554E+009,-2.658616382612848E+001,1.572381585129891E+002,
7.460410557184751E+009,-2.708922042032598E+001,1.392464648756831E+002,
7.464320625610949E+009,-2.729231146875147E+001,1.216950953032688E+002,
7.468230694037146E+009,-2.753965283604760E+001,1.040095475095439E+002,
7.472140762463343E+009,-2.752785113640297E+001,8.669712595902004E+001,
7.476050830889541E+009,-2.760273969913264E+001,6.903011957814729E+001,
7.479960899315739E+009,-2.732937971370477E+001,5.150096944438266E+001,
7.483870967741936E+009,-2.697546033873973E+001,3.270672114411313E+001,
7.487781036168133E+009,-2.672683895607680E+001,1.086422442323495E+001,
7.491691104594330E+009,-2.702157581576281E+001,-1.131447242612578E+001,
7.495601173020528E+009,-2.748040084082935E+001,-2.999064756139172E+001,
7.499511241446726E+009,-2.777706980344943E+001,-4.754646611859873E+001,
7.503421309872923E+009,-2.768423805575589E+001,-6.593122367339828E+001,
7.507331378299120E+009,-2.770265922757213E+001,-8.641210288626607E+001,
7.511241446725318E+009,-2.813085812790614E+001,-1.068543577477518E+002,
7.515151515151515E+009,-2.851748166456378E+001,-1.244043418061021E+002,
7.519061583577713E+009,-2.878497359736496E+001,-1.420964008526907E+002,
7.522971652003910E+009,-2.881935781442450E+001,-1.578243246357595E+002,
7.526881720430107E+009,-2.878123096357538E+001,-1.750745815187812E+002,
7.530791788856305E+009,-2.854296978762136E+001,1.673049143931463E+002,
7.534701857282503E+009,-2.843475983962750E+001,1.469186080945705E+002,
7.538611925708700E+009,-2.862412549797607E+001,1.280610160434738E+002,
7.542521994134897E+009,-2.862586716503599E+001,1.090323382354624E+002,
7.546432062561094E+009,-2.879635437623296E+001,8.917375423605587E+001,
7.550342130987292E+009,-2.930043901402507E+001,7.088425634268305E+001,
7.554252199413490E+009,-2.960531323124534E+001,5.382136762033751E+001,
7.558162267839687E+009,-3.004414623452458E+001,3.796214905887113E+001,
7.562072336265884E+009,-2.980068165394618E+001,2.391037288899534E+001,
7.565982404692082E+009,-2.955627020079339E+001,7.459927949791679E+000,
7.569892473118280E+009,-2.917209997433361E+001,-1.068369565687139E+001,
7.573802541544478E+009,-2.889483542315997E+001,-2.816500952795636E+001,
7.577712609970675E+009,-2.861489427362642E+001,-4.777197607700495E+001,
7.581622678396872E+009,-2.840177458317733E+001,-6.803226511684713E+001,
7.585532746823070E+009,-2.859697218094116E+001,-8.834876035346827E+001,
7.589442815249268E+009,-2.888254823928288E+001,-1.062657501716220E+002,
7.593352883675465E+009,-2.881152414101278E+001,-1.232890910120534E+002,
7.597262952101662E+009,-2.896748599753271E+001,-1.417581092142636E+002,
7.601173020527859E+009,-2.884787197118235E+001,-1.566614069057214E+002,
7.605083088954057E+009,-2.837480074887430E+001,-1.743304687397872E+002,
7.608993157380255E+009,-2.801604636839813E+001,1.666725196268122E+002,
7.612903225806452E+009,-2.763057504951376E+001,1.467698272011289E+002,
7.616813294232649E+009,-2.723025874046426E+001,1.261800202039631E+002,
7.620723362658846E+009,-2.729502864274132E+001,1.032615550341393E+002,
7.624633431085044E+009,-2.743945788768061E+001,8.334118277685779E+001,
7.628543499511242E+009,-2.760956493908643E+001,6.339097315561200E+001,
7.632453567937439E+009,-2.781028505790312E+001,4.458561899969428E+001,
7.636363636363636E+009,-2.785523375965557E+001,2.568285028831396E+001,
7.640273704789834E+009,-2.818214254757027E+001,7.911451311940849E+000,
7.644183773216032E+009,-2.822956604549697E+001,-8.158390760947059E+000,
7.648093841642229E+009,-2.805018384327564E+001,-2.596499355266023E+001,
7.652003910068426E+009,-2.788269306236203E+001,-4.462350211102259E+001,
7.655913978494623E+009,-2.769399437189137E+001,-6.248156396316618E+001,
7.659824046920821E+009,-2.753644740635057E+001,-8.101536199904511E+001,
7.663734115347019E+009,-2.710417419124375E+001,-1.007936003254625E+002,
7.667644183773216E+009,-2.725656321490195E+001,-1.219104812802825E+002,
7.671554252199413E+009,-2.754330625926719E+001,-1.405449480626893E+002,
7.675464320625610E+009,-2.757778238815910E+001,-1.584979208676691E+002,
7.679374389051808E+009,-2.746834338315106E+001,-1.768976192246883E+002,
7.683284457478006E+009,-2.733748066276688E+001,1.651017763241989E+002,
7.687194525904203E+009,-2.733173089582576E+001,1.456594232585549E+002,
7.691104594330401E+009,-2.729845539279845E+001,1.259856205150668E+002,
7.695014662756599E+009,-2.727690331095844E+001,1.072978461554945E+002,
7.698924731182797E+009,-2.717115411491122E+001,8.773291073351149E+001,
7.702834799608994E+009,-2.726974314537884E+001,6.886802128114860E+001,
7.706744868035191E+009,-2.716839190990254E+001,5.104339327426704E+001,
7.710654936461388E+009,-2.712039907409314E+001,3.195530510154440E+001,
7.714565004887586E+009,-2.686984996563611E+001,1.306711946803916E+001,
7.718475073313784E+009,-2.706637233489968E+001,-6.956672677954775E+000,
7.722385141739981E+009,-2.701006661418206E+001,-2.607342417538703E+001,
7.726295210166178E+009,-2.714466940374306E+001,-4.350613488943996E+001,
7.730205278592375E+009,-2.705835286715612E+001,-6.191694724391172E+001,
7.734115347018573E+009,-2.689227115139621E+001,-7.898892412123864E+001,
7.738025415444771E+009,-2.652120139242368E+001,-9.906192820226316E+001,
7.741935483870968E+009,-2.620990690967170E+001,-1.178238057556354E+002,
7.745845552297165E+009,-2.598520159940880E+001,-1.383187194838539E+002,
7.749755620723363E+009,-2.582722817352040E+001,-1.595320355489123E+002,
7.753665689149560E+009,-2.582123163889317E+001,1.778346582581629E+002,
7.757575757575758E+009,-2.630682782267148E+001,1.564649452168751E+002,
7.761485826001955E+009,-2.657640133660036E+001,1.374975582832139E+002,
7.765395894428152E+009,-2.687246112029604E+001,1.184424745052724E+002,
7.769305962854350E+009,-2.730665941634612E+001,1.009112951395626E+002,
7.773216031280548E+009,-2.747741189741596E+001,8.529320425196212E+001,
7.777126099706745E+009,-2.717594147721606E+001,6.931844928260037E+001,
7.781036168132942E+009,-2.674040608657977E+001,5.124701403630360E+001,
7.784946236559139E+009,-2.638668937223395E+001,3.122592377972759E+001,
7.788856304985337E+009,-2.615191735695883E+001,1.095594168390258E+001,
7.792766373411535E+009,-2.616964961045090E+001,-1.008099528413515E+001,
7.796676441837732E+009,-2.620286564540370E+001,-3.069341752916825E+001,
7.800586510263929E+009,-2.624415043380283E+001,-5.050526523707629E+001,
7.804496578690127E+009,-2.650473383119434E+001,-7.163457597185573E+001,
7.808406647116324E+009,-2.687760911286529E+001,-8.977469161236924E+001,
7.812316715542522E+009,-2.719505205807221E+001,-1.078097020404166E+002,
7.816226783968720E+009,-2.717097182190262E+001,-1.251041566319882E+002,
7.820136852394917E+009,-2.717589157729786E+001,-1.430044818276570E+002,
7.824046920821115E+009,-2.704115194186629E+001,-1.599750437965277E+002,
7.827956989247313E+009,-2.679613625656220E+001,-1.790308063835184E+002,
7.831867057673510E+009,-2.656719440696083E+001,1.604740419223199E+002,
7.835777126099707E+009,-2.663573919022268E+001,1.400691549754567E+002,
7.839687194525904E+009,-2.662990605001474E+001,1.204709539166797E+002,
7.843597262952102E+009,-2.674631497118840E+001,9.939242605089498E+001,
7.847507331378300E+009,-2.725837245090548E+001,7.936231021937168E+001,
7.851417399804497E+009,-2.769054296654682E+001,6.202591876715694E+001,
7.855327468230694E+009,-2.764189220335194E+001,4.660896219997778E+001,
7.859237536656891E+009,-2.750028356782978E+001,3.035148042539832E+001,
7.863147605083089E+009,-2.721321943440206E+001,1.155573746799768E+001,
7.867057673509287E+009,-2.699729746241576E+001,-8.322960965095225E+000,
7.870967741935484E+009,-2.679396601561903E+001,-2.745716471880802E+001,
7.874877810361681E+009,-2.684037817950046E+001,-4.707850729560754E+001,
7.878787878787879E+009,-2.685632590186023E+001,-6.654623217614036E+001,
7.882697947214077E+009,-2.689284259424900E+001,-8.597261086579216E+001,
7.886608015640274E+009,-2.693681764364646E+001,-1.057964875648644E+002,
7.890518084066471E+009,-2.713153670397177E+001,-1.250033452896266E+002,
7.894428152492668E+009,-2.740639525782471E+001,-1.421864446125052E+002,
7.898338220918866E+009,-2.729380348360847E+001,-1.585266373273739E+002,
7.902248289345064E+009,-2.716208684677482E+001,-1.764846451918015E+002,
7.906158357771261E+009,-2.693758421192751E+001,1.649916826238494E+002,
7.910068426197458E+009,-2.684484476422472E+001,1.465553828992806E+002,
7.913978494623655E+009,-2.657106790420593E+001,1.282810856418991E+002,
7.917888563049853E+009,-2.617030565159021E+001,1.091067745533595E+002,
7.921798631476051E+009,-2.593529534767776E+001,8.838655056135525E+001,
7.925708699902248E+009,-2.589056026681182E+001,6.747623178276021E+001,
7.929618768328445E+009,-2.587399039594155E+001,4.721829111639857E+001,
7.933528836754643E+009,-2.591728612779631E+001,2.705716500770696E+001,
7.937438905180841E+009,-2.604588121651657E+001,7.481260281205549E+000,
7.941348973607039E+009,-2.626786669936230E+001,-9.623917880612064E+000,
7.945259042033236E+009,-2.612052454028539E+001,-2.822703023308035E+001,
7.949169110459433E+009,-2.594607244118210E+001,-4.778132064397694E+001,
7.953079178885631E+009,-2.587913452914920E+001,-6.668903051024776E+001,
7.956989247311829E+009,-2.568300148527938E+001,-8.611179699175611E+001,
7.960899315738026E+009,-2.543575676330228E+001,-1.066002945871324E+002,
7.964809384164223E+009,-2.554251292686212E+001,-1.281370223154567E+002,
7.968719452590420E+009,-2.571046712075192E+001,-1.483342149666997E+002,
7.972629521016618E+009,-2.577416039027110E+001,-1.680535460018976E+002,
7.976539589442816E+009,-2.587206148293684E+001,1.718073947282307E+002,
7.980449657869013E+009,-2.607685421543003E+001,1.529613893092674E+002,
7.984359726295210E+009,-2.615172013359906E+001,1.349263985123584E+002,
7.988269794721408E+009,-2.610425809845972E+001,1.158924360271461E+002,
7.992179863147605E+009,-2.588528056578622E+001,9.595324207473922E+001,
7.996089931573803E+009,-2.582104329296164E+001,7.611294563554000E+001,
8.000000000000000E+009,-2.592342950383051E+001,5.445837572965438E+001,
