% Version 1.00
%
%freq[Hz];db:Trc1_S21;ang:Trc1_S21;
4.000000000000000E+009,-2.394986690550318E+001,-1.480434460216808E+002,
4.003910068426198E+009,-2.406110509655682E+001,-1.637365771725953E+002,
4.007820136852395E+009,-2.376599331425804E+001,1.790462390528619E+002,
4.011730205278593E+009,-2.359512790800160E+001,1.586551336303004E+002,
4.015640273704790E+009,-2.370345987979066E+001,1.393040255232952E+002,
4.019550342130987E+009,-2.373761185664338E+001,1.198292819309916E+002,
4.023460410557185E+009,-2.368348792999551E+001,1.004519553275921E+002,
4.027370478983382E+009,-2.370534281540114E+001,8.029264235607246E+001,
4.031280547409580E+009,-2.404996867216958E+001,5.946388734563339E+001,
4.035190615835777E+009,-2.451427233387496E+001,3.997331224477146E+001,
4.039100684261975E+009,-2.483663600722387E+001,2.353682586865611E+001,
4.043010752688172E+009,-2.471747035866244E+001,6.932564782403653E+000,
4.046920821114369E+009,-2.455938536536429E+001,-1.071909647033166E+001,
4.050830889540567E+009,-2.426288429110538E+001,-3.059522314690158E+001,
4.054740957966765E+009,-2.440347217271870E+001,-5.226546496823538E+001,
4.058651026392962E+009,-2.479089527390112E+001,-7.220637333310930E+001,
4.062561094819160E+009,-2.507783036574969E+001,-8.921448118245220E+001,
4.066471163245357E+009,-2.488217111924389E+001,-1.072585333724990E+002,
4.070381231671554E+009,-2.505272488857748E+001,-1.266611569792107E+002,
4.074291300097752E+009,-2.521380191096421E+001,-1.443745842098477E+002,
4.078201368523949E+009,-2.527755713722815E+001,-1.622609496415015E+002,
4.082111436950147E+009,-2.515285163379691E+001,-1.791918333891929E+002,
4.086021505376344E+009,-2.488320882475090E+001,1.630716008063883E+002,
4.089931573802542E+009,-2.463814996027234E+001,1.444975375327327E+002,
4.093841642228739E+009,-2.435968910301821E+001,1.244234161975974E+002,
4.097751710654936E+009,-2.432692568153216E+001,1.032905130886487E+002,
4.101661779081134E+009,-2.432776696553188E+001,8.581017804293792E+001,
4.105571847507331E+009,-2.398469968125308E+001,6.600641023691945E+001,
4.109481915933529E+009,-2.384466620736948E+001,4.510065104094101E+001,
4.113391984359726E+009,-2.381762761692392E+001,2.366108304459338E+001,
4.117302052785924E+009,-2.414350815265117E+001,3.788077849375741E+000,
4.121212121212121E+009,-2.431693223016921E+001,-1.454216730523659E+001,
4.125122189638319E+009,-2.431073557771754E+001,-3.481737556825851E+001,
4.129032258064516E+009,-2.449013400377091E+001,-5.240764559562332E+001,
4.132942326490714E+009,-2.442724096582268E+001,-7.041440642997969E+001,
4.136852394916911E+009,-2.427054009477800E+001,-8.955226219578289E+001,
4.140762463343109E+009,-2.411552634722453E+001,-1.086547229948012E+002,
4.144672531769306E+009,-2.424513578926397E+001,-1.278275145535629E+002,
4.148582600195503E+009,-2.416767826363866E+001,-1.460888110740668E+002,
4.152492668621701E+009,-2.420872510760513E+001,-1.667737858541775E+002,
4.156402737047898E+009,-2.432386986369011E+001,1.756740654610472E+002,
4.160312805474096E+009,-2.416892285437003E+001,1.585522635405152E+002,
4.164222873900293E+009,-2.373839966781480E+001,1.401949730158430E+002,
4.168132942326491E+009,-2.355001829159382E+001,1.185343578085014E+002,
4.172043010752688E+009,-2.367885120439507E+001,9.890183958821216E+001,
4.175953079178886E+009,-2.371863987178035E+001,7.995176683876346E+001,
4.179863147605083E+009,-2.370562443598123E+001,6.038644502400206E+001,
4.183773216031281E+009,-2.389114138295338E+001,4.143023418311026E+001,
4.187683284457478E+009,-2.394808147491298E+001,2.409327111249246E+001,
4.191593352883676E+009,-2.381310886658609E+001,6.291491384927162E+000,
4.195503421309873E+009,-2.350833628565781E+001,-1.149960118179522E+001,
4.199413489736071E+009,-2.319964416228286E+001,-3.054616916683731E+001,
4.203323558162268E+009,-2.293309920281027E+001,-5.030016170801907E+001,
4.207233626588465E+009,-2.283701221287308E+001,-7.157297805490649E+001,
4.211143695014663E+009,-2.302339766192945E+001,-9.176865727266616E+001,
4.215053763440860E+009,-2.305743242098597E+001,-1.103307079527026E+002,
4.218963831867058E+009,-2.298241020982646E+001,-1.300567576912310E+002,
4.222873900293255E+009,-2.305591528544449E+001,-1.500456797017636E+002,
4.226783968719452E+009,-2.329654182102019E+001,-1.688681918743415E+002,
4.230694037145650E+009,-2.315841411992970E+001,1.731200503129234E+002,
4.234604105571847E+009,-2.323988738112339E+001,1.525701993199882E+002,
4.238514173998045E+009,-2.352939710745545E+001,1.351587104137822E+002,
4.242424242424243E+009,-2.341185081910692E+001,1.171957268037271E+002,
4.246334310850440E+009,-2.331007775029291E+001,9.883114044347383E+001,
4.250244379276638E+009,-2.317191070767813E+001,7.907077258564281E+001,
4.254154447702835E+009,-2.326372386904570E+001,6.000713073781316E+001,
4.258064516129032E+009,-2.313624179399163E+001,4.142736324557219E+001,
4.261974584555230E+009,-2.313290941216182E+001,2.076026898106301E+001,
4.265884652981427E+009,-2.342729463938107E+001,1.021164715677379E+000,
4.269794721407625E+009,-2.347229357326014E+001,-1.778151877940266E+001,
4.273704789833822E+009,-2.384862079931978E+001,-3.729672301098639E+001,
4.277614858260019E+009,-2.414407931029755E+001,-5.462674620015358E+001,
4.281524926686217E+009,-2.415071939820002E+001,-7.203459202417388E+001,
4.285434995112414E+009,-2.413644615160085E+001,-8.949566325538956E+001,
4.289345063538612E+009,-2.391820870313685E+001,-1.086343257541503E+002,
4.293255131964809E+009,-2.410418168508968E+001,-1.286746699778465E+002,
4.297165200391007E+009,-2.445125110062167E+001,-1.470266789545532E+002,
4.301075268817205E+009,-2.453112685820706E+001,-1.643582530559179E+002,
4.304985337243402E+009,-2.456371031275441E+001,1.779207148409585E+002,
4.308895405669600E+009,-2.470843614822518E+001,1.600281545278944E+002,
4.312805474095797E+009,-2.469854428387713E+001,1.414194802445444E+002,
4.316715542521994E+009,-2.509356650628968E+001,1.235958865682017E+002,
4.320625610948192E+009,-2.497336780531526E+001,1.073477648518356E+002,
4.324535679374389E+009,-2.472791612799882E+001,8.954058894109593E+001,
4.328445747800587E+009,-2.458490408661018E+001,7.084321313161206E+001,
4.332355816226784E+009,-2.457747200018380E+001,4.993647471405448E+001,
4.336265884652982E+009,-2.473997953077629E+001,3.099125058116518E+001,
4.340175953079179E+009,-2.491420959820218E+001,1.061113965419519E+001,
4.344086021505377E+009,-2.543896555513871E+001,-9.599962008150687E+000,
4.347996089931574E+009,-2.621116533054823E+001,-2.623923330616288E+001,
4.351906158357771E+009,-2.646574195641842E+001,-3.984881526433186E+001,
4.355816226783969E+009,-2.634833410869307E+001,-5.465080434700086E+001,
4.359726295210166E+009,-2.619501309657012E+001,-7.140645061104307E+001,
4.363636363636364E+009,-2.615793111256245E+001,-8.833199186897073E+001,
4.367546432062561E+009,-2.570027277726834E+001,-1.049388904002505E+002,
4.371456500488758E+009,-2.512669878259321E+001,-1.253382136239039E+002,
4.375366568914956E+009,-2.528385363886090E+001,-1.473299739976655E+002,
4.379276637341153E+009,-2.559418558893568E+001,-1.663461859277093E+002,
4.383186705767351E+009,-2.578972735874320E+001,1.756912464761007E+002,
4.387096774193548E+009,-2.592613896892850E+001,1.568210888011168E+002,
4.391006842619746E+009,-2.624701468451149E+001,1.385355169398181E+002,
4.394916911045943E+009,-2.668297649496624E+001,1.222516350386488E+002,
4.398826979472141E+009,-2.663312577338916E+001,1.062726155899412E+002,
4.402737047898338E+009,-2.680132589435008E+001,8.998549780230270E+001,
4.406647116324535E+009,-2.645662594582369E+001,7.408317078736624E+001,
4.410557184750733E+009,-2.613620858947121E+001,5.717643348326945E+001,
4.414467253176930E+009,-2.571350759488872E+001,3.803677914858753E+001,
4.418377321603128E+009,-2.557160869823657E+001,1.726615065285157E+001,
4.422287390029326E+009,-2.554318108566383E+001,-2.262772428385234E+000,
4.426197458455523E+009,-2.575713727419945E+001,-2.289555436060132E+001,
4.430107526881721E+009,-2.634669698320483E+001,-4.205180427724020E+001,
4.434017595307918E+009,-2.653873281424458E+001,-5.750888707297037E+001,
4.437927663734116E+009,-2.650894771232136E+001,-7.264976569492899E+001,
4.441837732160313E+009,-2.637331963053786E+001,-9.002699802378065E+001,
4.445747800586511E+009,-2.604159909297105E+001,-1.057709984146702E+002,
4.449657869012708E+009,-2.542945438964739E+001,-1.253478101382933E+002,
4.453567937438905E+009,-2.527335688830448E+001,-1.465941981072857E+002,
4.457478005865103E+009,-2.545566648811329E+001,-1.667172715744604E+002,
4.461388074291300E+009,-2.560383866092649E+001,1.763014574381889E+002,
4.465298142717498E+009,-2.538684666705255E+001,1.582656582732494E+002,
4.469208211143695E+009,-2.512907821828323E+001,1.385287292393560E+002,
4.473118279569893E+009,-2.516991696632215E+001,1.191285496675641E+002,
4.477028347996090E+009,-2.507105877124868E+001,1.003743018507445E+002,
4.480938416422287E+009,-2.496462287937165E+001,8.149884707646292E+001,
4.484848484848485E+009,-2.476836084953244E+001,6.228683578226745E+001,
4.488758553274682E+009,-2.459428483379789E+001,4.236431026051785E+001,
4.492668621700880E+009,-2.453202968872619E+001,2.182860604911581E+001,
4.496578690127077E+009,-2.466833525717278E+001,2.909730679863523E+000,
4.500488758553275E+009,-2.455320428239221E+001,-1.664274635120568E+001,
4.504398826979472E+009,-2.447938595740412E+001,-3.516459701664784E+001,
4.508308895405669E+009,-2.408798995695555E+001,-5.426386624849660E+001,
4.512218963831867E+009,-2.399571826406784E+001,-7.550640628138086E+001,
4.516129032258064E+009,-2.393847100884136E+001,-9.669428332847626E+001,
4.520039100684262E+009,-2.407888875220735E+001,-1.170362373045890E+002,
4.523949169110459E+009,-2.414367280263115E+001,-1.361716776026393E+002,
4.527859237536657E+009,-2.400070347541072E+001,-1.556145546227905E+002,
4.531769305962854E+009,-2.377035085306277E+001,-1.774539705917451E+002,
4.535679374389051E+009,-2.404353821036681E+001,1.610096962004679E+002,
4.539589442815249E+009,-2.412474164754769E+001,1.415988619956112E+002,
4.543499511241447E+009,-2.406427468537179E+001,1.214509321937307E+002,
4.547409579667645E+009,-2.418444050870081E+001,9.973492019722558E+001,
4.551319648093842E+009,-2.452279176933411E+001,7.917615351016350E+001,
4.555229716520039E+009,-2.484606457099473E+001,5.981805544925454E+001,
4.559139784946237E+009,-2.496351144173607E+001,4.138845902795877E+001,
4.563049853372434E+009,-2.507447979442631E+001,2.267144966647402E+001,
4.566959921798632E+009,-2.508364643133676E+001,4.925192170333256E+000,
4.570869990224829E+009,-2.468952125171878E+001,-1.410625089096039E+001,
4.574780058651027E+009,-2.447058698642076E+001,-3.559640642503577E+001,
4.578690127077224E+009,-2.464264986822341E+001,-5.626287183388979E+001,
4.582600195503422E+009,-2.477968239028204E+001,-7.594453879485157E+001,
4.586510263929619E+009,-2.487211151202806E+001,-9.583045117984973E+001,
4.590420332355816E+009,-2.502728712030278E+001,-1.169717116846668E+002,
4.594330400782014E+009,-2.547510716525878E+001,-1.362178242947820E+002,
4.598240469208211E+009,-2.567808929543475E+001,-1.534454455031965E+002,
4.602150537634409E+009,-2.578761971213539E+001,-1.713450160673405E+002,
4.606060606060606E+009,-2.587703989409465E+001,1.729873123874988E+002,
4.609970674486803E+009,-2.540398764710716E+001,1.561073415257181E+002,
4.613880742913001E+009,-2.494768057051992E+001,1.356694340418526E+002,
4.617790811339198E+009,-2.464056312895210E+001,1.151843251096472E+002,
4.621700879765396E+009,-2.468802477256081E+001,9.377039070532963E+001,
4.625610948191593E+009,-2.487520822679853E+001,7.349197070034359E+001,
4.629521016617791E+009,-2.507114426652979E+001,5.460465917566690E+001,
4.633431085043988E+009,-2.510070981057837E+001,3.662622732004007E+001,
4.637341153470186E+009,-2.517474174863209E+001,1.866318740917592E+001,
4.641251221896383E+009,-2.504875007146540E+001,8.691828069989124E-001,
4.645161290322580E+009,-2.490404190059203E+001,-1.746591747673636E+001,
4.649071358748778E+009,-2.454560013134014E+001,-3.577002255209560E+001,
4.652981427174975E+009,-2.438012638254818E+001,-5.578693664096640E+001,
4.656891495601173E+009,-2.438184747440577E+001,-7.489166455146579E+001,
4.660801564027371E+009,-2.429611499515846E+001,-9.422358469386742E+001,
4.664711632453568E+009,-2.424505439339389E+001,-1.129002833511407E+002,
4.668621700879766E+009,-2.406192436258242E+001,-1.318665213809344E+002,
4.672531769305963E+009,-2.404570803033967E+001,-1.511055007040422E+002,
4.676441837732161E+009,-2.398986801296103E+001,-1.693682633010579E+002,
4.680351906158358E+009,-2.395118480612061E+001,1.724451186103871E+002,
4.684261974584556E+009,-2.354821648776717E+001,1.538788976977361E+002,
4.688172043010753E+009,-2.328592718292436E+001,1.343741642427477E+002,
4.692082111436951E+009,-2.317772204569605E+001,1.139705629405498E+002,
4.695992179863148E+009,-2.310118436111243E+001,9.459622812622492E+001,
4.699902248289345E+009,-2.304111262739938E+001,7.427621203807094E+001,
4.703812316715543E+009,-2.321624692038109E+001,5.416317233812889E+001,
4.707722385141740E+009,-2.348360107563962E+001,3.633541801799781E+001,
4.711632453567938E+009,-2.345468222406545E+001,1.930071445345199E+001,
4.715542521994135E+009,-2.333940250130777E+001,2.607344155478744E+000,
4.719452590420332E+009,-2.292468368333609E+001,-1.502150150253269E+001,
4.723362658846530E+009,-2.266553319307663E+001,-3.471805585232121E+001,
4.727272727272727E+009,-2.232297532960349E+001,-5.290978498246055E+001,
4.731182795698925E+009,-2.178267521701858E+001,-7.343646108795154E+001,
4.735092864125122E+009,-2.161124615737246E+001,-9.603890950298684E+001,
4.739002932551320E+009,-2.179858814166560E+001,-1.180441648263567E+002,
4.742913000977517E+009,-2.209612365244450E+001,-1.391235707503202E+002,
4.746823069403714E+009,-2.252251674637719E+001,-1.581890001100423E+002,
4.750733137829912E+009,-2.273361183757901E+001,-1.760101637332455E+002,
4.754643206256109E+009,-2.294470848929930E+001,1.664446001147938E+002,
4.758553274682307E+009,-2.301905382133263E+001,1.495970298037601E+002,
4.762463343108504E+009,-2.280973935014411E+001,1.322384358356057E+002,
4.766373411534702E+009,-2.262405476455467E+001,1.147616456487616E+002,
4.770283479960899E+009,-2.243723844324519E+001,9.581920673441897E+001,
4.774193548387096E+009,-2.217409007141438E+001,7.661369420201211E+001,
4.778103616813294E+009,-2.196766111387266E+001,5.579654263773762E+001,
4.782013685239492E+009,-2.214271545296701E+001,3.367118276711289E+001,
4.785923753665690E+009,-2.258376797031145E+001,1.358684456139722E+001,
4.789833822091887E+009,-2.301444572297919E+001,-4.440678348516158E+000,
4.793743890518084E+009,-2.337610797966760E+001,-2.119463992599518E+001,
4.797653958944282E+009,-2.353991206720637E+001,-3.776452748354640E+001,
4.801564027370479E+009,-2.349869726730449E+001,-5.391715421845772E+001,
4.805474095796677E+009,-2.332614301604959E+001,-7.169237348872984E+001,
4.809384164222874E+009,-2.315113101922938E+001,-8.869406818962720E+001,
4.813294232649072E+009,-2.287947151841233E+001,-1.071649106038744E+002,
4.817204301075269E+009,-2.277250214808347E+001,-1.268321338790690E+002,
4.821114369501467E+009,-2.281722291878782E+001,-1.467818360329567E+002,
4.825024437927664E+009,-2.299578378486607E+001,-1.661327043919399E+002,
4.828934506353861E+009,-2.318240734980217E+001,1.757333545456570E+002,
4.832844574780059E+009,-2.328793748630074E+001,1.572805053368593E+002,
4.836754643206256E+009,-2.331744096087782E+001,1.390217832173904E+002,
4.840664711632454E+009,-2.354630188621919E+001,1.207653063685167E+002,
4.844574780058651E+009,-2.378358120047894E+001,1.043359948127324E+002,
4.848484848484848E+009,-2.359169173023918E+001,8.790463305380118E+001,
4.852394916911046E+009,-2.326146255343302E+001,6.954967405491790E+001,
4.856304985337243E+009,-2.304361990965903E+001,5.118416246305733E+001,
4.860215053763441E+009,-2.280622462931613E+001,3.034223942059935E+001,
4.864125122189638E+009,-2.285191734369094E+001,9.179259413897324E+000,
4.868035190615836E+009,-2.327032373062851E+001,-1.129395308764672E+001,
4.871945259042033E+009,-2.367592043576589E+001,-2.955367375682777E+001,
4.875855327468231E+009,-2.390414265849776E+001,-4.769495115102250E+001,
4.879765395894428E+009,-2.427028647393419E+001,-6.565366609262527E+001,
4.883675464320625E+009,-2.472656219136236E+001,-8.169235802778104E+001,
4.887585532746823E+009,-2.468567297539734E+001,-9.638176337053960E+001,
4.891495601173020E+009,-2.443556607640246E+001,-1.120074510457926E+002,
4.895405669599218E+009,-2.389848635653280E+001,-1.295996734721577E+002,
4.899315738025415E+009,-2.350782625146736E+001,-1.491955843939129E+002,
4.903225806451613E+009,-2.338919586876903E+001,-1.707765070551569E+002,
4.907135874877811E+009,-2.348040522512539E+001,1.681150984782573E+002,
4.911045943304008E+009,-2.397228456642612E+001,1.482535708115238E+002,
4.914956011730206E+009,-2.440451069504182E+001,1.303578133026272E+002,
4.918866080156403E+009,-2.466549791230833E+001,1.133155104360680E+002,
4.922776148582601E+009,-2.482149170071528E+001,9.587188246960415E+001,
4.926686217008798E+009,-2.508656044667296E+001,8.052737674867683E+001,
4.930596285434996E+009,-2.475997604036784E+001,6.445508996747743E+001,
4.934506353861193E+009,-2.447740701123371E+001,4.587116921143957E+001,
4.938416422287390E+009,-2.439147885426230E+001,2.611905139545982E+001,
4.942326490713588E+009,-2.441955815009407E+001,7.636678313159430E+000,
4.946236559139785E+009,-2.446953487886516E+001,-1.151516630136744E+001,
4.950146627565983E+009,-2.459438325794972E+001,-3.014186569519656E+001,
4.954056695992180E+009,-2.471338389124570E+001,-4.934803964912351E+001,
4.957966764418377E+009,-2.504464153535903E+001,-6.743106168380024E+001,
4.961876832844575E+009,-2.510717912256876E+001,-8.287555185908954E+001,
4.965786901270772E+009,-2.493744574746823E+001,-9.972685471569068E+001,
4.969696969696970E+009,-2.473669628695051E+001,-1.183627978632091E+002,
4.973607038123167E+009,-2.445488341801095E+001,-1.363089506472631E+002,
4.977517106549365E+009,-2.422082857210421E+001,-1.563814094017210E+002,
4.981427174975562E+009,-2.427965678393605E+001,-1.777979154483475E+002,
4.985337243401759E+009,-2.469062155155416E+001,1.618784956785848E+002,
4.989247311827957E+009,-2.504342141546280E+001,1.453513969085900E+002,
4.993157380254154E+009,-2.508737156497029E+001,1.280524640379106E+002,
4.997067448680352E+009,-2.506494863672067E+001,1.117623946643304E+002,
5.000977517106549E+009,-2.483115514583070E+001,9.363419044512753E+001,
5.004887585532747E+009,-2.453042685997553E+001,7.492757004365457E+001,
5.008797653958944E+009,-2.449824051966348E+001,5.504589446926776E+001,
5.012707722385141E+009,-2.431213601568160E+001,3.639425767636096E+001,
5.016617790811339E+009,-2.418074849599539E+001,1.662006021966228E+001,
5.020527859237536E+009,-2.400478452236304E+001,-3.688359603247759E+000,
5.024437927663734E+009,-2.397003890880957E+001,-2.528988644571775E+001,
5.028347996089932E+009,-2.418783329880866E+001,-4.623779625604246E+001,
5.032258064516129E+009,-2.458322973541578E+001,-6.669401655114568E+001,
5.036168132942327E+009,-2.486083413798331E+001,-8.623480975422734E+001,
5.040078201368524E+009,-2.531801579849267E+001,-1.041865625555723E+002,
5.043988269794722E+009,-2.552455674202161E+001,-1.221866721606694E+002,
5.047898338220919E+009,-2.573118142239579E+001,-1.401181008525223E+002,
5.051808406647117E+009,-2.575596237492232E+001,-1.571701732715459E+002,
5.055718475073314E+009,-2.571220236168383E+001,-1.744996765542597E+002,
5.059628543499512E+009,-2.562695478005121E+001,1.666873137219658E+002,
5.063538611925709E+009,-2.572879012211531E+001,1.476457832843474E+002,
5.067448680351906E+009,-2.574434364425116E+001,1.287175203374851E+002,
5.071358748778104E+009,-2.581384563617741E+001,1.117629550510202E+002,
5.075268817204301E+009,-2.570849404672818E+001,9.287589189776742E+001,
5.079178885630499E+009,-2.560526897469901E+001,7.440006554557030E+001,
5.083088954056696E+009,-2.537234702653201E+001,5.528040352394564E+001,
5.086999022482893E+009,-2.531051450095450E+001,3.532599658720540E+001,
5.090909090909091E+009,-2.533633100155542E+001,1.468159404438757E+001,
5.094819159335288E+009,-2.568753364718531E+001,-5.264394611012387E+000,
5.098729227761486E+009,-2.597808891037106E+001,-2.422680163130297E+001,
5.102639296187683E+009,-2.634747231711462E+001,-4.098222488806198E+001,
5.106549364613881E+009,-2.645051787315970E+001,-5.746059170673043E+001,
5.110459433040078E+009,-2.636783306574370E+001,-7.171367766979974E+001,
5.114369501466276E+009,-2.555537254714750E+001,-8.748125576414894E+001,
5.118279569892473E+009,-2.476054790081236E+001,-1.083281892149937E+002,
5.122189638318670E+009,-2.446561115607430E+001,-1.299199511165763E+002,
5.126099706744868E+009,-2.425960275639988E+001,-1.519002435340676E+002,
5.130009775171065E+009,-2.431545745794465E+001,-1.737625184006434E+002,
5.133919843597263E+009,-2.459982565464439E+001,1.652738972168254E+002,
5.137829912023460E+009,-2.490664595951950E+001,1.458016633106023E+002,
5.141739980449657E+009,-2.526071043727747E+001,1.273774083285885E+002,
5.145650048875855E+009,-2.554055314645758E+001,1.104513469617957E+002,
5.149560117302053E+009,-2.524507966427507E+001,9.565115825771115E+001,
5.153470185728251E+009,-2.452977013455907E+001,7.660019407469177E+001,
5.157380254154448E+009,-2.423388158018497E+001,5.535263722936767E+001,
5.161290322580645E+009,-2.410352490286241E+001,3.406341810430329E+001,
5.165200391006843E+009,-2.426156352820279E+001,1.288881349323752E+001,
5.169110459433041E+009,-2.450757865907739E+001,-6.909479677123903E+000,
5.173020527859238E+009,-2.449407462268926E+001,-2.480391478019634E+001,
5.176930596285435E+009,-2.451426483956908E+001,-4.322055924802908E+001,
5.180840664711633E+009,-2.448367524513188E+001,-6.158224584562120E+001,
5.184750733137830E+009,-2.418728293986433E+001,-7.938771423063864E+001,
5.188660801564028E+009,-2.381447294824957E+001,-9.853880853628778E+001,
5.192570869990225E+009,-2.363529813669702E+001,-1.188555549038209E+002,
5.196480938416422E+009,-2.337581897481385E+001,-1.388671517361060E+002,
5.200391006842620E+009,-2.321849509157680E+001,-1.602152435311487E+002,
5.204301075268817E+009,-2.308038128074106E+001,1.789689870665705E+002,
5.208211143695015E+009,-2.314332267138015E+001,1.562022511530685E+002,
5.212121212121212E+009,-2.371616711578231E+001,1.342059862105625E+002,
5.216031280547409E+009,-2.417109447501722E+001,1.166668961458447E+002,
5.219941348973607E+009,-2.430966681102505E+001,9.988540801706597E+001,
5.223851417399805E+009,-2.435391045424149E+001,8.172858189818292E+001,
5.227761485826002E+009,-2.430215300070695E+001,6.358097493826706E+001,
5.231671554252199E+009,-2.417610398798805E+001,4.498349559035646E+001,
5.235581622678397E+009,-2.416639025539615E+001,2.766041671497530E+001,
5.239491691104594E+009,-2.369218663231207E+001,9.239415584469420E+000,
5.243401759530792E+009,-2.346481586186425E+001,-1.143618136351174E+001,
5.247311827956989E+009,-2.339366620255965E+001,-3.224246227211503E+001,
5.251221896383186E+009,-2.335307251172234E+001,-5.363919632556942E+001,
5.255131964809384E+009,-2.360145888620131E+001,-7.471713542280426E+001,
5.259042033235581E+009,-2.386857493408809E+001,-9.355224144337636E+001,
5.262952101661779E+009,-2.415900231370156E+001,-1.125618290664610E+002,
5.266862170087977E+009,-2.437325991345094E+001,-1.294122535593132E+002,
5.270772238514174E+009,-2.442676417327732E+001,-1.473191332579429E+002,
5.274682306940372E+009,-2.446733803722891E+001,-1.643620472607499E+002,
5.278592375366570E+009,-2.418310573928676E+001,1.773417250637963E+002,
5.282502443792767E+009,-2.384896142028751E+001,1.587081574451559E+002,
5.286412512218964E+009,-2.373302709679507E+001,1.392820048610864E+002,
5.290322580645162E+009,-2.366153080430678E+001,1.189541445011360E+002,
5.294232649071359E+009,-2.362384092839182E+001,9.868287436727698E+001,
5.298142717497557E+009,-2.380858784579620E+001,7.956590117936921E+001,
5.302052785923754E+009,-2.379473945382848E+001,6.015188781686314E+001,
5.305962854349951E+009,-2.377001822350421E+001,4.113159330253765E+001,
5.309872922776149E+009,-2.382550236719580E+001,2.174724781685113E+001,
5.313782991202346E+009,-2.395563605586897E+001,2.298636137744222E+000,
5.317693059628544E+009,-2.416270507580259E+001,-1.469613994883358E+001,
5.321603128054741E+009,-2.385227704603736E+001,-3.258219586722363E+001,
5.325513196480938E+009,-2.362713026487997E+001,-5.290401756553945E+001,
5.329423264907136E+009,-2.371448060909062E+001,-7.350572025926859E+001,
5.333333333333333E+009,-2.390218029569517E+001,-9.373351007264931E+001,
5.337243401759531E+009,-2.408767970323535E+001,-1.128362373233090E+002,
5.341153470185728E+009,-2.431029542274001E+001,-1.321656014741365E+002,
5.345063538611926E+009,-2.459657899813661E+001,-1.511748732647061E+002,
5.348973607038123E+009,-2.487459158123473E+001,-1.679121489063114E+002,
5.352883675464321E+009,-2.490452377521990E+001,1.754025536647100E+002,
5.356793743890518E+009,-2.477471659496565E+001,1.571814833609340E+002,
5.360703812316715E+009,-2.471957481922138E+001,1.395431735346593E+002,
5.364613880742913E+009,-2.462100465322760E+001,1.196247043559395E+002,
5.368523949169110E+009,-2.474230319541768E+001,1.013799607745621E+002,
5.372434017595308E+009,-2.461284314404971E+001,8.241639821175508E+001,
5.376344086021505E+009,-2.462212916001901E+001,6.278838247057294E+001,
5.380254154447702E+009,-2.481642786626532E+001,4.330447407861973E+001,
5.384164222873900E+009,-2.497559724838625E+001,2.415194968565170E+001,
5.388074291300098E+009,-2.540739021550639E+001,5.441743961852176E+000,
5.391984359726296E+009,-2.577926192680983E+001,-1.128839707318266E+001,
5.395894428152493E+009,-2.583712759530229E+001,-2.664904996826574E+001,
5.399804496578690E+009,-2.585763816297991E+001,-4.402880591550442E+001,
5.403714565004888E+009,-2.587029423156250E+001,-5.993956177406058E+001,
5.407624633431086E+009,-2.552751692295188E+001,-7.635596346510505E+001,
5.411534701857283E+009,-2.521985336638352E+001,-9.413591011715089E+001,
5.415444770283480E+009,-2.485659580051147E+001,-1.120557582950070E+002,
5.419354838709678E+009,-2.456376384269056E+001,-1.302787625078487E+002,
5.423264907135875E+009,-2.411114274101680E+001,-1.499795614283054E+002,
5.427174975562073E+009,-2.382459596748885E+001,-1.722614077315611E+002,
5.431085043988270E+009,-2.395588462786552E+001,1.658706975035676E+002,
5.434995112414467E+009,-2.439851781527320E+001,1.459444707890724E+002,
5.438905180840665E+009,-2.472832774066411E+001,1.288188004599073E+002,
5.442815249266862E+009,-2.476643908162914E+001,1.119952764310989E+002,
5.446725317693060E+009,-2.465690366553997E+001,9.469201509741400E+001,
5.450635386119257E+009,-2.453586426761909E+001,7.780884966226823E+001,
5.454545454545454E+009,-2.401640910949709E+001,5.970095164018703E+001,
5.458455522971652E+009,-2.369135283352967E+001,4.052808572563363E+001,
5.462365591397850E+009,-2.350829210948003E+001,1.998069656601329E+001,
5.466275659824047E+009,-2.318303604257550E+001,4.020756048409658E-001,
5.470185728250244E+009,-2.294772756357749E+001,-2.111806985372728E+001,
5.474095796676442E+009,-2.300618321191130E+001,-4.320174972754264E+001,
5.478005865102639E+009,-2.335761963194127E+001,-6.339450299135604E+001,
5.481915933528837E+009,-2.349321131270932E+001,-8.289423824504611E+001,
5.485826001955034E+009,-2.370396147216207E+001,-1.015681172970860E+002,
5.489736070381231E+009,-2.369896596593954E+001,-1.189872682001203E+002,
5.493646138807429E+009,-2.343343487514371E+001,-1.378086198703643E+002,
5.497556207233626E+009,-2.332452496006742E+001,-1.583280964484857E+002,
5.501466275659824E+009,-2.332368328497977E+001,-1.779073457580087E+002,
5.505376344086021E+009,-2.327117316912719E+001,1.624313886543059E+002,
5.509286412512219E+009,-2.316132985427093E+001,1.417230103368583E+002,
5.513196480938417E+009,-2.310952833222198E+001,1.212235791900995E+002,
5.517106549364615E+009,-2.322730136669355E+001,1.003864926451554E+002,
5.521016617790812E+009,-2.336370040331296E+001,7.959466630283917E+001,
5.524926686217009E+009,-2.360115139190708E+001,5.919880770231527E+001,
5.528836754643207E+009,-2.391056370715676E+001,3.829028387455613E+001,
5.532746823069404E+009,-2.447291029337972E+001,1.907272130247076E+001,
5.536656891495602E+009,-2.482015776167785E+001,2.567317522990447E+000,
5.540566959921799E+009,-2.479994931262655E+001,-1.356061118380731E+001,
5.544477028347996E+009,-2.448001473163499E+001,-3.215035076537676E+001,
5.548387096774194E+009,-2.435523599704571E+001,-5.159579816052263E+001,
5.552297165200391E+009,-2.435509355696556E+001,-7.205061071617401E+001,
5.556207233626589E+009,-2.434340909942520E+001,-9.095500311997138E+001,
5.560117302052786E+009,-2.424648386784813E+001,-1.113290109917510E+002,
5.564027370478983E+009,-2.432470023687208E+001,-1.317264906889502E+002,
5.567937438905181E+009,-2.431466219670096E+001,-1.523498354481472E+002,
5.571847507331378E+009,-2.478118481531518E+001,-1.748381562222369E+002,
5.575757575757576E+009,-2.538259892311190E+001,1.669876791826260E+002,
5.579667644183773E+009,-2.568469238003861E+001,1.498371642779552E+002,
5.583577712609971E+009,-2.574447793011364E+001,1.329539940682097E+002,
5.587487781036168E+009,-2.572860618769861E+001,1.145683812863860E+002,
5.591397849462366E+009,-2.570587428611013E+001,9.605508186846170E+001,
5.595307917888563E+009,-2.563411886517225E+001,7.816205712567135E+001,
5.599217986314760E+009,-2.556580784656890E+001,5.856532865486660E+001,
5.603128054740958E+009,-2.555535539645981E+001,3.867311616388707E+001,
5.607038123167155E+009,-2.560241019464909E+001,1.815594462029701E+001,
5.610948191593353E+009,-2.593730770752273E+001,-2.002104934963549E+000,
5.614858260019550E+009,-2.623229727458703E+001,-2.124816992480164E+001,
5.618768328445747E+009,-2.653755107923736E+001,-3.961017030650501E+001,
5.622678396871945E+009,-2.677859522807320E+001,-5.651850385640933E+001,
5.626588465298142E+009,-2.696016232157860E+001,-7.422606652489085E+001,
5.630498533724340E+009,-2.699574028044393E+001,-9.169686317682196E+001,
5.634408602150538E+009,-2.710852059669321E+001,-1.093738970364553E+002,
5.638318670576735E+009,-2.710164527548351E+001,-1.268533168551755E+002,
5.642228739002933E+009,-2.699929208080618E+001,-1.434867698239472E+002,
5.646138807429131E+009,-2.666714134453295E+001,-1.628945635057255E+002,
5.650048875855328E+009,-2.689225488220842E+001,1.768682820056334E+002,
5.653958944281525E+009,-2.731955603925687E+001,1.602790105261364E+002,
5.657869012707723E+009,-2.743637854608446E+001,1.441769462957114E+002,
5.661779081133920E+009,-2.721594020470305E+001,1.279833036731082E+002,
5.665689149560118E+009,-2.686307003301899E+001,1.113044268916853E+002,
5.669599217986315E+009,-2.653883667943742E+001,9.262324246496266E+001,
5.673509286412512E+009,-2.625909166901156E+001,7.434326849820053E+001,
5.677419354838710E+009,-2.599878657668544E+001,5.467566075360024E+001,
5.681329423264907E+009,-2.593791442852350E+001,3.510110546269574E+001,
5.685239491691105E+009,-2.594481793416041E+001,1.603946824470470E+001,
5.689149560117302E+009,-2.595862967916829E+001,-2.208705985139048E+000,
5.693059628543499E+009,-2.568606761026707E+001,-1.994565055631723E+001,
5.696969696969697E+009,-2.560016694955007E+001,-4.038677319955758E+001,
5.700879765395895E+009,-2.570204851272047E+001,-5.908121912995025E+001,
5.704789833822092E+009,-2.558999739177361E+001,-7.609910086968387E+001,
5.708699902248289E+009,-2.520172436600914E+001,-9.274834394728666E+001,
5.712609970674487E+009,-2.486946506145387E+001,-1.124956788195555E+002,
5.716520039100684E+009,-2.474948635136368E+001,-1.328587170746938E+002,
5.720430107526882E+009,-2.464105301713439E+001,-1.518171208448569E+002,
5.724340175953079E+009,-2.433624072821441E+001,-1.705679719293557E+002,
5.728250244379276E+009,-2.403191124023733E+001,1.684821446806449E+002,
5.732160312805474E+009,-2.393132028515641E+001,1.463858161635059E+002,
5.736070381231671E+009,-2.407565597239374E+001,1.257464070738539E+002,
5.739980449657869E+009,-2.434992968115397E+001,1.053905480590149E+002,
5.743890518084066E+009,-2.462316122735568E+001,8.700305949745798E+001,
5.747800586510263E+009,-2.462476961001784E+001,7.007212667290206E+001,
5.751710654936461E+009,-2.461208717046372E+001,5.215509980401748E+001,
5.755620723362660E+009,-2.426044596326936E+001,3.403007170953318E+001,
5.759530791788857E+009,-2.400616473638748E+001,1.419475524628022E+001,
5.763440860215054E+009,-2.375022938822294E+001,-6.741705624797454E+000,
5.767350928641252E+009,-2.379204134245871E+001,-2.771896957539734E+001,
5.771260997067449E+009,-2.385557522572582E+001,-4.918860753807170E+001,
5.775171065493647E+009,-2.395849816716170E+001,-6.990754356430662E+001,
5.779081133919844E+009,-2.441885376353604E+001,-9.079593246951998E+001,
5.782991202346041E+009,-2.480479668842050E+001,-1.112057749417860E+002,
5.786901270772239E+009,-2.538955942156482E+001,-1.284516203418468E+002,
5.790811339198436E+009,-2.559566759293340E+001,-1.433568250300271E+002,
5.794721407624634E+009,-2.532628931778393E+001,-1.599032168040434E+002,
5.798631476050831E+009,-2.505389782079880E+001,-1.790735283501176E+002,
5.802541544477028E+009,-2.502924814563211E+001,1.609922407230822E+002,
5.806451612903226E+009,-2.510529650996494E+001,1.408634313215638E+002,
5.810361681329423E+009,-2.519906947412358E+001,1.205904693435586E+002,
5.814271749755621E+009,-2.556984655489954E+001,1.001156613564462E+002,
5.818181818181818E+009,-2.596110172719985E+001,8.126828214730706E+001,
5.822091886608016E+009,-2.641592079917836E+001,6.217574003184654E+001,
5.826001955034213E+009,-2.705080738275264E+001,4.691879351591561E+001,
5.829912023460411E+009,-2.749227891158369E+001,3.168691895591175E+001,
5.833822091886608E+009,-2.735304644164470E+001,1.940644334884620E+001,
5.837732160312805E+009,-2.673484453718488E+001,3.439418670870605E+000,
5.841642228739003E+009,-2.631214795288608E+001,-1.496940679360988E+001,
5.845552297165200E+009,-2.601695655572344E+001,-3.408220038581280E+001,
5.849462365591398E+009,-2.574606786066348E+001,-5.361676187680467E+001,
5.853372434017595E+009,-2.561875703255570E+001,-7.424380129172302E+001,
5.857282502443792E+009,-2.573498926506564E+001,-9.439885123155931E+001,
5.861192570869990E+009,-2.586346131962400E+001,-1.139697665295697E+002,
5.865102639296187E+009,-2.612883548818803E+001,-1.329595795037112E+002,
5.869012707722385E+009,-2.659089442492336E+001,-1.511641634979069E+002,
5.872922776148583E+009,-2.650622503255285E+001,-1.658115273107064E+002,
5.876832844574780E+009,-2.616284963231804E+001,1.762206084098292E+002,
5.880742913000978E+009,-2.614901345227814E+001,1.570042185993352E+002,
5.884652981427176E+009,-2.596532323961899E+001,1.389467183695874E+002,
5.888563049853373E+009,-2.589538146523663E+001,1.187467990777920E+002,
5.892473118279570E+009,-2.598799323294316E+001,9.934174689054672E+001,
5.896383186705768E+009,-2.605194572700703E+001,8.111348522176425E+001,
5.900293255131965E+009,-2.631216051188425E+001,6.139109411140587E+001,
5.904203323558163E+009,-2.640011641329491E+001,4.521641823689137E+001,
5.908113391984360E+009,-2.617409076624928E+001,2.704117951986206E+001,
5.912023460410557E+009,-2.605664242780298E+001,8.275341760263896E+000,
5.915933528836755E+009,-2.609184812820096E+001,-1.022898150199411E+001,
5.919843597262952E+009,-2.602314054589510E+001,-3.046475213883796E+001,
5.923753665689150E+009,-2.616544170687590E+001,-5.073909214296090E+001,
5.927663734115347E+009,-2.657598481492976E+001,-6.903237045299098E+001,
5.931573802541544E+009,-2.687649814308959E+001,-8.595739283055539E+001,
5.935483870967742E+009,-2.676740707076658E+001,-1.019387507257178E+002,
5.939393939393940E+009,-2.662459555008581E+001,-1.198883629709857E+002,
5.943304007820137E+009,-2.655476453871940E+001,-1.376526434688611E+002,
5.947214076246334E+009,-2.651976596786505E+001,-1.555545947930840E+002,
5.951124144672532E+009,-2.626624758502085E+001,-1.745919249330355E+002,
5.955034213098729E+009,-2.624430506711548E+001,1.640869317738941E+002,
5.958944281524927E+009,-2.664228550387819E+001,1.452085136697890E+002,
5.962854349951124E+009,-2.717721712816363E+001,1.277633114100242E+002,
5.966764418377321E+009,-2.734007337406222E+001,1.138830776352593E+002,
5.970674486803519E+009,-2.689687679108209E+001,9.821086829315901E+001,
5.974584555229716E+009,-2.647176954655580E+001,8.104941678081086E+001,
5.978494623655914E+009,-2.611490011391771E+001,6.181589200135371E+001,
5.982404692082111E+009,-2.594476667567108E+001,4.259256267764906E+001,
5.986314760508308E+009,-2.558395516601074E+001,2.330699860775227E+001,
5.990224828934506E+009,-2.552740580349795E+001,3.363618742746165E+000,
5.994134897360704E+009,-2.552573428579663E+001,-1.845175428729272E+001,
5.998044965786902E+009,-2.599652995621370E+001,-3.793377843888588E+001,
6.001955034213099E+009,-2.638190978028498E+001,-5.375876282613302E+001,
6.005865102639297E+009,-2.635815736856801E+001,-6.907346346379002E+001,
6.009775171065494E+009,-2.604902002545338E+001,-8.592117535194514E+001,
6.013685239491692E+009,-2.558587255268842E+001,-1.025664439228173E+002,
6.017595307917889E+009,-2.512215052504600E+001,-1.219364219072559E+002,
6.021505376344086E+009,-2.490793816343223E+001,-1.413689183481692E+002,
6.025415444770284E+009,-2.461635424324577E+001,-1.610712207912334E+002,
6.029325513196481E+009,-2.442713555300681E+001,1.780545703966667E+002,
6.033235581622679E+009,-2.444073272976706E+001,1.568134742625562E+002,
6.037145650048876E+009,-2.472272263174349E+001,1.378905208423560E+002,
6.041055718475073E+009,-2.478599899683163E+001,1.200622447482579E+002,
6.044965786901271E+009,-2.473473230443499E+001,1.025010950286733E+002,
6.048875855327468E+009,-2.465102178173878E+001,8.562798530042088E+001,
6.052785923753666E+009,-2.418785650925975E+001,6.810367004424582E+001,
6.056695992179863E+009,-2.366335530349313E+001,4.829313795470193E+001,
6.060606060606061E+009,-2.316645882145736E+001,2.733155916516742E+001,
6.064516129032258E+009,-2.284875135746540E+001,4.824162407399602E+000,
6.068426197458456E+009,-2.299154063656550E+001,-1.746475994368742E+001,
6.072336265884653E+009,-2.312137429418817E+001,-3.804463082989444E+001,
6.076246334310850E+009,-2.321280504208777E+001,-5.857026354657866E+001,
6.080156402737048E+009,-2.344687039536965E+001,-7.967306294687859E+001,
6.084066471163245E+009,-2.367153803475233E+001,-9.837131215893965E+001,
6.087976539589443E+009,-2.373634195993496E+001,-1.166673315380469E+002,
6.091886608015640E+009,-2.370122472522237E+001,-1.352484703917410E+002,
6.095796676441837E+009,-2.353654757572334E+001,-1.538533179205298E+002,
6.099706744868035E+009,-2.326824822094247E+001,-1.732910214092260E+002,
6.103616813294232E+009,-2.295770481260371E+001,1.660157532081171E+002,
6.107526881720430E+009,-2.277082351958461E+001,1.434109252967843E+002,
6.111436950146627E+009,-2.282498665688076E+001,1.203184521309148E+002,
6.115347018572825E+009,-2.317274617974296E+001,9.759140139485518E+001,
6.119257086999023E+009,-2.380363419366680E+001,7.599832250955167E+001,
6.123167155425221E+009,-2.435412952645570E+001,5.664582004018083E+001,
6.127077223851418E+009,-2.488502691041399E+001,3.838432559513387E+001,
6.130987292277615E+009,-2.516885876395312E+001,2.143969446790379E+001,
6.134897360703813E+009,-2.518391729736233E+001,3.948945449896958E+000,
6.138807429130010E+009,-2.506371301922472E+001,-1.484145302736139E+001,
6.142717497556208E+009,-2.512724635746537E+001,-3.440343799509252E+001,
6.146627565982405E+009,-2.521398862260184E+001,-5.352088001523570E+001,
6.150537634408602E+009,-2.510452757596115E+001,-7.275445539738458E+001,
6.154447702834800E+009,-2.512833521874846E+001,-9.397174798226065E+001,
6.158357771260998E+009,-2.525725659857523E+001,-1.154806755399787E+002,
6.162267839687195E+009,-2.567827335634951E+001,-1.367268808631376E+002,
6.166177908113392E+009,-2.613840407795568E+001,-1.567455480042266E+002,
6.170087976539589E+009,-2.666420236459130E+001,-1.769841980090831E+002,
6.173998044965787E+009,-2.739858653171458E+001,1.641836647994337E+002,
6.177908113391985E+009,-2.807616343043590E+001,1.484861189364829E+002,
6.181818181818182E+009,-2.849013271922146E+001,1.344637157665865E+002,
6.185728250244379E+009,-2.854550917553786E+001,1.196470807110766E+002,
6.189638318670576E+009,-2.825016688291008E+001,1.047425854541823E+002,
6.193548387096774E+009,-2.772051554933597E+001,8.732469249329682E+001,
6.197458455522972E+009,-2.740398934972392E+001,6.652713429582047E+001,
6.201368523949169E+009,-2.750219655623466E+001,4.513263520375207E+001,
6.205278592375366E+009,-2.787545722384160E+001,2.678488115174132E+001,
6.209188660801564E+009,-2.806252460389128E+001,8.114753961034259E+000,
6.213098729227762E+009,-2.822947106932789E+001,-9.826745937430038E+000,
6.217008797653959E+009,-2.861643447766941E+001,-2.740294351262340E+001,
6.220918866080156E+009,-2.881461328190776E+001,-4.263579327608568E+001,
6.224828934506353E+009,-2.870128745884543E+001,-6.011396652830864E+001,
6.228739002932551E+009,-2.847012815031443E+001,-7.517635027637095E+001,
6.232649071358749E+009,-2.806323593021151E+001,-9.422482380476649E+001,
6.236559139784946E+009,-2.780613148543576E+001,-1.135637667960716E+002,
6.240469208211144E+009,-2.775621671455571E+001,-1.333330293655856E+002,
6.244379276637341E+009,-2.780009466744991E+001,-1.515725953527642E+002,
6.248289345063539E+009,-2.774905861830865E+001,-1.710099389270480E+002,
6.252199413489737E+009,-2.802488649325669E+001,1.716229119914850E+002,
6.256109481915934E+009,-2.776759537849499E+001,1.545785930190714E+002,
6.260019550342131E+009,-2.759013540783524E+001,1.350275288906080E+002,
6.263929618768329E+009,-2.744352091104587E+001,1.161177576094026E+002,
6.267839687194526E+009,-2.746081486387418E+001,9.726576949117087E+001,
6.271749755620724E+009,-2.739853151362246E+001,7.931563361728458E+001,
6.275659824046921E+009,-2.718369323599222E+001,6.007642528925542E+001,
6.279569892473118E+009,-2.713877754796782E+001,4.267104946873816E+001,
6.283479960899316E+009,-2.676789860730880E+001,2.378487325121462E+001,
6.287390029325514E+009,-2.657644731293842E+001,3.314022693698663E+000,
6.291300097751711E+009,-2.648536621008531E+001,-1.674771202990848E+001,
6.295210166177908E+009,-2.637458888603712E+001,-3.769160914181581E+001,
6.299120234604105E+009,-2.655611983519101E+001,-5.747880555863802E+001,
6.303030303030303E+009,-2.659491111560734E+001,-7.862504820182473E+001,
6.306940371456501E+009,-2.691253573740930E+001,-9.865008878365691E+001,
6.310850439882698E+009,-2.700909232565275E+001,-1.173477342588366E+002,
6.314760508308895E+009,-2.729969976455479E+001,-1.364844980975378E+002,
6.318670576735093E+009,-2.747640447901924E+001,-1.539126193881013E+002,
6.322580645161290E+009,-2.748224023657862E+001,-1.721494597139162E+002,
6.326490713587488E+009,-2.757111215534693E+001,1.678267776164064E+002,
6.330400782013685E+009,-2.790035736164351E+001,1.490713647677079E+002,
6.334310850439882E+009,-2.817333214019894E+001,1.328419111816365E+002,
6.338220918866080E+009,-2.813059568437187E+001,1.162795708282235E+002,
6.342130987292278E+009,-2.780196632176544E+001,9.904793049087338E+001,
6.346041055718475E+009,-2.768149492830827E+001,8.117892488333997E+001,
6.349951124144672E+009,-2.744987498737036E+001,6.121011629673319E+001,
6.353861192570869E+009,-2.728333926167181E+001,4.027269049803216E+001,
6.357771260997068E+009,-2.743296028750429E+001,2.173291487197856E+001,
6.361681329423266E+009,-2.729784960013781E+001,2.680708871600794E+000,
6.365591397849463E+009,-2.721583178316855E+001,-1.765695223723847E+001,
6.369501466275660E+009,-2.748374647376588E+001,-3.855671239956993E+001,
6.373411534701857E+009,-2.789217709207272E+001,-5.730859196419786E+001,
6.377321603128055E+009,-2.804124527313689E+001,-7.398505697303953E+001,
6.381231671554253E+009,-2.797849921322873E+001,-9.261363301000242E+001,
6.385141739980450E+009,-2.783462555698854E+001,-1.097417628881216E+002,
6.389051808406647E+009,-2.780313017369703E+001,-1.290371241123159E+002,
6.392961876832845E+009,-2.767482514351853E+001,-1.477531041206472E+002,
6.396871945259043E+009,-2.738760917103141E+001,-1.666106195264673E+002,
6.400782013685240E+009,-2.724891776250043E+001,1.718023791992535E+002,
6.404692082111437E+009,-2.746637097828470E+001,1.509618897664799E+002,
6.408602150537634E+009,-2.767703859699530E+001,1.303868464833348E+002,
6.412512218963832E+009,-2.814052450943497E+001,1.120859842165654E+002,
6.416422287390030E+009,-2.810356917788232E+001,9.455182314649989E+001,
6.420332355816227E+009,-2.807534156668394E+001,7.450327494333024E+001,
6.424242424242424E+009,-2.832943310466053E+001,5.537801031097235E+001,
6.428152492668621E+009,-2.843747559805643E+001,3.696550383994602E+001,
6.432062561094819E+009,-2.857116688782137E+001,1.711876098108304E+001,
6.435972629521017E+009,-2.882564741709330E+001,-1.308411797685214E+000,
6.439882697947214E+009,-2.879461311173168E+001,-1.886549902172734E+001,
6.443792766373411E+009,-2.883328468202005E+001,-3.832188104989948E+001,
6.447702834799609E+009,-2.901478661279703E+001,-5.920982448494242E+001,
6.451612903225807E+009,-2.937171236010140E+001,-7.732688082361756E+001,
6.455522971652004E+009,-2.939346565014832E+001,-9.374880156105738E+001,
6.459433040078201E+009,-2.959141390688163E+001,-1.124210049808594E+002,
6.463343108504398E+009,-2.965935870005691E+001,-1.296419891748129E+002,
6.467253176930596E+009,-2.960458276216786E+001,-1.498179818913927E+002,
6.471163245356794E+009,-2.972958545351373E+001,-1.667304532351317E+002,
6.475073313782991E+009,-2.954561521782005E+001,1.743420913077272E+002,
6.478983382209189E+009,-2.924555596616791E+001,1.536269236501472E+002,
6.482893450635386E+009,-2.947632060766802E+001,1.317494926466307E+002,
6.486803519061584E+009,-3.039937439984098E+001,1.108250840776596E+002,
6.490713587487782E+009,-3.117749525912492E+001,9.583680348087469E+001,
6.494623655913979E+009,-3.087597971541231E+001,8.067118637989817E+001,
6.498533724340176E+009,-3.071714736924684E+001,6.189874235500175E+001,
6.502443792766374E+009,-3.092096656524001E+001,4.058054531746732E+001,
6.506353861192571E+009,-3.172709180346833E+001,2.527858831481893E+001,
6.510263929618769E+009,-3.189934199434138E+001,1.059994849159031E+001,
6.514173998044966E+009,-3.165494830591383E+001,-4.107876643063547E+000,
6.518084066471163E+009,-3.105690223171226E+001,-2.259546660222373E+001,
6.521994134897361E+009,-3.100342957439263E+001,-4.394314382354150E+001,
6.525904203323559E+009,-3.137865908738261E+001,-6.514501083484140E+001,
6.529814271749756E+009,-3.201038370504336E+001,-8.223311988587348E+001,
6.533724340175953E+009,-3.201250851707258E+001,-9.583208003521331E+001,
6.537634408602150E+009,-3.182285375416468E+001,-1.113385852469745E+002,
6.541544477028348E+009,-3.158956268615961E+001,-1.320410648024267E+002,
6.545454545454546E+009,-3.194443710365489E+001,-1.499036844807245E+002,
6.549364613880743E+009,-3.197948830259055E+001,-1.649909349509178E+002,
6.553274682306940E+009,-3.193159670992215E+001,1.784041702473749E+002,
6.557184750733138E+009,-3.162706115608937E+001,1.618027876603584E+002,
6.561094819159335E+009,-3.121559240801312E+001,1.445568838494570E+002,
6.565004887585533E+009,-3.126050584590214E+001,1.248621934524224E+002,
6.568914956011730E+009,-3.138955772160808E+001,1.064412264824341E+002,
6.572825024437927E+009,-3.131095858457904E+001,8.949661455428392E+001,
6.576735092864125E+009,-3.110331736885092E+001,7.433534798033271E+001,
6.580645161290323E+009,-3.034798939131202E+001,5.700223191742990E+001,
6.584555229716520E+009,-3.019450780838713E+001,3.752314109079392E+001,
6.588465298142717E+009,-2.966522727184675E+001,1.953561402418202E+001,
6.592375366568914E+009,-2.906519071387060E+001,-2.110097466996430E+000,
6.596285434995112E+009,-2.909579690059439E+001,-2.431667665371903E+001,
6.600195503421310E+009,-2.915326572360865E+001,-4.518500682474123E+001,
6.604105571847508E+009,-2.938137570759412E+001,-6.417736703666894E+001,
6.608015640273705E+009,-2.938198523776083E+001,-8.324159564378846E+001,
6.611925708699902E+009,-2.963796244245622E+001,-1.030182848744626E+002,
6.615835777126100E+009,-2.990490275896855E+001,-1.212884789655385E+002,
6.619745845552298E+009,-2.990439860236864E+001,-1.385539141178881E+002,
6.623655913978495E+009,-2.965876373514549E+001,-1.569014438618364E+002,
6.627565982404692E+009,-2.949280834758903E+001,-1.749637277512717E+002,
6.631476050830890E+009,-2.940048071255358E+001,1.659802394057944E+002,
6.635386119257088E+009,-2.936973875795511E+001,1.465327014347282E+002,
6.639296187683285E+009,-2.923759364915305E+001,1.292391548042359E+002,
6.643206256109482E+009,-2.911141732748252E+001,1.068996887186219E+002,
6.647116324535679E+009,-2.902317866482512E+001,8.850651058270570E+001,
6.651026392961877E+009,-2.890951012289115E+001,6.754598863031922E+001,
6.654936461388075E+009,-2.913663206897285E+001,4.716380534829778E+001,
6.658846529814272E+009,-2.956015658588054E+001,2.817503880940373E+001,
6.662756598240469E+009,-2.968342147651657E+001,9.854642934443843E+000,
6.666666666666666E+009,-2.975607538018389E+001,-6.237114725339089E+000,
6.670576735092864E+009,-2.948736378568996E+001,-2.425060976673089E+001,
6.674486803519062E+009,-2.923519604426773E+001,-4.489123765153661E+001,
6.678396871945259E+009,-2.931080822164465E+001,-6.503379410159521E+001,
6.682306940371456E+009,-2.942239110202866E+001,-8.480561552629183E+001,
6.686217008797654E+009,-2.965427624185568E+001,-1.046187219251103E+002,
6.690127077223852E+009,-3.016116654960949E+001,-1.223857567090126E+002,
6.694037145650049E+009,-3.037173676478728E+001,-1.398484866270336E+002,
6.697947214076246E+009,-3.007925204522567E+001,-1.566713219720867E+002,
6.701857282502443E+009,-2.996998231384605E+001,-1.732821136383320E+002,
6.705767350928641E+009,-2.944687391755690E+001,1.678525739198163E+002,
6.709677419354839E+009,-2.950908395735855E+001,1.466153250818557E+002,
6.713587487781036E+009,-2.936310361142188E+001,1.267001764538687E+002,
6.717497556207233E+009,-2.943782800849802E+001,1.041170730671784E+002,
6.721407624633431E+009,-2.987416827286366E+001,8.311034296594286E+001,
6.725317693059629E+009,-3.074776746024226E+001,6.336269495652643E+001,
6.729227761485827E+009,-3.141930705918482E+001,5.034488171825801E+001,
6.733137829912024E+009,-3.100068535249582E+001,3.776186726390198E+001,
6.737047898338221E+009,-3.048647714009181E+001,1.983648864054486E+001,
6.740957966764419E+009,-3.041283325179187E+001,-1.075694413492742E+000,
6.744868035190616E+009,-3.089446666219578E+001,-1.894000742562286E+001,
6.748778103616814E+009,-3.081470996549833E+001,-3.316616356493753E+001,
6.752688172043011E+009,-3.023487420915988E+001,-4.993952496960441E+001,
6.756598240469208E+009,-2.976309806069456E+001,-6.908274798374549E+001,
6.760508308895406E+009,-2.934452707260981E+001,-9.255861825522624E+001,
6.764418377321604E+009,-2.978833255941250E+001,-1.146193713582540E+002,
6.768328445747801E+009,-3.032761570479067E+001,-1.334290744019449E+002,
6.772238514173998E+009,-3.074595371450015E+001,-1.498531056107491E+002,
6.776148582600195E+009,-3.099308931569313E+001,-1.650474416657184E+002,
6.780058651026393E+009,-3.034232653650260E+001,1.792405951143868E+002,
6.783968719452591E+009,-3.027886781180384E+001,1.580613002725188E+002,
6.787878787878788E+009,-3.047839428663520E+001,1.385601466894136E+002,
6.791788856304985E+009,-3.104276039211164E+001,1.223080303745413E+002,
6.795698924731183E+009,-3.098738104123211E+001,1.107647235931635E+002,
6.799608993157380E+009,-3.008896606150975E+001,9.596219362549405E+001,
6.803519061583578E+009,-2.934323748115844E+001,7.674803052304544E+001,
6.807429130009775E+009,-2.892721925268855E+001,5.396813127680041E+001,
6.811339198435972E+009,-2.904043547523742E+001,3.306830087108035E+001,
6.815249266862170E+009,-2.913637174042560E+001,1.339927786983361E+001,
6.819159335288368E+009,-2.953791007525008E+001,-3.700960794843215E+000,
6.823069403714565E+009,-2.953610239896332E+001,-2.013439874454865E+001,
6.826979472140762E+009,-2.942677059980386E+001,-3.640837112219329E+001,
6.830889540566959E+009,-2.912830298992717E+001,-5.400241194485452E+001,
6.834799608993157E+009,-2.879199691778096E+001,-7.129936214641951E+001,
6.838709677419355E+009,-2.834259352765547E+001,-8.898225149228217E+001,
6.842619745845552E+009,-2.784841481583081E+001,-1.080041725439284E+002,
6.846529814271750E+009,-2.769575865906496E+001,-1.280560958409836E+002,
6.850439882697948E+009,-2.750134258545710E+001,-1.479728149129312E+002,
6.854349951124145E+009,-2.730076209457850E+001,-1.667368758002795E+002,
6.858260019550343E+009,-2.708407538289187E+001,1.729521195794693E+002,
6.862170087976540E+009,-2.719414396000315E+001,1.523073143392334E+002,
6.866080156402737E+009,-2.743639819888551E+001,1.341638960677689E+002,
6.869990224828935E+009,-2.733045451978566E+001,1.174134952866135E+002,
6.873900293255133E+009,-2.698367183619526E+001,1.005522001819833E+002,
6.877810361681330E+009,-2.662327423795128E+001,8.177180626372157E+001,
6.881720430107527E+009,-2.621796004382189E+001,6.349108654542641E+001,
6.885630498533724E+009,-2.559386731797606E+001,4.282847404001335E+001,
6.889540566959922E+009,-2.547060907232478E+001,2.123043811183999E+001,
6.893450635386120E+009,-2.530954435435732E+001,1.434105902631139E-001,
6.897360703812317E+009,-2.532962733002726E+001,-2.027756304777400E+001,
6.901270772238514E+009,-2.532823337365913E+001,-4.018936147604848E+001,
6.905180840664711E+009,-2.535118524806788E+001,-6.086799422205241E+001,
6.909090909090909E+009,-2.548356345996989E+001,-8.077293217798032E+001,
6.913000977517107E+009,-2.566519736963193E+001,-1.004728996172944E+002,
6.916911045943304E+009,-2.582144682562866E+001,-1.184735998617758E+002,
6.920821114369501E+009,-2.584984627854457E+001,-1.359948947328859E+002,
6.924731182795699E+009,-2.567456798789719E+001,-1.528307342829603E+002,
6.928641251221897E+009,-2.512950827284598E+001,-1.714487349997402E+002,
6.932551319648094E+009,-2.467761969963356E+001,1.674923665815377E+002,
6.936461388074291E+009,-2.469039287714125E+001,1.454390037294031E+002,
6.940371456500488E+009,-2.476953743240221E+001,1.245238304527247E+002,
6.944281524926686E+009,-2.480265174534495E+001,1.046571516098016E+002,
6.948191593352884E+009,-2.493003975054553E+001,8.446278682392115E+001,
6.952101661779081E+009,-2.496711717673379E+001,6.427800332742667E+001,
6.956011730205278E+009,-2.510713972289280E+001,4.478282394408465E+001,
6.959921798631475E+009,-2.525512733603971E+001,2.556589551391599E+001,
6.963831867057674E+009,-2.539352806155337E+001,7.461092105212299E+000,
6.967741935483872E+009,-2.529746284379658E+001,-1.190096438819471E+001,
6.971652003910069E+009,-2.512205666882489E+001,-3.163103567917509E+001,
6.975562072336266E+009,-2.517633047466061E+001,-5.273532363205263E+001,
6.979472140762464E+009,-2.545383469022468E+001,-7.323004581969643E+001,
6.983382209188661E+009,-2.579777096886793E+001,-9.213279267859454E+001,
6.987292277614859E+009,-2.603645653277753E+001,-1.100017364966856E+002,
6.991202346041056E+009,-2.602827247542709E+001,-1.286934590186946E+002,
6.995112414467253E+009,-2.595197913094674E+001,-1.476303869939778E+002,
6.999022482893451E+009,-2.620198954291509E+001,-1.668763573470570E+002,
7.002932551319649E+009,-2.623835511439219E+001,1.754252187033532E+002,
7.006842619745846E+009,-2.629034811406079E+001,1.574158179567977E+002,
7.010752688172043E+009,-2.622670779563232E+001,1.390163991545946E+002,
7.014662756598240E+009,-2.598125752377576E+001,1.181804725614207E+002,
7.018572825024438E+009,-2.612909802249830E+001,9.684418862350432E+001,
7.022482893450636E+009,-2.652044827014262E+001,7.657865552697250E+001,
7.026392961876833E+009,-2.687621240485079E+001,5.873429375854173E+001,
7.030303030303030E+009,-2.723082618714173E+001,4.071690880119275E+001,
7.034213098729228E+009,-2.744557757681123E+001,2.395197954592983E+001,
7.038123167155425E+009,-2.721381367411245E+001,6.504905961346793E+000,
7.042033235581623E+009,-2.723742992752989E+001,-1.291899414091806E+001,
7.045943304007820E+009,-2.743323494422384E+001,-3.159348792305235E+001,
7.049853372434017E+009,-2.739934998133123E+001,-4.855410905832662E+001,
7.053763440860215E+009,-2.739511452754071E+001,-6.635618935240500E+001,
7.057673509286413E+009,-2.708490354148953E+001,-8.518760668289707E+001,
7.061583577712610E+009,-2.700868472992086E+001,-1.051043369056892E+002,
7.065493646138807E+009,-2.715051129907548E+001,-1.258331370525663E+002,
7.069403714565004E+009,-2.746057227880706E+001,-1.451087499125962E+002,
7.073313782991202E+009,-2.777048525540488E+001,-1.643177551593322E+002,
7.077223851417400E+009,-2.792543796031619E+001,1.791909574804571E+002,
7.081133919843597E+009,-2.797422283937765E+001,1.623360808971208E+002,
7.085043988269795E+009,-2.778022021247792E+001,1.447062316736760E+002,
7.088954056695993E+009,-2.775272621830037E+001,1.249190144643115E+002,
7.092864125122190E+009,-2.782972029788269E+001,1.061701908522205E+002,
7.096774193548388E+009,-2.802742110455788E+001,8.972080491559407E+001,
7.100684261974585E+009,-2.776784188749879E+001,7.265086346479963E+001,
7.104594330400782E+009,-2.745544132883939E+001,5.330633762874565E+001,
7.108504398826980E+009,-2.732819292700835E+001,3.310787107938400E+001,
7.112414467253178E+009,-2.747087073402571E+001,1.282867846747211E+001,
7.116324535679375E+009,-2.754839002946929E+001,-6.992349966335473E+000,
7.120234604105572E+009,-2.782759023032306E+001,-2.654925171768198E+001,
7.124144672531769E+009,-2.801639396709270E+001,-4.310068753560882E+001,
7.128054740957967E+009,-2.797755551840264E+001,-6.253356472972976E+001,
7.131964809384165E+009,-2.803173860642752E+001,-8.078052599104281E+001,
7.135874877810362E+009,-2.810054796326669E+001,-9.921640971010704E+001,
7.139784946236559E+009,-2.821453194717071E+001,-1.159737707025552E+002,
7.143695014662756E+009,-2.813110921154822E+001,-1.318950391812638E+002,
7.147605083088954E+009,-2.766181058286591E+001,-1.503828080786094E+002,
7.151515151515152E+009,-2.744746956808577E+001,-1.708996075551841E+002,
7.155425219941349E+009,-2.720141760886945E+001,1.680579711606493E+002,
7.159335288367546E+009,-2.740817092174964E+001,1.474441358241830E+002,
7.163245356793744E+009,-2.758198562978450E+001,1.286362092216011E+002,
7.167155425219942E+009,-2.765635434886971E+001,1.085569892269695E+002,
7.171065493646139E+009,-2.803041686391314E+001,8.884654876899907E+001,
7.174975562072336E+009,-2.836212328234698E+001,7.126447006674499E+001,
7.178885630498533E+009,-2.842677256823201E+001,5.530062570503364E+001,
7.182795698924731E+009,-2.817972541772963E+001,3.835383422710022E+001,
7.186705767350929E+009,-2.775952419058920E+001,2.108918606248261E+001,
7.190615835777126E+009,-2.716701289199269E+001,-3.261560888698158E-001,
7.194525904203323E+009,-2.700924368931533E+001,-2.271331303623625E+001,
7.198435972629520E+009,-2.697442737921993E+001,-4.512657110455709E+001,
7.202346041055718E+009,-2.728080639575108E+001,-6.815725044641586E+001,
7.206256109481916E+009,-2.772541960778063E+001,-8.943086597821018E+001,
7.210166177908114E+009,-2.843587541566693E+001,-1.084876866909921E+002,
7.214076246334311E+009,-2.907783241559442E+001,-1.285767617897418E+002,
7.217986314760509E+009,-2.956634750421960E+001,-1.437992495906258E+002,
7.221896383186706E+009,-2.960070163848244E+001,-1.585379166429174E+002,
7.225806451612904E+009,-2.949703583216632E+001,-1.755420767349670E+002,
7.229716520039101E+009,-2.936407141308486E+001,1.666196472630832E+002,
7.233626588465298E+009,-2.899303223433425E+001,1.466371804740945E+002,
7.237536656891496E+009,-2.881984097274682E+001,1.257663885650865E+002,
7.241446725317694E+009,-2.888205013145527E+001,1.040794933330227E+002,
7.245356793743891E+009,-2.941186306695801E+001,8.076226063120663E+001,
7.249266862170088E+009,-3.026623624669480E+001,6.167342546874910E+001,
7.253176930596285E+009,-3.081577994112084E+001,4.609911366764574E+001,
7.257086999022483E+009,-3.110576462792420E+001,2.837112404566305E+001,
7.260997067448681E+009,-3.139888651928149E+001,1.063108609663029E+001,
7.264907135874878E+009,-3.146613047525985E+001,-5.253080759911410E+000,
7.268817204301075E+009,-3.182716138312878E+001,-2.189136864865635E+001,
7.272727272727273E+009,-3.160076995103787E+001,-3.722488048401621E+001,
7.276637341153470E+009,-3.135833090156235E+001,-5.531902137611897E+001,
7.280547409579668E+009,-3.142478838410307E+001,-7.540146518909053E+001,
7.284457478005865E+009,-3.160183092967248E+001,-9.416073021407649E+001,
7.288367546432062E+009,-3.195522360373628E+001,-1.118818092355720E+002,
7.292277614858260E+009,-3.237046633038424E+001,-1.281470688090391E+002,
7.296187683284458E+009,-3.246702275956593E+001,-1.446127865545887E+002,
7.300097751710655E+009,-3.260173845578370E+001,-1.588400660263443E+002,
7.304007820136852E+009,-3.243388152512124E+001,-1.726278997414595E+002,
7.307917888563049E+009,-3.217443890696315E+001,1.713540580142072E+002,
7.311827956989247E+009,-3.163223507186230E+001,1.547320245493307E+002,
7.315738025415445E+009,-3.101125094567681E+001,1.363621567563284E+002,
7.319648093841642E+009,-3.069154820028012E+001,1.158844577868479E+002,
7.323558162267839E+009,-3.032264285477299E+001,9.563183472100985E+001,
7.327468230694037E+009,-3.049847716972590E+001,7.455258409523634E+001,
7.331378299120235E+009,-3.079487929522474E+001,5.560214218982655E+001,
7.335288367546433E+009,-3.106990587834920E+001,3.906638257800092E+001,
7.339198435972630E+009,-3.101168599516262E+001,2.347295647912433E+001,
7.343108504398827E+009,-3.081459494492753E+001,6.379212687892303E+000,
7.347018572825025E+009,-3.056339909147681E+001,-9.017550668701992E+000,
7.350928641251223E+009,-2.987992225309021E+001,-2.560603806612736E+001,
7.354838709677420E+009,-2.910884978320721E+001,-4.427724318225979E+001,
7.358748778103617E+009,-2.845870362684610E+001,-6.426466763829215E+001,
7.362658846529814E+009,-2.811138420015169E+001,-8.621244759157582E+001,
7.366568914956012E+009,-2.776419438079634E+001,-1.089438146489221E+002,
7.370478983382210E+009,-2.789002985645060E+001,-1.314960469930562E+002,
7.374389051808407E+009,-2.820360042323181E+001,-1.526716518681693E+002,
7.378299120234604E+009,-2.861527958976571E+001,-1.719202208709978E+002,
7.382209188660801E+009,-2.871188690692620E+001,1.731658144930813E+002,
7.386119257086999E+009,-2.830801922081188E+001,1.557584446922529E+002,
7.390029325513197E+009,-2.791716677568596E+001,1.358286486033580E+002,
7.393939393939394E+009,-2.765964082384645E+001,1.158830449019407E+002,
7.397849462365591E+009,-2.741647874866509E+001,9.632027246572123E+001,
7.401759530791789E+009,-2.715593436706749E+001,7.555317681162583E+001,
7.405669599217987E+009,-2.704012595700771E+001,5.329107626252196E+001,
7.409579667644184E+009,-2.730653759094029E+001,3.053701770235600E+001,
7.413489736070381E+009,-2.760096058253094E+001,1.202018013277317E+001,
7.417399804496578E+009,-2.775085000682390E+001,-7.259976775439974E+000,
7.421309872922776E+009,-2.791877054227230E+001,-2.622744665781107E+001,
7.425219941348974E+009,-2.811673199653404E+001,-4.411286128767557E+001,
7.429130009775171E+009,-2.810450650521141E+001,-6.189100186268559E+001,
7.433040078201368E+009,-2.775749857686143E+001,-8.040643426042972E+001,
7.436950146627565E+009,-2.769491563176260E+001,-9.899653566064229E+001,
7.440860215053763E+009,-2.759436821805881E+001,-1.193035602375586E+002,
7.444770283479961E+009,-2.732553196930457E+001,-1.392499779579707E+002,
7.448680351906158E+009,-2.719907190300080E+001,-1.609836173415128E+002,
7.452590420332356E+009,-2.738602006252833E+001,1.771507135218839E+002,
7.456500488758554E+009,-2.784632021199640E+001,1.557649499721875E+002,
7.460410557184751E+009,-2.830222936759035E+001,1.362457679121830E+002,
7.464320625610949E+009,-2.850394224028922E+001,1.190239195294067E+002,
7.468230694037146E+009,-2.871347315444888E+001,9.959577506026788E+001,
7.472140762463343E+009,-2.910386902564746E+001,8.210590053900802E+001,
7.476050830889541E+009,-2.914857127410270E+001,6.612716595685909E+001,
7.479960899315739E+009,-2.886194395236238E+001,4.913751520825020E+001,
7.483870967741936E+009,-2.867683278295552E+001,3.141181205937401E+001,
7.487781036168133E+009,-2.829883203941862E+001,1.096014837256334E+001,
7.491691104594330E+009,-2.839627270491499E+001,-1.097706540052202E+001,
7.495601173020528E+009,-2.865619326896578E+001,-3.201101682900249E+001,
7.499511241446726E+009,-2.874907908854666E+001,-5.051491246676770E+001,
7.503421309872923E+009,-2.876653591416504E+001,-6.839223377002020E+001,
7.507331378299120E+009,-2.894710271517028E+001,-9.060599917075551E+001,
7.511241446725318E+009,-2.928838436735230E+001,-1.117755496385360E+002,
7.515151515151515E+009,-2.988442201861153E+001,-1.307048111466633E+002,
7.519061583577713E+009,-3.056520727329974E+001,-1.463319855525415E+002,
7.522971652003910E+009,-3.072677857699765E+001,-1.628658449405359E+002,
7.526881720430107E+009,-3.088283595521134E+001,-1.777021288543082E+002,
7.530791788856305E+009,-3.069796847341100E+001,1.669532183642831E+002,
7.534701857282503E+009,-3.028529981466254E+001,1.470621705403609E+002,
7.538611925708700E+009,-3.040001893440210E+001,1.297322617130023E+002,
7.542521994134897E+009,-3.000636848263672E+001,1.107204180126695E+002,
7.546432062561094E+009,-3.035529497407205E+001,9.092265963756080E+001,
7.550342130987292E+009,-3.056291320119896E+001,7.218166162854088E+001,
7.554252199413490E+009,-3.084434747510047E+001,5.442109643302931E+001,
7.558162267839687E+009,-3.110787313652963E+001,3.783839869206294E+001,
7.562072336265884E+009,-3.103581760035754E+001,2.365930770328660E+001,
7.565982404692082E+009,-3.090292346486330E+001,7.981133936168377E+000,
7.569892473118280E+009,-3.029132828638192E+001,-8.269470424507919E+000,
7.573802541544478E+009,-3.002054550489724E+001,-2.741609874861868E+001,
7.577712609970675E+009,-2.968027339215599E+001,-4.597222651909907E+001,
7.581622678396872E+009,-2.919287771807728E+001,-6.775622809322880E+001,
7.585532746823070E+009,-2.944614787716205E+001,-8.774536339640019E+001,
7.589442815249268E+009,-2.957939476150404E+001,-1.067282741528012E+002,
7.593352883675465E+009,-2.979491741147882E+001,-1.234799045538360E+002,
7.597262952101662E+009,-2.981666083713183E+001,-1.404139142712738E+002,
7.601173020527859E+009,-2.945870577272657E+001,-1.581622065038373E+002,
7.605083088954057E+009,-2.914188510499896E+001,-1.745023089881634E+002,
7.608993157380255E+009,-2.870352431837853E+001,1.652490272572536E+002,
7.612903225806452E+009,-2.869053386419154E+001,1.463336910550711E+002,
7.616813294232649E+009,-2.828660656854578E+001,1.268432024682222E+002,
7.620723362658846E+009,-2.801030212582102E+001,1.059482934726640E+002,
7.624633431085044E+009,-2.804645843311110E+001,8.540964915367070E+001,
7.628543499511242E+009,-2.828003692721954E+001,6.472498074121745E+001,
7.632453567937439E+009,-2.834330440110292E+001,4.621159513022397E+001,
7.636363636363636E+009,-2.852618298206129E+001,2.737358589206784E+001,
7.640273704789834E+009,-2.875364015236411E+001,1.049267045090508E+001,
7.644183773216032E+009,-2.857644397392321E+001,-5.653228333661663E+000,
7.648093841642229E+009,-2.834624328445119E+001,-2.410742961566008E+001,
7.652003910068426E+009,-2.823242489492470E+001,-4.301065963397996E+001,
7.655913978494623E+009,-2.825096048340488E+001,-6.125220192239527E+001,
7.659824046920821E+009,-2.786137247164238E+001,-7.842843441587588E+001,
7.663734115347019E+009,-2.749712765152163E+001,-9.814339828215076E+001,
7.667644183773216E+009,-2.728814926940375E+001,-1.193280964547945E+002,
7.671554252199413E+009,-2.743507631091984E+001,-1.389993315092225E+002,
7.675464320625610E+009,-2.741479118953432E+001,-1.580416667315783E+002,
7.679374389051808E+009,-2.748514069204738E+001,-1.765012404107586E+002,
7.683284457478006E+009,-2.736571145080833E+001,1.648917845434874E+002,
7.687194525904203E+009,-2.730409979448788E+001,1.446028951105015E+002,
7.691104594330401E+009,-2.730109155221978E+001,1.257380282523462E+002,
7.695014662756599E+009,-2.736000256816160E+001,1.062005054568431E+002,
7.698924731182797E+009,-2.728768781771086E+001,8.817728600741845E+001,
7.702834799608994E+009,-2.733818301926070E+001,6.859320376223371E+001,
7.706744868035191E+009,-2.713138496443767E+001,5.077335458099218E+001,
7.710654936461388E+009,-2.698252847951359E+001,2.964519342376175E+001,
7.714565004887586E+009,-2.693410349022103E+001,1.064952825528540E+001,
7.718475073313784E+009,-2.695064763773555E+001,-9.329589814145269E+000,
7.722385141739981E+009,-2.722072740691779E+001,-2.823099143284696E+001,
7.726295210166178E+009,-2.719653386672059E+001,-4.694335142900897E+001,
7.730205278592375E+009,-2.723268389981077E+001,-6.479689557026653E+001,
7.734115347018573E+009,-2.721850645371265E+001,-8.341346266732290E+001,
7.738025415444771E+009,-2.722066706861852E+001,-1.020919639173795E+002,
7.741935483870968E+009,-2.702936436243063E+001,-1.205422647967029E+002,
7.745845552297165E+009,-2.670733323931511E+001,-1.395131073503534E+002,
7.749755620723363E+009,-2.652048195735293E+001,-1.607612462143495E+002,
7.753665689149560E+009,-2.673760025572276E+001,1.774033335673183E+002,
7.757575757575758E+009,-2.716002028029457E+001,1.563986237511861E+002,
7.761485826001955E+009,-2.758565803386412E+001,1.393291697488290E+002,
7.765395894428152E+009,-2.769893635832141E+001,1.212625129142259E+002,
7.769305962854350E+009,-2.802984872190027E+001,1.040920207105039E+002,
7.773216031280548E+009,-2.816725280510795E+001,8.772506316169462E+001,
7.777126099706745E+009,-2.777262116864496E+001,7.201743010555167E+001,
7.781036168132942E+009,-2.743409176653653E+001,5.356945346518674E+001,
7.784946236559139E+009,-2.706393331539391E+001,3.348684287025253E+001,
7.788856304985337E+009,-2.694993217135457E+001,1.336911945332422E+001,
7.792766373411535E+009,-2.694481964431420E+001,-6.988149999851232E+000,
7.796676441837732E+009,-2.691556463393231E+001,-2.675787808652000E+001,
7.800586510263929E+009,-2.709235208489560E+001,-4.803964262106232E+001,
7.804496578690127E+009,-2.749734931762845E+001,-6.770525072942507E+001,
7.808406647116324E+009,-2.790646209141531E+001,-8.546048426037717E+001,
7.812316715542522E+009,-2.829276219046946E+001,-1.014630997380632E+002,
7.816226783968720E+009,-2.816995733302907E+001,-1.185387075121832E+002,
7.820136852394917E+009,-2.800362479235830E+001,-1.364071670611023E+002,
7.824046920821115E+009,-2.768735543623011E+001,-1.519570531773871E+002,
7.827956989247313E+009,-2.733521827209194E+001,-1.720218248610209E+002,
7.831867057673510E+009,-2.705688297722793E+001,1.668909661637297E+002,
7.835777126099707E+009,-2.724554001006923E+001,1.474473952387607E+002,
7.839687194525904E+009,-2.723194800849036E+001,1.263797494482830E+002,
7.843597262952102E+009,-2.744231469504270E+001,1.061856186348501E+002,
7.847507331378300E+009,-2.789208722763702E+001,8.657104396013700E+001,
7.851417399804497E+009,-2.852067278433727E+001,6.922383721277258E+001,
7.855327468230694E+009,-2.861663701733942E+001,5.661538545650897E+001,
7.859237536656891E+009,-2.805706483071285E+001,3.973317138716843E+001,
7.863147605083089E+009,-2.774428598159268E+001,2.171221313450804E+001,
7.867057673509287E+009,-2.737610384578584E+001,2.356261366612167E+000,
7.870967741935484E+009,-2.709510005181794E+001,-1.790150390183379E+001,
7.874877810361681E+009,-2.714616678577036E+001,-3.863580372933316E+001,
7.878787878787879E+009,-2.723968250207843E+001,-5.728371995875211E+001,
7.882697947214077E+009,-2.731078612498232E+001,-7.693782702094509E+001,
7.886608015640274E+009,-2.744858599745588E+001,-9.563425548541572E+001,
7.890518084066471E+009,-2.771186855336660E+001,-1.141911103053488E+002,
7.894428152492668E+009,-2.778380097377374E+001,-1.316594373147877E+002,
7.898338220918866E+009,-2.763736685633044E+001,-1.480282497296809E+002,
7.902248289345064E+009,-2.734512931453439E+001,-1.669015460462709E+002,
7.906158357771261E+009,-2.720036676392851E+001,1.746776232394051E+002,
7.910068426197458E+009,-2.705697817430739E+001,1.552860528820928E+002,
7.913978494623655E+009,-2.677713991075903E+001,1.364282548922109E+002,
7.917888563049853E+009,-2.672207234541976E+001,1.166563069010528E+002,
7.921798631476051E+009,-2.655543099739617E+001,9.689704770346381E+001,
7.925708699902248E+009,-2.663552334814931E+001,7.617662785450955E+001,
7.929618768328445E+009,-2.662179351427874E+001,5.623141309249037E+001,
7.933528836754643E+009,-2.670997990818190E+001,3.636055793733658E+001,
7.937438905180841E+009,-2.692630072780908E+001,1.633531385704507E+001,
7.941348973607039E+009,-2.720779484969020E+001,-8.449038697498623E-001,
7.945259042033236E+009,-2.719641681111876E+001,-1.843684653450838E+001,
7.949169110459433E+009,-2.713978973574129E+001,-3.769712619587030E+001,
7.953079178885631E+009,-2.705746082974527E+001,-5.590566774264109E+001,
7.956989247311829E+009,-2.694465299707943E+001,-7.567571182977410E+001,
7.960899315738026E+009,-2.693518632478155E+001,-9.529847028389168E+001,
7.964809384164223E+009,-2.699967320801181E+001,-1.148464518351949E+002,
7.968719452590420E+009,-2.719252458253889E+001,-1.345906171112377E+002,
7.972629521016618E+009,-2.743367792704349E+001,-1.540528375816751E+002,
7.976539589442816E+009,-2.747361709219011E+001,-1.723528265372152E+002,
7.980449657869013E+009,-2.766667268892021E+001,1.691180559581761E+002,
7.984359726295210E+009,-2.790870641424937E+001,1.514502655114065E+002,
7.988269794721408E+009,-2.785604943354384E+001,1.342559020750120E+002,
7.992179863147605E+009,-2.764294933708657E+001,1.156645653808151E+002,
7.996089931573803E+009,-2.751490812737018E+001,9.692963794336647E+001,
8.000000000000000E+009,-2.742183178102496E+001,7.761632082705100E+001,
