% Version 1.00
%
%freq[Hz];db:Trc1_S21;ang:Trc1_S21;
4.000000000000000E+009,-2.440243196197595E+001,-1.408527292021916E+002,
4.003910068426198E+009,-2.455445909759608E+001,-1.563028604560120E+002,
4.007820136852395E+009,-2.438915187954791E+001,-1.736540721307360E+002,
4.011730205278593E+009,-2.437245828985900E+001,1.658649021453621E+002,
4.015640273704790E+009,-2.446230365959806E+001,1.474017935175735E+002,
4.019550342130987E+009,-2.439281625520642E+001,1.293868208946408E+002,
4.023460410557185E+009,-2.406931188112759E+001,1.098840371093391E+002,
4.027370478983382E+009,-2.389481528758387E+001,8.696895112815814E+001,
4.031280547409580E+009,-2.454165869725058E+001,6.408391923576190E+001,
4.035190615835777E+009,-2.526033623113163E+001,4.556337256066677E+001,
4.039100684261975E+009,-2.568309872946353E+001,2.988494488346201E+001,
4.043010752688172E+009,-2.551462981654593E+001,1.316381056167243E+001,
4.046920821114369E+009,-2.542054228472086E+001,-4.010361108463311E+000,
4.050830889540567E+009,-2.508584657034112E+001,-2.386061724080528E+001,
4.054740957966765E+009,-2.515901366605174E+001,-4.462431674881495E+001,
4.058651026392962E+009,-2.532252781192464E+001,-6.406311510818239E+001,
4.062561094819160E+009,-2.528051169108679E+001,-8.251340758356419E+001,
4.066471163245357E+009,-2.514025914274070E+001,-1.032063437497550E+002,
4.070381231671554E+009,-2.542059299143688E+001,-1.255275304149063E+002,
4.074291300097752E+009,-2.595342754520392E+001,-1.441800110628133E+002,
4.078201368523949E+009,-2.642450399230357E+001,-1.615457925617683E+002,
4.082111436950147E+009,-2.645035533063785E+001,-1.770342385155701E+002,
4.086021505376344E+009,-2.636637486928526E+001,1.663348317029750E+002,
4.089931573802542E+009,-2.594368013340981E+001,1.497602463263201E+002,
4.093841642228739E+009,-2.537761029202418E+001,1.288881059136489E+002,
4.097751710654936E+009,-2.514761121634630E+001,1.070587209137264E+002,
4.101661779081134E+009,-2.525837769880495E+001,8.866583915984106E+001,
4.105571847507331E+009,-2.493538821723240E+001,6.835646750835082E+001,
4.109481915933529E+009,-2.461742724831804E+001,4.725948598977941E+001,
4.113391984359726E+009,-2.472736861164956E+001,2.362355991087210E+001,
4.117302052785924E+009,-2.515185682294874E+001,2.168230324414620E+000,
4.121212121212121E+009,-2.546336692905827E+001,-1.724982516926383E+001,
4.125122189638319E+009,-2.581053932470790E+001,-3.692119879235883E+001,
4.129032258064516E+009,-2.648037172391739E+001,-5.502663870993802E+001,
4.132942326490714E+009,-2.672153777350179E+001,-7.016939298551253E+001,
4.136852394916911E+009,-2.644886884365447E+001,-8.590176903885551E+001,
4.140762463343109E+009,-2.608924035755854E+001,-1.043712293762595E+002,
4.144672531769306E+009,-2.594223975887383E+001,-1.232370183849223E+002,
4.148582600195503E+009,-2.583029539824837E+001,-1.422111867793008E+002,
4.152492668621701E+009,-2.555993248832118E+001,-1.615296584906107E+002,
4.156402737047898E+009,-2.552988275591263E+001,1.790609925881029E+002,
4.160312805474096E+009,-2.545787054742199E+001,1.611881330441510E+002,
4.164222873900293E+009,-2.495165182835508E+001,1.423317663259753E+002,
4.168132942326491E+009,-2.485588239292296E+001,1.207884588949233E+002,
4.172043010752688E+009,-2.494846125629243E+001,1.003108364032296E+002,
4.175953079178886E+009,-2.510764335256522E+001,8.069204359404991E+001,
4.179863147605083E+009,-2.525743248238366E+001,6.209013991603768E+001,
4.183773216031281E+009,-2.541917111423884E+001,4.365380465377168E+001,
4.187683284457478E+009,-2.557900871319834E+001,2.805847638936193E+001,
4.191593352883676E+009,-2.519497059405782E+001,1.027269187717312E+001,
4.195503421309873E+009,-2.495991007636789E+001,-6.478625756833318E+000,
4.199413489736071E+009,-2.440322544204808E+001,-2.498950963124812E+001,
4.203323558162268E+009,-2.394586817745583E+001,-4.511851529759134E+001,
4.207233626588465E+009,-2.364986438913927E+001,-6.621497640435004E+001,
4.211143695014663E+009,-2.359123072199739E+001,-8.732985248967586E+001,
4.215053763440860E+009,-2.373009010081263E+001,-1.082457147705123E+002,
4.218963831867058E+009,-2.388874904465593E+001,-1.271576714885959E+002,
4.222873900293255E+009,-2.382060219323371E+001,-1.463289172715741E+002,
4.226783968719452E+009,-2.395000392313657E+001,-1.659167645368942E+002,
4.230694037145650E+009,-2.387934746434949E+001,1.748419758372689E+002,
4.234604105571847E+009,-2.409484124157218E+001,1.551932889373737E+002,
4.238514173998045E+009,-2.441841332927185E+001,1.383672723267785E+002,
4.242424242424243E+009,-2.421758671762341E+001,1.226071915704877E+002,
4.246334310850440E+009,-2.389157397420208E+001,1.042575293637024E+002,
4.250244379276638E+009,-2.372631476457192E+001,8.432354541217501E+001,
4.254154447702835E+009,-2.371765621421397E+001,6.564316637621027E+001,
4.258064516129032E+009,-2.350331693620297E+001,4.678049144465383E+001,
4.261974584555230E+009,-2.327093726659274E+001,2.642152587366392E+001,
4.265884652981427E+009,-2.344982346165950E+001,6.930284764282124E+000,
4.269794721407625E+009,-2.328351862570031E+001,-1.184698880639470E+001,
4.273704789833822E+009,-2.347956549913993E+001,-3.254486156152138E+001,
4.277614858260019E+009,-2.377787520017249E+001,-4.973925237872397E+001,
4.281524926686217E+009,-2.363917645939631E+001,-6.643943897130274E+001,
4.285434995112414E+009,-2.337434533495751E+001,-8.431040323990094E+001,
4.289345063538612E+009,-2.295893039820921E+001,-1.036398261902487E+002,
4.293255131964809E+009,-2.282346351221172E+001,-1.244163742372714E+002,
4.297165200391007E+009,-2.300107482968499E+001,-1.455158713791788E+002,
4.301075268817205E+009,-2.315127406434005E+001,-1.639105563826776E+002,
4.304985337243402E+009,-2.327512856673185E+001,1.768601452767302E+002,
4.308895405669600E+009,-2.325653156410698E+001,1.587001441770743E+002,
4.312805474095797E+009,-2.326395579263924E+001,1.401307439680777E+002,
4.316715542521994E+009,-2.326581505090166E+001,1.214560289915796E+002,
4.320625610948192E+009,-2.312788963006992E+001,1.031985614895502E+002,
4.324535679374389E+009,-2.307709214408909E+001,8.373458676360131E+001,
4.328445747800587E+009,-2.279701451542327E+001,6.449669350996706E+001,
4.332355816226784E+009,-2.266439644191685E+001,4.301992943357853E+001,
4.336265884652982E+009,-2.275863140221694E+001,2.206729966382649E+001,
4.340175953079179E+009,-2.290564525784173E+001,-1.755563176190455E-001,
4.344086021505377E+009,-2.357690807925593E+001,-2.125375383487421E+001,
4.347996089931574E+009,-2.439796132695898E+001,-3.971100328222381E+001,
4.351906158357771E+009,-2.498162045879024E+001,-5.496195581127378E+001,
4.355816226783969E+009,-2.504499958250207E+001,-7.099572176574021E+001,
4.359726295210166E+009,-2.499663611453055E+001,-8.808537019101654E+001,
4.363636363636364E+009,-2.504374146127469E+001,-1.052322682825444E+002,
4.367546432062561E+009,-2.494967910678291E+001,-1.221773123116469E+002,
4.371456500488758E+009,-2.462520034251669E+001,-1.404144016478659E+002,
4.375366568914956E+009,-2.461053329466062E+001,-1.611443253911475E+002,
4.379276637341153E+009,-2.483401191119834E+001,1.799171925423541E+002,
4.383186705767351E+009,-2.492190014470915E+001,1.606681056561578E+002,
4.387096774193548E+009,-2.503335470446256E+001,1.415423141628004E+002,
4.391006842619746E+009,-2.534367363528301E+001,1.231598334897301E+002,
4.394916911045943E+009,-2.573309184617925E+001,1.046712597354646E+002,
4.398826979472141E+009,-2.582652798509986E+001,9.011550384261986E+001,
4.402737047898338E+009,-2.578299895423296E+001,7.126125876485094E+001,
4.406647116324535E+009,-2.568061586098154E+001,5.353585521836567E+001,
4.410557184750733E+009,-2.584844338441594E+001,3.707199833932110E+001,
4.414467253176930E+009,-2.566092094687861E+001,2.038911991041552E+001,
4.418377321603128E+009,-2.521811040327608E+001,5.377951988165749E-001,
4.422287390029326E+009,-2.514339015843724E+001,-1.979455439239819E+001,
4.426197458455523E+009,-2.518190707270657E+001,-4.132660285394491E+001,
4.430107526881721E+009,-2.576685639783368E+001,-6.149262829373095E+001,
4.434017595307918E+009,-2.624273531298796E+001,-7.790368497155629E+001,
4.437927663734116E+009,-2.639739603778693E+001,-9.392684053567581E+001,
4.441837732160313E+009,-2.637566969989878E+001,-1.097786848212523E+002,
4.445747800586511E+009,-2.625012406871548E+001,-1.258796017596751E+002,
4.449657869012708E+009,-2.578794260934361E+001,-1.426314107458854E+002,
4.453567937438905E+009,-2.534735246952483E+001,-1.622369384156882E+002,
4.457478005865103E+009,-2.522283074975068E+001,1.772107009761418E+002,
4.461388074291300E+009,-2.532766194442203E+001,1.578718987936357E+002,
4.465298142717498E+009,-2.523862416521851E+001,1.385248867998657E+002,
4.469208211143695E+009,-2.521966397978712E+001,1.198183642662573E+002,
4.473118279569893E+009,-2.515532742761501E+001,1.012546008125830E+002,
4.477028347996090E+009,-2.505304340386034E+001,8.406131811175887E+001,
4.480938416422287E+009,-2.473795841170320E+001,6.412903546847808E+001,
4.484848484848485E+009,-2.457541669779293E+001,4.468229848560313E+001,
4.488758553274682E+009,-2.430906944045560E+001,2.494789493557118E+001,
4.492668621700880E+009,-2.419952790367217E+001,4.248696097772641E+000,
4.496578690127077E+009,-2.442211546051115E+001,-1.650137147461067E+001,
4.500488758553275E+009,-2.442048144052696E+001,-3.611676284861864E+001,
4.504398826979472E+009,-2.454939178338650E+001,-5.387187651656318E+001,
4.508308895405669E+009,-2.432225500344403E+001,-7.308243637581118E+001,
4.512218963831867E+009,-2.424862284517994E+001,-9.283365487535291E+001,
4.516129032258064E+009,-2.418331001820805E+001,-1.127303544555531E+002,
4.520039100684262E+009,-2.446024703067920E+001,-1.334384325994626E+002,
4.523949169110459E+009,-2.453629932555755E+001,-1.506573347356255E+002,
4.527859237536657E+009,-2.426324285162637E+001,-1.688065930370680E+002,
4.531769305962854E+009,-2.388229179345078E+001,1.709819487151087E+002,
4.535679374389051E+009,-2.396731413479572E+001,1.490380912709377E+002,
4.539589442815249E+009,-2.402438942836675E+001,1.303256196899719E+002,
4.543499511241447E+009,-2.380160662021552E+001,1.100530100984907E+002,
4.547409579667645E+009,-2.388128261118441E+001,8.869116346778223E+001,
4.551319648093842E+009,-2.412793132474956E+001,6.818640854491201E+001,
4.555229716520039E+009,-2.447207158395220E+001,4.903321666165473E+001,
4.559139784946237E+009,-2.461519458583783E+001,3.134156497571079E+001,
4.563049853372434E+009,-2.469984791551955E+001,1.306423669226242E+001,
4.566959921798632E+009,-2.462089919525278E+001,-4.195548332106920E+000,
4.570869990224829E+009,-2.440695021323943E+001,-2.238774746157161E+001,
4.574780058651027E+009,-2.413340483620459E+001,-4.123721741472563E+001,
4.578690127077224E+009,-2.394022734675239E+001,-6.102588033972079E+001,
4.582600195503422E+009,-2.370199588957382E+001,-8.149525984996292E+001,
4.586510263929619E+009,-2.369172720600990E+001,-1.022905962412838E+002,
4.590420332355816E+009,-2.369991275199776E+001,-1.234557756595490E+002,
4.594330400782014E+009,-2.410371061931977E+001,-1.437379906112592E+002,
4.598240469208211E+009,-2.421604620132446E+001,-1.615574162055531E+002,
4.602150537634409E+009,-2.433691566877781E+001,-1.786869612519346E+002,
4.606060606060606E+009,-2.437337631313071E+001,1.633310241369538E+002,
4.609970674486803E+009,-2.414904353717835E+001,1.455081105785853E+002,
4.613880742913001E+009,-2.391614783025224E+001,1.269976816023655E+002,
4.617790811339198E+009,-2.376943388761168E+001,1.077585520508256E+002,
4.621700879765396E+009,-2.352972217138028E+001,8.823264133570022E+001,
4.625610948191593E+009,-2.350244581872609E+001,6.750965693814266E+001,
4.629521016617791E+009,-2.353016221212010E+001,4.829507992303922E+001,
4.633431085043988E+009,-2.354516671965990E+001,2.919029052433672E+001,
4.637341153470186E+009,-2.358715657984477E+001,9.743194031669027E+000,
4.641251221896383E+009,-2.365359115131343E+001,-9.256192091980605E+000,
4.645161290322580E+009,-2.370846492502899E+001,-2.724597239921988E+001,
4.649071358748778E+009,-2.349936607030513E+001,-4.533324402681185E+001,
4.652981427174975E+009,-2.342880229075286E+001,-6.543622752562084E+001,
4.656891495601173E+009,-2.345131779365870E+001,-8.447557671564240E+001,
4.660801564027371E+009,-2.352367460371382E+001,-1.027483549794466E+002,
4.664711632453568E+009,-2.357414883342119E+001,-1.216282210198360E+002,
4.668621700879766E+009,-2.358782439429475E+001,-1.399423771159175E+002,
4.672531769305963E+009,-2.361771744891771E+001,-1.580126954301776E+002,
4.676441837732161E+009,-2.362456721750123E+001,-1.757022134533102E+002,
4.680351906158358E+009,-2.353820581759125E+001,1.671859150915464E+002,
4.684261974584556E+009,-2.323023478031397E+001,1.494179218901554E+002,
4.688172043010753E+009,-2.297093156161879E+001,1.304546667167993E+002,
4.692082111436951E+009,-2.284195832073838E+001,1.112927390405480E+002,
4.695992179863148E+009,-2.273162577988427E+001,9.308939352068454E+001,
4.699902248289345E+009,-2.251931926144479E+001,7.296562467719166E+001,
4.703812316715543E+009,-2.261334365604916E+001,5.309284017156331E+001,
4.707722385141740E+009,-2.278304184728221E+001,3.413426970696439E+001,
4.711632453567938E+009,-2.285682674967378E+001,1.683231977086285E+001,
4.715542521994135E+009,-2.286568290589148E+001,-6.626986054520607E-001,
4.719452590420332E+009,-2.262031259810260E+001,-1.737045569737932E+001,
4.723362658846530E+009,-2.236885160748944E+001,-3.575323269000830E+001,
4.727272727272727E+009,-2.206179671753590E+001,-5.301102852720806E+001,
4.731182795698925E+009,-2.160309171162718E+001,-7.251825664531752E+001,
4.735092864125122E+009,-2.126240487853405E+001,-9.388794295937403E+001,
4.739002932551320E+009,-2.120460432938020E+001,-1.158097738653189E+002,
4.742913000977517E+009,-2.139876664162880E+001,-1.371164226088641E+002,
4.746823069403714E+009,-2.176506324933616E+001,-1.562629193875994E+002,
4.750733137829912E+009,-2.203622290453630E+001,-1.744352487526253E+002,
4.754643206256109E+009,-2.215339321864098E+001,1.678554125539471E+002,
4.758553274682307E+009,-2.226331493807673E+001,1.508304364487178E+002,
4.762463343108504E+009,-2.219660527506645E+001,1.337179964092215E+002,
4.766373411534702E+009,-2.192547021729151E+001,1.157583814991548E+002,
4.770283479960899E+009,-2.184691473344761E+001,9.718947256216096E+001,
4.774193548387096E+009,-2.161711157689924E+001,7.842987044115641E+001,
4.778103616813294E+009,-2.141574604341839E+001,5.788081100004275E+001,
4.782013685239492E+009,-2.158032235291738E+001,3.696042397921759E+001,
4.785923753665690E+009,-2.184193488994568E+001,1.766132415788867E+001,
4.789833822091887E+009,-2.214695026210082E+001,-1.106341418898991E+000,
4.793743890518084E+009,-2.250163738835090E+001,-1.840186213541012E+001,
4.797653958944282E+009,-2.260880028018158E+001,-3.496001593268149E+001,
4.801564027370479E+009,-2.260218062513690E+001,-5.118153222423899E+001,
4.805474095796677E+009,-2.254653819013951E+001,-6.869047558022008E+001,
4.809384164222874E+009,-2.238736601205981E+001,-8.514152830237062E+001,
4.813294232649072E+009,-2.201435030524009E+001,-1.031097064478708E+002,
4.817204301075269E+009,-2.167717418776767E+001,-1.229064196764894E+002,
4.821114369501467E+009,-2.170694075123819E+001,-1.437949681491579E+002,
4.825024437927664E+009,-2.191078246343764E+001,-1.634209214671016E+002,
4.828934506353861E+009,-2.204196595817179E+001,1.780918691887421E+002,
4.832844574780059E+009,-2.217406139250223E+001,1.595698705652241E+002,
4.836754643206256E+009,-2.218702104870780E+001,1.418060582664816E+002,
4.840664711632454E+009,-2.224688746135840E+001,1.223425009422630E+002,
4.844574780058651E+009,-2.242322937147326E+001,1.049290181831674E+002,
4.848484848484848E+009,-2.236644358016160E+001,8.664981472501061E+001,
4.852394916911046E+009,-2.238407583200863E+001,6.809999421995789E+001,
4.856304985337243E+009,-2.231523952766618E+001,5.009035391427011E+001,
4.860215053763441E+009,-2.210410144122973E+001,3.052777122333182E+001,
4.864125122189638E+009,-2.215760176650817E+001,1.003835770914106E+001,
4.868035190615836E+009,-2.247651123388801E+001,-1.050110418721603E+001,
4.871945259042033E+009,-2.284655074441823E+001,-2.901353368914960E+001,
4.875855327468231E+009,-2.307680246157005E+001,-4.727844632697610E+001,
4.879765395894428E+009,-2.333420446769824E+001,-6.578376832559562E+001,
4.883675464320625E+009,-2.375269308416531E+001,-8.315219018747003E+001,
4.887585532746823E+009,-2.389431155661433E+001,-9.910726179857245E+001,
4.891495601173020E+009,-2.390655288881211E+001,-1.151647723859349E+002,
4.895405669599218E+009,-2.365620310660198E+001,-1.326024364341324E+002,
4.899315738025415E+009,-2.350001855265870E+001,-1.515490374910142E+002,
4.903225806451613E+009,-2.348029120810663E+001,-1.708087789207033E+002,
4.907135874877811E+009,-2.365094171870433E+001,1.694238835336691E+002,
4.911045943304008E+009,-2.396659734261301E+001,1.502675383015638E+002,
4.914956011730206E+009,-2.429877561751918E+001,1.322817575915857E+002,
4.918866080156403E+009,-2.463650073991584E+001,1.156992203283928E+002,
4.922776148582601E+009,-2.475695618017571E+001,9.857038110586920E+001,
4.926686217008798E+009,-2.496798810200603E+001,8.180073407773746E+001,
4.930596285434996E+009,-2.478727541416701E+001,6.676490879207763E+001,
4.934506353861193E+009,-2.443090412634499E+001,4.912668608995885E+001,
4.938416422287390E+009,-2.419856649008567E+001,2.920221331091992E+001,
4.942326490713588E+009,-2.443381069781155E+001,8.767057107972292E+000,
4.946236559139785E+009,-2.468451083663206E+001,-9.171121731849601E+000,
4.950146627565983E+009,-2.480163317099459E+001,-2.642060409113110E+001,
4.954056695992180E+009,-2.494184982741381E+001,-4.398529244628936E+001,
4.957966764418377E+009,-2.513470102568074E+001,-6.182548662228329E+001,
4.961876832844575E+009,-2.524076792257460E+001,-7.756828792701901E+001,
4.965786901270772E+009,-2.489297453642068E+001,-9.368622308965969E+001,
4.969696969696970E+009,-2.460601890156340E+001,-1.129533568930581E+002,
4.973607038123167E+009,-2.447867951793696E+001,-1.312879569820578E+002,
4.977517106549365E+009,-2.430217052833931E+001,-1.508655011763397E+002,
4.981427174975562E+009,-2.427266632737305E+001,-1.719440605347253E+002,
4.985337243401759E+009,-2.468743538568948E+001,1.679486738747009E+002,
4.989247311827957E+009,-2.518730207162081E+001,1.519225774412268E+002,
4.993157380254154E+009,-2.502274832663912E+001,1.359964282848196E+002,
4.997067448680352E+009,-2.481555491249949E+001,1.193127363321170E+002,
5.000977517106549E+009,-2.446553813921953E+001,1.007634566445291E+002,
5.004887585532747E+009,-2.421136916708310E+001,8.041383538543541E+001,
5.008797653958944E+009,-2.423832198020705E+001,6.020729047224289E+001,
5.012707722385141E+009,-2.423663216003382E+001,4.102709117339095E+001,
5.016617790811339E+009,-2.424092337165744E+001,2.181422810669223E+001,
5.020527859237536E+009,-2.404127460067622E+001,1.991029216241787E+000,
5.024437927663734E+009,-2.411880819183003E+001,-1.962853655405258E+001,
5.028347996089932E+009,-2.439559973916376E+001,-4.050841104711515E+001,
5.032258064516129E+009,-2.489058716182973E+001,-5.971271674599614E+001,
5.036168132942327E+009,-2.517439281260758E+001,-7.797937472338809E+001,
5.040078201368524E+009,-2.559618853276550E+001,-9.532479858381367E+001,
5.043988269794722E+009,-2.566214992987741E+001,-1.118360414925161E+002,
5.047898338220919E+009,-2.546983020338425E+001,-1.289274073929546E+002,
5.051808406647117E+009,-2.526378655642230E+001,-1.474067886041453E+002,
5.055718475073314E+009,-2.526181433589341E+001,-1.671905388753772E+002,
5.059628543499512E+009,-2.530163032076114E+001,1.734216039518226E+002,
5.063538611925709E+009,-2.549637030717376E+001,1.547072428145883E+002,
5.067448680351906E+009,-2.556918647910683E+001,1.368880150843135E+002,
5.071358748778104E+009,-2.557138134144111E+001,1.188421142545021E+002,
5.075268817204301E+009,-2.538594733977212E+001,1.009393550678628E+002,
5.079178885630499E+009,-2.520321011843013E+001,8.222584525911896E+001,
5.083088954056696E+009,-2.495033474997579E+001,6.287835016769503E+001,
5.086999022482893E+009,-2.478380065812673E+001,4.220188975670958E+001,
5.090909090909091E+009,-2.487300241072618E+001,2.014253053163119E+001,
5.094819159335288E+009,-2.521340574010655E+001,-4.282074118144694E-001,
5.098729227761486E+009,-2.559791954507777E+001,-1.941509179127453E+001,
5.102639296187683E+009,-2.595910568966882E+001,-3.681625157754249E+001,
5.106549364613881E+009,-2.615834825524822E+001,-5.276557513422101E+001,
5.110459433040078E+009,-2.600300354105727E+001,-6.698759574026423E+001,
5.114369501466276E+009,-2.528140037413597E+001,-8.373379139696088E+001,
5.118279569892473E+009,-2.453542251481036E+001,-1.042692424473987E+002,
5.122189638318670E+009,-2.418443793450363E+001,-1.257824529413008E+002,
5.126099706744868E+009,-2.387158346045352E+001,-1.476980643138304E+002,
5.130009775171065E+009,-2.387389811810907E+001,-1.703622107747863E+002,
5.133919843597263E+009,-2.389849248836458E+001,1.679462600495735E+002,
5.137829912023460E+009,-2.417543214548064E+001,1.464030702759013E+002,
5.141739980449657E+009,-2.444187105818412E+001,1.251285756317827E+002,
5.145650048875855E+009,-2.498699137734300E+001,1.058256761380928E+002,
5.149560117302053E+009,-2.518960860997345E+001,9.070002061335873E+001,
5.153470185728251E+009,-2.476939865295400E+001,7.294819168492813E+001,
5.157380254154448E+009,-2.444664012144990E+001,5.268579577761071E+001,
5.161290322580645E+009,-2.435362251788332E+001,3.170270447848824E+001,
5.165200391006843E+009,-2.444860846124082E+001,1.065176205792607E+001,
5.169110459433041E+009,-2.465214020091089E+001,-8.241458906447829E+000,
5.173020527859238E+009,-2.457315725033997E+001,-2.649302351607523E+001,
5.176930596285435E+009,-2.441108653209327E+001,-4.628829291177009E+001,
5.180840664711633E+009,-2.429248447860717E+001,-6.618045699685327E+001,
5.184750733137830E+009,-2.420101524452130E+001,-8.663368297388482E+001,
5.188660801564028E+009,-2.425737147061790E+001,-1.063277018021476E+002,
5.192570869990225E+009,-2.412850021797322E+001,-1.254517124664223E+002,
5.196480938416422E+009,-2.392311578576782E+001,-1.456070957791681E+002,
5.200391006842620E+009,-2.387044708567130E+001,-1.669945707764313E+002,
5.204301075268817E+009,-2.390536771971059E+001,1.726490148979574E+002,
5.208211143695015E+009,-2.384526444031919E+001,1.506489834808358E+002,
5.212121212121212E+009,-2.432063279063219E+001,1.297129001551668E+002,
5.216031280547409E+009,-2.462444144510695E+001,1.116493481571551E+002,
5.219941348973607E+009,-2.469695434549451E+001,9.220763408920705E+001,
5.223851417399805E+009,-2.483444818996811E+001,7.292832051694424E+001,
5.227761485826002E+009,-2.498410654018363E+001,5.451514780625428E+001,
5.231671554252199E+009,-2.504730265576752E+001,3.560435679695677E+001,
5.235581622678397E+009,-2.503306483434717E+001,1.854559178008461E+001,
5.239491691104594E+009,-2.471754241790407E+001,-2.127869173390383E-001,
5.243401759530792E+009,-2.472172655037014E+001,-2.031215131529712E+001,
5.247311827956989E+009,-2.468798937340621E+001,-3.866679525337685E+001,
5.251221896383186E+009,-2.435739893950604E+001,-5.921052457860932E+001,
5.255131964809384E+009,-2.425478234454188E+001,-8.085359221184656E+001,
5.259042033235581E+009,-2.446136453919268E+001,-1.017420358747191E+002,
5.262952101661779E+009,-2.485396492178703E+001,-1.230820390817690E+002,
5.266862170087977E+009,-2.519536384692202E+001,-1.413986936468218E+002,
5.270772238514174E+009,-2.535617276229564E+001,-1.599614927186046E+002,
5.274682306940372E+009,-2.565301617511420E+001,-1.775418514044825E+002,
5.278592375366570E+009,-2.567045714154119E+001,1.658856629845830E+002,
5.282502443792767E+009,-2.557796581761926E+001,1.481063556104577E+002,
5.286412512218964E+009,-2.531998313572060E+001,1.292170973770370E+002,
5.290322580645162E+009,-2.520178243582647E+001,1.095877913717121E+002,
5.294232649071359E+009,-2.509503012211003E+001,9.024819433076993E+001,
5.298142717497557E+009,-2.508332992689062E+001,6.990639008225352E+001,
5.302052785923754E+009,-2.518899157733474E+001,5.034925635315179E+001,
5.305962854349951E+009,-2.520990223396354E+001,3.025912989702719E+001,
5.309872922776149E+009,-2.551889399531024E+001,9.580757382442563E+000,
5.313782991202346E+009,-2.604599671286292E+001,-8.678299464689653E+000,
5.317693059628544E+009,-2.636550116305970E+001,-2.416615058640837E+001,
5.321603128054741E+009,-2.619114603788852E+001,-4.010603962741483E+001,
5.325513196480938E+009,-2.595767895188727E+001,-5.915005143828126E+001,
5.329423264907136E+009,-2.592708177660051E+001,-7.837595421251305E+001,
5.333333333333333E+009,-2.593538466481252E+001,-9.736002957368635E+001,
5.337243401759531E+009,-2.592014748576761E+001,-1.158177581769633E+002,
5.341153470185728E+009,-2.599944067351385E+001,-1.355147211495698E+002,
5.345063538611926E+009,-2.621846221056276E+001,-1.541966094278418E+002,
5.348973607038123E+009,-2.651376223142272E+001,-1.713560824730515E+002,
5.352883675464321E+009,-2.665578435789666E+001,1.732662323103364E+002,
5.356793743890518E+009,-2.623054752952329E+001,1.566907279044208E+002,
5.360703812316715E+009,-2.608114519796167E+001,1.402295000066645E+002,
5.364613880742913E+009,-2.563256955376974E+001,1.211961764423260E+002,
5.368523949169110E+009,-2.529941595642542E+001,1.024303265477208E+002,
5.372434017595308E+009,-2.494312685878128E+001,8.257905326303430E+001,
5.376344086021505E+009,-2.475215213566894E+001,6.175034438561947E+001,
5.380254154447702E+009,-2.464806366579699E+001,4.138822385368296E+001,
5.384164222873900E+009,-2.457670157228869E+001,2.018904312973879E+001,
5.388074291300098E+009,-2.485243925853025E+001,-1.744130666436198E+000,
5.391984359726296E+009,-2.532464811657172E+001,-2.221272999503263E+001,
5.395894428152493E+009,-2.579154515870595E+001,-3.958562110977817E+001,
5.399804496578690E+009,-2.608056102826459E+001,-5.565690378902468E+001,
5.403714565004888E+009,-2.622653687136513E+001,-7.179452285060015E+001,
5.407624633431086E+009,-2.596324672058903E+001,-8.788178206369354E+001,
5.411534701857283E+009,-2.575757198424977E+001,-1.046671058667104E+002,
5.415444770283480E+009,-2.521157856904188E+001,-1.224058465623715E+002,
5.419354838709678E+009,-2.476524222522594E+001,-1.421483911854261E+002,
5.423264907135875E+009,-2.442001446606028E+001,-1.622425350992817E+002,
5.427174975562073E+009,-2.410531144707137E+001,1.758260918182260E+002,
5.431085043988270E+009,-2.408938777477642E+001,1.527269157841808E+002,
5.434995112414467E+009,-2.459038230226121E+001,1.305091034615524E+002,
5.438905180840665E+009,-2.525953298030426E+001,1.119209194730507E+002,
5.442815249266862E+009,-2.547271467330667E+001,9.498801099320232E+001,
5.446725317693060E+009,-2.558835664626336E+001,7.752674891188802E+001,
5.450635386119257E+009,-2.572872441452017E+001,6.015334950285421E+001,
5.454545454545454E+009,-2.565063024219332E+001,4.408786370666093E+001,
5.458455522971652E+009,-2.535975863510184E+001,2.714505050904456E+001,
5.462365591397850E+009,-2.517769403945556E+001,7.613602225869182E+000,
5.466275659824047E+009,-2.492363323605095E+001,-1.045854676484235E+001,
5.470185728250244E+009,-2.449589508678674E+001,-3.031584749353273E+001,
5.474095796676442E+009,-2.433692417643229E+001,-5.262280702839436E+001,
5.478005865102639E+009,-2.457590242814448E+001,-7.349990373674019E+001,
5.481915933528837E+009,-2.488101086516451E+001,-9.338085922831995E+001,
5.485826001955034E+009,-2.516334654058067E+001,-1.115759082555410E+002,
5.489736070381231E+009,-2.524335619384705E+001,-1.283234696350805E+002,
5.493646138807429E+009,-2.508626753963622E+001,-1.458840780965773E+002,
5.497556207233626E+009,-2.487154572784202E+001,-1.655295287358657E+002,
5.501466275659824E+009,-2.494807245721594E+001,1.763307959933286E+002,
5.505376344086021E+009,-2.471880375051065E+001,1.582382480155485E+002,
5.509286412512219E+009,-2.442745570215004E+001,1.385091649658445E+002,
5.513196480938417E+009,-2.427630020566754E+001,1.185079213306725E+002,
5.517106549364615E+009,-2.419461791771777E+001,9.759528438442764E+001,
5.521016617790812E+009,-2.424709876868365E+001,7.673028262119030E+001,
5.524926686217009E+009,-2.451033127289225E+001,5.723286701341896E+001,
5.528836754643207E+009,-2.461774940695047E+001,3.823336065691647E+001,
5.532746823069404E+009,-2.489232416524436E+001,1.844259290468950E+001,
5.536656891495602E+009,-2.509513565070700E+001,2.274215380258482E+000,
5.540566959921799E+009,-2.478415494059551E+001,-1.452177522305606E+001,
5.544477028347996E+009,-2.435066005378504E+001,-3.413096202954088E+001,
5.548387096774194E+009,-2.412969162322203E+001,-5.464062382923942E+001,
5.552297165200391E+009,-2.415325718988487E+001,-7.594304753149875E+001,
5.556207233626589E+009,-2.428036987159324E+001,-9.521612675573465E+001,
5.560117302052786E+009,-2.421485152348250E+001,-1.153017096248361E+002,
5.564027370478983E+009,-2.427927944087305E+001,-1.350481078075478E+002,
5.567937438905181E+009,-2.433199971085299E+001,-1.550920734265689E+002,
5.571847507331378E+009,-2.454032170985034E+001,-1.758598469811850E+002,
5.575757575757576E+009,-2.497642446904145E+001,1.660389866671535E+002,
5.579667644183773E+009,-2.505597957601144E+001,1.489179706322751E+002,
5.583577712609971E+009,-2.501242741270736E+001,1.306558132336978E+002,
5.587487781036168E+009,-2.489125478774343E+001,1.113548110993436E+002,
5.591397849462366E+009,-2.502055449297000E+001,9.189878404352704E+001,
5.595307917888563E+009,-2.507822657526597E+001,7.400837789464261E+001,
5.599217986314760E+009,-2.504396092657389E+001,5.547924078154782E+001,
5.603128054740958E+009,-2.485544050342171E+001,3.740595570738987E+001,
5.607038123167155E+009,-2.462593173199211E+001,1.680794562907371E+001,
5.610948191593353E+009,-2.467801438828379E+001,-4.263843796740794E+000,
5.614858260019550E+009,-2.496798362003263E+001,-2.450914509165210E+001,
5.618768328445747E+009,-2.520015022405877E+001,-4.295371834431428E+001,
5.622678396871945E+009,-2.534391386333349E+001,-6.071998447667364E+001,
5.626588465298142E+009,-2.539191726283286E+001,-7.930543998624533E+001,
5.630498533724340E+009,-2.550329153274152E+001,-9.790714540829650E+001,
5.634408602150538E+009,-2.560806825744268E+001,-1.165002314662478E+002,
5.638318670576735E+009,-2.571743827049986E+001,-1.350919358565054E+002,
5.642228739002933E+009,-2.562623847657240E+001,-1.520265773366882E+002,
5.646138807429131E+009,-2.543773977902933E+001,-1.708206758732440E+002,
5.650048875855328E+009,-2.554618504173311E+001,1.686591171160460E+002,
5.653958944281525E+009,-2.594209494709039E+001,1.504756912915892E+002,
5.657869012707723E+009,-2.619139104352140E+001,1.327859696347032E+002,
5.661779081133920E+009,-2.630699047945752E+001,1.180697590693752E+002,
5.665689149560118E+009,-2.589049426294562E+001,1.018001338020341E+002,
5.669599217986315E+009,-2.561786825272694E+001,8.400379332931675E+001,
5.673509286412512E+009,-2.520376230205343E+001,6.422017469614472E+001,
5.677419354838710E+009,-2.511081690517358E+001,4.451988381434276E+001,
5.681329423264907E+009,-2.483150726170488E+001,2.379072185747426E+001,
5.685239491691105E+009,-2.520978101669246E+001,2.677322063177281E+000,
5.689149560117302E+009,-2.562869844593131E+001,-1.487762089286993E+001,
5.693059628543499E+009,-2.557760350107099E+001,-3.122935605358190E+001,
5.696969696969697E+009,-2.549901904753310E+001,-4.869395760867248E+001,
5.700879765395895E+009,-2.561295757044058E+001,-6.650199068869456E+001,
5.704789833822092E+009,-2.553070045904843E+001,-8.366438935083421E+001,
5.708699902248289E+009,-2.517296474715927E+001,-9.979510942639915E+001,
5.712609970674487E+009,-2.469510342511654E+001,-1.189219242324408E+002,
5.716520039100684E+009,-2.456748406150728E+001,-1.388458890539427E+002,
5.720430107526882E+009,-2.431347725958585E+001,-1.585469125956945E+002,
5.724340175953079E+009,-2.412781511783399E+001,-1.782389377887477E+002,
5.728250244379276E+009,-2.405032698657938E+001,1.612788771791028E+002,
5.732160312805474E+009,-2.406505336568117E+001,1.409349819559907E+002,
5.736070381231671E+009,-2.424300584094702E+001,1.207070694893224E+002,
5.739980449657869E+009,-2.449505497200622E+001,1.016121742272079E+002,
5.743890518084066E+009,-2.475180013194741E+001,8.383543824424373E+001,
5.747800586510263E+009,-2.477300775120574E+001,6.690923896036759E+001,
5.751710654936461E+009,-2.463549611841339E+001,4.953124552449043E+001,
5.755620723362660E+009,-2.444863674053124E+001,3.186394186808264E+001,
5.759530791788857E+009,-2.415419374565909E+001,1.196391626602877E+001,
5.763440860215054E+009,-2.400589335064604E+001,-8.421476687768433E+000,
5.767350928641252E+009,-2.417131171297104E+001,-2.778785878703122E+001,
5.771260997067449E+009,-2.394714207136275E+001,-4.687679172679415E+001,
5.775171065493647E+009,-2.410674689816922E+001,-6.583147959817525E+001,
5.779081133919844E+009,-2.420837532985134E+001,-8.663045394918444E+001,
5.782991202346041E+009,-2.432014737539528E+001,-1.069362655853339E+002,
5.786901270772239E+009,-2.483992245160340E+001,-1.254426902909709E+002,
5.790811339198436E+009,-2.513307102348712E+001,-1.405608928432429E+002,
5.794721407624634E+009,-2.475933347727366E+001,-1.572589275010418E+002,
5.798631476050831E+009,-2.449120482046886E+001,-1.766344482464302E+002,
5.802541544477028E+009,-2.454099659391222E+001,1.633771759797064E+002,
5.806451612903226E+009,-2.458778974276476E+001,1.446036543691880E+002,
5.810361681329423E+009,-2.459927452912292E+001,1.251054194561291E+002,
5.814271749755621E+009,-2.483127508511501E+001,1.051254606229252E+002,
5.818181818181818E+009,-2.498827196200655E+001,8.671646219794737E+001,
5.822091886608016E+009,-2.515295164394263E+001,6.717636376466201E+001,
5.826001955034213E+009,-2.550534497251032E+001,4.904059944418766E+001,
5.829912023460411E+009,-2.590868646668395E+001,3.204975388210050E+001,
5.833822091886608E+009,-2.604900808875420E+001,1.738085672973559E+001,
5.837732160312805E+009,-2.565834332384875E+001,4.450793738504709E-001,
5.841642228739003E+009,-2.560022769782711E+001,-1.740565392588186E+001,
5.845552297165200E+009,-2.540963676397471E+001,-3.501521604394744E+001,
5.849462365591398E+009,-2.501525124667593E+001,-5.388906938622013E+001,
5.853372434017595E+009,-2.501534141183873E+001,-7.382334029569010E+001,
5.857282502443792E+009,-2.491744795952294E+001,-9.389660971909611E+001,
5.861192570869990E+009,-2.508182717800185E+001,-1.144718632858460E+002,
5.865102639296187E+009,-2.530295471132263E+001,-1.332418411546894E+002,
5.869012707722385E+009,-2.583382321797049E+001,-1.523096704614372E+002,
5.872922776148583E+009,-2.594457193257771E+001,-1.676866279402051E+002,
5.876832844574780E+009,-2.581807575622402E+001,1.759901352280247E+002,
5.880742913000978E+009,-2.558174688566620E+001,1.576952838648276E+002,
5.884652981427176E+009,-2.541364425770739E+001,1.396614108737936E+002,
5.888563049853373E+009,-2.541651125069706E+001,1.193937038363811E+002,
5.892473118279570E+009,-2.568478238797924E+001,1.011725550970679E+002,
5.896383186705768E+009,-2.574330821931749E+001,8.443041138381688E+001,
5.900293255131965E+009,-2.559351110537268E+001,6.603301219619682E+001,
5.904203323558163E+009,-2.551239224908075E+001,4.830475596638835E+001,
5.908113391984360E+009,-2.528365847602280E+001,2.994751738019849E+001,
5.912023460410557E+009,-2.512625466872732E+001,1.030137148893405E+001,
5.915933528836755E+009,-2.513907826695177E+001,-9.458063513294173E+000,
5.919843597262952E+009,-2.522503563142028E+001,-2.858241178049364E+001,
5.923753665689150E+009,-2.521826432822182E+001,-4.834073431584492E+001,
5.927663734115347E+009,-2.546827865263468E+001,-6.786717434353621E+001,
5.931573802541544E+009,-2.581607132346108E+001,-8.449598936306498E+001,
5.935483870967742E+009,-2.562531660383624E+001,-1.011503241714149E+002,
5.939393939393940E+009,-2.541882252662237E+001,-1.202430918867412E+002,
5.943304007820137E+009,-2.553910513569122E+001,-1.392794450613204E+002,
5.947214076246334E+009,-2.555996698256233E+001,-1.571588916759757E+002,
5.951124144672532E+009,-2.536525927552376E+001,-1.750318989105674E+002,
5.955034213098729E+009,-2.527956313405751E+001,1.641501352068078E+002,
5.958944281524927E+009,-2.546190382779147E+001,1.446013661622735E+002,
5.962854349951124E+009,-2.580612220507938E+001,1.253063717708613E+002,
5.966764418377321E+009,-2.613271986770140E+001,1.082511123677186E+002,
5.970674486803519E+009,-2.605387219092622E+001,9.314598989397450E+001,
5.974584555229716E+009,-2.585081452458908E+001,7.480472360845779E+001,
5.978494623655914E+009,-2.569118861393551E+001,5.577820323000670E+001,
5.982404692082111E+009,-2.560343501445469E+001,3.727786882401919E+001,
5.986314760508308E+009,-2.548946308386898E+001,1.661430125637785E+001,
5.990224828934506E+009,-2.575414990052196E+001,-2.819302043854822E+000,
5.994134897360704E+009,-2.583568190606597E+001,-2.205175690150145E+001,
5.998044965786902E+009,-2.627548821273626E+001,-4.097084361018733E+001,
6.001955034213099E+009,-2.678808834377901E+001,-5.693911749456338E+001,
6.005865102639297E+009,-2.657852085284994E+001,-7.158312739820548E+001,
6.009775171065494E+009,-2.626606879744956E+001,-8.822286342884389E+001,
6.013685239491692E+009,-2.618370665052376E+001,-1.061121381991382E+002,
6.017595307917889E+009,-2.585490319536081E+001,-1.237505496816084E+002,
6.021505376344086E+009,-2.566127910373579E+001,-1.419362310277242E+002,
6.025415444770284E+009,-2.540939380600923E+001,-1.609376601553030E+002,
6.029325513196481E+009,-2.513164241982004E+001,-1.798698446992449E+002,
6.033235581622679E+009,-2.508866572429282E+001,1.602636170838571E+002,
6.037145650048876E+009,-2.514402548376711E+001,1.411585286868011E+002,
6.041055718475073E+009,-2.520572274561441E+001,1.240321939722681E+002,
6.044965786901271E+009,-2.492683845201137E+001,1.059919011562791E+002,
6.048875855327468E+009,-2.484603148815573E+001,8.859267582750930E+001,
6.052785923753666E+009,-2.429002142371252E+001,7.080016464689008E+001,
6.056695992179863E+009,-2.375864739866173E+001,5.103612634128252E+001,
6.060606060606061E+009,-2.326542834719235E+001,3.020496153648424E+001,
6.064516129032258E+009,-2.294354913379600E+001,8.113231404643344E+000,
6.068426197458456E+009,-2.285534149561737E+001,-1.499942749225111E+001,
6.072336265884653E+009,-2.295619906393281E+001,-3.650249440158017E+001,
6.076246334310850E+009,-2.308234921979467E+001,-5.816635267341122E+001,
6.080156402737048E+009,-2.333701596320409E+001,-7.940985901505113E+001,
6.084066471163245E+009,-2.353249040808921E+001,-9.896927883016151E+001,
6.087976539589443E+009,-2.366704555721510E+001,-1.183851139270799E+002,
6.091886608015640E+009,-2.385059319104657E+001,-1.375073151024679E+002,
6.095796676441837E+009,-2.382684025440354E+001,-1.565497895812157E+002,
6.099706744868035E+009,-2.372998098420534E+001,-1.753180652049869E+002,
6.103616813294232E+009,-2.345454280142267E+001,1.638083690374044E+002,
6.107526881720430E+009,-2.344906528556057E+001,1.423071662581784E+002,
6.111436950146627E+009,-2.350471260650402E+001,1.200771797570872E+002,
6.115347018572825E+009,-2.361966357342310E+001,9.772708110641614E+001,
6.119257086999023E+009,-2.411958538950455E+001,7.527027809700113E+001,
6.123167155425221E+009,-2.470821824565912E+001,5.384128627311961E+001,
6.127077223851418E+009,-2.554767728100186E+001,3.543779909590055E+001,
6.130987292277615E+009,-2.601115457957824E+001,1.909208764021485E+001,
6.134897360703813E+009,-2.616995990044993E+001,1.904563316365627E+000,
6.138807429130010E+009,-2.620454387890153E+001,-1.596014488570634E+001,
6.142717497556208E+009,-2.624826373916473E+001,-3.472215952047639E+001,
6.146627565982405E+009,-2.636167546438585E+001,-5.337175228056533E+001,
6.150537634408602E+009,-2.628175216336646E+001,-7.135259077740196E+001,
6.154447702834800E+009,-2.617337441053942E+001,-9.206272983973523E+001,
6.158357771260998E+009,-2.627514686272489E+001,-1.116539607621337E+002,
6.162267839687195E+009,-2.640154578674594E+001,-1.322663813203101E+002,
6.166177908113392E+009,-2.659922360836363E+001,-1.536288386873781E+002,
6.170087976539589E+009,-2.694027327419713E+001,-1.736909620156383E+002,
6.173998044965787E+009,-2.759414572340079E+001,1.658633450156734E+002,
6.177908113391985E+009,-2.826826990773110E+001,1.483836316219176E+002,
6.181818181818182E+009,-2.872515626847167E+001,1.325919798418724E+002,
6.185728250244379E+009,-2.905166421303282E+001,1.161060206156983E+002,
6.189638318670576E+009,-2.898102708179853E+001,1.005150583585337E+002,
6.193548387096774E+009,-2.883605923451893E+001,8.471904686562270E+001,
6.197458455522972E+009,-2.843313716721011E+001,6.585102600396169E+001,
6.201368523949169E+009,-2.834469884540436E+001,4.518895608258985E+001,
6.205278592375366E+009,-2.836849835511046E+001,2.612400604413876E+001,
6.209188660801564E+009,-2.855200351478433E+001,7.186208421033888E+000,
6.213098729227762E+009,-2.868373811216845E+001,-1.320316069374678E+001,
6.217008797653959E+009,-2.915140436712772E+001,-3.324843892685323E+001,
6.220918866080156E+009,-2.964293522458020E+001,-4.928798602824787E+001,
6.224828934506353E+009,-2.966298252574300E+001,-6.641813344402439E+001,
6.228739002932551E+009,-2.987860468088340E+001,-8.327070629723524E+001,
6.232649071358749E+009,-2.994224856831566E+001,-1.002435427088025E+002,
6.236559139784946E+009,-2.994230294578247E+001,-1.181140634046769E+002,
6.240469208211144E+009,-2.992025699069039E+001,-1.341871060020051E+002,
6.244379276637341E+009,-2.974686568415247E+001,-1.515912429564523E+002,
6.248289345063539E+009,-2.963941466982139E+001,-1.698963127964011E+002,
6.252199413489737E+009,-2.963828931853186E+001,1.742264617876315E+002,
6.256109481915934E+009,-2.912716268101244E+001,1.574599273351074E+002,
6.260019550342131E+009,-2.897132258275864E+001,1.386113080724737E+002,
6.263929618768329E+009,-2.862404687108875E+001,1.196572214344280E+002,
6.267839687194526E+009,-2.849689774252318E+001,9.928943819567158E+001,
6.271749755620724E+009,-2.845943944241940E+001,8.028842728851548E+001,
6.275659824046921E+009,-2.832755822109417E+001,6.229640745113606E+001,
6.279569892473118E+009,-2.816822666906412E+001,4.441715491609946E+001,
6.283479960899316E+009,-2.783394460220865E+001,2.470125491383679E+001,
6.287390029325514E+009,-2.752248154533126E+001,4.761998911551011E+000,
6.291300097751711E+009,-2.741126021546175E+001,-1.620540096482393E+001,
6.295210166177908E+009,-2.729986335318801E+001,-3.701493635118684E+001,
6.299120234604105E+009,-2.732505228491191E+001,-5.706376923766770E+001,
6.303030303030303E+009,-2.737693659661879E+001,-7.747723856188833E+001,
6.306940371456501E+009,-2.743647919277427E+001,-9.817619762882329E+001,
6.310850439882698E+009,-2.759323526253349E+001,-1.174176203955037E+002,
6.314760508308895E+009,-2.778338157609298E+001,-1.365855961093199E+002,
6.318670576735093E+009,-2.791956946287465E+001,-1.559043627340109E+002,
6.322580645161290E+009,-2.796479633838764E+001,-1.740495732618244E+002,
6.326490713587488E+009,-2.798963701496429E+001,1.663403991441009E+002,
6.330400782013685E+009,-2.810790306114937E+001,1.455946938503640E+002,
6.334310850439882E+009,-2.851438048158695E+001,1.266310485431416E+002,
6.338220918866080E+009,-2.869206577701150E+001,1.091503709670875E+002,
6.342130987292278E+009,-2.885675227005596E+001,9.117912748057907E+001,
6.346041055718475E+009,-2.886481397003116E+001,7.369750765394392E+001,
6.349951124144672E+009,-2.886324232396937E+001,5.644021901717893E+001,
6.353861192570869E+009,-2.868613872453599E+001,3.775548434790333E+001,
6.357771260997068E+009,-2.834784842305077E+001,1.847170063159758E+001,
6.361681329423266E+009,-2.820745875655875E+001,-2.020954182147201E+000,
6.365591397849463E+009,-2.829859333434171E+001,-2.273849380847594E+001,
6.369501466275660E+009,-2.863823580514525E+001,-4.388466040990353E+001,
6.373411534701857E+009,-2.922201959932905E+001,-6.339761775660225E+001,
6.377321603128055E+009,-2.949899586233839E+001,-7.842389821555088E+001,
6.381231671554253E+009,-2.946038816320683E+001,-9.640981486963545E+001,
6.385141739980450E+009,-2.941401131851698E+001,-1.124716304226111E+002,
6.389051808406647E+009,-2.923484378042547E+001,-1.317667328130372E+002,
6.392961876832845E+009,-2.934870957611172E+001,-1.486601743693660E+002,
6.396871945259043E+009,-2.893274623446760E+001,-1.669912226901053E+002,
6.400782013685240E+009,-2.863579580986811E+001,1.716298830765632E+002,
6.404692082111437E+009,-2.869872796165652E+001,1.504583225990061E+002,
6.408602150537634E+009,-2.917801270732567E+001,1.302500996450517E+002,
6.412512218963832E+009,-2.959485778170578E+001,1.122043828976451E+002,
6.416422287390030E+009,-2.951052145742846E+001,9.633420243837185E+001,
6.420332355816227E+009,-2.923191216909395E+001,7.811165931699372E+001,
6.424242424242424E+009,-2.919810884768220E+001,5.818218133739055E+001,
6.428152492668621E+009,-2.905758187417789E+001,3.922876341470133E+001,
6.432062561094819E+009,-2.907413019603492E+001,1.818792171370459E+001,
6.435972629521017E+009,-2.929430697921794E+001,-1.409867485287772E+000,
6.439882697947214E+009,-2.954235054190900E+001,-2.069487890058232E+001,
6.443792766373411E+009,-2.973565894854811E+001,-3.782752150744390E+001,
6.447702834799609E+009,-2.986504736572395E+001,-5.702239074854409E+001,
6.451612903225807E+009,-3.007284307186001E+001,-7.454780937778099E+001,
6.455522971652004E+009,-2.971723994416657E+001,-9.147328732495650E+001,
6.459433040078201E+009,-2.958147421929547E+001,-1.097693161310776E+002,
6.463343108504398E+009,-2.950910788587380E+001,-1.295337268603794E+002,
6.467253176930596E+009,-2.952339561490037E+001,-1.501333473736691E+002,
6.471163245356794E+009,-2.981415112571987E+001,-1.698022864206767E+002,
6.475073313782991E+009,-2.983837396696813E+001,1.708495522460992E+002,
6.478983382209189E+009,-2.970302748194467E+001,1.517428055239890E+002,
6.482893450635386E+009,-2.967961527913303E+001,1.296159138282442E+002,
6.486803519061584E+009,-3.041133699422689E+001,1.067831486947854E+002,
6.490713587487782E+009,-3.144399729790928E+001,8.989971184470853E+001,
6.494623655913979E+009,-3.179991339245965E+001,7.642565813668099E+001,
6.498533724340176E+009,-3.150205123321375E+001,6.132032330460105E+001,
6.502443792766374E+009,-3.156523939437041E+001,4.082274301783183E+001,
6.506353861192571E+009,-3.207385710062221E+001,2.613984630317409E+001,
6.510263929618769E+009,-3.206016872088722E+001,8.943124804287573E+000,
6.514173998044966E+009,-3.227016438272693E+001,-6.998805631715160E+000,
6.518084066471163E+009,-3.183551551707040E+001,-2.317755104032608E+001,
6.521994134897361E+009,-3.144371553762914E+001,-4.306891606483914E+001,
6.525904203323559E+009,-3.164075664739771E+001,-6.216316109252817E+001,
6.529814271749756E+009,-3.198673271931490E+001,-8.078075730579229E+001,
6.533724340175953E+009,-3.213984636578361E+001,-9.598774484115894E+001,
6.537634408602150E+009,-3.204474113878374E+001,-1.115662115764287E+002,
6.541544477028348E+009,-3.175655566372377E+001,-1.297372624394079E+002,
6.545454545454546E+009,-3.193136481191908E+001,-1.466756056637377E+002,
6.549364613880743E+009,-3.206620800399496E+001,-1.636456607904482E+002,
6.553274682306940E+009,-3.175512813976985E+001,-1.785239379963154E+002,
6.557184750733138E+009,-3.149004655517811E+001,1.642490580322728E+002,
6.561094819159335E+009,-3.095273784289346E+001,1.478249336917388E+002,
6.565004887585533E+009,-3.069976350560256E+001,1.277916087576037E+002,
6.568914956011730E+009,-3.062568294228217E+001,1.103359147424274E+002,
6.572825024437927E+009,-3.051803946571927E+001,9.230269505139678E+001,
6.576735092864125E+009,-3.025026493217006E+001,7.785823568552134E+001,
6.580645161290323E+009,-2.938703113685527E+001,6.002936652590952E+001,
6.584555229716520E+009,-2.881667834725657E+001,3.953590393702840E+001,
6.588465298142717E+009,-2.833755534513438E+001,1.957246959037892E+001,
6.592375366568914E+009,-2.793569774877739E+001,-1.420272800473928E+000,
6.596285434995112E+009,-2.769671181713560E+001,-2.336622443820255E+001,
6.600195503421310E+009,-2.770896383020471E+001,-4.527581562934645E+001,
6.604105571847508E+009,-2.781411914314010E+001,-6.448105516206053E+001,
6.608015640273705E+009,-2.744984333798537E+001,-8.569717144786650E+001,
6.611925708699902E+009,-2.783365905684386E+001,-1.082589161875572E+002,
6.615835777126100E+009,-2.827447830987064E+001,-1.272327514139144E+002,
6.619745845552298E+009,-2.862413406304252E+001,-1.440141143321268E+002,
6.623655913978495E+009,-2.829756289480319E+001,-1.609683920127239E+002,
6.627565982404692E+009,-2.808491459233682E+001,1.797238482293728E+002,
6.631476050830890E+009,-2.797350236411136E+001,1.596113452910601E+002,
6.635386119257088E+009,-2.806377168308316E+001,1.405228461385773E+002,
6.639296187683285E+009,-2.784676778183483E+001,1.218052144314147E+002,
6.643206256109482E+009,-2.783706480514685E+001,1.002234659648926E+002,
6.647116324535679E+009,-2.792884919389525E+001,8.019032188396918E+001,
6.651026392961877E+009,-2.812369538821282E+001,5.936581602043512E+001,
6.654936461388075E+009,-2.839252623880874E+001,3.996712027787585E+001,
6.658846529814272E+009,-2.879721594586965E+001,2.071624323126548E+001,
6.662756598240469E+009,-2.913956450175871E+001,3.586217817015188E+000,
6.666666666666666E+009,-2.929909419271934E+001,-1.221364966619185E+001,
6.670576735092864E+009,-2.915243979950269E+001,-2.746776004712386E+001,
6.674486803519062E+009,-2.888799597623317E+001,-4.455035578703368E+001,
6.678396871945259E+009,-2.843324052203013E+001,-6.382583654146377E+001,
6.682306940371456E+009,-2.821669640449060E+001,-8.432058888014443E+001,
6.686217008797654E+009,-2.810941316026592E+001,-1.055417974400614E+002,
6.690127077223852E+009,-2.851199299635761E+001,-1.262854806839084E+002,
6.694037145650049E+009,-2.883598695961415E+001,-1.434508182831351E+002,
6.697947214076246E+009,-2.869722375707406E+001,-1.604631777389227E+002,
6.701857282502443E+009,-2.868271475757949E+001,-1.781262094933450E+002,
6.705767350928641E+009,-2.822745895351592E+001,1.640144983281031E+002,
6.709677419354839E+009,-2.798110748518557E+001,1.428659273553481E+002,
6.713587487781036E+009,-2.810566988995521E+001,1.245088962121839E+002,
6.717497556207233E+009,-2.783629722423418E+001,1.046557084671197E+002,
6.721407624633431E+009,-2.790639336746649E+001,8.263075177393947E+001,
6.725317693059629E+009,-2.823650171951680E+001,6.167355293498530E+001,
6.729227761485827E+009,-2.874622717386126E+001,4.388558822600393E+001,
6.733137829912024E+009,-2.880506798044570E+001,2.872720447776111E+001,
6.737047898338221E+009,-2.857958190419632E+001,1.005964253813397E+001,
6.740957966764419E+009,-2.860279695619561E+001,-9.230385315235502E+000,
6.744868035190616E+009,-2.865263417142449E+001,-2.793398749445950E+001,
6.748778103616814E+009,-2.869848208908500E+001,-4.611420331572964E+001,
6.752688172043011E+009,-2.870163397497414E+001,-6.261090186003573E+001,
6.756598240469208E+009,-2.814004989451217E+001,-7.976530360380011E+001,
6.760508308895406E+009,-2.770898598983907E+001,-1.008989339681586E+002,
6.764418377321604E+009,-2.743266909940854E+001,-1.235479225714508E+002,
6.768328445747801E+009,-2.784353197642515E+001,-1.466045638500904E+002,
6.772238514173998E+009,-2.832285582583788E+001,-1.667404967711069E+002,
6.776148582600195E+009,-2.884019008357944E+001,1.763822187083613E+002,
6.780058651026393E+009,-2.879903356443006E+001,1.581079004234049E+002,
6.783968719452591E+009,-2.918979275519932E+001,1.388944184434744E+002,
6.787878787878788E+009,-2.953017409455845E+001,1.206888448656783E+002,
6.791788856304985E+009,-3.007255287705443E+001,1.037376196446235E+002,
6.795698924731183E+009,-3.033225834332918E+001,9.097490103246172E+001,
6.799608993157380E+009,-2.989427076664437E+001,7.692391523901213E+001,
6.803519061583578E+009,-2.906026199968846E+001,5.945252138506154E+001,
6.807429130009775E+009,-2.865016025941949E+001,3.749816067321872E+001,
6.811339198435972E+009,-2.880960447765657E+001,1.695399871316932E+001,
6.815249266862170E+009,-2.903319340758223E+001,-2.600764087280582E+000,
6.819159335288368E+009,-2.931862272066042E+001,-2.194007317882975E+001,
6.823069403714565E+009,-2.969220142905384E+001,-3.944747482103568E+001,
6.826979472140762E+009,-2.996186418516633E+001,-5.464183768464815E+001,
6.830889540566959E+009,-2.974769669995105E+001,-7.044129865469014E+001,
6.834799608993157E+009,-2.961305165969979E+001,-8.725717441990270E+001,
6.838709677419355E+009,-2.945048188769756E+001,-1.034744491682268E+002,
6.842619745845552E+009,-2.891839589932158E+001,-1.198114517902527E+002,
6.846529814271750E+009,-2.844384690136347E+001,-1.400379439627871E+002,
6.850439882697948E+009,-2.832921937354285E+001,-1.596866636215349E+002,
6.854349951124145E+009,-2.830974981740904E+001,-1.795793104487036E+002,
6.858260019550343E+009,-2.837576912978644E+001,1.622560668323029E+002,
6.862170087976540E+009,-2.839884902802464E+001,1.427741243681978E+002,
6.866080156402737E+009,-2.851976311927221E+001,1.239371083727362E+002,
6.869990224828935E+009,-2.871813953939555E+001,1.089980839121828E+002,
6.873900293255133E+009,-2.833770576000508E+001,9.283457075212445E+001,
6.877810361681330E+009,-2.795313438086101E+001,7.543905100938173E+001,
6.881720430107527E+009,-2.782256218009238E+001,5.829157353274027E+001,
6.885630498533724E+009,-2.717329925851643E+001,4.099757929261891E+001,
6.889540566959922E+009,-2.649393497949830E+001,2.024443937187186E+001,
6.893450635386120E+009,-2.607384144105831E+001,1.796412204411119E-001,
6.897360703812317E+009,-2.595125618764849E+001,-2.227575055258170E+001,
6.901270772238514E+009,-2.585839658685085E+001,-4.316213596728923E+001,
6.905180840664711E+009,-2.590209962650757E+001,-6.416938827766984E+001,
6.909090909090909E+009,-2.611142950855209E+001,-8.454364031333611E+001,
6.913000977517107E+009,-2.625731168997635E+001,-1.043035229954643E+002,
6.916911045943304E+009,-2.659394709333732E+001,-1.226057467410227E+002,
6.920821114369501E+009,-2.678632571532194E+001,-1.398380397768270E+002,
6.924731182795699E+009,-2.651431872441863E+001,-1.556172134952264E+002,
6.928641251221897E+009,-2.601916279358356E+001,-1.728785126221511E+002,
6.932551319648094E+009,-2.536436086315202E+001,1.662611608079377E+002,
6.936461388074291E+009,-2.523754017343602E+001,1.440958738879400E+002,
6.940371456500488E+009,-2.533933872147881E+001,1.223735711567965E+002,
6.944281524926686E+009,-2.550445339820757E+001,1.017343695757584E+002,
6.948191593352884E+009,-2.569542902418395E+001,8.150429269333520E+001,
6.952101661779081E+009,-2.591954304657911E+001,6.214956079194427E+001,
6.956011730205278E+009,-2.607125990116552E+001,4.305698433114905E+001,
6.959921798631475E+009,-2.626277490725981E+001,2.425835989156525E+001,
6.963831867057674E+009,-2.643613276829777E+001,5.650798303536962E+000,
6.967741935483872E+009,-2.638469299793371E+001,-1.162030884485230E+001,
6.971652003910069E+009,-2.619084303012198E+001,-3.009886237889891E+001,
6.975562072336266E+009,-2.607912941787179E+001,-5.031781195040109E+001,
6.979472140762464E+009,-2.619790527188873E+001,-6.998534146137469E+001,
6.983382209188661E+009,-2.617433039714795E+001,-8.891990690884502E+001,
6.987292277614859E+009,-2.627443961331094E+001,-1.076147014867012E+002,
6.991202346041056E+009,-2.635455971515404E+001,-1.268121785955401E+002,
6.995112414467253E+009,-2.629255684231074E+001,-1.467263952367715E+002,
6.999022482893451E+009,-2.651030654588391E+001,-1.660089301834560E+002,
7.002932551319649E+009,-2.668011502959196E+001,1.760324454279963E+002,
7.006842619745846E+009,-2.672689259074463E+001,1.592318520510385E+002,
7.010752688172043E+009,-2.641848078060387E+001,1.400248474349758E+002,
7.014662756598240E+009,-2.630910657256739E+001,1.200778390444285E+002,
7.018572825024438E+009,-2.628821165529104E+001,9.923964053642517E+001,
7.022482893450636E+009,-2.655958069069229E+001,7.846942353856854E+001,
7.026392961876833E+009,-2.669275339195449E+001,5.985408294708641E+001,
7.030303030303030E+009,-2.693684279884939E+001,4.033488086499067E+001,
7.034213098729228E+009,-2.707304257033354E+001,2.187022128160499E+001,
7.038123167155425E+009,-2.717288641194233E+001,3.307881093564910E+000,
7.042033235581623E+009,-2.725096971353807E+001,-1.626353205491247E+001,
7.045943304007820E+009,-2.760346335883254E+001,-3.520656079438222E+001,
7.049853372434017E+009,-2.783724743237633E+001,-5.245364363495777E+001,
7.053763440860215E+009,-2.781959156261057E+001,-6.881200115809227E+001,
7.057673509286413E+009,-2.752609567388436E+001,-8.732708071017696E+001,
7.061583577712610E+009,-2.724643139003377E+001,-1.072359169553600E+002,
7.065493646138807E+009,-2.719361929804842E+001,-1.282872535127441E+002,
7.069403714565004E+009,-2.768741315185569E+001,-1.491107410832665E+002,
7.073313782991202E+009,-2.786163060806663E+001,-1.688586515481972E+002,
7.077223851417400E+009,-2.839384347100411E+001,1.727751020737507E+002,
7.081133919843597E+009,-2.855626389841043E+001,1.552081006176689E+002,
7.085043988269795E+009,-2.862665058210013E+001,1.378164145800000E+002,
7.088954056695993E+009,-2.889453264094588E+001,1.189890495904281E+002,
7.092864125122190E+009,-2.905688763526342E+001,1.025160466845509E+002,
7.096774193548388E+009,-2.925900050737863E+001,8.457315070183998E+001,
7.100684261974585E+009,-2.933156397829352E+001,7.090774517267262E+001,
7.104594330400782E+009,-2.872433007733903E+001,5.374041495036110E+001,
7.108504398826980E+009,-2.845738447640699E+001,3.268217275722667E+001,
7.112414467253178E+009,-2.845959514563968E+001,1.215084603341632E+001,
7.116324535679375E+009,-2.855892108520831E+001,-8.077904258351600E+000,
7.120234604105572E+009,-2.868409527420574E+001,-2.848460224991052E+001,
7.124144672531769E+009,-2.916668141572031E+001,-4.531941828491448E+001,
7.128054740957967E+009,-2.930441264989348E+001,-6.404208207316881E+001,
7.131964809384165E+009,-2.940176915887821E+001,-8.142142773268019E+001,
7.135874877810362E+009,-2.956304437830712E+001,-9.924249598832761E+001,
7.139784946236559E+009,-2.986970679912194E+001,-1.148464154565803E+002,
7.143695014662756E+009,-2.962716583115251E+001,-1.290899423333924E+002,
7.147605083088954E+009,-2.893962109793546E+001,-1.465892204609020E+002,
7.151515151515152E+009,-2.856485736329766E+001,-1.664116628868048E+002,
7.155425219941349E+009,-2.818400681122124E+001,1.721298156268510E+002,
7.159335288367546E+009,-2.833288859173852E+001,1.509179524545731E+002,
7.163245356793744E+009,-2.854405372172402E+001,1.310312319419219E+002,
7.167155425219942E+009,-2.856438638821837E+001,1.115893618549531E+002,
7.171065493646139E+009,-2.898020099702019E+001,9.171483059926797E+001,
7.174975562072336E+009,-2.941583928815273E+001,7.559737003526489E+001,
7.178885630498533E+009,-2.933132537167504E+001,6.006635084806470E+001,
7.182795698924731E+009,-2.899140137655687E+001,4.343824190025336E+001,
7.186705767350929E+009,-2.833901122934610E+001,2.460078253259137E+001,
7.190615835777126E+009,-2.777165850145458E+001,3.738954628637188E+000,
7.194525904203323E+009,-2.752929151592643E+001,-1.807980001148808E+001,
7.198435972629520E+009,-2.755515263462931E+001,-4.073537756967184E+001,
7.202346041055718E+009,-2.778271471692899E+001,-6.284413860010464E+001,
7.206256109481916E+009,-2.815954376403319E+001,-8.437855533742633E+001,
7.210166177908114E+009,-2.863668601418776E+001,-1.042602671408742E+002,
7.214076246334311E+009,-2.914812388450452E+001,-1.245910773383349E+002,
7.217986314760509E+009,-2.991491318239765E+001,-1.411322510103951E+002,
7.221896383186706E+009,-3.003573581751670E+001,-1.548935679843098E+002,
7.225806451612904E+009,-2.977271134468326E+001,-1.705372066341947E+002,
7.229716520039101E+009,-2.924443236666708E+001,1.712773229674197E+002,
7.233626588465298E+009,-2.885878086188964E+001,1.510452129698959E+002,
7.237536656891496E+009,-2.864153117985191E+001,1.296570649455377E+002,
7.241446725317694E+009,-2.849677001162293E+001,1.074777998301166E+002,
7.245356793743891E+009,-2.878246299432042E+001,8.421092275911903E+001,
7.249266862170088E+009,-2.949581780248343E+001,6.199099190791653E+001,
7.253176930596285E+009,-3.024497025497009E+001,4.432538138667808E+001,
7.257086999022483E+009,-3.073341483858635E+001,2.708456900163105E+001,
7.260997067448681E+009,-3.104744518566399E+001,1.059809544353670E+001,
7.264907135874878E+009,-3.128688860739423E+001,-4.303176288346011E+000,
7.268817204301075E+009,-3.109786248654555E+001,-1.948293190632705E+001,
7.272727272727273E+009,-3.066817263937111E+001,-3.774940550757891E+001,
7.276637341153470E+009,-3.058991470666208E+001,-5.892045176020725E+001,
7.280547409579668E+009,-3.040620484038726E+001,-8.006587488517573E+001,
7.284457478005865E+009,-3.081656770812565E+001,-1.007471050335537E+002,
7.288367546432062E+009,-3.143179781988087E+001,-1.195432456966038E+002,
7.292277614858260E+009,-3.196427672230952E+001,-1.374529306393737E+002,
7.296187683284458E+009,-3.241425510445804E+001,-1.535365896161399E+002,
7.300097751710655E+009,-3.274631069507465E+001,-1.691661036738057E+002,
7.304007820136852E+009,-3.287519188335120E+001,1.787623760441758E+002,
7.307917888563049E+009,-3.251552110123597E+001,1.640463453970897E+002,
7.311827956989247E+009,-3.201859035139756E+001,1.487056552969186E+002,
7.315738025415445E+009,-3.139780836962426E+001,1.306212457750090E+002,
7.319648093841642E+009,-3.094810555583552E+001,1.110338726988337E+002,
7.323558162267839E+009,-3.053058782518679E+001,8.938740154404385E+001,
7.327468230694037E+009,-3.058460480837857E+001,6.807742384400844E+001,
7.331378299120235E+009,-3.091493281255022E+001,4.818079923321459E+001,
7.335288367546433E+009,-3.126375555405595E+001,3.062530667165984E+001,
7.339198435972630E+009,-3.141617441193366E+001,1.362743131065518E+001,
7.343108504398827E+009,-3.174895398511286E+001,-1.276737928093594E+000,
7.347018572825025E+009,-3.131293269078023E+001,-1.489657855073840E+001,
7.350928641251223E+009,-3.071634562628249E+001,-3.084341928963575E+001,
7.354838709677420E+009,-2.996053827905944E+001,-4.832753809605268E+001,
7.358748778103617E+009,-2.919355101632670E+001,-6.766294316328852E+001,
7.362658846529814E+009,-2.867628633122602E+001,-8.896739863767833E+001,
7.366568914956012E+009,-2.820982764377487E+001,-1.106896076051542E+002,
7.370478983382210E+009,-2.817503096414872E+001,-1.329387185816774E+002,
7.374389051808407E+009,-2.803734408359591E+001,-1.539331893151431E+002,
7.378299120234604E+009,-2.823315100479999E+001,-1.759782273763302E+002,
7.382209188660801E+009,-2.849282964629859E+001,1.655829448289354E+002,
7.386119257086999E+009,-2.849050929543621E+001,1.466029348755945E+002,
7.390029325513197E+009,-2.859772505469823E+001,1.287233433674111E+002,
7.393939393939394E+009,-2.840501506532703E+001,1.110566268994595E+002,
7.397849462365591E+009,-2.803908042629064E+001,9.205937838015704E+001,
7.401759530791789E+009,-2.750805662034014E+001,7.304664207980380E+001,
7.405669599217987E+009,-2.707465707350128E+001,5.091657885801148E+001,
7.409579667644184E+009,-2.709381801279483E+001,2.796169339857595E+001,
7.413489736070381E+009,-2.723073988086149E+001,7.632563200374758E+000,
7.417399804496578E+009,-2.721509114167718E+001,-1.314120759489055E+001,
7.421309872922776E+009,-2.731453776996647E+001,-3.518143906188490E+001,
7.425219941348974E+009,-2.766306336444235E+001,-5.556961215595043E+001,
7.429130009775171E+009,-2.807507981525887E+001,-7.525191560082490E+001,
7.433040078201368E+009,-2.833106567463204E+001,-9.288617786511034E+001,
7.436950146627565E+009,-2.847895698610229E+001,-1.111597061591620E+002,
7.440860215053763E+009,-2.830772855894206E+001,-1.279080279361635E+002,
7.444770283479961E+009,-2.793929091050533E+001,-1.482350414452210E+002,
7.448680351906158E+009,-2.787704695398383E+001,-1.692859368357151E+002,
7.452590420332356E+009,-2.793920756470694E+001,1.699581108837413E+002,
7.456500488758554E+009,-2.821877672964511E+001,1.466993920780354E+002,
7.460410557184751E+009,-2.889548571648085E+001,1.277840013866233E+002,
7.464320625610949E+009,-2.912459620179455E+001,1.091530521821327E+002,
7.468230694037146E+009,-2.948128630750336E+001,8.878257784759573E+001,
7.472140762463343E+009,-3.002396001249739E+001,7.184899165805942E+001,
7.476050830889541E+009,-3.044939286555899E+001,5.651259257932355E+001,
7.479960899315739E+009,-3.040466462204328E+001,4.156842861284484E+001,
7.483870967741936E+009,-3.008837319544001E+001,2.426778603932758E+001,
7.487781036168133E+009,-2.950863150451322E+001,6.115602678610353E+000,
7.491691104594330E+009,-2.927832971712499E+001,-1.526413357961991E+001,
7.495601173020528E+009,-2.930813271188742E+001,-3.711946805548927E+001,
7.499511241446726E+009,-2.960759834974404E+001,-5.625948465147849E+001,
7.503421309872923E+009,-2.994937897747620E+001,-7.556452415724810E+001,
7.507331378299120E+009,-3.005499494480490E+001,-9.366565524516221E+001,
7.511241446725318E+009,-3.018260789633698E+001,-1.133143133541375E+002,
7.515151515151515E+009,-3.064209050119035E+001,-1.343986165772076E+002,
7.519061583577713E+009,-3.122234769981062E+001,-1.513827806434702E+002,
7.522971652003910E+009,-3.154085334775003E+001,-1.666245251455979E+002,
7.526881720430107E+009,-3.159169694758622E+001,1.797155336435980E+002,
7.530791788856305E+009,-3.105177004427424E+001,1.647466252614801E+002,
7.534701857282503E+009,-3.038224478655520E+001,1.451849891717386E+002,
7.538611925708700E+009,-3.016643302138075E+001,1.223419167210948E+002,
7.542521994134897E+009,-3.046658349987499E+001,1.030376169282934E+002,
7.546432062561094E+009,-3.056468404143047E+001,8.311148068341582E+001,
7.550342130987292E+009,-3.071593372191121E+001,6.379035535713158E+001,
7.554252199413490E+009,-3.096859973934634E+001,4.517710859758991E+001,
7.558162267839687E+009,-3.125065339479726E+001,2.507090478178509E+001,
7.562072336265884E+009,-3.189889610687792E+001,6.789293178762785E+000,
7.565982404692082E+009,-3.225020919271731E+001,-7.623355565085432E+000,
7.569892473118280E+009,-3.224765025981188E+001,-2.275063851704029E+001,
7.573802541544478E+009,-3.207710551752005E+001,-3.928477768233176E+001,
7.577712609970675E+009,-3.188962260861496E+001,-5.445312948095865E+001,
7.581622678396872E+009,-3.100766490924480E+001,-7.276871623514640E+001,
7.585532746823070E+009,-3.112885416754171E+001,-9.430805745518276E+001,
7.589442815249268E+009,-3.170417403326248E+001,-1.156215386349686E+002,
7.593352883675465E+009,-3.210436877048488E+001,-1.315255455921087E+002,
7.597262952101662E+009,-3.227174467836063E+001,-1.467451659010462E+002,
7.601173020527859E+009,-3.215742883349257E+001,-1.603690259970446E+002,
7.605083088954057E+009,-3.166750437098190E+001,-1.749182119298112E+002,
7.608993157380255E+009,-3.101937714013010E+001,1.671908219494969E+002,
7.612903225806452E+009,-3.064529797687299E+001,1.485570164140663E+002,
7.616813294232649E+009,-3.010086103678393E+001,1.297299659078119E+002,
7.620723362658846E+009,-2.978156921458827E+001,1.079551130098887E+002,
7.624633431085044E+009,-2.973971776392316E+001,8.626237123450736E+001,
7.628543499511242E+009,-2.992948053802407E+001,6.582216322974341E+001,
7.632453567937439E+009,-3.015656904196586E+001,4.692875025056689E+001,
7.636363636363636E+009,-3.069359923553640E+001,2.944336152854538E+001,
7.640273704789834E+009,-3.077986307848892E+001,1.561367769935000E+001,
7.644183773216032E+009,-3.051577557956319E+001,3.033249280780436E-001,
7.648093841642229E+009,-3.012684193262233E+001,-1.491860987531915E+001,
7.652003910068426E+009,-2.932662349500949E+001,-3.161330940715192E+001,
7.655913978494623E+009,-2.855230887922838E+001,-5.247361373739467E+001,
7.659824046920821E+009,-2.816671271497484E+001,-7.257714987573917E+001,
7.663734115347019E+009,-2.781486957695617E+001,-9.350474461875527E+001,
7.667644183773216E+009,-2.765417221734793E+001,-1.173980915610533E+002,
7.671554252199413E+009,-2.792594465245966E+001,-1.390821321868212E+002,
7.675464320625610E+009,-2.827613353623561E+001,-1.586373807740646E+002,
7.679374389051808E+009,-2.854020132406404E+001,-1.769230157918575E+002,
7.683284457478006E+009,-2.852948461457400E+001,1.660116411682285E+002,
7.687194525904203E+009,-2.833985155636064E+001,1.474645588698621E+002,
7.691104594330401E+009,-2.841723981883130E+001,1.284883803290522E+002,
7.695014662756599E+009,-2.848993743891445E+001,1.108561511739079E+002,
7.698924731182797E+009,-2.799766732776713E+001,9.388746776267598E+001,
7.702834799608994E+009,-2.765802608723299E+001,7.309030761314699E+001,
7.706744868035191E+009,-2.745401305910210E+001,5.269728861452053E+001,
7.710654936461388E+009,-2.740555336044452E+001,3.066032181402346E+001,
7.714565004887586E+009,-2.750351030544745E+001,1.004054391680111E+001,
7.718475073313784E+009,-2.784060200554372E+001,-1.033873741858540E+001,
7.722385141739981E+009,-2.814148062191941E+001,-2.801276188619388E+001,
7.726295210166178E+009,-2.815321238266831E+001,-4.493983505792129E+001,
7.730205278592375E+009,-2.826513929132497E+001,-6.389410588398906E+001,
7.734115347018573E+009,-2.821102109966136E+001,-8.214443753351233E+001,
7.738025415444771E+009,-2.800223208285028E+001,-1.001180808057357E+002,
7.741935483870968E+009,-2.782477879663823E+001,-1.187995506762459E+002,
7.745845552297165E+009,-2.769088534841778E+001,-1.374049464414347E+002,
7.749755620723363E+009,-2.742408995155073E+001,-1.579733185651444E+002,
7.753665689149560E+009,-2.743316606594534E+001,-1.796975441238735E+002,
7.757575757575758E+009,-2.759258511584353E+001,1.585795460524685E+002,
7.761485826001955E+009,-2.824022044901706E+001,1.390754547858421E+002,
7.765395894428152E+009,-2.855907685690495E+001,1.213114984854169E+002,
7.769305962854350E+009,-2.892904070077091E+001,1.036215729910479E+002,
7.773216031280548E+009,-2.922328197311125E+001,8.924319561932245E+001,
7.777126099706745E+009,-2.895337537123022E+001,7.493414377495066E+001,
7.781036168132942E+009,-2.815454090792060E+001,5.734026680741242E+001,
7.784946236559139E+009,-2.768264357579947E+001,3.714879087231102E+001,
7.788856304985337E+009,-2.734205736268898E+001,1.532229495835352E+001,
7.792766373411535E+009,-2.737329641590039E+001,-6.694328840623894E+000,
7.796676441837732E+009,-2.758380151655548E+001,-2.833357802877395E+001,
7.800586510263929E+009,-2.785245202437876E+001,-4.979448493307845E+001,
7.804496578690127E+009,-2.833718327130654E+001,-7.105745143219421E+001,
7.808406647116324E+009,-2.936178685206780E+001,-8.896613837707722E+001,
7.812316715542522E+009,-2.973648582895727E+001,-1.009981843242188E+002,
7.816226783968720E+009,-2.938120232958251E+001,-1.155708969129581E+002,
7.820136852394917E+009,-2.921843416223152E+001,-1.332401245623217E+002,
7.824046920821115E+009,-2.868973414513078E+001,-1.490437490961813E+002,
7.827956989247313E+009,-2.802742984139488E+001,-1.686716066272441E+002,
7.831867057673510E+009,-2.758094206894900E+001,1.692864495688855E+002,
7.835777126099707E+009,-2.762444696818024E+001,1.462809756037214E+002,
7.839687194525904E+009,-2.778528504449481E+001,1.243054616617991E+002,
7.843597262952102E+009,-2.834560450617011E+001,1.027077321351709E+002,
7.847507331378300E+009,-2.895049468439359E+001,8.221337738043111E+001,
7.851417399804497E+009,-2.980302344574996E+001,6.442380864259742E+001,
7.855327468230694E+009,-3.003169008226322E+001,5.276901217745804E+001,
7.859237536656891E+009,-2.977521925630965E+001,3.720047362784156E+001,
7.863147605083089E+009,-2.970543200139471E+001,1.902825576136796E+001,
7.867057673509287E+009,-2.937779723393371E+001,1.915418684604501E+000,
7.870967741935484E+009,-2.896964675136219E+001,-1.685359414371483E+001,
7.874877810361681E+009,-2.889539846661191E+001,-3.754712807815213E+001,
7.878787878787879E+009,-2.886604186290921E+001,-5.695176871054148E+001,
7.882697947214077E+009,-2.894445086068157E+001,-7.715207902040859E+001,
7.886608015640274E+009,-2.924711803191195E+001,-9.700035177851241E+001,
7.890518084066471E+009,-2.953895122638252E+001,-1.144501160169019E+002,
7.894428152492668E+009,-2.972982102079663E+001,-1.326259491979789E+002,
7.898338220918866E+009,-2.980971787039065E+001,-1.478251769858694E+002,
7.902248289345064E+009,-2.943877212354325E+001,-1.656109342581266E+002,
7.906158357771261E+009,-2.941324221083205E+001,1.768330585361981E+002,
7.910068426197458E+009,-2.908730194533003E+001,1.597890337924580E+002,
7.913978494623655E+009,-2.883100603828276E+001,1.397108155520305E+002,
7.917888563049853E+009,-2.873576561688072E+001,1.206838554684960E+002,
7.921798631476051E+009,-2.846128963547834E+001,1.005588722838005E+002,
7.925708699902248E+009,-2.854886363742425E+001,7.984906835010104E+001,
7.929618768328445E+009,-2.856082104230232E+001,5.961272523112091E+001,
7.933528836754643E+009,-2.873460256039211E+001,3.886449560192257E+001,
7.937438905180841E+009,-2.905590572455439E+001,1.920871850206189E+001,
7.941348973607039E+009,-2.955670949634992E+001,1.898148584087277E+000,
7.945259042033236E+009,-2.973442704830770E+001,-1.401583041146593E+001,
7.949169110459433E+009,-2.958845511507025E+001,-3.026348031297087E+001,
7.953079178885631E+009,-2.914666635755615E+001,-4.736649907781677E+001,
7.956989247311829E+009,-2.895765017117594E+001,-6.700630841223433E+001,
7.960899315738026E+009,-2.855039828409818E+001,-8.696585554941663E+001,
7.964809384164223E+009,-2.863188925937356E+001,-1.087867534900873E+002,
7.968719452590420E+009,-2.875910104101343E+001,-1.304268461669198E+002,
7.972629521016618E+009,-2.905790765489307E+001,-1.503097204284805E+002,
7.976539589442816E+009,-2.971936857534944E+001,-1.699009026566843E+002,
7.980449657869013E+009,-3.036428534980228E+001,1.718473035142777E+002,
7.984359726295210E+009,-3.071931182131900E+001,1.574547087765026E+002,
7.988269794721408E+009,-3.102110795888629E+001,1.447374282270924E+002,
7.992179863147605E+009,-3.055181412739843E+001,1.301409910582427E+002,
7.996089931573803E+009,-2.983984315605789E+001,1.143323563585607E+002,
8.000000000000000E+009,-2.908016116046128E+001,9.345238956525414E+001,
