% Version 1.00
%
%freq[Hz];db:Trc1_S21;ang:Trc1_S21;
4.000000000000000E+009,-2.271459302515891E+001,-1.475668925300853E+002,
4.003910068426198E+009,-2.293451173808230E+001,-1.645074621914686E+002,
4.007820136852395E+009,-2.293530472979095E+001,1.785243780605743E+002,
4.011730205278593E+009,-2.281963546845811E+001,1.599334426001758E+002,
4.015640273704790E+009,-2.277601265118692E+001,1.407013896047360E+002,
4.019550342130987E+009,-2.283637017857242E+001,1.213980105835455E+002,
4.023460410557185E+009,-2.262960094134424E+001,1.013842697117511E+002,
4.027370478983382E+009,-2.271740941978023E+001,8.020020593675667E+001,
4.031280547409580E+009,-2.318069384355411E+001,6.018031363396131E+001,
4.035190615835777E+009,-2.345890850004250E+001,4.109270921224343E+001,
4.039100684261975E+009,-2.383280674004482E+001,2.280188420755866E+001,
4.043010752688172E+009,-2.406729113207285E+001,5.643114606202828E+000,
4.046920821114369E+009,-2.409294910442664E+001,-1.141618816522465E+001,
4.050830889540567E+009,-2.400661855165912E+001,-2.995920812798848E+001,
4.054740957966765E+009,-2.396029996586990E+001,-4.966001046666401E+001,
4.058651026392962E+009,-2.418703335500953E+001,-6.848408696750892E+001,
4.062561094819160E+009,-2.438566652897417E+001,-8.625324902834593E+001,
4.066471163245357E+009,-2.439573287484723E+001,-1.052772081981299E+002,
4.070381231671554E+009,-2.472332259256267E+001,-1.247456087726281E+002,
4.074291300097752E+009,-2.517175147059501E+001,-1.416331712204614E+002,
4.078201368523949E+009,-2.521540979376382E+001,-1.566769110666457E+002,
4.082111436950147E+009,-2.496958545808802E+001,-1.721851680626714E+002,
4.086021505376344E+009,-2.444825818987414E+001,1.709286739879094E+002,
4.089931573802542E+009,-2.397799791357930E+001,1.515014147316447E+002,
4.093841642228739E+009,-2.373275256083592E+001,1.312472968991672E+002,
4.097751710654936E+009,-2.369585429153931E+001,1.104782828542679E+002,
4.101661779081134E+009,-2.365879746279522E+001,9.195078744413166E+001,
4.105571847507331E+009,-2.359665951218082E+001,7.332008835683561E+001,
4.109481915933529E+009,-2.345990088190138E+001,5.425881771227005E+001,
4.113391984359726E+009,-2.330032840144364E+001,3.346868574058030E+001,
4.117302052785924E+009,-2.351488440446576E+001,1.391713632397894E+001,
4.121212121212121E+009,-2.367758990081227E+001,-4.267288408068851E+000,
4.125122189638319E+009,-2.349974130925308E+001,-2.265395263301129E+001,
4.129032258064516E+009,-2.346382462142007E+001,-4.112375345876723E+001,
4.132942326490714E+009,-2.324664399808619E+001,-5.922463968220983E+001,
4.136852394916911E+009,-2.305279787831409E+001,-7.851868722740757E+001,
4.140762463343109E+009,-2.294824900869003E+001,-9.794173276609280E+001,
4.144672531769306E+009,-2.284209176185830E+001,-1.177005374580465E+002,
4.148582600195503E+009,-2.278806327326402E+001,-1.372716904443371E+002,
4.152492668621701E+009,-2.277347461241156E+001,-1.568624541618866E+002,
4.156402737047898E+009,-2.281623765247863E+001,-1.757762139355926E+002,
4.160312805474096E+009,-2.263883204753100E+001,1.666988621923662E+002,
4.164222873900293E+009,-2.239121709832989E+001,1.476357690365684E+002,
4.168132942326491E+009,-2.215133205004392E+001,1.271976239912090E+002,
4.172043010752688E+009,-2.218674395804006E+001,1.070189983119161E+002,
4.175953079178886E+009,-2.221756366485452E+001,8.697608333498377E+001,
4.179863147605083E+009,-2.229372531080820E+001,6.806916231760837E+001,
4.183773216031281E+009,-2.232157051424627E+001,4.941280093539258E+001,
4.187683284457478E+009,-2.230419366622719E+001,3.112732279716119E+001,
4.191593352883676E+009,-2.208915441630602E+001,1.283768291660580E+001,
4.195503421309873E+009,-2.180183621798810E+001,-5.672318860939214E+000,
4.199413489736071E+009,-2.156773723898081E+001,-2.531741491452726E+001,
4.203323558162268E+009,-2.139313926997315E+001,-4.577478687831591E+001,
4.207233626588465E+009,-2.119198974131675E+001,-6.585584969123815E+001,
4.211143695014663E+009,-2.118246704461443E+001,-8.711195006871263E+001,
4.215053763440860E+009,-2.136408706940181E+001,-1.073830033996436E+002,
4.218963831867058E+009,-2.138454057024720E+001,-1.269017753998037E+002,
4.222873900293255E+009,-2.140602702694225E+001,-1.470054653874812E+002,
4.226783968719452E+009,-2.161629602209565E+001,-1.658692231581087E+002,
4.230694037145650E+009,-2.151215266541912E+001,1.752468686822251E+002,
4.234604105571847E+009,-2.150983757522966E+001,1.544271380633836E+002,
4.238514173998045E+009,-2.172942227199353E+001,1.343637588438130E+002,
4.242424242424243E+009,-2.189703896645881E+001,1.165361591805435E+002,
4.246334310850440E+009,-2.177989605958990E+001,9.709891140589315E+001,
4.250244379276638E+009,-2.185340181516188E+001,7.723715118242079E+001,
4.254154447702835E+009,-2.193617415675845E+001,5.808897619729331E+001,
4.258064516129032E+009,-2.197029540789036E+001,3.865011829628291E+001,
4.261974584555230E+009,-2.197431430006152E+001,1.719686520043058E+001,
4.265884652981427E+009,-2.225319186348317E+001,-3.551809621597302E+000,
4.269794721407625E+009,-2.249735727185308E+001,-2.283393725753739E+001,
4.273704789833822E+009,-2.286003970637178E+001,-4.338751486773578E+001,
4.277614858260019E+009,-2.347325165347205E+001,-6.198052451997376E+001,
4.281524926686217E+009,-2.374228908939938E+001,-7.967958341907649E+001,
4.285434995112414E+009,-2.400528141113649E+001,-9.672895209197606E+001,
4.289345063538612E+009,-2.397632221161015E+001,-1.150875372787051E+002,
4.293255131964809E+009,-2.413685278296695E+001,-1.347618667055602E+002,
4.297165200391007E+009,-2.465550057883594E+001,-1.544613641811797E+002,
4.301075268817205E+009,-2.515747972007340E+001,-1.711681797891114E+002,
4.304985337243402E+009,-2.538508809575222E+001,1.711559579640072E+002,
4.308895405669600E+009,-2.566881163138849E+001,1.538952910607123E+002,
4.312805474095797E+009,-2.583772050138911E+001,1.361693164804703E+002,
4.316715542521994E+009,-2.628458028583479E+001,1.186528550794261E+002,
4.320625610948192E+009,-2.670593437692704E+001,1.034098167885784E+002,
4.324535679374389E+009,-2.673661994464469E+001,8.797864073750576E+001,
4.328445747800587E+009,-2.667488774410238E+001,7.148444143706206E+001,
4.332355816226784E+009,-2.662365428831642E+001,5.329791842816784E+001,
4.336265884652982E+009,-2.668472377909602E+001,3.674808210071594E+001,
4.340175953079179E+009,-2.658547212200604E+001,1.787066909150994E+001,
4.344086021505377E+009,-2.692889924157363E+001,-1.693789771139887E+000,
4.347996089931574E+009,-2.753544307964169E+001,-1.921092523838803E+001,
4.351906158357771E+009,-2.779492944770718E+001,-3.405360245065705E+001,
4.355816226783969E+009,-2.779721290861144E+001,-4.830860352602966E+001,
4.359726295210166E+009,-2.765659796101934E+001,-6.485487209858603E+001,
4.363636363636364E+009,-2.791044044318053E+001,-8.122329193419388E+001,
4.367546432062561E+009,-2.756309153225845E+001,-9.491959757513092E+001,
4.371456500488758E+009,-2.698207931698735E+001,-1.130064014923895E+002,
4.375366568914956E+009,-2.683589269987981E+001,-1.326078537544128E+002,
4.379276637341153E+009,-2.680294607316590E+001,-1.511507333883842E+002,
4.383186705767351E+009,-2.699620815157193E+001,-1.706225950989784E+002,
4.387096774193548E+009,-2.694898540224658E+001,1.715825238688472E+002,
4.391006842619746E+009,-2.710466052724025E+001,1.530260718136090E+002,
4.394916911045943E+009,-2.764934908911884E+001,1.359693537712161E+002,
4.398826979472141E+009,-2.744997070176364E+001,1.211317106779445E+002,
4.402737047898338E+009,-2.751820175130905E+001,1.043209491457870E+002,
4.406647116324535E+009,-2.727068317272820E+001,8.867779427929089E+001,
4.410557184750733E+009,-2.697781656484265E+001,7.260982334547521E+001,
4.414467253176930E+009,-2.647136849341448E+001,5.402044745450910E+001,
4.418377321603128E+009,-2.633220479002283E+001,3.415025143420312E+001,
4.422287390029326E+009,-2.613851288638934E+001,1.526093015811969E+001,
4.426197458455523E+009,-2.613800705445058E+001,-5.085459548486117E+000,
4.430107526881721E+009,-2.645893123099752E+001,-2.463519298447543E+001,
4.434017595307918E+009,-2.670469314665120E+001,-4.088754000605729E+001,
4.437927663734116E+009,-2.664972592344059E+001,-5.628515516499348E+001,
4.441837732160313E+009,-2.644411388902099E+001,-7.213244190892793E+001,
4.445747800586511E+009,-2.581789338952163E+001,-8.863175088495373E+001,
4.449657869012708E+009,-2.506139095922868E+001,-1.085490287379582E+002,
4.453567937438905E+009,-2.477545933871213E+001,-1.316198182918276E+002,
4.457478005865103E+009,-2.499055809046496E+001,-1.518876786397538E+002,
4.461388074291300E+009,-2.513613549739002E+001,-1.706813971470699E+002,
4.465298142717498E+009,-2.488589121313768E+001,1.707384800415989E+002,
4.469208211143695E+009,-2.469317551781693E+001,1.504518556740146E+002,
4.473118279569893E+009,-2.487266878213704E+001,1.310373798908203E+002,
4.477028347996090E+009,-2.456935109127213E+001,1.124196083943138E+002,
4.480938416422287E+009,-2.449221695607998E+001,9.241725167922482E+001,
4.484848484848485E+009,-2.444543208541600E+001,7.161660921782330E+001,
4.488758553274682E+009,-2.437901686537179E+001,5.194865797749927E+001,
4.492668621700880E+009,-2.437191195536709E+001,3.164882109962241E+001,
4.496578690127077E+009,-2.440951969549682E+001,1.100417268462218E+001,
4.500488758553275E+009,-2.455097917509415E+001,-8.935097551238981E+000,
4.504398826979472E+009,-2.453037197743333E+001,-2.715753463451646E+001,
4.508308895405669E+009,-2.423781524444173E+001,-4.675397701075036E+001,
4.512218963831867E+009,-2.417856529204309E+001,-6.779556777859881E+001,
4.516129032258064E+009,-2.407657088444978E+001,-8.942556298831252E+001,
4.520039100684262E+009,-2.435040533332704E+001,-1.108440026487502E+002,
4.523949169110459E+009,-2.456469968112269E+001,-1.300586885037606E+002,
4.527859237536657E+009,-2.452325826799415E+001,-1.485989262396216E+002,
4.531769305962854E+009,-2.423080951140305E+001,-1.702850104622882E+002,
4.535679374389051E+009,-2.437041737087169E+001,1.668680364704008E+002,
4.539589442815249E+009,-2.471270516111897E+001,1.461513399531020E+002,
4.543499511241447E+009,-2.494209957777495E+001,1.258377065804972E+002,
4.547409579667645E+009,-2.512069290983851E+001,1.055718014861831E+002,
4.551319648093842E+009,-2.547668485701124E+001,8.418243162414791E+001,
4.555229716520039E+009,-2.603522114200013E+001,6.644280821932590E+001,
4.559139784946237E+009,-2.613096274965562E+001,4.838664125376213E+001,
4.563049853372434E+009,-2.608856162321030E+001,2.960832211894363E+001,
4.566959921798632E+009,-2.606231760666197E+001,1.093822066356567E+001,
4.570869990224829E+009,-2.606643651624298E+001,-8.135295198303140E+000,
4.574780058651027E+009,-2.578453200132465E+001,-2.724572319357417E+001,
4.578690127077224E+009,-2.569489496506051E+001,-4.857996581990778E+001,
4.582600195503422E+009,-2.575307430830058E+001,-6.992383105753429E+001,
4.586510263929619E+009,-2.583972130406507E+001,-8.990253616626502E+001,
4.590420332355816E+009,-2.616345091748640E+001,-1.112447348313044E+002,
4.594330400782014E+009,-2.665217205063926E+001,-1.305150013144085E+002,
4.598240469208211E+009,-2.699513586430575E+001,-1.468806183239771E+002,
4.602150537634409E+009,-2.703873200963491E+001,-1.645455390111280E+002,
4.606060606060606E+009,-2.698654099487779E+001,1.798508707988918E+002,
4.609970674486803E+009,-2.646688981689063E+001,1.630299820428027E+002,
4.613880742913001E+009,-2.593329825850320E+001,1.437178368229578E+002,
4.617790811339198E+009,-2.545116746158301E+001,1.222184478141159E+002,
4.621700879765396E+009,-2.529857748657882E+001,1.007875567565797E+002,
4.625610948191593E+009,-2.532870992034233E+001,7.856357311000355E+001,
4.629521016617791E+009,-2.547981903190104E+001,5.869467359403700E+001,
4.633431085043988E+009,-2.565652420240282E+001,3.942380081748904E+001,
4.637341153470186E+009,-2.565238316424514E+001,1.947773605587384E+001,
4.641251221896383E+009,-2.602956062066122E+001,9.472990434583427E-001,
4.645161290322580E+009,-2.588070567275661E+001,-1.533884228390681E+001,
4.649071358748778E+009,-2.541450340229003E+001,-3.315140230068483E+001,
4.652981427174975E+009,-2.522699142251635E+001,-5.350898669717468E+001,
4.656891495601173E+009,-2.505322392869910E+001,-7.385033059819484E+001,
4.660801564027371E+009,-2.508785576055606E+001,-9.256758873418245E+001,
4.664711632453568E+009,-2.503799969644603E+001,-1.119849869103085E+002,
4.668621700879766E+009,-2.487040624337816E+001,-1.310583680002351E+002,
4.672531769305963E+009,-2.494630232727504E+001,-1.506753941477211E+002,
4.676441837732161E+009,-2.479722903705342E+001,-1.692361120303922E+002,
4.680351906158358E+009,-2.470167932264333E+001,1.720159888356470E+002,
4.684261974584556E+009,-2.463660239388812E+001,1.544946741983737E+002,
4.688172043010753E+009,-2.423862317472370E+001,1.363276560323610E+002,
4.692082111436951E+009,-2.405899175790984E+001,1.161418316811898E+002,
4.695992179863148E+009,-2.390660850739753E+001,9.773590961211924E+001,
4.699902248289345E+009,-2.366148409631441E+001,7.725656909990049E+001,
4.703812316715543E+009,-2.363770962622628E+001,5.707997573690279E+001,
4.707722385141740E+009,-2.376737936736808E+001,3.801661569092769E+001,
4.711632453567938E+009,-2.375653182352103E+001,1.999549394213188E+001,
4.715542521994135E+009,-2.373206010572355E+001,2.430346946017544E+000,
4.719452590420332E+009,-2.336493366776632E+001,-1.477537375716005E+001,
4.723362658846530E+009,-2.301022812816366E+001,-3.377588077428585E+001,
4.727272727272727E+009,-2.267111616889077E+001,-5.295061464477300E+001,
4.731182795698925E+009,-2.218261749792110E+001,-7.250453664034525E+001,
4.735092864125122E+009,-2.178055540572936E+001,-9.457906860504478E+001,
4.739002932551320E+009,-2.179251566511806E+001,-1.170048772392970E+002,
4.742913000977517E+009,-2.193808662244179E+001,-1.381328967593759E+002,
4.746823069403714E+009,-2.215649694488854E+001,-1.585006626312106E+002,
4.750733137829912E+009,-2.236194332878318E+001,-1.772911703249695E+002,
4.754643206256109E+009,-2.248342949225129E+001,1.635660206659463E+002,
4.758553274682307E+009,-2.267393512300637E+001,1.458942984888721E+002,
4.762463343108504E+009,-2.264528640456769E+001,1.281260772804370E+002,
4.766373411534702E+009,-2.248545094509270E+001,1.101859734536071E+002,
4.770283479960899E+009,-2.227923731610906E+001,9.070121156810775E+001,
4.774193548387096E+009,-2.211949361780937E+001,7.196023479642498E+001,
4.778103616813294E+009,-2.190809595631611E+001,5.117264302870066E+001,
4.782013685239492E+009,-2.190165237399617E+001,2.980148164729602E+001,
4.785923753665690E+009,-2.213779582556764E+001,8.143824940075959E+000,
4.789833822091887E+009,-2.262571026778053E+001,-1.138901948980090E+001,
4.793743890518084E+009,-2.304981564099341E+001,-2.983136058753548E+001,
4.797653958944282E+009,-2.348412396024937E+001,-4.685981937516682E+001,
4.801564027370479E+009,-2.366418215927205E+001,-6.324043459816619E+001,
4.805474095796677E+009,-2.364527202793422E+001,-8.000180801211630E+001,
4.809384164222874E+009,-2.362183191299304E+001,-9.666931011115631E+001,
4.813294232649072E+009,-2.333876752224339E+001,-1.137023868621876E+002,
4.817204301075269E+009,-2.307455825068718E+001,-1.338611522566468E+002,
4.821114369501467E+009,-2.308956394623172E+001,-1.536861884068609E+002,
4.825024437927664E+009,-2.326434851398059E+001,-1.728612493509337E+002,
4.828934506353861E+009,-2.342567285330575E+001,1.689819338236828E+002,
4.832844574780059E+009,-2.344188919936970E+001,1.501037847858750E+002,
4.836754643206256E+009,-2.354723653510184E+001,1.318552591675777E+002,
4.840664711632454E+009,-2.359841729752426E+001,1.124292981382399E+002,
4.844574780058651E+009,-2.394917113496735E+001,9.413267198246238E+001,
4.848484848484848E+009,-2.422053011914311E+001,7.780116873456757E+001,
4.852394916911046E+009,-2.413017155402955E+001,6.144178497269469E+001,
4.856304985337243E+009,-2.397210068176096E+001,4.427221996071666E+001,
4.860215053763441E+009,-2.359773687640765E+001,2.536153141492768E+001,
4.864125122189638E+009,-2.339796040490606E+001,4.902734623099303E+000,
4.868035190615836E+009,-2.360514816402812E+001,-1.622177336555725E+001,
4.871945259042033E+009,-2.391936488670379E+001,-3.498957927101592E+001,
4.875855327468231E+009,-2.405021275803616E+001,-5.306658859985650E+001,
4.879765395894428E+009,-2.425060002243784E+001,-7.259262240180102E+001,
4.883675464320625E+009,-2.469986478657908E+001,-9.099983232336727E+001,
4.887585532746823E+009,-2.517374667561350E+001,-1.072277818140023E+002,
4.891495601173020E+009,-2.526564945781579E+001,-1.213493449853438E+002,
4.895405669599218E+009,-2.490572470443407E+001,-1.372968259991066E+002,
4.899315738025415E+009,-2.455020898194728E+001,-1.552867658236779E+002,
4.903225806451613E+009,-2.433893035089723E+001,-1.741164801249691E+002,
4.907135874877811E+009,-2.428666005681162E+001,1.660603269637239E+002,
4.911045943304008E+009,-2.438962101590888E+001,1.454952599907933E+002,
4.914956011730206E+009,-2.461621854045110E+001,1.275398493367902E+002,
4.918866080156403E+009,-2.484586073204532E+001,1.090596336477432E+002,
4.922776148582601E+009,-2.490193992621174E+001,9.083163089335839E+001,
4.926686217008798E+009,-2.532727693885220E+001,7.355507028605517E+001,
4.930596285434996E+009,-2.546720666860112E+001,5.863769703533597E+001,
4.934506353861193E+009,-2.495661627135164E+001,4.251066445047757E+001,
4.938416422287390E+009,-2.461349654660202E+001,2.295426448344453E+001,
4.942326490713588E+009,-2.454153147456973E+001,3.443560434433075E+000,
4.946236559139785E+009,-2.472455878061923E+001,-1.504201227993221E+001,
4.950146627565983E+009,-2.463304375000255E+001,-3.299604108041752E+001,
4.954056695992180E+009,-2.467289233388502E+001,-5.269394282733429E+001,
4.957966764418377E+009,-2.473515810696514E+001,-7.146864270739407E+001,
4.961876832844575E+009,-2.493573568831543E+001,-8.918120154574051E+001,
4.965786901270772E+009,-2.488419239887536E+001,-1.063553339319989E+002,
4.969696969696970E+009,-2.489739937246862E+001,-1.237455883581158E+002,
4.973607038123167E+009,-2.467586079492115E+001,-1.411848110986910E+002,
4.977517106549365E+009,-2.440128403583582E+001,-1.601477486180137E+002,
4.981427174975562E+009,-2.419707623748992E+001,1.796408924867489E+002,
4.985337243401759E+009,-2.436980514524814E+001,1.592133602081322E+002,
4.989247311827957E+009,-2.476478376235171E+001,1.414310127099113E+002,
4.993157380254154E+009,-2.463645995357503E+001,1.243783118201917E+002,
4.997067448680352E+009,-2.442324858347441E+001,1.067687023789074E+002,
5.000977517106549E+009,-2.425895900507792E+001,8.726582344951305E+001,
5.004887585532747E+009,-2.419615397687044E+001,6.877815782717708E+001,
5.008797653958944E+009,-2.416478520541518E+001,5.004185465460308E+001,
5.012707722385141E+009,-2.401701822799831E+001,3.134577959417666E+001,
5.016617790811339E+009,-2.380534898214404E+001,1.227262424040676E+001,
5.020527859237536E+009,-2.356398135103325E+001,-6.843860728190172E+000,
5.024437927663734E+009,-2.336976496174328E+001,-2.796951489960177E+001,
5.028347996089932E+009,-2.335994239546182E+001,-4.908865767094384E+001,
5.032258064516129E+009,-2.345701672184325E+001,-7.050646555710519E+001,
5.036168132942327E+009,-2.373154956362804E+001,-9.032685269598250E+001,
5.040078201368524E+009,-2.396100653012335E+001,-1.097186751378584E+002,
5.043988269794722E+009,-2.414870521633229E+001,-1.281371622903206E+002,
5.047898338220919E+009,-2.408339784717504E+001,-1.469556182358355E+002,
5.051808406647117E+009,-2.427265354134856E+001,-1.674058474929658E+002,
5.055718475073314E+009,-2.447952606669091E+001,1.747453947159434E+002,
5.059628543499512E+009,-2.432472978563062E+001,1.567630738854796E+002,
5.063538611925709E+009,-2.443093043423639E+001,1.369009891720011E+002,
5.067448680351906E+009,-2.452403075143259E+001,1.173840996786833E+002,
5.071358748778104E+009,-2.463568659969359E+001,9.950786622027259E+001,
5.075268817204301E+009,-2.452511276725177E+001,8.061690000076784E+001,
5.079178885630499E+009,-2.452614842140033E+001,6.158642238724908E+001,
5.083088954056696E+009,-2.451516425145417E+001,4.129436584507818E+001,
5.086999022482893E+009,-2.460690281565312E+001,2.215058674597658E+001,
5.090909090909091E+009,-2.467227900835101E+001,1.591293706378281E+000,
5.094819159335288E+009,-2.483077177361257E+001,-1.793810168259187E+001,
5.098729227761486E+009,-2.532312878568515E+001,-3.720482483554025E+001,
5.102639296187683E+009,-2.569994290241500E+001,-5.505775442904450E+001,
5.106549364613881E+009,-2.603473406048331E+001,-7.185382799789441E+001,
5.110459433040078E+009,-2.612243192147302E+001,-8.550924256908492E+001,
5.114369501466276E+009,-2.561040829505674E+001,-1.004956373546607E+002,
5.118279569892473E+009,-2.493430863418499E+001,-1.188746889247976E+002,
5.122189638318670E+009,-2.448777666844597E+001,-1.389510107628282E+002,
5.126099706744868E+009,-2.411214995171953E+001,-1.594534628528904E+002,
5.130009775171065E+009,-2.393984379335376E+001,1.784907132029143E+002,
5.133919843597263E+009,-2.398841545083667E+001,1.563507261623230E+002,
5.137829912023460E+009,-2.428934268223756E+001,1.348011998821972E+002,
5.141739980449657E+009,-2.477596003094123E+001,1.148615753317556E+002,
5.145650048875855E+009,-2.539102541857084E+001,9.764024897553799E+001,
5.149560117302053E+009,-2.548799170407857E+001,8.308088945532452E+001,
5.153470185728251E+009,-2.486987226953725E+001,6.704454042164588E+001,
5.157380254154448E+009,-2.443074832950292E+001,4.684982196381149E+001,
5.161290322580645E+009,-2.431949252673764E+001,2.629120738673344E+001,
5.165200391006843E+009,-2.450116158696996E+001,5.746910384730577E+000,
5.169110459433041E+009,-2.469111959207555E+001,-1.330874682649484E+001,
5.173020527859238E+009,-2.467025723210723E+001,-2.975198425088216E+001,
5.176930596285435E+009,-2.446867155815234E+001,-4.890745485484514E+001,
5.180840664711633E+009,-2.460979033498173E+001,-6.766296269649116E+001,
5.184750733137830E+009,-2.448334362373540E+001,-8.558886141470346E+001,
5.188660801564028E+009,-2.430377660809372E+001,-1.036712939578878E+002,
5.192570869990225E+009,-2.400030713236668E+001,-1.221026863776001E+002,
5.196480938416422E+009,-2.364452490271905E+001,-1.415805779886285E+002,
5.200391006842620E+009,-2.339911096604638E+001,-1.620940685230071E+002,
5.204301075268817E+009,-2.322280791892275E+001,1.758688080336751E+002,
5.208211143695015E+009,-2.331949400196570E+001,1.534847149169313E+002,
5.212121212121212E+009,-2.397638972602707E+001,1.317217370112519E+002,
5.216031280547409E+009,-2.454928609713047E+001,1.152790845331871E+002,
5.219941348973607E+009,-2.468789014417641E+001,9.880516459943928E+001,
5.223851417399805E+009,-2.468179675386084E+001,8.164823694751513E+001,
5.227761485826002E+009,-2.462920909206979E+001,6.458201927573654E+001,
5.231671554252199E+009,-2.462701019488447E+001,4.639565766400824E+001,
5.235581622678397E+009,-2.443034150811149E+001,2.933153039875000E+001,
5.239491691104594E+009,-2.408227915836044E+001,1.197352984901347E+001,
5.243401759530792E+009,-2.369007668926519E+001,-7.998956072912224E+000,
5.247311827956989E+009,-2.349644291987412E+001,-2.839336885445196E+001,
5.251221896383186E+009,-2.336214986393873E+001,-4.912089231786504E+001,
5.255131964809384E+009,-2.352715124863802E+001,-7.102076859381873E+001,
5.259042033235581E+009,-2.407320612856404E+001,-9.099806495306871E+001,
5.262952101661779E+009,-2.440112471669118E+001,-1.085627369368714E+002,
5.266862170087977E+009,-2.471405229852742E+001,-1.249323696734869E+002,
5.270772238514174E+009,-2.475580999508048E+001,-1.404233221162843E+002,
5.274682306940372E+009,-2.439284979477408E+001,-1.566482472560754E+002,
5.278592375366570E+009,-2.407432284714183E+001,-1.742951120761013E+002,
5.282502443792767E+009,-2.366423366841513E+001,1.670768743507816E+002,
5.286412512218964E+009,-2.344563687844701E+001,1.476117458194683E+002,
5.290322580645162E+009,-2.317147888971683E+001,1.274730356860611E+002,
5.294232649071359E+009,-2.310285424268188E+001,1.071272964916786E+002,
5.298142717497557E+009,-2.317799682934488E+001,8.711316124139779E+001,
5.302052785923754E+009,-2.327688791173762E+001,6.825209257160880E+001,
5.305962854349951E+009,-2.332414041266863E+001,4.893247361801709E+001,
5.309872922776149E+009,-2.347419243292603E+001,3.049423828825227E+001,
5.313782991202346E+009,-2.351922962944102E+001,1.238487910434527E+001,
5.317693059628544E+009,-2.333114720154418E+001,-4.499531512806657E+000,
5.321603128054741E+009,-2.307423904735003E+001,-2.325571223407199E+001,
5.325513196480938E+009,-2.291439820579301E+001,-4.298011778606239E+001,
5.329423264907136E+009,-2.289943387990655E+001,-6.343767760471940E+001,
5.333333333333333E+009,-2.278722505787880E+001,-8.401439798796611E+001,
5.337243401759531E+009,-2.312240408892642E+001,-1.048801781009024E+002,
5.341153470185728E+009,-2.354154499233055E+001,-1.233862748885916E+002,
5.345063538611926E+009,-2.373888431143511E+001,-1.398613241323980E+002,
5.348973607038123E+009,-2.371800364493975E+001,-1.569404384136388E+002,
5.352883675464321E+009,-2.358491015684864E+001,-1.738261888400257E+002,
5.356793743890518E+009,-2.328345997745966E+001,1.675784100114116E+002,
5.360703812316715E+009,-2.317971877158737E+001,1.482088311083294E+002,
5.364613880742913E+009,-2.307845533019455E+001,1.290415908963004E+002,
5.368523949169110E+009,-2.300661580409546E+001,1.095923955671829E+002,
5.372434017595308E+009,-2.297706844393836E+001,9.058861100935320E+001,
5.376344086021505E+009,-2.290995555150538E+001,7.041880780545249E+001,
5.380254154447702E+009,-2.300164714576301E+001,5.016592862859683E+001,
5.384164222873900E+009,-2.314804814674420E+001,3.034897990993646E+001,
5.388074291300098E+009,-2.330636714984305E+001,1.063937855351619E+001,
5.391984359726296E+009,-2.383798608305644E+001,-8.460609325245546E+000,
5.395894428152493E+009,-2.407132548283957E+001,-2.525479726556014E+001,
5.399804496578690E+009,-2.422809843605722E+001,-4.215530461322921E+001,
5.403714565004888E+009,-2.433744154350974E+001,-5.982047485437441E+001,
5.407624633431086E+009,-2.423069376230732E+001,-7.637152352834302E+001,
5.411534701857283E+009,-2.422780459982706E+001,-9.324364522854371E+001,
5.415444770283480E+009,-2.395405939697704E+001,-1.099535482076822E+002,
5.419354838709678E+009,-2.368186253839822E+001,-1.279839167027048E+002,
5.423264907135875E+009,-2.323630002876318E+001,-1.470398899652180E+002,
5.427174975562073E+009,-2.289207156627601E+001,-1.673240523561771E+002,
5.431085043988270E+009,-2.271243730539622E+001,1.702512295862542E+002,
5.434995112414467E+009,-2.315059983490479E+001,1.488203143217943E+002,
5.438905180840665E+009,-2.371180746052413E+001,1.303862549078924E+002,
5.442815249266862E+009,-2.399736169912026E+001,1.146184529396603E+002,
5.446725317693060E+009,-2.390931323246002E+001,9.909782457112230E+001,
5.450635386119257E+009,-2.357169637662975E+001,8.166099352672902E+001,
5.454545454545454E+009,-2.310080949370575E+001,6.364750096158301E+001,
5.458455522971652E+009,-2.275735161615085E+001,4.437990500850829E+001,
5.462365591397850E+009,-2.247037291568525E+001,2.436289973631617E+001,
5.466275659824047E+009,-2.211199876391698E+001,4.687364563088228E+000,
5.470185728250244E+009,-2.185872678896772E+001,-1.698509867976164E+001,
5.474095796676442E+009,-2.170443665880677E+001,-3.962307486680079E+001,
5.478005865102639E+009,-2.193722156600348E+001,-6.154594079226102E+001,
5.481915933528837E+009,-2.222664210990262E+001,-8.249551439360712E+001,
5.485826001955034E+009,-2.252918397821133E+001,-1.018850940297129E+002,
5.489736070381231E+009,-2.269080053112516E+001,-1.201855476978511E+002,
5.493646138807429E+009,-2.263967751195541E+001,-1.396001560910243E+002,
5.497556207233626E+009,-2.264449721581141E+001,-1.601201131923849E+002,
5.501466275659824E+009,-2.286952377226503E+001,-1.797294598077707E+002,
5.505376344086021E+009,-2.282629227388032E+001,1.608958507906831E+002,
5.509286412512219E+009,-2.282195943744099E+001,1.409954822575577E+002,
5.513196480938417E+009,-2.292124651526333E+001,1.207518672225194E+002,
5.517106549364615E+009,-2.294756118183177E+001,1.001140903629998E+002,
5.521016617790812E+009,-2.311362672617385E+001,7.924460529945723E+001,
5.524926686217009E+009,-2.346067443342497E+001,5.844236410575294E+001,
5.528836754643207E+009,-2.390001540731877E+001,3.840913834954323E+001,
5.532746823069404E+009,-2.426909421761765E+001,1.946750174283181E+001,
5.536656891495602E+009,-2.464155123213322E+001,2.297577709176799E+000,
5.540566959921799E+009,-2.472960359911934E+001,-1.590661637363293E+001,
5.544477028347996E+009,-2.465568934007977E+001,-3.434588765502650E+001,
5.548387096774194E+009,-2.465385062404783E+001,-5.445977140588455E+001,
5.552297165200391E+009,-2.484640329898994E+001,-7.376906521636575E+001,
5.556207233626589E+009,-2.501052998741191E+001,-9.276797071957749E+001,
5.560117302052786E+009,-2.502748859721333E+001,-1.128690428282754E+002,
5.564027370478983E+009,-2.523876471699267E+001,-1.324383199258906E+002,
5.567937438905181E+009,-2.527139724939834E+001,-1.520935621351606E+002,
5.571847507331378E+009,-2.560638389242680E+001,-1.741351017470447E+002,
5.575757575757576E+009,-2.626685380781418E+001,1.672352837045286E+002,
5.579667644183773E+009,-2.680214696186707E+001,1.493287990946185E+002,
5.583577712609971E+009,-2.718933739821305E+001,1.328523667053825E+002,
5.587487781036168E+009,-2.742734281822037E+001,1.161034545256638E+002,
5.591397849462366E+009,-2.750067908868345E+001,9.916936062794608E+001,
5.595307917888563E+009,-2.763677088453445E+001,8.348502705917679E+001,
5.599217986314760E+009,-2.728553635217503E+001,6.664723662128061E+001,
5.603128054740958E+009,-2.694361906471207E+001,4.771977230165665E+001,
5.607038123167155E+009,-2.687617795153798E+001,2.690413830734293E+001,
5.610948191593353E+009,-2.708457982363412E+001,6.457492552102718E+000,
5.614858260019550E+009,-2.740938778664886E+001,-1.100233054338527E+001,
5.618768328445747E+009,-2.751707909166930E+001,-3.017212816632703E+001,
5.622678396871945E+009,-2.791055307807577E+001,-4.732284075997969E+001,
5.626588465298142E+009,-2.778413074882687E+001,-6.253192209523019E+001,
5.630498533724340E+009,-2.768810813036694E+001,-8.037012881903796E+001,
5.634408602150538E+009,-2.753494343394113E+001,-9.894731319944275E+001,
5.638318670576735E+009,-2.741021504708792E+001,-1.170141805705212E+002,
5.642228739002933E+009,-2.714378910663045E+001,-1.343851632617285E+002,
5.646138807429131E+009,-2.685490873790742E+001,-1.547242040238449E+002,
5.650048875855328E+009,-2.692965508260442E+001,-1.754738664360962E+002,
5.653958944281525E+009,-2.725573854034096E+001,1.671392432875647E+002,
5.657869012707723E+009,-2.735347304962173E+001,1.494618422072328E+002,
5.661779081133920E+009,-2.740781146825974E+001,1.343626504232603E+002,
5.665689149560118E+009,-2.695283174013968E+001,1.168809011846560E+002,
5.669599217986315E+009,-2.651455469441645E+001,9.948728004864121E+001,
5.673509286412512E+009,-2.600267356378833E+001,7.980186640229734E+001,
5.677419354838710E+009,-2.581072051971497E+001,5.817584734892781E+001,
5.681329423264907E+009,-2.568740997092060E+001,3.793045777839808E+001,
5.685239491691105E+009,-2.551083993373045E+001,1.660920772865150E+001,
5.689149560117302E+009,-2.564009068465517E+001,-3.357909494646424E+000,
5.693059628543499E+009,-2.575324258122384E+001,-2.276361900061285E+001,
5.696969696969697E+009,-2.579801394400656E+001,-4.143874076167624E+001,
5.700879765395895E+009,-2.588590221873657E+001,-6.046479138671617E+001,
5.704789833822092E+009,-2.599178145953821E+001,-7.822473522071812E+001,
5.708699902248289E+009,-2.564528641348372E+001,-9.526394475946538E+001,
5.712609970674487E+009,-2.523648224717210E+001,-1.139364171695809E+002,
5.716520039100684E+009,-2.487251745729234E+001,-1.337628302562679E+002,
5.720430107526882E+009,-2.461068741650271E+001,-1.544062803102069E+002,
5.724340175953079E+009,-2.445139806858308E+001,-1.750741725248152E+002,
5.728250244379276E+009,-2.424989654593158E+001,1.627694064810691E+002,
5.732160312805474E+009,-2.440901818210285E+001,1.412181612816541E+002,
5.736070381231671E+009,-2.445680222617476E+001,1.199777337895944E+002,
5.739980449657869E+009,-2.490000822725306E+001,9.844908505063910E+001,
5.743890518084066E+009,-2.525326923509644E+001,7.905391400094230E+001,
5.747800586510263E+009,-2.563794084646954E+001,6.076891098257313E+001,
5.751710654936461E+009,-2.580321240111015E+001,4.383541326823143E+001,
5.755620723362660E+009,-2.580921044822437E+001,2.682917657889206E+001,
5.759530791788857E+009,-2.543981223470448E+001,7.602194082590813E+000,
5.763440860215054E+009,-2.520135536301718E+001,-1.202170349060633E+001,
5.767350928641252E+009,-2.525548960620171E+001,-3.272540654859662E+001,
5.771260997067449E+009,-2.513388456285981E+001,-5.271491829807099E+001,
5.775171065493647E+009,-2.513835286043658E+001,-7.515930140579953E+001,
5.779081133919844E+009,-2.551629293276234E+001,-9.722018350936803E+001,
5.782991202346041E+009,-2.592303771167023E+001,-1.189876910678706E+002,
5.786901270772239E+009,-2.669450148087244E+001,-1.382119097105594E+002,
5.790811339198436E+009,-2.750053173741122E+001,-1.531842160948301E+002,
5.794721407624634E+009,-2.752892726523819E+001,-1.688752912955212E+002,
5.798631476050831E+009,-2.753221075278310E+001,1.748975370386250E+002,
5.802541544477028E+009,-2.732355076448196E+001,1.582938155628742E+002,
5.806451612903226E+009,-2.714822521563688E+001,1.394016830715288E+002,
5.810361681329423E+009,-2.715228491256648E+001,1.185900190547241E+002,
5.814271749755621E+009,-2.732429409561673E+001,9.964468569407832E+001,
5.818181818181818E+009,-2.742678446808051E+001,8.012896303150556E+001,
5.822091886608016E+009,-2.766004646538129E+001,5.957901810510546E+001,
5.826001955034213E+009,-2.823325256749943E+001,4.019226030197687E+001,
5.829912023460411E+009,-2.900316623603419E+001,2.219666815857686E+001,
5.833822091886608E+009,-2.965059485185746E+001,8.443375049567431E+000,
5.837732160312805E+009,-2.958048350738156E+001,-4.934932755539059E+000,
5.841642228739003E+009,-2.935897170861715E+001,-1.872996664228624E+001,
5.845552297165200E+009,-2.877729559055373E+001,-3.327678820989485E+001,
5.849462365591398E+009,-2.809966813225631E+001,-5.289738175597199E+001,
5.853372434017595E+009,-2.781542597794002E+001,-7.310240842512101E+001,
5.857282502443792E+009,-2.768745847919313E+001,-9.364312155211069E+001,
5.861192570869990E+009,-2.764642722817526E+001,-1.132229853283299E+002,
5.865102639296187E+009,-2.790283536829638E+001,-1.349353417313645E+002,
5.869012707722385E+009,-2.842652505184235E+001,-1.538373316854385E+002,
5.872922776148583E+009,-2.863777267501214E+001,-1.702600323010116E+002,
5.876832844574780E+009,-2.870011922578938E+001,1.733805435141586E+002,
5.880742913000978E+009,-2.876296931063310E+001,1.561877609137198E+002,
5.884652981427176E+009,-2.849023977944192E+001,1.409662422874945E+002,
5.888563049853373E+009,-2.833175363606668E+001,1.230476927060241E+002,
5.892473118279570E+009,-2.827818661059364E+001,1.055400834646617E+002,
5.896383186705768E+009,-2.772447087251372E+001,8.693176985919023E+001,
5.900293255131965E+009,-2.761582794245722E+001,6.666307538662659E+001,
5.904203323558163E+009,-2.746401066153770E+001,4.854017671657507E+001,
5.908113391984360E+009,-2.727114495660348E+001,2.837306898191740E+001,
5.912023460410557E+009,-2.715881818346082E+001,9.255014350829331E+000,
5.915933528836755E+009,-2.736417621765737E+001,-1.162675910828554E+001,
5.919843597262952E+009,-2.746250692807393E+001,-2.990626245573306E+001,
5.923753665689150E+009,-2.751968399136883E+001,-4.999465280143290E+001,
5.927663734115347E+009,-2.785880516715663E+001,-6.874065424735079E+001,
5.931573802541544E+009,-2.827086242692024E+001,-8.493877503291698E+001,
5.935483870967742E+009,-2.796621454227130E+001,-1.009039173447039E+002,
5.939393939393940E+009,-2.793330610313822E+001,-1.198155221920868E+002,
5.943304007820137E+009,-2.796339759259178E+001,-1.383221819877423E+002,
5.947214076246334E+009,-2.786446464034354E+001,-1.554780200739247E+002,
5.951124144672532E+009,-2.759923441023994E+001,-1.747723775853623E+002,
5.955034213098729E+009,-2.758600664889729E+001,1.663097431889219E+002,
5.958944281524927E+009,-2.752509254133491E+001,1.445470369115826E+002,
5.962854349951124E+009,-2.815824239781536E+001,1.256168210406366E+002,
5.966764418377321E+009,-2.879875910914524E+001,1.104298034971344E+002,
5.970674486803519E+009,-2.885131105275758E+001,9.795103039291925E+001,
5.974584555229716E+009,-2.814427250912739E+001,8.300019720756323E+001,
5.978494623655914E+009,-2.757750769271672E+001,6.482500433459465E+001,
5.982404692082111E+009,-2.736766317718320E+001,4.643271234103492E+001,
5.986314760508308E+009,-2.670991959455925E+001,2.813281050465554E+001,
5.990224828934506E+009,-2.633651617161111E+001,6.844076919360262E+000,
5.994134897360704E+009,-2.623448647686398E+001,-1.540269345196360E+001,
5.998044965786902E+009,-2.670885582416606E+001,-3.669393099075112E+001,
6.001955034213099E+009,-2.725906720661604E+001,-5.435014499822093E+001,
6.005865102639297E+009,-2.747488575637931E+001,-6.790169479790528E+001,
6.009775171065494E+009,-2.706057259000613E+001,-8.332963482095107E+001,
6.013685239491692E+009,-2.642548158021468E+001,-9.864118639890901E+001,
6.017595307917889E+009,-2.555448953027989E+001,-1.177383586178940E+002,
6.021505376344086E+009,-2.498821426507094E+001,-1.388563674400275E+002,
6.025415444770284E+009,-2.462062873124915E+001,-1.603684616311235E+002,
6.029325513196481E+009,-2.444534136969978E+001,1.776504228243512E+002,
6.033235581622679E+009,-2.443345195632536E+001,1.552423517453752E+002,
6.037145650048876E+009,-2.470293325776802E+001,1.343819988362210E+002,
6.041055718475073E+009,-2.499685378553428E+001,1.150600867912872E+002,
6.044965786901271E+009,-2.518124921276916E+001,9.668613745581014E+001,
6.048875855327468E+009,-2.535669033422008E+001,8.084573682704287E+001,
6.052785923753666E+009,-2.492612882499972E+001,6.418927027079495E+001,
6.056695992179863E+009,-2.431290658103470E+001,4.637522430996239E+001,
6.060606060606061E+009,-2.354263933677640E+001,2.498397208678269E+001,
6.064516129032258E+009,-2.319507837616858E+001,2.053198978007752E+000,
6.068426197458456E+009,-2.307222959619689E+001,-2.167859139340250E+001,
6.072336265884653E+009,-2.334683918600227E+001,-4.398726543429716E+001,
6.076246334310850E+009,-2.350135311284799E+001,-6.559605375441954E+001,
6.080156402737048E+009,-2.383092457018296E+001,-8.743886090501928E+001,
6.084066471163245E+009,-2.417028674908209E+001,-1.070871192165858E+002,
6.087976539589443E+009,-2.453839142413297E+001,-1.262529707353747E+002,
6.091886608015640E+009,-2.485949013127763E+001,-1.440543592558382E+002,
6.095796676441837E+009,-2.493247034463118E+001,-1.616932088290678E+002,
6.099706744868035E+009,-2.467230150258092E+001,-1.796164377948948E+002,
6.103616813294232E+009,-2.430281179125632E+001,1.605207408144861E+002,
6.107526881720430E+009,-2.422694531356196E+001,1.392960946327567E+002,
6.111436950146627E+009,-2.414670915443167E+001,1.173481879103057E+002,
6.115347018572825E+009,-2.424187908446123E+001,9.497398706128456E+001,
6.119257086999023E+009,-2.467283030024047E+001,7.148961330249770E+001,
6.123167155425221E+009,-2.530370096834930E+001,5.105858853401694E+001,
6.127077223851418E+009,-2.611266927671704E+001,3.170507224777207E+001,
6.130987292277615E+009,-2.674611502288411E+001,1.547830773949137E+001,
6.134897360703813E+009,-2.692241920967904E+001,-2.076056368774697E-001,
6.138807429130010E+009,-2.695183009967609E+001,-1.782778360336420E+001,
6.142717497556208E+009,-2.708715760271303E+001,-3.400547622864352E+001,
6.146627565982405E+009,-2.678494089364350E+001,-5.085389083374572E+001,
6.150537634408602E+009,-2.627777219540722E+001,-7.003737757260956E+001,
6.154447702834800E+009,-2.601290663602366E+001,-9.235207002608269E+001,
6.158357771260998E+009,-2.609164899216907E+001,-1.144927638789822E+002,
6.162267839687195E+009,-2.636683502060017E+001,-1.354783988837455E+002,
6.166177908113392E+009,-2.673466834136728E+001,-1.577465136876914E+002,
6.170087976539589E+009,-2.744446842225673E+001,-1.779068015860231E+002,
6.173998044965787E+009,-2.808688968478016E+001,1.622033084591455E+002,
6.177908113391985E+009,-2.895150944831633E+001,1.455073068634122E+002,
6.181818181818182E+009,-2.941855800393409E+001,1.315118133191412E+002,
6.185728250244379E+009,-2.978774553177059E+001,1.178700211993563E+002,
6.189638318670576E+009,-2.938134361652296E+001,1.041890936422446E+002,
6.193548387096774E+009,-2.880712846726395E+001,8.696692037412451E+001,
6.197458455522972E+009,-2.818976621717729E+001,6.684158768892169E+001,
6.201368523949169E+009,-2.816999601276962E+001,4.436206452145378E+001,
6.205278592375366E+009,-2.844848024546048E+001,2.355677112143128E+001,
6.209188660801564E+009,-2.885134542959933E+001,3.687256928400719E+000,
6.213098729227762E+009,-2.906520146537442E+001,-1.562716200186267E+001,
6.217008797653959E+009,-2.972649974012506E+001,-3.618987396662153E+001,
6.220918866080156E+009,-3.053057792794615E+001,-5.229962806443379E+001,
6.224828934506353E+009,-3.096129156861379E+001,-6.723963820721885E+001,
6.228739002932551E+009,-3.108334463472509E+001,-8.118161204643977E+001,
6.232649071358749E+009,-3.116229026506517E+001,-9.588392426882973E+001,
6.236559139784946E+009,-3.083712360808844E+001,-1.123233734619573E+002,
6.240469208211144E+009,-3.078212216313574E+001,-1.281015324431426E+002,
6.244379276637341E+009,-3.026242273195665E+001,-1.452118522070966E+002,
6.248289345063539E+009,-3.033831658958620E+001,-1.634246158318186E+002,
6.252199413489737E+009,-3.026847111662228E+001,-1.796608221573779E+002,
6.256109481915934E+009,-2.986338660460187E+001,1.631845866839259E+002,
6.260019550342131E+009,-2.974487210497374E+001,1.451297497100714E+002,
6.263929618768329E+009,-2.969284692883832E+001,1.264813665160765E+002,
6.267839687194526E+009,-2.945991513887159E+001,1.092086957495950E+002,
6.271749755620724E+009,-2.937488328680914E+001,9.309603059189521E+001,
6.275659824046921E+009,-2.898181340514904E+001,7.431913181061269E+001,
6.279569892473118E+009,-2.876960911190246E+001,5.701390129942761E+001,
6.283479960899316E+009,-2.835155995467726E+001,3.777341739560760E+001,
6.287390029325514E+009,-2.815596616579277E+001,1.807460310094391E+001,
6.291300097751711E+009,-2.799038889245434E+001,-1.270592807709563E+000,
6.295210166177908E+009,-2.775007931025137E+001,-2.091042391062311E+001,
6.299120234604105E+009,-2.782678405388438E+001,-3.983495815097690E+001,
6.303030303030303E+009,-2.764083285930985E+001,-5.983544590657850E+001,
6.306940371456501E+009,-2.761476628905724E+001,-7.993443595011115E+001,
6.310850439882698E+009,-2.772994669231255E+001,-9.828158579188732E+001,
6.314760508308895E+009,-2.777854866089455E+001,-1.168566054251249E+002,
6.318670576735093E+009,-2.770806703602087E+001,-1.338915469106064E+002,
6.322580645161290E+009,-2.743028757262986E+001,-1.527916950463727E+002,
6.326490713587488E+009,-2.719449249410552E+001,-1.726912316404914E+002,
6.330400782013685E+009,-2.729831835186309E+001,1.663013098159144E+002,
6.334310850439882E+009,-2.759310017088559E+001,1.477710389924534E+002,
6.338220918866080E+009,-2.774996134007463E+001,1.302653486918206E+002,
6.342130987292278E+009,-2.758133772620415E+001,1.123936992553232E+002,
6.346041055718475E+009,-2.751111936136225E+001,9.417817796712248E+001,
6.349951124144672E+009,-2.741834560275375E+001,7.562602403173652E+001,
6.353861192570869E+009,-2.714536444286338E+001,5.752209419685884E+001,
6.357771260997068E+009,-2.680874057985763E+001,3.778173562610451E+001,
6.361681329423266E+009,-2.684916652009784E+001,1.719181516250101E+001,
6.365591397849463E+009,-2.683236654071077E+001,-2.573734648605160E+000,
6.369501466275660E+009,-2.679058390904995E+001,-2.241362757831139E+001,
6.373411534701857E+009,-2.696142148815519E+001,-4.299082803406983E+001,
6.377321603128055E+009,-2.716391787993427E+001,-6.238238205045536E+001,
6.381231671554253E+009,-2.728517202739120E+001,-8.055831357408138E+001,
6.385141739980450E+009,-2.734932268176778E+001,-9.799136062674400E+001,
6.389051808406647E+009,-2.723988939148022E+001,-1.180641185238726E+002,
6.392961876832845E+009,-2.738669082381658E+001,-1.378237508601584E+002,
6.396871945259043E+009,-2.730522858985346E+001,-1.558433030096113E+002,
6.400782013685240E+009,-2.724355613601717E+001,-1.744525031003721E+002,
6.404692082111437E+009,-2.721803675661245E+001,1.645117187105176E+002,
6.408602150537634E+009,-2.740073469676478E+001,1.446267167317247E+002,
6.412512218963832E+009,-2.770124063824817E+001,1.269972173707246E+002,
6.416422287390030E+009,-2.780752062728514E+001,1.078709711622285E+002,
6.420332355816227E+009,-2.788376815189259E+001,8.909330735838206E+001,
6.424242424242424E+009,-2.777676639410561E+001,7.142665573879067E+001,
6.428152492668621E+009,-2.780326188390664E+001,5.049114715862802E+001,
6.432062561094819E+009,-2.810183310187099E+001,3.090654713702291E+001,
6.435972629521017E+009,-2.845031736904664E+001,1.116322863687642E+001,
6.439882697947214E+009,-2.860866932914598E+001,-6.995102303917096E+000,
6.443792766373411E+009,-2.891779961800879E+001,-2.402094805322186E+001,
6.447702834799609E+009,-2.894570839097568E+001,-4.068518696290840E+001,
6.451612903225807E+009,-2.913125061522781E+001,-5.807484842104054E+001,
6.455522971652004E+009,-2.899736885556824E+001,-7.542041304913610E+001,
6.459433040078201E+009,-2.891527068104903E+001,-9.527258266050548E+001,
6.463343108504398E+009,-2.893093577686035E+001,-1.122073440912267E+002,
6.467253176930596E+009,-2.898421621621166E+001,-1.301526355684528E+002,
6.471163245356794E+009,-2.870902298347216E+001,-1.467132977898355E+002,
6.475073313782991E+009,-2.838988124648512E+001,-1.667759647145986E+002,
6.478983382209189E+009,-2.797535779945723E+001,1.721035431980383E+002,
6.482893450635386E+009,-2.820100032128686E+001,1.495443431799489E+002,
6.486803519061584E+009,-2.906441888690556E+001,1.275203665419146E+002,
6.490713587487782E+009,-2.974479839086870E+001,1.130323581314010E+002,
6.494623655913979E+009,-2.987459856542052E+001,9.879473091200157E+001,
6.498533724340176E+009,-2.952260126030485E+001,8.132005741730356E+001,
6.502443792766374E+009,-2.949929552020603E+001,6.271126725445359E+001,
6.506353861192571E+009,-2.954587485091045E+001,4.464370554923493E+001,
6.510263929618769E+009,-2.938785159097231E+001,2.712445222387048E+001,
6.514173998044966E+009,-2.920866436238106E+001,9.462018677311328E+000,
6.518084066471163E+009,-2.884191991274679E+001,-9.093496835593063E+000,
6.521994134897361E+009,-2.876700610583154E+001,-3.055804322112556E+001,
6.525904203323559E+009,-2.900720369722936E+001,-5.181057076785626E+001,
6.529814271749756E+009,-2.963964629700296E+001,-6.994751746138300E+001,
6.533724340175953E+009,-2.997862419392666E+001,-8.550489332754586E+001,
6.537634408602150E+009,-2.960291234050963E+001,-9.987867249001089E+001,
6.541544477028348E+009,-2.912765154039763E+001,-1.197243818659467E+002,
6.545454545454546E+009,-2.897345969174698E+001,-1.409472007684467E+002,
6.549364613880743E+009,-2.926720553992929E+001,-1.611903609476038E+002,
6.553274682306940E+009,-2.964716145113451E+001,-1.795501156059374E+002,
6.557184750733138E+009,-3.009933881940917E+001,1.637907966457060E+002,
6.561094819159335E+009,-2.980313801984449E+001,1.483108418520403E+002,
6.565004887585533E+009,-2.981691521672668E+001,1.289320576123935E+002,
6.568914956011730E+009,-2.971559764932036E+001,1.118351940994921E+002,
6.572825024437927E+009,-2.962403694861399E+001,9.481047528492245E+001,
6.576735092864125E+009,-2.936177463580729E+001,7.719415123450715E+001,
6.580645161290323E+009,-2.910276373555046E+001,5.773008769848440E+001,
6.584555229716520E+009,-2.894663332917618E+001,3.831422360531822E+001,
6.588465298142717E+009,-2.890161738278786E+001,1.842346717996209E+001,
6.592375366568914E+009,-2.884628642760702E+001,-5.951529013940349E-001,
6.596285434995112E+009,-2.881234247247281E+001,-1.990316263482257E+001,
6.600195503421310E+009,-2.894089024655187E+001,-3.921493326895167E+001,
6.604105571847508E+009,-2.908845101237661E+001,-5.747352417297425E+001,
6.608015640273705E+009,-2.908494747157323E+001,-7.621409577175845E+001,
6.611925708699902E+009,-2.917689779431110E+001,-9.643656260016418E+001,
6.615835777126100E+009,-2.936921473462778E+001,-1.127424089857338E+002,
6.619745845552298E+009,-2.918614693346925E+001,-1.295363513967229E+002,
6.623655913978495E+009,-2.893933847401158E+001,-1.468228414539182E+002,
6.627565982404692E+009,-2.858971127251789E+001,-1.667559972039035E+002,
6.631476050830890E+009,-2.843728764324603E+001,1.725241251972152E+002,
6.635386119257088E+009,-2.844961014180356E+001,1.536732387040905E+002,
6.639296187683285E+009,-2.854389528995386E+001,1.347049434540411E+002,
6.643206256109482E+009,-2.845593948581557E+001,1.141807664754538E+002,
6.647116324535679E+009,-2.833453715999140E+001,9.527415580775899E+001,
6.651026392961877E+009,-2.831016393647178E+001,7.496347468147556E+001,
6.654936461388075E+009,-2.848681883134194E+001,5.434569230741587E+001,
6.658846529814272E+009,-2.876516429376136E+001,3.484681448496031E+001,
6.662756598240469E+009,-2.922953197163358E+001,1.739749328883318E+001,
6.666666666666666E+009,-2.925171043736097E+001,1.112132127810354E+000,
6.670576735092864E+009,-2.916326644453397E+001,-1.549685982575741E+001,
6.674486803519062E+009,-2.856895284904695E+001,-3.392652784570451E+001,
6.678396871945259E+009,-2.821485303098209E+001,-5.542403535221364E+001,
6.682306940371456E+009,-2.811585215179349E+001,-7.612438024871139E+001,
6.686217008797654E+009,-2.813151663816624E+001,-9.824723131348505E+001,
6.690127077223852E+009,-2.852329087660154E+001,-1.200458568187158E+002,
6.694037145650049E+009,-2.906857612870171E+001,-1.381989508735415E+002,
6.697947214076246E+009,-2.922606553852838E+001,-1.555736644174897E+002,
6.701857282502443E+009,-2.929857492351047E+001,-1.730150943615213E+002,
6.705767350928641E+009,-2.908032581189483E+001,1.675141247310200E+002,
6.709677419354839E+009,-2.935795840259556E+001,1.487286942124766E+002,
6.713587487781036E+009,-2.928810337236843E+001,1.307623192791718E+002,
6.717497556207233E+009,-2.884796400117091E+001,1.104037995432480E+002,
6.721407624633431E+009,-2.916837511749007E+001,8.657556974645559E+001,
6.725317693059629E+009,-2.971012940073297E+001,6.759833625359201E+001,
6.729227761485827E+009,-3.036650391574054E+001,4.937901452066845E+001,
6.733137829912024E+009,-3.054299774124711E+001,3.444563508843775E+001,
6.737047898338221E+009,-3.057605336640659E+001,1.657262030862151E+001,
6.740957966764419E+009,-3.063672730466715E+001,-1.488812983171508E+000,
6.744868035190616E+009,-3.092443453138757E+001,-2.103934984945309E+001,
6.748778103616814E+009,-3.126511235659499E+001,-3.532890772599480E+001,
6.752688172043011E+009,-3.111235284668209E+001,-5.019764033886172E+001,
6.756598240469208E+009,-3.045349867816341E+001,-6.691210428120735E+001,
6.760508308895406E+009,-2.990916217442506E+001,-8.665098178928680E+001,
6.764418377321604E+009,-2.955130503878911E+001,-1.090043158618629E+002,
6.768328445747801E+009,-2.981457615597600E+001,-1.306622974295013E+002,
6.772238514173998E+009,-3.048374923548691E+001,-1.504645760093900E+002,
6.776148582600195E+009,-3.084825389742206E+001,-1.675401982436083E+002,
6.780058651026393E+009,-3.121365114895842E+001,1.759893194520055E+002,
6.783968719452591E+009,-3.149119842452182E+001,1.581377491948344E+002,
6.787878787878788E+009,-3.181649198392874E+001,1.420382742546031E+002,
6.791788856304985E+009,-3.173740667233691E+001,1.274932124858872E+002,
6.795698924731183E+009,-3.150866232967689E+001,1.146820706516394E+002,
6.799608993157380E+009,-3.060174375956010E+001,9.703461098069923E+001,
6.803519061583578E+009,-3.001337617119719E+001,7.820139207972078E+001,
6.807429130009775E+009,-2.979035474942941E+001,5.658286791516656E+001,
6.811339198435972E+009,-2.992109469030715E+001,3.680013866271266E+001,
6.815249266862170E+009,-3.009906265388065E+001,1.736523357365358E+001,
6.819159335288368E+009,-3.048747624217476E+001,-8.010688625299690E-001,
6.823069403714565E+009,-3.071302687354741E+001,-1.600548252614890E+001,
6.826979472140762E+009,-3.038308402939210E+001,-3.018806530828160E+001,
6.830889540566959E+009,-3.006721116205709E+001,-4.672417967676567E+001,
6.834799608993157E+009,-2.942715909697833E+001,-6.177758779316781E+001,
6.838709677419355E+009,-2.869976922866307E+001,-8.137780516458938E+001,
6.842619745845552E+009,-2.834355648061502E+001,-1.026084389488835E+002,
6.846529814271750E+009,-2.814993477270733E+001,-1.226899492971557E+002,
6.850439882697948E+009,-2.792559306293046E+001,-1.417367100537201E+002,
6.854349951124145E+009,-2.794411578357637E+001,-1.603841310953967E+002,
6.858260019550343E+009,-2.764724140390236E+001,-1.791509096611921E+002,
6.862170087976540E+009,-2.757217424706271E+001,1.606068394958430E+002,
6.866080156402737E+009,-2.768532164166459E+001,1.406097604557290E+002,
6.869990224828935E+009,-2.756410549794376E+001,1.246605950345354E+002,
6.873900293255133E+009,-2.741128815135063E+001,1.062890217837218E+002,
6.877810361681330E+009,-2.702095514132276E+001,8.815682146389467E+001,
6.881720430107527E+009,-2.659226557893923E+001,7.123720467705481E+001,
6.885630498533724E+009,-2.583047570962435E+001,5.110463967570135E+001,
6.889540566959922E+009,-2.557791244469857E+001,2.890423692066965E+001,
6.893450635386120E+009,-2.519002784239461E+001,7.742682072255535E+000,
6.897360703812317E+009,-2.507535439745600E+001,-1.472342663263865E+001,
6.901270772238514E+009,-2.511643987953804E+001,-3.565316207953185E+001,
6.905180840664711E+009,-2.523633958542353E+001,-5.699787742345144E+001,
6.909090909090909E+009,-2.542388312928425E+001,-7.734363996728771E+001,
6.913000977517107E+009,-2.569975419199339E+001,-9.702558239460778E+001,
6.916911045943304E+009,-2.576533056705805E+001,-1.159067858796413E+002,
6.920821114369501E+009,-2.600383113514105E+001,-1.338304251373703E+002,
6.924731182795699E+009,-2.589203171963360E+001,-1.515806711100987E+002,
6.928641251221897E+009,-2.551145656394505E+001,-1.697508952359528E+002,
6.932551319648094E+009,-2.525189416772905E+001,1.693699046787322E+002,
6.936461388074291E+009,-2.518501497793783E+001,1.475634326108376E+002,
6.940371456500488E+009,-2.530333057707443E+001,1.261574470398039E+002,
6.944281524926686E+009,-2.566872980847062E+001,1.060840298504450E+002,
6.948191593352884E+009,-2.592915275758328E+001,8.798117101855635E+001,
6.952101661779081E+009,-2.596011493471643E+001,6.812304188525837E+001,
6.956011730205278E+009,-2.618031809716028E+001,4.977415513161277E+001,
6.959921798631475E+009,-2.626262491078298E+001,3.082404071206550E+001,
6.963831867057674E+009,-2.635788244625073E+001,1.203091586005056E+001,
6.967741935483872E+009,-2.651649523971712E+001,-4.430963601366472E+000,
6.971652003910069E+009,-2.628198103484381E+001,-2.370759681063818E+001,
6.975562072336266E+009,-2.615890606582331E+001,-4.388922636166060E+001,
6.979472140762464E+009,-2.637844401450925E+001,-6.432730084176939E+001,
6.983382209188661E+009,-2.667502862249873E+001,-8.358261127842025E+001,
6.987292277614859E+009,-2.700874961325449E+001,-1.013074697244532E+002,
6.991202346041056E+009,-2.704961286054540E+001,-1.181213628398266E+002,
6.995112414467253E+009,-2.704665517701166E+001,-1.366321177423216E+002,
6.999022482893451E+009,-2.724188062858154E+001,-1.539889743049344E+002,
7.002932551319649E+009,-2.724885029761078E+001,-1.703714391846167E+002,
7.006842619745846E+009,-2.694327233054851E+001,1.723551559736055E+002,
7.010752688172043E+009,-2.683183842496049E+001,1.532472929217456E+002,
7.014662756598240E+009,-2.652008613214235E+001,1.335792402101338E+002,
7.018572825024438E+009,-2.661016324363765E+001,1.129599858583402E+002,
7.022482893450636E+009,-2.678626838948633E+001,9.376898205073503E+001,
7.026392961876833E+009,-2.699458492207869E+001,7.553859982399743E+001,
7.030303030303030E+009,-2.726233951871087E+001,5.767020702680124E+001,
7.034213098729228E+009,-2.741866024713527E+001,4.126575095934020E+001,
7.038123167155425E+009,-2.728466446506746E+001,2.444342319204903E+001,
7.042033235581623E+009,-2.717021698162611E+001,6.387220553233616E+000,
7.045943304007820E+009,-2.704874859009298E+001,-1.036766045866861E+001,
7.049853372434017E+009,-2.680123418232343E+001,-2.778377776063858E+001,
7.053763440860215E+009,-2.644084639279640E+001,-4.629842669031851E+001,
7.057673509286413E+009,-2.621310720090975E+001,-6.720331104549595E+001,
7.061583577712610E+009,-2.619337406919483E+001,-8.747754564945834E+001,
7.065493646138807E+009,-2.637259454707244E+001,-1.075190894154206E+002,
7.069403714565004E+009,-2.664257452952874E+001,-1.249791821628739E+002,
7.073313782991202E+009,-2.664851414414697E+001,-1.417289999515325E+002,
7.077223851417400E+009,-2.665925654688146E+001,-1.582475722742571E+002,
7.081133919843597E+009,-2.632885137381578E+001,-1.750092022449128E+002,
7.085043988269795E+009,-2.597189958419040E+001,1.667289716005854E+002,
7.088954056695993E+009,-2.553371824588719E+001,1.475269195732243E+002,
7.092864125122190E+009,-2.533563985859036E+001,1.270851565346187E+002,
7.096774193548388E+009,-2.527760809849939E+001,1.076358066019864E+002,
7.100684261974585E+009,-2.515829675384092E+001,8.904714294695414E+001,
7.104594330400782E+009,-2.491748503115893E+001,6.955873350227741E+001,
7.108504398826980E+009,-2.477770704208803E+001,4.937986795578601E+001,
7.112414467253178E+009,-2.484279974621210E+001,2.939555063794413E+001,
7.116324535679375E+009,-2.489641514602915E+001,1.063429892873663E+001,
7.120234604105572E+009,-2.481143544831350E+001,-8.618579152955368E+000,
7.124144672531769E+009,-2.469285006864009E+001,-2.740199758387075E+001,
7.128054740957967E+009,-2.461711136329516E+001,-4.683065682274155E+001,
7.131964809384165E+009,-2.450102161157165E+001,-6.596557903347345E+001,
7.135874877810362E+009,-2.442056473503713E+001,-8.577260335227823E+001,
7.139784946236559E+009,-2.435823499932770E+001,-1.053051901370221E+002,
7.143695014662756E+009,-2.443121673434209E+001,-1.249474323480864E+002,
7.147605083088954E+009,-2.441232510246403E+001,-1.434804946790318E+002,
7.151515151515152E+009,-2.420850978396738E+001,-1.624820764420917E+002,
7.155425219941349E+009,-2.412618808239841E+001,1.771843234029776E+002,
7.159335288367546E+009,-2.419858793212581E+001,1.559845248911239E+002,
7.163245356793744E+009,-2.430925267665010E+001,1.367957496031626E+002,
7.167155425219942E+009,-2.430503316069289E+001,1.165493039641028E+002,
7.171065493646139E+009,-2.460367968575992E+001,9.652036518172616E+001,
7.174975562072336E+009,-2.476811069282504E+001,7.828447205161524E+001,
7.178885630498533E+009,-2.481569932226652E+001,5.954944902582891E+001,
7.182795698924731E+009,-2.491630178953935E+001,4.152130069454073E+001,
7.186705767350929E+009,-2.474458537542879E+001,2.376800178821717E+001,
7.190615835777126E+009,-2.457256632950427E+001,4.649540503110257E+000,
7.194525904203323E+009,-2.441025791827904E+001,-1.534388280358861E+001,
7.198435972629520E+009,-2.420785198991523E+001,-3.588886495596782E+001,
7.202346041055718E+009,-2.413875404913916E+001,-5.746830313296430E+001,
7.206256109481916E+009,-2.433948632230988E+001,-7.992774128340997E+001,
7.210166177908114E+009,-2.481477323647780E+001,-1.002796514801451E+002,
7.214076246334311E+009,-2.522923137076606E+001,-1.188975010593357E+002,
7.217986314760509E+009,-2.562349044865619E+001,-1.372287937571413E+002,
7.221896383186706E+009,-2.578585939223970E+001,-1.551453720643188E+002,
7.225806451612904E+009,-2.605814886619994E+001,-1.729481065213965E+002,
7.229716520039101E+009,-2.596874794722836E+001,1.701231874717195E+002,
7.233626588465298E+009,-2.576404148656262E+001,1.515383617182774E+002,
7.237536656891496E+009,-2.569041577909853E+001,1.329642617699427E+002,
7.241446725317694E+009,-2.553016346237711E+001,1.118590763111334E+002,
7.245356793743891E+009,-2.559585787596196E+001,9.028715796227974E+001,
7.249266862170088E+009,-2.619336190707818E+001,6.993104482646828E+001,
7.253176930596285E+009,-2.678525857982351E+001,5.202897710687018E+001,
7.257086999022483E+009,-2.710750447669171E+001,3.543720114725070E+001,
7.260997067448681E+009,-2.726190993568621E+001,1.870952314976036E+001,
7.264907135874878E+009,-2.718304110722406E+001,2.726751473103415E+000,
7.268817204301075E+009,-2.702351467553312E+001,-1.535119529083814E+001,
7.272727272727273E+009,-2.678679441456443E+001,-3.390960410004500E+001,
7.276637341153470E+009,-2.682675433661981E+001,-5.357029061255050E+001,
7.280547409579668E+009,-2.673002136819815E+001,-7.294243738595999E+001,
7.284457478005865E+009,-2.700959586865258E+001,-9.314807966902487E+001,
7.288367546432062E+009,-2.709621757634730E+001,-1.111052418861621E+002,
7.292277614858260E+009,-2.754278694804192E+001,-1.290765399493357E+002,
7.296187683284458E+009,-2.772789685543476E+001,-1.456400870421514E+002,
7.300097751710655E+009,-2.787948745524261E+001,-1.613905476875654E+002,
7.304007820136852E+009,-2.766874426365457E+001,-1.772743073032447E+002,
7.307917888563049E+009,-2.734842245862281E+001,1.658624843217363E+002,
7.311827956989247E+009,-2.704647288176200E+001,1.481117561294252E+002,
7.315738025415445E+009,-2.660848019877633E+001,1.281631271422214E+002,
7.319648093841642E+009,-2.641115057467437E+001,1.073079993301198E+002,
7.323558162267839E+009,-2.641936409816567E+001,8.637478818731471E+001,
7.327468230694037E+009,-2.650855988541455E+001,6.582945220002912E+001,
7.331378299120235E+009,-2.675926568215286E+001,4.556018806985570E+001,
7.335288367546433E+009,-2.735740813737933E+001,2.856273487616523E+001,
7.339198435972630E+009,-2.745517882190916E+001,1.380987089802323E+001,
7.343108504398827E+009,-2.718582221555626E+001,-2.917801194688575E+000,
7.347018572825025E+009,-2.684500977220269E+001,-2.020248270523523E+001,
7.350928641251223E+009,-2.648803855632171E+001,-3.913614326593016E+001,
7.354838709677420E+009,-2.624239515723913E+001,-5.798444161128458E+001,
7.358748778103617E+009,-2.597024075304219E+001,-7.754935890562038E+001,
7.362658846529814E+009,-2.582996888622223E+001,-9.770845983323243E+001,
7.366568914956012E+009,-2.567745435777447E+001,-1.180368146121851E+002,
7.370478983382210E+009,-2.575707773059241E+001,-1.379319991563168E+002,
7.374389051808407E+009,-2.581582138634421E+001,-1.574074608017249E+002,
7.378299120234604E+009,-2.587255640729892E+001,-1.772844699404199E+002,
7.382209188660801E+009,-2.608371472905414E+001,1.647501779410434E+002,
7.386119257086999E+009,-2.605994868664189E+001,1.469134750448274E+002,
7.390029325513197E+009,-2.589408709121314E+001,1.287512915239786E+002,
7.393939393939394E+009,-2.579476501650734E+001,1.092049270625116E+002,
7.397849462365591E+009,-2.571857661742417E+001,8.926339699728469E+001,
7.401759530791789E+009,-2.557272137766800E+001,7.070317444641556E+001,
7.405669599217987E+009,-2.550366982494497E+001,5.001359786429755E+001,
7.409579667644184E+009,-2.549823393126800E+001,2.941701730029515E+001,
7.413489736070381E+009,-2.574228972089785E+001,1.039668765063226E+001,
7.417399804496578E+009,-2.587673354586732E+001,-8.419124509580916E+000,
7.421309872922776E+009,-2.592429160497383E+001,-2.728115185241954E+001,
7.425219941348974E+009,-2.596194835309456E+001,-4.643034685840207E+001,
7.429130009775171E+009,-2.617814946572340E+001,-6.399123942710028E+001,
7.433040078201368E+009,-2.608183807997059E+001,-8.161833950284830E+001,
7.436950146627565E+009,-2.586553735312731E+001,-9.973132955560082E+001,
7.440860215053763E+009,-2.561988034080588E+001,-1.195902100584710E+002,
7.444770283479961E+009,-2.545262508649541E+001,-1.390436637656321E+002,
7.448680351906158E+009,-2.540956419474376E+001,-1.611646868298548E+002,
7.452590420332356E+009,-2.559774658761362E+001,1.770072330518127E+002,
7.456500488758554E+009,-2.597557129201906E+001,1.576852783239836E+002,
7.460410557184751E+009,-2.630520705047324E+001,1.386246273137475E+002,
7.464320625610949E+009,-2.657414192510048E+001,1.203081457894126E+002,
7.468230694037146E+009,-2.674600478312034E+001,1.017007337497869E+002,
7.472140762463343E+009,-2.683719266953684E+001,8.482218325389393E+001,
7.476050830889541E+009,-2.684037837087323E+001,6.709444284731082E+001,
7.479960899315739E+009,-2.687526522715555E+001,4.965383710000195E+001,
7.483870967741936E+009,-2.672943895546268E+001,3.138591194514313E+001,
7.487781036168133E+009,-2.641568944036486E+001,1.244481843390506E+001,
7.491691104594330E+009,-2.635369551810218E+001,-8.023961994483404E+000,
7.495601173020528E+009,-2.649774091803657E+001,-2.961938136371948E+001,
7.499511241446726E+009,-2.697128809914435E+001,-4.759420988765517E+001,
7.503421309872923E+009,-2.705075470998000E+001,-6.487393234863347E+001,
7.507331378299120E+009,-2.690777999821692E+001,-8.324583775216033E+001,
7.511241446725318E+009,-2.696565558261011E+001,-1.025925970214704E+002,
7.515151515151515E+009,-2.704136013330594E+001,-1.219382872770031E+002,
7.519061583577713E+009,-2.714588360881022E+001,-1.407423606994200E+002,
7.522971652003910E+009,-2.724098298860033E+001,-1.592370658644338E+002,
7.526881720430107E+009,-2.729216902471314E+001,-1.765003872436340E+002,
7.530791788856305E+009,-2.721001358294875E+001,1.646415812999265E+002,
7.534701857282503E+009,-2.712123117091416E+001,1.457601102337301E+002,
7.538611925708700E+009,-2.735487340948671E+001,1.256722350861539E+002,
7.542521994134897E+009,-2.752908608431547E+001,1.083236042190833E+002,
7.546432062561094E+009,-2.760225186113311E+001,9.034227228105564E+001,
7.550342130987292E+009,-2.737934249809809E+001,7.230254836024966E+001,
7.554252199413490E+009,-2.738556328415630E+001,5.354195169249719E+001,
7.558162267839687E+009,-2.751175947244843E+001,3.417440631356261E+001,
7.562072336265884E+009,-2.759411161780058E+001,1.588507463085072E+001,
7.565982404692082E+009,-2.767373891404528E+001,-1.830401905908940E+000,
7.569892473118280E+009,-2.767351226628323E+001,-2.017344586034118E+001,
7.573802541544478E+009,-2.748881395612450E+001,-3.808104133312675E+001,
7.577712609970675E+009,-2.750129614598346E+001,-5.669546935598768E+001,
7.581622678396872E+009,-2.747306267183562E+001,-7.597872518271848E+001,
7.585532746823070E+009,-2.740837541180049E+001,-9.546052192570478E+001,
7.589442815249268E+009,-2.773873030334533E+001,-1.145403912195422E+002,
7.593352883675465E+009,-2.805816517771255E+001,-1.313657761899267E+002,
7.597262952101662E+009,-2.798729686460155E+001,-1.480365903587953E+002,
7.601173020527859E+009,-2.781088635132475E+001,-1.646410723207657E+002,
7.605083088954057E+009,-2.730793986005495E+001,1.783032338957258E+002,
7.608993157380255E+009,-2.701498582450232E+001,1.594356415447627E+002,
7.612903225806452E+009,-2.676440375906802E+001,1.383741913014234E+002,
7.616813294232649E+009,-2.665207636294577E+001,1.191188489436434E+002,
7.620723362658846E+009,-2.638875292637660E+001,9.822613938848353E+001,
7.624633431085044E+009,-2.653055830669029E+001,7.699423917873038E+001,
7.628543499511242E+009,-2.677491775553752E+001,5.762784290532039E+001,
7.632453567937439E+009,-2.688810166252106E+001,3.910872432440121E+001,
7.636363636363636E+009,-2.709905380827020E+001,2.036041937270233E+001,
7.640273704789834E+009,-2.727258279126705E+001,3.841343756019797E+000,
7.644183773216032E+009,-2.714314056383687E+001,-1.323633491128770E+001,
7.648093841642229E+009,-2.679928344296624E+001,-3.043171473225183E+001,
7.652003910068426E+009,-2.667388346173865E+001,-5.055973293203297E+001,
7.655913978494623E+009,-2.653191549502480E+001,-6.989628265854078E+001,
7.659824046920821E+009,-2.657086824653484E+001,-8.865649806539619E+001,
7.663734115347019E+009,-2.642398400956736E+001,-1.072324182393022E+002,
7.667644183773216E+009,-2.636718165907438E+001,-1.277898514832272E+002,
7.671554252199413E+009,-2.639671374941883E+001,-1.476771018530073E+002,
7.675464320625610E+009,-2.653459852673759E+001,-1.657713765810806E+002,
7.679374389051808E+009,-2.647678359713402E+001,1.759674103333558E+002,
7.683284457478006E+009,-2.628949856150961E+001,1.568619914505580E+002,
7.687194525904203E+009,-2.621456422480620E+001,1.375200726275234E+002,
7.691104594330401E+009,-2.623718600307682E+001,1.177672330447568E+002,
7.695014662756599E+009,-2.635714571709433E+001,9.874262315691863E+001,
7.698924731182797E+009,-2.614297354701291E+001,7.991530032468036E+001,
7.702834799608994E+009,-2.616153188740603E+001,6.043031560576934E+001,
7.706744868035191E+009,-2.620315965458735E+001,4.012119682610934E+001,
7.710654936461388E+009,-2.643350256648458E+001,2.077716843542358E+001,
7.714565004887586E+009,-2.642425522162309E+001,2.004021450051004E+000,
7.718475073313784E+009,-2.640147334961799E+001,-1.676022228992698E+001,
7.722385141739981E+009,-2.637401262315950E+001,-3.445402466065404E+001,
7.726295210166178E+009,-2.632701342247369E+001,-5.395741799233758E+001,
7.730205278592375E+009,-2.640543149423413E+001,-7.320611099392289E+001,
7.734115347018573E+009,-2.631036353267888E+001,-9.154817073497445E+001,
7.738025415444771E+009,-2.637360505574210E+001,-1.109429504928356E+002,
7.741935483870968E+009,-2.637191063870940E+001,-1.295621004020722E+002,
7.745845552297165E+009,-2.639772553031589E+001,-1.482399909329078E+002,
7.749755620723363E+009,-2.619420897123394E+001,-1.666403237205785E+002,
7.753665689149560E+009,-2.608218839325662E+001,1.719027099269461E+002,
7.757575757575758E+009,-2.623543301574336E+001,1.512726936212458E+002,
7.761485826001955E+009,-2.659220367772362E+001,1.314136784720880E+002,
7.765395894428152E+009,-2.692571482120307E+001,1.117613588390677E+002,
7.769305962854350E+009,-2.756081189970512E+001,9.437765715112133E+001,
7.773216031280548E+009,-2.768071232948168E+001,8.025809647467399E+001,
7.777126099706745E+009,-2.746145601058431E+001,6.347832425983723E+001,
7.781036168132942E+009,-2.714444929700780E+001,4.683128948686740E+001,
7.784946236559139E+009,-2.685407434012063E+001,2.880471427225428E+001,
7.788856304985337E+009,-2.655710126006850E+001,9.878402163543528E+000,
7.792766373411535E+009,-2.639428980392840E+001,-9.680371986919857E+000,
7.796676441837732E+009,-2.625964963936974E+001,-2.993106006669000E+001,
7.800586510263929E+009,-2.611271997202421E+001,-5.052604064667640E+001,
7.804496578690127E+009,-2.626382348355081E+001,-7.228569105839870E+001,
7.808406647116324E+009,-2.680105263940546E+001,-9.172373205744182E+001,
7.812316715542522E+009,-2.703262051010727E+001,-1.081331623406714E+002,
7.816226783968720E+009,-2.706880673128787E+001,-1.243964953738205E+002,
7.820136852394917E+009,-2.692702122445508E+001,-1.423140956451131E+002,
7.824046920821115E+009,-2.664117215906151E+001,-1.598789909870902E+002,
7.827956989247313E+009,-2.619235299424158E+001,-1.779940438938634E+002,
7.831867057673510E+009,-2.582525854801958E+001,1.619196703251161E+002,
7.835777126099707E+009,-2.580516626379060E+001,1.401685143016271E+002,
7.839687194525904E+009,-2.580251970180579E+001,1.201571219367700E+002,
7.843597262952102E+009,-2.574815010137783E+001,9.934929725098111E+001,
7.847507331378300E+009,-2.598662331876385E+001,7.918438414610094E+001,
7.851417399804497E+009,-2.647088079061530E+001,5.924083285042222E+001,
7.855327468230694E+009,-2.669711029812447E+001,4.259092944577630E+001,
7.859237536656891E+009,-2.663772938194215E+001,2.597902330304252E+001,
7.863147605083089E+009,-2.660762032181784E+001,8.090033129678426E+000,
7.867057673509287E+009,-2.642604489049062E+001,-9.827269027584762E+000,
7.870967741935484E+009,-2.605296561970137E+001,-2.967662389566183E+001,
7.874877810361681E+009,-2.604918917669126E+001,-4.938503611289867E+001,
7.878787878787879E+009,-2.605949317416384E+001,-6.891188804437368E+001,
7.882697947214077E+009,-2.603972893954592E+001,-8.814415570796164E+001,
7.886608015640274E+009,-2.607440602139505E+001,-1.081749661918351E+002,
7.890518084066471E+009,-2.614252406349113E+001,-1.280656423697759E+002,
7.894428152492668E+009,-2.633937434029791E+001,-1.471415626361972E+002,
7.898338220918866E+009,-2.651607824817896E+001,-1.645334534863167E+002,
7.902248289345064E+009,-2.641225767348850E+001,1.782852194995879E+002,
7.906158357771261E+009,-2.627860027374504E+001,1.602596930519445E+002,
7.910068426197458E+009,-2.619627092754248E+001,1.407789192162926E+002,
7.913978494623655E+009,-2.601598370903787E+001,1.220020369482160E+002,
7.917888563049853E+009,-2.591073636023140E+001,1.028469009426560E+002,
7.921798631476051E+009,-2.573205400345636E+001,8.256760105985006E+001,
7.925708699902248E+009,-2.580958445236808E+001,6.289136329965346E+001,
7.929618768328445E+009,-2.567752765622837E+001,4.398418205280779E+001,
7.933528836754643E+009,-2.576093149261185E+001,2.316368354930878E+001,
7.937438905180841E+009,-2.600181457175732E+001,3.142731577389618E+000,
7.941348973607039E+009,-2.635428298494702E+001,-1.494648664327758E+001,
7.945259042033236E+009,-2.634981777754839E+001,-3.131947907685352E+001,
7.949169110459433E+009,-2.621653028372514E+001,-4.929864173232863E+001,
7.953079178885631E+009,-2.585127296184383E+001,-6.733873935353721E+001,
7.956989247311829E+009,-2.566190574698493E+001,-8.745262476045124E+001,
7.960899315738026E+009,-2.553737628196682E+001,-1.076783578333258E+002,
7.964809384164223E+009,-2.560136829169569E+001,-1.279673923518257E+002,
7.968719452590420E+009,-2.561344170132050E+001,-1.477046541437104E+002,
7.972629521016618E+009,-2.580581229901328E+001,-1.681697310358776E+002,
7.976539589442816E+009,-2.593309890729334E+001,1.720619243112364E+002,
7.980449657869013E+009,-2.603118220428269E+001,1.536627041927126E+002,
7.984359726295210E+009,-2.618995868066764E+001,1.354433685537705E+002,
7.988269794721408E+009,-2.627766033489696E+001,1.176567831577105E+002,
7.992179863147605E+009,-2.620777040318765E+001,9.944446568474977E+001,
7.996089931573803E+009,-2.591807879526120E+001,8.055796564657831E+001,
8.000000000000000E+009,-2.578316806260364E+001,6.151442553706845E+001,
