% Version 1.00
%
%freq[Hz];db:Trc1_S21;ang:Trc1_S21;
4.000000000000000E+009,-2.312348119768608E+001,-1.522645660279760E+002,
4.003910068426198E+009,-2.312830665628368E+001,-1.700839911980749E+002,
4.007820136852395E+009,-2.301922877499767E+001,1.707320023204291E+002,
4.011730205278593E+009,-2.312435321552251E+001,1.502859516734720E+002,
4.015640273704790E+009,-2.338507330246231E+001,1.316691819642168E+002,
4.019550342130987E+009,-2.347112020060655E+001,1.126891828352393E+002,
4.023460410557185E+009,-2.334768714384144E+001,9.285673612133303E+001,
4.027370478983382E+009,-2.359476059137389E+001,7.200287080440437E+001,
4.031280547409580E+009,-2.401483220381385E+001,5.263345869880026E+001,
4.035190615835777E+009,-2.424464347694770E+001,3.452522772506251E+001,
4.039100684261975E+009,-2.458292059988813E+001,1.699713592964900E+001,
4.043010752688172E+009,-2.460196487172208E+001,-3.883313588842594E-001,
4.046920821114369E+009,-2.453450137879612E+001,-1.804453289190200E+001,
4.050830889540567E+009,-2.435211665493280E+001,-3.754720842323927E+001,
4.054740957966765E+009,-2.444106452802321E+001,-5.796267271019415E+001,
4.058651026392962E+009,-2.468996011150520E+001,-7.796060677553929E+001,
4.062561094819160E+009,-2.496724181340748E+001,-9.665912629979924E+001,
4.066471163245357E+009,-2.526698190043907E+001,-1.155141596891556E+002,
4.070381231671554E+009,-2.571229250641639E+001,-1.339696454273446E+002,
4.074291300097752E+009,-2.603711385135116E+001,-1.487529128249141E+002,
4.078201368523949E+009,-2.596298612239806E+001,-1.648135915844365E+002,
4.082111436950147E+009,-2.578605892298162E+001,1.793725720247849E+002,
4.086021505376344E+009,-2.534801161036105E+001,1.619768161397231E+002,
4.089931573802542E+009,-2.489629015820754E+001,1.424626057736074E+002,
4.093841642228739E+009,-2.462342819806337E+001,1.228681252735114E+002,
4.097751710654936E+009,-2.459279517375791E+001,1.011668051155904E+002,
4.101661779081134E+009,-2.480845414992555E+001,8.163968695921494E+001,
4.105571847507331E+009,-2.486496182303504E+001,6.241456024442486E+001,
4.109481915933529E+009,-2.504399318958037E+001,4.434067065714558E+001,
4.113391984359726E+009,-2.506614663840999E+001,2.602616000852004E+001,
4.117302052785924E+009,-2.527463034400108E+001,9.084122493671384E+000,
4.121212121212121E+009,-2.489490155817927E+001,-7.439331819318111E+000,
4.125122189638319E+009,-2.461643681422507E+001,-2.686898392830262E+001,
4.129032258064516E+009,-2.440986825547303E+001,-4.637034492607917E+001,
4.132942326490714E+009,-2.416975307461313E+001,-6.589983397796991E+001,
4.136852394916911E+009,-2.417299422003488E+001,-8.651058568913345E+001,
4.140762463343109E+009,-2.423107337169554E+001,-1.047398115142843E+002,
4.144672531769306E+009,-2.420661641059258E+001,-1.246152499409378E+002,
4.148582600195503E+009,-2.434712369586584E+001,-1.429590462898584E+002,
4.152492668621701E+009,-2.448514455590931E+001,-1.602675617280494E+002,
4.156402737047898E+009,-2.416331761534623E+001,-1.754992482586104E+002,
4.160312805474096E+009,-2.356975707236870E+001,1.659712783191403E+002,
4.164222873900293E+009,-2.294711727973115E+001,1.457723861510211E+002,
4.168132942326491E+009,-2.271524201182823E+001,1.230381951623012E+002,
4.172043010752688E+009,-2.287449979025141E+001,1.012050079171760E+002,
4.175953079178886E+009,-2.317124407393156E+001,8.083309655394312E+001,
4.179863147605083E+009,-2.347800201763899E+001,6.245864739836887E+001,
4.183773216031281E+009,-2.353742865759471E+001,4.576076008262248E+001,
4.187683284457478E+009,-2.329929569566299E+001,2.833933352276243E+001,
4.191593352883676E+009,-2.316497666545955E+001,9.295195772868151E+000,
4.195503421309873E+009,-2.289515025912972E+001,-8.447614993239723E+000,
4.199413489736071E+009,-2.252238826898859E+001,-2.817739698463044E+001,
4.203323558162268E+009,-2.232911086475832E+001,-4.900315992958824E+001,
4.207233626588465E+009,-2.222142374115644E+001,-6.937875591484423E+001,
4.211143695014663E+009,-2.234695206638506E+001,-9.041970726286871E+001,
4.215053763440860E+009,-2.251157774779800E+001,-1.087878251022168E+002,
4.218963831867058E+009,-2.242672991820712E+001,-1.280501454967691E+002,
4.222873900293255E+009,-2.234849277584278E+001,-1.476509513277014E+002,
4.226783968719452E+009,-2.240699621400891E+001,-1.669515709427272E+002,
4.230694037145650E+009,-2.235888530517047E+001,1.733909265159619E+002,
4.234604105571847E+009,-2.243112036809114E+001,1.524494430743920E+002,
4.238514173998045E+009,-2.273401842458485E+001,1.332235002549368E+002,
4.242424242424243E+009,-2.292293895091644E+001,1.164082748839771E+002,
4.246334310850440E+009,-2.275477971533514E+001,9.788673111697969E+001,
4.250244379276638E+009,-2.270083503219694E+001,7.864920963363066E+001,
4.254154447702835E+009,-2.258994968855523E+001,5.957701664653671E+001,
4.258064516129032E+009,-2.254272042864604E+001,3.979209639166791E+001,
4.261974584555230E+009,-2.247941972719939E+001,1.841378768854841E+001,
4.265884652981427E+009,-2.283292895174800E+001,-1.904328121029973E+000,
4.269794721407625E+009,-2.305046759554982E+001,-2.079648401426207E+001,
4.273704789833822E+009,-2.335600395286411E+001,-4.067613345616028E+001,
4.277614858260019E+009,-2.363562610196771E+001,-5.800952705410213E+001,
4.281524926686217E+009,-2.369427254268638E+001,-7.677474216447612E+001,
4.285434995112414E+009,-2.397811907371627E+001,-9.564921386074816E+001,
4.289345063538612E+009,-2.398524959034135E+001,-1.136109814094502E+002,
4.293255131964809E+009,-2.414299360616446E+001,-1.340324784601537E+002,
4.297165200391007E+009,-2.475918270179538E+001,-1.532747217887431E+002,
4.301075268817205E+009,-2.516037682437266E+001,-1.690630340294638E+002,
4.304985337243402E+009,-2.511386281946923E+001,1.743134261608635E+002,
4.308895405669600E+009,-2.519447890753301E+001,1.571431650519324E+002,
4.312805474095797E+009,-2.530716271029965E+001,1.387251291609739E+002,
4.316715542521994E+009,-2.541325640796766E+001,1.205288209292648E+002,
4.320625610948192E+009,-2.553166231863958E+001,1.031539703999935E+002,
4.324535679374389E+009,-2.550785436203540E+001,8.535390971434008E+001,
4.328445747800587E+009,-2.549378281990637E+001,6.654427403842814E+001,
4.332355816226784E+009,-2.576287378949095E+001,4.637469840164017E+001,
4.336265884652982E+009,-2.606063663803864E+001,2.957192746546896E+001,
4.340175953079179E+009,-2.617439995087036E+001,1.052057314008343E+001,
4.344086021505377E+009,-2.657324278843035E+001,-6.064149675926218E+000,
4.347996089931574E+009,-2.674303559765848E+001,-2.305289098702317E+001,
4.351906158357771E+009,-2.690385646605921E+001,-4.007850080623117E+001,
4.355816226783969E+009,-2.702261104943960E+001,-5.656584920311709E+001,
4.359726295210166E+009,-2.687252970139990E+001,-7.246093026923494E+001,
4.363636363636364E+009,-2.686092351579841E+001,-9.028094654912529E+001,
4.367546432062561E+009,-2.663568380096541E+001,-1.071142891648822E+002,
4.371456500488758E+009,-2.639102055111804E+001,-1.276767918761814E+002,
4.375366568914956E+009,-2.664421686686112E+001,-1.495512341481664E+002,
4.379276637341153E+009,-2.741243575794428E+001,-1.675272318239380E+002,
4.383186705767351E+009,-2.774401839395667E+001,1.773125401641121E+002,
4.387096774193548E+009,-2.765281571391500E+001,1.603681711815887E+002,
4.391006842619746E+009,-2.825336463654812E+001,1.431734447596255E+002,
4.394916911045943E+009,-2.867436911501979E+001,1.299680982630078E+002,
4.398826979472141E+009,-2.807190001191635E+001,1.164714719263520E+002,
4.402737047898338E+009,-2.762276472794667E+001,9.875021261732482E+001,
4.406647116324535E+009,-2.724521565000809E+001,8.032855034929985E+001,
4.410557184750733E+009,-2.699555196975554E+001,6.131099857722813E+001,
4.414467253176930E+009,-2.674587858302720E+001,4.040581989551362E+001,
4.418377321603128E+009,-2.725619980856387E+001,2.002661071881463E+001,
4.422287390029326E+009,-2.772820554853931E+001,3.965248778601333E+000,
4.426197458455523E+009,-2.782255611119734E+001,-1.235675406258498E+001,
4.430107526881721E+009,-2.815303866583724E+001,-2.696000471997152E+001,
4.434017595307918E+009,-2.776659689846315E+001,-3.976556697068319E+001,
4.437927663734116E+009,-2.684618171247018E+001,-5.569512767944997E+001,
4.441837732160313E+009,-2.611142005763878E+001,-7.506772295783827E+001,
4.445747800586511E+009,-2.569297411895109E+001,-9.590028308923287E+001,
4.449657869012708E+009,-2.532544949721513E+001,-1.181274297745244E+002,
4.453567937438905E+009,-2.541847646373112E+001,-1.403324364954298E+002,
4.457478005865103E+009,-2.572052912241488E+001,-1.604313008008893E+002,
4.461388074291300E+009,-2.601248842482271E+001,-1.781272553680687E+002,
4.465298142717498E+009,-2.593382345902042E+001,1.646758788413302E+002,
4.469208211143695E+009,-2.562767714119673E+001,1.457944166120450E+002,
4.473118279569893E+009,-2.556112451115627E+001,1.263999568636736E+002,
4.477028347996090E+009,-2.523378460223754E+001,1.077921826783540E+002,
4.480938416422287E+009,-2.507122178702650E+001,8.704093959381942E+001,
4.484848484848485E+009,-2.513116231472755E+001,6.721879806621908E+001,
4.488758553274682E+009,-2.499069431035409E+001,4.724024902455619E+001,
4.492668621700880E+009,-2.498945121672026E+001,2.663157565533886E+001,
4.496578690127077E+009,-2.534035308905382E+001,6.524295607760038E+000,
4.500488758553275E+009,-2.537607629099717E+001,-1.091803727134951E+001,
4.504398826979472E+009,-2.503091336584513E+001,-2.890160177150073E+001,
4.508308895405669E+009,-2.467363989693698E+001,-4.956624628480720E+001,
4.512218963831867E+009,-2.468737979013985E+001,-7.107083608110101E+001,
4.516129032258064E+009,-2.470695133244316E+001,-9.111834936429375E+001,
4.520039100684262E+009,-2.475444063560708E+001,-1.120821468983974E+002,
4.523949169110459E+009,-2.477237364770876E+001,-1.304777750483949E+002,
4.527859237536657E+009,-2.453031940007217E+001,-1.509001141825304E+002,
4.531769305962854E+009,-2.430493746005838E+001,-1.730921674295255E+002,
4.535679374389051E+009,-2.461503882476166E+001,1.632855811842238E+002,
4.539589442815249E+009,-2.506176494983509E+001,1.439492687414133E+002,
4.543499511241447E+009,-2.522232406829326E+001,1.255395237247830E+002,
4.547409579667645E+009,-2.528161463833789E+001,1.050632082309961E+002,
4.551319648093842E+009,-2.542384218268037E+001,8.580045513200376E+001,
4.555229716520039E+009,-2.552568663237869E+001,6.756773765830613E+001,
4.559139784946237E+009,-2.534782120925817E+001,4.828421333178888E+001,
4.563049853372434E+009,-2.525965401493940E+001,2.746061808339688E+001,
4.566959921798632E+009,-2.514951423692129E+001,7.214405684681391E+000,
4.570869990224829E+009,-2.515730066031286E+001,-1.357575342233299E+001,
4.574780058651027E+009,-2.509258439116487E+001,-3.437173576118833E+001,
4.578690127077224E+009,-2.529515145036517E+001,-5.653250466917242E+001,
4.582600195503422E+009,-2.580255058429728E+001,-7.635886094129080E+001,
4.586510263929619E+009,-2.593381098641475E+001,-9.499040285732951E+001,
4.590420332355816E+009,-2.625626772099670E+001,-1.138780381419616E+002,
4.594330400782014E+009,-2.641312441199999E+001,-1.316426483898897E+002,
4.598240469208211E+009,-2.638177610124910E+001,-1.491029892833367E+002,
4.602150537634409E+009,-2.612439315250914E+001,-1.665013750539222E+002,
4.606060606060606E+009,-2.597798726820425E+001,1.744265436860871E+002,
4.609970674486803E+009,-2.563817992223957E+001,1.549519797557992E+002,
4.613880742913001E+009,-2.536799657076699E+001,1.349296010313672E+002,
4.617790811339198E+009,-2.521992223567512E+001,1.137210340059190E+002,
4.621700879765396E+009,-2.529890717677652E+001,9.235911421725029E+001,
4.625610948191593E+009,-2.551315265661792E+001,7.150406742769742E+001,
4.629521016617791E+009,-2.579227844593884E+001,5.276643737117472E+001,
4.633431085043988E+009,-2.586366279223417E+001,3.477244612446567E+001,
4.637341153470186E+009,-2.598500937327422E+001,1.634296911887652E+001,
4.641251221896383E+009,-2.596662153174755E+001,-6.387323448943040E-001,
4.645161290322580E+009,-2.583502888873819E+001,-1.822165681922250E+001,
4.649071358748778E+009,-2.517033807688545E+001,-3.654413160571023E+001,
4.652981427174975E+009,-2.498309120125533E+001,-5.937974622616392E+001,
4.656891495601173E+009,-2.513663686479418E+001,-7.892691666374724E+001,
4.660801564027371E+009,-2.530204020718706E+001,-9.869840750776938E+001,
4.664711632453568E+009,-2.544540025530588E+001,-1.176596514682645E+002,
4.668621700879766E+009,-2.542583986441399E+001,-1.350342406928908E+002,
4.672531769305963E+009,-2.548336766173532E+001,-1.529372477726402E+002,
4.676441837732161E+009,-2.519121220113203E+001,-1.696634146238067E+002,
4.680351906158358E+009,-2.485467116851380E+001,1.721667380768501E+002,
4.684261974584556E+009,-2.462838261510349E+001,1.529366459857544E+002,
4.688172043010753E+009,-2.430718462976326E+001,1.332165408979678E+002,
4.692082111436951E+009,-2.418207394614607E+001,1.127092072568439E+002,
4.695992179863148E+009,-2.437427337250615E+001,9.319708103508761E+001,
4.699902248289345E+009,-2.445570830501494E+001,7.421707168126699E+001,
4.703812316715543E+009,-2.448972445001753E+001,5.680077355551440E+001,
4.707722385141740E+009,-2.434159085180147E+001,3.931782325083068E+001,
4.711632453567938E+009,-2.418927609514490E+001,2.228999854287303E+001,
4.715542521994135E+009,-2.393479246572680E+001,4.697160082036540E+000,
4.719452590420332E+009,-2.349032830564359E+001,-1.344287557941509E+001,
4.723362658846530E+009,-2.305955747176580E+001,-3.309174919085069E+001,
4.727272727272727E+009,-2.272434154020326E+001,-5.351704732410921E+001,
4.731182795698925E+009,-2.235141677962005E+001,-7.478914773315950E+001,
4.735092864125122E+009,-2.236929821574394E+001,-9.708728302229545E+001,
4.739002932551320E+009,-2.264915722661257E+001,-1.177678232833252E+002,
4.742913000977517E+009,-2.292681911059325E+001,-1.364360602560166E+002,
4.746823069403714E+009,-2.298980966082252E+001,-1.550155087228052E+002,
4.750733137829912E+009,-2.301955273630860E+001,-1.736376890142432E+002,
4.754643206256109E+009,-2.307366453497718E+001,1.677784570143222E+002,
4.758553274682307E+009,-2.316483094337377E+001,1.506030714479716E+002,
4.762463343108504E+009,-2.292612753910391E+001,1.330412487505877E+002,
4.766373411534702E+009,-2.269530130518391E+001,1.142666910864895E+002,
4.770283479960899E+009,-2.236518713248180E+001,9.516020582376640E+001,
4.774193548387096E+009,-2.216978964490789E+001,7.452405028103154E+001,
4.778103616813294E+009,-2.216772067047344E+001,5.307582755210598E+001,
4.782013685239492E+009,-2.241070347591007E+001,3.258262100170423E+001,
4.785923753665690E+009,-2.260825264408988E+001,1.306728519607447E+001,
4.789833822091887E+009,-2.287834919231264E+001,-6.265876779475160E+000,
4.793743890518084E+009,-2.326337550999892E+001,-2.437743555662291E+001,
4.797653958944282E+009,-2.351109262662602E+001,-4.185749051068962E+001,
4.801564027370479E+009,-2.363428617265036E+001,-5.851166813357871E+001,
4.805474095796677E+009,-2.365040460949317E+001,-7.539006140526890E+001,
4.809384164222874E+009,-2.357712360292721E+001,-9.230832182873694E+001,
4.813294232649072E+009,-2.329390358008246E+001,-1.102489158972505E+002,
4.817204301075269E+009,-2.316228113978269E+001,-1.299905009336905E+002,
4.821114369501467E+009,-2.324637887797813E+001,-1.494662434317142E+002,
4.825024437927664E+009,-2.332947150186607E+001,-1.678622155539441E+002,
4.828934506353861E+009,-2.334882056753042E+001,1.741210616013493E+002,
4.832844574780059E+009,-2.322766224001505E+001,1.545414547140126E+002,
4.836754643206256E+009,-2.332982893714510E+001,1.348444968451383E+002,
4.840664711632454E+009,-2.373150294205796E+001,1.145536009046829E+002,
4.844574780058651E+009,-2.416008001416520E+001,9.805689362323427E+001,
4.848484848484848E+009,-2.425494595781380E+001,8.287388265643270E+001,
4.852394916911046E+009,-2.390925133606963E+001,6.642382236674482E+001,
4.856304985337243E+009,-2.358760699634118E+001,4.757435669615786E+001,
4.860215053763441E+009,-2.344026704652902E+001,2.660809178152929E+001,
4.864125122189638E+009,-2.358607951788061E+001,6.084094359714186E+000,
4.868035190615836E+009,-2.406825738270687E+001,-1.221120148278980E+001,
4.871945259042033E+009,-2.416184503723145E+001,-2.932608068308624E+001,
4.875855327468231E+009,-2.409980852696762E+001,-4.812392229529176E+001,
4.879765395894428E+009,-2.428820012637807E+001,-6.791929486339373E+001,
4.883675464320625E+009,-2.483177767608652E+001,-8.504362700857671E+001,
4.887585532746823E+009,-2.489826038688339E+001,-9.981960147015596E+001,
4.891495601173020E+009,-2.473170896445216E+001,-1.159959375936728E+002,
4.895405669599218E+009,-2.432353583314016E+001,-1.339426842488077E+002,
4.899315738025415E+009,-2.418607289115359E+001,-1.534099147301279E+002,
4.903225806451613E+009,-2.418189883076451E+001,-1.727507156454752E+002,
4.907135874877811E+009,-2.411882346398894E+001,1.672420731630085E+002,
4.911045943304008E+009,-2.423730134135709E+001,1.476324687402652E+002,
4.914956011730206E+009,-2.463984718151316E+001,1.282256915729505E+002,
4.918866080156403E+009,-2.504110460016772E+001,1.106563272599171E+002,
4.922776148582601E+009,-2.519697602436327E+001,9.412707296782264E+001,
4.926686217008798E+009,-2.527081956896268E+001,7.789322417625468E+001,
4.930596285434996E+009,-2.517134988592141E+001,6.061887901465904E+001,
4.934506353861193E+009,-2.496247556246770E+001,4.264818888400666E+001,
4.938416422287390E+009,-2.500497102957170E+001,2.377146789102357E+001,
4.942326490713588E+009,-2.506975231752504E+001,6.018816742283143E+000,
4.946236559139785E+009,-2.506663357274358E+001,-1.159532661453568E+001,
4.950146627565983E+009,-2.492800762121444E+001,-2.957023699118528E+001,
4.954056695992180E+009,-2.494418429033140E+001,-4.882437984738937E+001,
4.957966764418377E+009,-2.491910429384035E+001,-6.758509376632905E+001,
4.961876832844575E+009,-2.506736831087456E+001,-8.610419444637010E+001,
4.965786901270772E+009,-2.509891563134617E+001,-1.043017186237732E+002,
4.969696969696970E+009,-2.508235221200528E+001,-1.219121698620173E+002,
4.973607038123167E+009,-2.503506020338802E+001,-1.396331729667152E+002,
4.977517106549365E+009,-2.504288564584747E+001,-1.585944637235841E+002,
4.981427174975562E+009,-2.503456728979841E+001,-1.770354077151370E+002,
4.985337243401759E+009,-2.517944092933361E+001,1.652071553769208E+002,
4.989247311827957E+009,-2.509498368906908E+001,1.486193339499382E+002,
4.993157380254154E+009,-2.488184813727450E+001,1.302921483763845E+002,
4.997067448680352E+009,-2.473927909557219E+001,1.109717599489868E+002,
5.000977517106549E+009,-2.454390004775517E+001,9.237488546460537E+001,
5.004887585532747E+009,-2.446292771188089E+001,7.356479134427255E+001,
5.008797653958944E+009,-2.421347506476493E+001,5.431474195115040E+001,
5.012707722385141E+009,-2.402828972829083E+001,3.453765317631341E+001,
5.016617790811339E+009,-2.392508427376379E+001,1.335505175533074E+001,
5.020527859237536E+009,-2.389732714793724E+001,-7.153500011077269E+000,
5.024437927663734E+009,-2.413400017585178E+001,-2.871713715105852E+001,
5.028347996089932E+009,-2.450754009635195E+001,-4.753389943525007E+001,
5.032258064516129E+009,-2.480590408955994E+001,-6.620774862320502E+001,
5.036168132942327E+009,-2.492034228351493E+001,-8.388689972805612E+001,
5.040078201368524E+009,-2.478501686324270E+001,-1.016271366100856E+002,
5.043988269794722E+009,-2.475719269591905E+001,-1.212292124207573E+002,
5.047898338220919E+009,-2.463170563369842E+001,-1.404009176337900E+002,
5.051808406647117E+009,-2.466639334406613E+001,-1.605716819632828E+002,
5.055718475073314E+009,-2.480096787541846E+001,1.795005182577024E+002,
5.059628543499512E+009,-2.494516828798033E+001,1.593211908404585E+002,
5.063538611925709E+009,-2.535974693315703E+001,1.401579121384985E+002,
5.067448680351906E+009,-2.573121441273424E+001,1.231792841706973E+002,
5.071358748778104E+009,-2.566833716569660E+001,1.072256263751269E+002,
5.075268817204301E+009,-2.550381446638809E+001,8.902496170744303E+001,
5.079178885630499E+009,-2.529013670771047E+001,7.022708005190808E+001,
5.083088954056696E+009,-2.506109583361237E+001,5.091910402817272E+001,
5.086999022482893E+009,-2.486098766922395E+001,3.115504325906619E+001,
5.090909090909091E+009,-2.473285908961011E+001,8.822018914585422E+000,
5.094819159335288E+009,-2.522068151604418E+001,-1.324253488879231E+001,
5.098729227761486E+009,-2.594681004585824E+001,-3.212067151064164E+001,
5.102639296187683E+009,-2.660444848018129E+001,-4.701304996563923E+001,
5.106549364613881E+009,-2.641438516804285E+001,-6.041267410024595E+001,
5.110459433040078E+009,-2.610870806194308E+001,-7.532843285677062E+001,
5.114369501466276E+009,-2.526716176353859E+001,-9.251849173353547E+001,
5.118279569892473E+009,-2.458661051742495E+001,-1.128663527425239E+002,
5.122189638318670E+009,-2.417360625459085E+001,-1.345146191578761E+002,
5.126099706744868E+009,-2.384830599945579E+001,-1.566273571460063E+002,
5.130009775171065E+009,-2.372751916720718E+001,-1.799027357199572E+002,
5.133919843597263E+009,-2.404923388489178E+001,1.573676375952343E+002,
5.137829912023460E+009,-2.456487426130362E+001,1.359564029353853E+002,
5.141739980449657E+009,-2.528065657461815E+001,1.164853681943415E+002,
5.145650048875855E+009,-2.578427186406682E+001,1.006474624380703E+002,
5.149560117302053E+009,-2.566366604808277E+001,8.642754762358428E+001,
5.153470185728251E+009,-2.514891510509409E+001,6.897813408797204E+001,
5.157380254154448E+009,-2.479134821404295E+001,4.835624520677263E+001,
5.161290322580645E+009,-2.461129451512486E+001,2.778208349395307E+001,
5.165200391006843E+009,-2.469223675587773E+001,8.040516486975575E+000,
5.169110459433041E+009,-2.472808378375630E+001,-1.151126854526238E+001,
5.173020527859238E+009,-2.467141201269987E+001,-3.128967882728258E+001,
5.176930596285435E+009,-2.473812985389673E+001,-5.240555494243164E+001,
5.180840664711633E+009,-2.517348615894869E+001,-7.207842127701326E+001,
5.184750733137830E+009,-2.547685195428717E+001,-8.907252397958345E+001,
5.188660801564028E+009,-2.547979584925447E+001,-1.050231859757816E+002,
5.192570869990225E+009,-2.521739876077608E+001,-1.217828069503303E+002,
5.196480938416422E+009,-2.477714323539354E+001,-1.400004174622896E+002,
5.200391006842620E+009,-2.433944546716829E+001,-1.603937454330737E+002,
5.204301075268817E+009,-2.414002631026672E+001,1.786861483851867E+002,
5.208211143695015E+009,-2.406943461122117E+001,1.557060417691569E+002,
5.212121212121212E+009,-2.460045250521675E+001,1.340946165154328E+002,
5.216031280547409E+009,-2.518323440135781E+001,1.155689484239386E+002,
5.219941348973607E+009,-2.557544224159502E+001,9.956348545782507E+001,
5.223851417399805E+009,-2.542674678584332E+001,8.355277135110181E+001,
5.227761485826002E+009,-2.528797704183662E+001,6.640095246990664E+001,
5.231671554252199E+009,-2.506782329065267E+001,4.843457160284444E+001,
5.235581622678397E+009,-2.495352933010654E+001,3.070032682024835E+001,
5.239491691104594E+009,-2.442219746239039E+001,1.277081673620545E+001,
5.243401759530792E+009,-2.406978460084055E+001,-8.293864531632451E+000,
5.247311827956989E+009,-2.395833219970793E+001,-2.929881531026625E+001,
5.251221896383186E+009,-2.387151482090793E+001,-5.014748352996953E+001,
5.255131964809384E+009,-2.401908971852029E+001,-7.175626267070481E+001,
5.259042033235581E+009,-2.434097565165084E+001,-9.224671470705246E+001,
5.262952101661779E+009,-2.468399901843102E+001,-1.108286526183592E+002,
5.266862170087977E+009,-2.501753407389893E+001,-1.282089468910284E+002,
5.270772238514174E+009,-2.525763050833163E+001,-1.456001457071028E+002,
5.274682306940372E+009,-2.516928290234594E+001,-1.617267577861386E+002,
5.278592375366570E+009,-2.499119949167801E+001,-1.797588918609526E+002,
5.282502443792767E+009,-2.478385641393253E+001,1.619070447771220E+002,
5.286412512218964E+009,-2.460907418944147E+001,1.442356815232113E+002,
5.290322580645162E+009,-2.441146128565102E+001,1.244221682207743E+002,
5.294232649071359E+009,-2.442658621050175E+001,1.043439970726346E+002,
5.298142717497557E+009,-2.439442368802335E+001,8.572949126521033E+001,
5.302052785923754E+009,-2.440493990826084E+001,6.602069549940075E+001,
5.305962854349951E+009,-2.453818567900645E+001,4.628325410008082E+001,
5.309872922776149E+009,-2.479518686381563E+001,2.876784184335636E+001,
5.313782991202346E+009,-2.469867353348129E+001,1.194320125278108E+001,
5.317693059628544E+009,-2.452184734719751E+001,-5.315523047843258E+000,
5.321603128054741E+009,-2.419655534429762E+001,-2.425846950883603E+001,
5.325513196480938E+009,-2.403039194144601E+001,-4.514243696915469E+001,
5.329423264907136E+009,-2.415281322181306E+001,-6.512917959563259E+001,
5.333333333333333E+009,-2.416585237573720E+001,-8.525963724334979E+001,
5.337243401759531E+009,-2.453013317124353E+001,-1.047427137346551E+002,
5.341153470185728E+009,-2.477143042800201E+001,-1.226695216762801E+002,
5.345063538611926E+009,-2.496948301240758E+001,-1.391517870995417E+002,
5.348973607038123E+009,-2.487127578582788E+001,-1.556996752917599E+002,
5.352883675464321E+009,-2.465074063308519E+001,-1.733828984445374E+002,
5.356793743890518E+009,-2.434695250704877E+001,1.687575546680755E+002,
5.360703812316715E+009,-2.409760138831700E+001,1.489312482994359E+002,
5.364613880742913E+009,-2.398365606983662E+001,1.288028928131195E+002,
5.368523949169110E+009,-2.389952189000372E+001,1.085041747987442E+002,
5.372434017595308E+009,-2.399985735683895E+001,8.892044949759750E+001,
5.376344086021505E+009,-2.411712888730219E+001,6.897149254549402E+001,
5.380254154447702E+009,-2.434529961185820E+001,5.032205298205154E+001,
5.384164222873900E+009,-2.434677488865169E+001,3.087524091505390E+001,
5.388074291300098E+009,-2.468651938449099E+001,1.197836991768299E+001,
5.391984359726296E+009,-2.488930991858249E+001,-5.650609725643973E+000,
5.395894428152493E+009,-2.482293296341955E+001,-2.353630368277279E+001,
5.399804496578690E+009,-2.489208993251470E+001,-4.271683990023134E+001,
5.403714565004888E+009,-2.515632651019133E+001,-6.030885584046983E+001,
5.407624633431086E+009,-2.521163711497110E+001,-7.778090305080566E+001,
5.411534701857283E+009,-2.526566859769485E+001,-9.550254742274092E+001,
5.415444770283480E+009,-2.522283559975750E+001,-1.118907191188188E+002,
5.419354838709678E+009,-2.489802986134147E+001,-1.288631622741809E+002,
5.423264907135875E+009,-2.465744395522964E+001,-1.486160752119386E+002,
5.427174975562073E+009,-2.441635692611110E+001,-1.681639937334408E+002,
5.431085043988270E+009,-2.440120167666544E+001,1.703683328143920E+002,
5.434995112414467E+009,-2.472378279249008E+001,1.508796670392131E+002,
5.438905180840665E+009,-2.512612815772054E+001,1.335235438248964E+002,
5.442815249266862E+009,-2.529733368165229E+001,1.172532743469350E+002,
5.446725317693060E+009,-2.515848233468825E+001,1.013370749985656E+002,
5.450635386119257E+009,-2.485287820416600E+001,8.358173686160333E+001,
5.454545454545454E+009,-2.461081874272829E+001,6.618153164279532E+001,
5.458455522971652E+009,-2.425545755361951E+001,4.767608668649765E+001,
5.462365591397850E+009,-2.390181254470495E+001,2.875369774331259E+001,
5.466275659824047E+009,-2.359474782173496E+001,8.513108847896193E+000,
5.470185728250244E+009,-2.319477628968326E+001,-1.133846198161644E+001,
5.474095796676442E+009,-2.302164813314913E+001,-3.367769814217576E+001,
5.478005865102639E+009,-2.313359819616940E+001,-5.468056113666629E+001,
5.481915933528837E+009,-2.337724877664623E+001,-7.531744842640794E+001,
5.485826001955034E+009,-2.347494668492247E+001,-9.457102331945259E+001,
5.489736070381231E+009,-2.357658733562654E+001,-1.138733116651339E+002,
5.493646138807429E+009,-2.362238697813647E+001,-1.328111140415051E+002,
5.497556207233626E+009,-2.359179247575201E+001,-1.527303749128768E+002,
5.501466275659824E+009,-2.378478756582361E+001,-1.711722342619703E+002,
5.505376344086021E+009,-2.363319439431460E+001,1.703217843720228E+002,
5.509286412512219E+009,-2.346262216923549E+001,1.510818198319428E+002,
5.513196480938417E+009,-2.326335593951021E+001,1.303101329837298E+002,
5.517106549364615E+009,-2.319634025400823E+001,1.085598483212756E+002,
5.521016617790812E+009,-2.336511549170170E+001,8.705403771232834E+001,
5.524926686217009E+009,-2.373304631367276E+001,6.645221399875489E+001,
5.528836754643207E+009,-2.414578350859431E+001,4.653914040125225E+001,
5.532746823069404E+009,-2.451484429637615E+001,2.773081159201341E+001,
5.536656891495602E+009,-2.479675721145664E+001,1.081355759823074E+001,
5.540566959921799E+009,-2.471243895012340E+001,-6.750703903497907E+000,
5.544477028347996E+009,-2.478423382410771E+001,-2.579190543925710E+001,
5.548387096774194E+009,-2.483098918785654E+001,-4.433201247831916E+001,
5.552297165200391E+009,-2.487856626603571E+001,-6.290241655917135E+001,
5.556207233626589E+009,-2.456704073339886E+001,-8.113110943950811E+001,
5.560117302052786E+009,-2.442834160038515E+001,-1.020717517319243E+002,
5.564027370478983E+009,-2.450788970713803E+001,-1.229426808935198E+002,
5.567937438905181E+009,-2.482334656715322E+001,-1.443921417348288E+002,
5.571847507331378E+009,-2.523293881646464E+001,-1.636908818462013E+002,
5.575757575757576E+009,-2.559277023834909E+001,1.788766922314242E+002,
5.579667644183773E+009,-2.581611683182878E+001,1.611824092716959E+002,
5.583577712609971E+009,-2.593143999481600E+001,1.441363620957665E+002,
5.587487781036168E+009,-2.584485083166682E+001,1.259903776201999E+002,
5.591397849462366E+009,-2.587982831480858E+001,1.071935131697426E+002,
5.595307917888563E+009,-2.575676240514444E+001,9.065811417024659E+001,
5.599217986314760E+009,-2.550288604072965E+001,7.226797663857708E+001,
5.603128054740958E+009,-2.511674812895069E+001,5.227112941550073E+001,
5.607038123167155E+009,-2.512479074887310E+001,3.090354856200434E+001,
5.610948191593353E+009,-2.522015855039039E+001,9.835228784275916E+000,
5.614858260019550E+009,-2.554526717713565E+001,-9.155969874001499E+000,
5.618768328445747E+009,-2.581484239276205E+001,-2.893801101068331E+001,
5.622678396871945E+009,-2.628800303575284E+001,-4.593836860636171E+001,
5.626588465298142E+009,-2.609949954504015E+001,-6.258167460445379E+001,
5.630498533724340E+009,-2.612638389102582E+001,-8.112646244103405E+001,
5.634408602150538E+009,-2.591095583317001E+001,-9.952787675384822E+001,
5.638318670576735E+009,-2.588645067366169E+001,-1.183017503122790E+002,
5.642228739002933E+009,-2.592736012798886E+001,-1.361804956018072E+002,
5.646138807429131E+009,-2.561492521661521E+001,-1.560270465927153E+002,
5.650048875855328E+009,-2.568156990343490E+001,-1.767472311269972E+002,
5.653958944281525E+009,-2.609147879805498E+001,1.644410861184618E+002,
5.657869012707723E+009,-2.624547058122282E+001,1.472232483665300E+002,
5.661779081133920E+009,-2.620115947814507E+001,1.306641076621436E+002,
5.665689149560118E+009,-2.606023244093926E+001,1.135182972957344E+002,
5.669599217986315E+009,-2.580371960776601E+001,9.530588317138273E+001,
5.673509286412512E+009,-2.550476863229319E+001,7.605629318696090E+001,
5.677419354838710E+009,-2.538876565147840E+001,5.707527280074859E+001,
5.681329423264907E+009,-2.512093619775058E+001,3.728479246731260E+001,
5.685239491691105E+009,-2.512426928604125E+001,1.681649415770776E+001,
5.689149560117302E+009,-2.524231232453920E+001,-2.456941687921751E+000,
5.693059628543499E+009,-2.512678251553439E+001,-2.028218438799249E+001,
5.696969696969697E+009,-2.502817782093215E+001,-4.014365225908994E+001,
5.700879765395895E+009,-2.513978628816464E+001,-5.993623046248601E+001,
5.704789833822092E+009,-2.533010697783042E+001,-7.813405464578300E+001,
5.708699902248289E+009,-2.539089875630261E+001,-9.432222730255002E+001,
5.712609970674487E+009,-2.483524139123583E+001,-1.131950114709835E+002,
5.716520039100684E+009,-2.475530351860900E+001,-1.328178938177570E+002,
5.720430107526882E+009,-2.453788234505700E+001,-1.516101626854208E+002,
5.724340175953079E+009,-2.437316781044441E+001,-1.711046014457274E+002,
5.728250244379276E+009,-2.408567684809317E+001,1.686875334258005E+002,
5.732160312805474E+009,-2.410962355979784E+001,1.473471817762465E+002,
5.736070381231671E+009,-2.422876690486531E+001,1.275312725231906E+002,
5.739980449657869E+009,-2.440120775600093E+001,1.080403786351265E+002,
5.743890518084066E+009,-2.437826626776768E+001,8.876684720807820E+001,
5.747800586510263E+009,-2.451842207941239E+001,7.001013485993093E+001,
5.751710654936461E+009,-2.457852510149422E+001,5.218837092074061E+001,
5.755620723362660E+009,-2.440954726047474E+001,3.414965849795754E+001,
5.759530791788857E+009,-2.411048228208713E+001,1.460181803382987E+001,
5.763440860215054E+009,-2.392218548099573E+001,-5.774093428944530E+000,
5.767350928641252E+009,-2.393665915557964E+001,-2.573977340972668E+001,
5.771260997067449E+009,-2.388227704268144E+001,-4.653402382876622E+001,
5.775171065493647E+009,-2.403146279741391E+001,-6.842517554172166E+001,
5.779081133919844E+009,-2.433793830208275E+001,-8.756043182916118E+001,
5.782991202346041E+009,-2.460862964305089E+001,-1.083933345583608E+002,
5.786901270772239E+009,-2.489529675649136E+001,-1.276904634995737E+002,
5.790811339198436E+009,-2.510370078931501E+001,-1.456426937563233E+002,
5.794721407624634E+009,-2.526285562394686E+001,-1.643271258427822E+002,
5.798631476050831E+009,-2.550642723177726E+001,1.788061828525519E+002,
5.802541544477028E+009,-2.546717757095960E+001,1.606175437029104E+002,
5.806451612903226E+009,-2.539169201084007E+001,1.415985359671343E+002,
5.810361681329423E+009,-2.533430617736139E+001,1.213965779539437E+002,
5.814271749755621E+009,-2.563773067660717E+001,1.013340323484213E+002,
5.818181818181818E+009,-2.597497752953951E+001,8.176687582360894E+001,
5.822091886608016E+009,-2.641235350867845E+001,6.416646772471049E+001,
5.826001955034213E+009,-2.667175344266659E+001,4.745311142841258E+001,
5.829912023460411E+009,-2.668441972444490E+001,2.875151142583715E+001,
5.833822091886608E+009,-2.733520518686878E+001,1.214575493573991E+001,
5.837732160312805E+009,-2.732113140361962E+001,-3.246982039437086E+000,
5.841642228739003E+009,-2.717654491057431E+001,-1.882591405500084E+001,
5.845552297165200E+009,-2.699582510283172E+001,-3.515493465437812E+001,
5.849462365591398E+009,-2.651137979449223E+001,-5.345636561101657E+001,
5.853372434017595E+009,-2.618120255133379E+001,-7.318424554157609E+001,
5.857282502443792E+009,-2.628102930562894E+001,-9.316643016514637E+001,
5.861192570869990E+009,-2.618123327805580E+001,-1.117387657682132E+002,
5.865102639296187E+009,-2.620978203279193E+001,-1.322555902057198E+002,
5.869012707722385E+009,-2.653528462414162E+001,-1.510698352332019E+002,
5.872922776148583E+009,-2.660320482744308E+001,-1.682026290263325E+002,
5.876832844574780E+009,-2.646795304511763E+001,1.725891044917826E+002,
5.880742913000978E+009,-2.682145130292908E+001,1.534376997688025E+002,
5.884652981427176E+009,-2.720408090776262E+001,1.369904438557163E+002,
5.888563049853373E+009,-2.723086979286114E+001,1.211010567949465E+002,
5.892473118279570E+009,-2.682730732697083E+001,1.051643350505154E+002,
5.896383186705768E+009,-2.651716858152804E+001,8.701441492337415E+001,
5.900293255131965E+009,-2.619515197301884E+001,6.834430422593657E+001,
5.904203323558163E+009,-2.597097763008632E+001,4.776744162842178E+001,
5.908113391984360E+009,-2.595119028070513E+001,2.878358836085710E+001,
5.912023460410557E+009,-2.568949745250757E+001,8.823125092441661E+000,
5.915933528836755E+009,-2.562798472675847E+001,-1.251763739020002E+001,
5.919843597262952E+009,-2.581338958210093E+001,-3.243112191730138E+001,
5.923753665689150E+009,-2.611399266314353E+001,-5.355184182031245E+001,
5.927663734115347E+009,-2.676739748272076E+001,-7.229250584019904E+001,
5.931573802541544E+009,-2.723504204816955E+001,-8.771857086461914E+001,
5.935483870967742E+009,-2.721565416401286E+001,-1.024193851582006E+002,
5.939393939393940E+009,-2.697814059684415E+001,-1.186190471140907E+002,
5.943304007820137E+009,-2.660181894263558E+001,-1.366320862726675E+002,
5.947214076246334E+009,-2.648278931404926E+001,-1.559649922501009E+002,
5.951124144672532E+009,-2.630044722553996E+001,-1.745290203457125E+002,
5.955034213098729E+009,-2.606516784258329E+001,1.642306760840096E+002,
5.958944281524927E+009,-2.625374309169283E+001,1.424803896231186E+002,
5.962854349951124E+009,-2.697809015896870E+001,1.213836382213172E+002,
5.966764418377321E+009,-2.771252533787605E+001,1.053030253107246E+002,
5.970674486803519E+009,-2.794260508655394E+001,9.393872288454925E+001,
5.974584555229716E+009,-2.753101738601241E+001,7.885977673023450E+001,
5.978494623655914E+009,-2.727065807409566E+001,6.222786296928243E+001,
5.982404692082111E+009,-2.688638053351162E+001,4.544408408065986E+001,
5.986314760508308E+009,-2.631270910462781E+001,2.744757722013167E+001,
5.990224828934506E+009,-2.581054770049357E+001,7.272398190383644E+000,
5.994134897360704E+009,-2.564290336527418E+001,-1.425894994505378E+001,
5.998044965786902E+009,-2.569741394413999E+001,-3.519111283972062E+001,
6.001955034213099E+009,-2.611071635765676E+001,-5.551138926527321E+001,
6.005865102639297E+009,-2.636207151473086E+001,-7.270281684840428E+001,
6.009775171065494E+009,-2.652383637608487E+001,-8.877712837356157E+001,
6.013685239491692E+009,-2.652332064094739E+001,-1.033001579315034E+002,
6.017595307917889E+009,-2.591204562418727E+001,-1.185601864373526E+002,
6.021505376344086E+009,-2.505893388495984E+001,-1.375712002436624E+002,
6.025415444770284E+009,-2.454643244498060E+001,-1.592150209004725E+002,
6.029325513196481E+009,-2.438143048415570E+001,1.797638837939267E+002,
6.033235581622679E+009,-2.440122597991081E+001,1.589162294968971E+002,
6.037145650048876E+009,-2.441797359451042E+001,1.392643424292880E+002,
6.041055718475073E+009,-2.434329870346759E+001,1.202611981754257E+002,
6.044965786901271E+009,-2.433912529943031E+001,9.978191844515827E+001,
6.048875855327468E+009,-2.440018472322757E+001,8.125394822622789E+001,
6.052785923753666E+009,-2.421388027793806E+001,6.327222591912831E+001,
6.056695992179863E+009,-2.400577209662959E+001,4.466747016607742E+001,
6.060606060606061E+009,-2.366300755808488E+001,2.494464327502669E+001,
6.064516129032258E+009,-2.343571143705862E+001,4.453087970487153E+000,
6.068426197458456E+009,-2.322967343453249E+001,-1.715881558357494E+001,
6.072336265884653E+009,-2.324384697896797E+001,-3.890180194335033E+001,
6.076246334310850E+009,-2.335805723660156E+001,-5.948272803180729E+001,
6.080156402737048E+009,-2.338927568321294E+001,-8.004554638135100E+001,
6.084066471163245E+009,-2.359458123940308E+001,-9.969458184588044E+001,
6.087976539589443E+009,-2.362657484612752E+001,-1.199138714653201E+002,
6.091886608015640E+009,-2.364814342710650E+001,-1.401420808840233E+002,
6.095796676441837E+009,-2.377826250391219E+001,-1.600886127287367E+002,
6.099706744868035E+009,-2.393888967072038E+001,-1.793763206436237E+002,
6.103616813294232E+009,-2.386226757602819E+001,1.612927967089499E+002,
6.107526881720430E+009,-2.373086639135626E+001,1.409245680539142E+002,
6.111436950146627E+009,-2.379843927926764E+001,1.190839531118520E+002,
6.115347018572825E+009,-2.402828067658096E+001,9.728933541231520E+001,
6.119257086999023E+009,-2.440048492514493E+001,7.632974398298424E+001,
6.123167155425221E+009,-2.488322996149391E+001,5.565601840066639E+001,
6.127077223851418E+009,-2.551075955442754E+001,3.592773409564165E+001,
6.130987292277615E+009,-2.598184032886817E+001,1.928957279482813E+001,
6.134897360703813E+009,-2.619070659102572E+001,1.784122023895910E+000,
6.138807429130010E+009,-2.632548293584783E+001,-1.496931462981948E+001,
6.142717497556208E+009,-2.638257195337802E+001,-3.344676176748845E+001,
6.146627565982405E+009,-2.632564561559693E+001,-5.124110309903570E+001,
6.150537634408602E+009,-2.618406234939257E+001,-6.949214521952239E+001,
6.154447702834800E+009,-2.604351290577535E+001,-8.976741783318551E+001,
6.158357771260998E+009,-2.619162641371528E+001,-1.107573453884140E+002,
6.162267839687195E+009,-2.640225266166454E+001,-1.314101314326647E+002,
6.166177908113392E+009,-2.671274828531653E+001,-1.517568868517544E+002,
6.170087976539589E+009,-2.724393380773797E+001,-1.716697087022531E+002,
6.173998044965787E+009,-2.796033180381668E+001,1.689641954967529E+002,
6.177908113391985E+009,-2.879736490194441E+001,1.546810226940212E+002,
6.181818181818182E+009,-2.886388642170347E+001,1.407617405643966E+002,
6.185728250244379E+009,-2.863621701768401E+001,1.248571652497205E+002,
6.189638318670576E+009,-2.844499441401544E+001,1.073990297759466E+002,
6.193548387096774E+009,-2.809144230501839E+001,9.016936636341924E+001,
6.197458455522972E+009,-2.777750139138887E+001,7.093935811358961E+001,
6.201368523949169E+009,-2.769042922113529E+001,4.979730863961755E+001,
6.205278592375366E+009,-2.794250257351471E+001,2.937451819785277E+001,
6.209188660801564E+009,-2.827944022506106E+001,1.030049870628888E+001,
6.213098729227762E+009,-2.848933078187688E+001,-8.573418336559156E+000,
6.217008797653959E+009,-2.886197614304116E+001,-2.766030976915363E+001,
6.220918866080156E+009,-2.936113577478556E+001,-4.292327292744184E+001,
6.224828934506353E+009,-2.954918491192519E+001,-5.918211987073407E+001,
6.228739002932551E+009,-2.948279847801075E+001,-7.580794550941204E+001,
6.232649071358749E+009,-2.969877808836411E+001,-9.209372153586929E+001,
6.236559139784946E+009,-2.942563191728068E+001,-1.064043222631914E+002,
6.240469208211144E+009,-2.891280543207499E+001,-1.233418218389027E+002,
6.244379276637341E+009,-2.852600757665442E+001,-1.422753784855536E+002,
6.248289345063539E+009,-2.834291938599501E+001,-1.633300828176506E+002,
6.252199413489737E+009,-2.873496588202455E+001,1.786649187005344E+002,
6.256109481915934E+009,-2.868035418857359E+001,1.627310308426159E+002,
6.260019550342131E+009,-2.846091141589223E+001,1.456657457284772E+002,
6.263929618768329E+009,-2.818088940962408E+001,1.280184816865109E+002,
6.267839687194526E+009,-2.792718982462186E+001,1.088698440582131E+002,
6.271749755620724E+009,-2.777767903831856E+001,9.022219599228272E+001,
6.275659824046921E+009,-2.780234664776912E+001,7.129627139420222E+001,
6.279569892473118E+009,-2.757280648731903E+001,5.571613460093636E+001,
6.283479960899316E+009,-2.703356166351540E+001,3.727735262345924E+001,
6.287390029325514E+009,-2.666769990739107E+001,1.767452820862622E+001,
6.291300097751711E+009,-2.630040315956131E+001,-2.508370117329959E+000,
6.295210166177908E+009,-2.608148075732970E+001,-2.468926513062626E+001,
6.299120234604105E+009,-2.624154038070677E+001,-4.456478106692574E+001,
6.303030303030303E+009,-2.616559468136084E+001,-6.457099753213856E+001,
6.306940371456501E+009,-2.619139212617505E+001,-8.549692328640846E+001,
6.310850439882698E+009,-2.636148759206915E+001,-1.046663936697502E+002,
6.314760508308895E+009,-2.650787708229846E+001,-1.243823298910026E+002,
6.318670576735093E+009,-2.679925700448150E+001,-1.420872123660867E+002,
6.322580645161290E+009,-2.678689539449671E+001,-1.585554350925903E+002,
6.326490713587488E+009,-2.638352852643827E+001,-1.782106026192442E+002,
6.330400782013685E+009,-2.653411400911645E+001,1.607543272078883E+002,
6.334310850439882E+009,-2.669614150581506E+001,1.435256916206034E+002,
6.338220918866080E+009,-2.656575232953097E+001,1.254748637541624E+002,
6.342130987292278E+009,-2.636026982375732E+001,1.065269023007332E+002,
6.346041055718475E+009,-2.626240235236693E+001,8.772043977872022E+001,
6.349951124144672E+009,-2.601484629634486E+001,6.791695301112681E+001,
6.353861192570869E+009,-2.603676509716993E+001,4.645509127069438E+001,
6.357771260997068E+009,-2.612982828677394E+001,2.555779097122826E+001,
6.361681329423266E+009,-2.629233071838268E+001,5.752129567877989E+000,
6.365591397849463E+009,-2.658254394569381E+001,-1.352724698097378E+001,
6.369501466275660E+009,-2.689081196029266E+001,-3.275610793741307E+001,
6.373411534701857E+009,-2.705624796577011E+001,-4.964250022935893E+001,
6.377321603128055E+009,-2.705464251455250E+001,-6.682931119072781E+001,
6.381231671554253E+009,-2.677456854284883E+001,-8.574438245041010E+001,
6.385141739980450E+009,-2.670480469868483E+001,-1.052178686872404E+002,
6.389051808406647E+009,-2.660677703551997E+001,-1.256285101983655E+002,
6.392961876832845E+009,-2.690398484378802E+001,-1.464376098622532E+002,
6.396871945259043E+009,-2.721126417042867E+001,-1.649592283333936E+002,
6.400782013685240E+009,-2.727758472443479E+001,1.760946243766586E+002,
6.404692082111437E+009,-2.732882717061580E+001,1.580271807387318E+002,
6.408602150537634E+009,-2.759781665373612E+001,1.383474177566686E+002,
6.412512218963832E+009,-2.791686709595078E+001,1.213334839308052E+002,
6.416422287390030E+009,-2.773983685516322E+001,1.044280205740891E+002,
6.420332355816227E+009,-2.767575252084004E+001,8.540225705783701E+001,
6.424242424242424E+009,-2.755470069685571E+001,6.603734913508363E+001,
6.428152492668621E+009,-2.759151550139897E+001,4.626053291852214E+001,
6.432062561094819E+009,-2.770176086870869E+001,2.654069858755828E+001,
6.435972629521017E+009,-2.802897697288193E+001,7.826095070031060E+000,
6.439882697947214E+009,-2.812299031776609E+001,-1.093042896008391E+001,
6.443792766373411E+009,-2.853188448425241E+001,-2.761718776898510E+001,
6.447702834799609E+009,-2.836605428506368E+001,-4.464281086531268E+001,
6.451612903225807E+009,-2.838846830658941E+001,-6.240026767895795E+001,
6.455522971652004E+009,-2.812006525119777E+001,-7.991919913998477E+001,
6.459433040078201E+009,-2.801899220577317E+001,-9.906989227816028E+001,
6.463343108504398E+009,-2.791067255491114E+001,-1.177218626614909E+002,
6.467253176930596E+009,-2.763676196962872E+001,-1.366249971776659E+002,
6.471163245356794E+009,-2.748034346148460E+001,-1.571777005253359E+002,
6.475073313782991E+009,-2.751057914780646E+001,-1.778008611964322E+002,
6.478983382209189E+009,-2.754212347874847E+001,1.615447807120326E+002,
6.482893450635386E+009,-2.775275789471602E+001,1.400625105558365E+002,
6.486803519061584E+009,-2.842983958335622E+001,1.184337592609665E+002,
6.490713587487782E+009,-2.923560559130793E+001,1.023668423381992E+002,
6.494623655913979E+009,-2.954358852877020E+001,8.738250733830520E+001,
6.498533724340176E+009,-2.923019474689270E+001,7.076967960244785E+001,
6.502443792766374E+009,-2.921278802448168E+001,5.257614517275465E+001,
6.506353861192571E+009,-2.901529851764909E+001,3.432438880027765E+001,
6.510263929618769E+009,-2.906097341702386E+001,1.589052071033004E+001,
6.514173998044966E+009,-2.902060827986293E+001,-2.475740790710829E+000,
6.518084066471163E+009,-2.894553785039086E+001,-2.181878978387831E+001,
6.521994134897361E+009,-2.899068266296200E+001,-4.179257612810524E+001,
6.525904203323559E+009,-2.908127421865054E+001,-6.099020395655315E+001,
6.529814271749756E+009,-2.945773010414519E+001,-8.037861831799806E+001,
6.533724340175953E+009,-3.018653894419728E+001,-9.720938817354964E+001,
6.537634408602150E+009,-3.013250385097853E+001,-1.111888373494758E+002,
6.541544477028348E+009,-2.977920539969716E+001,-1.290649283833602E+002,
6.545454545454546E+009,-2.965949882197606E+001,-1.469748762119926E+002,
6.549364613880743E+009,-2.981440052753121E+001,-1.662864462444881E+002,
6.553274682306940E+009,-3.001729817399398E+001,1.765432045005841E+002,
6.557184750733138E+009,-2.992405905428735E+001,1.594968312135871E+002,
6.561094819159335E+009,-2.964869034039891E+001,1.427045615489201E+002,
6.565004887585533E+009,-2.956284619230586E+001,1.240228174441295E+002,
6.568914956011730E+009,-2.942153157514821E+001,1.057182500657432E+002,
6.572825024437927E+009,-2.936660500718948E+001,8.814871687395316E+001,
6.576735092864125E+009,-2.917760101859181E+001,7.044656448548837E+001,
6.580645161290323E+009,-2.907952990398867E+001,5.278817153061070E+001,
6.584555229716520E+009,-2.881968760321409E+001,3.439025305242637E+001,
6.588465298142717E+009,-2.840736771935119E+001,1.625509203067975E+001,
6.592375366568914E+009,-2.789281205558817E+001,-4.712938317265583E+000,
6.596285434995112E+009,-2.780470478873470E+001,-2.606004944969922E+001,
6.600195503421310E+009,-2.800101000314901E+001,-4.776389164863947E+001,
6.604105571847508E+009,-2.818247606460936E+001,-6.749307455461994E+001,
6.608015640273705E+009,-2.832396072429212E+001,-8.669289357631547E+001,
6.611925708699902E+009,-2.878163393500732E+001,-1.076650105425892E+002,
6.615835777126100E+009,-2.943476584960217E+001,-1.227612903105893E+002,
6.619745845552298E+009,-2.934537802698927E+001,-1.362615638295472E+002,
6.623655913978495E+009,-2.841280075097830E+001,-1.519139633465548E+002,
6.627565982404692E+009,-2.784989490204949E+001,-1.718867811190739E+002,
6.631476050830890E+009,-2.733693345847376E+001,1.671867927883597E+002,
6.635386119257088E+009,-2.719443855775470E+001,1.445580543672250E+002,
6.639296187683285E+009,-2.723052431051350E+001,1.229290788799601E+002,
6.643206256109482E+009,-2.743722843540545E+001,1.018911010594379E+002,
6.647116324535679E+009,-2.760862644345124E+001,8.152430303522645E+001,
6.651026392961877E+009,-2.780140099687602E+001,6.135724590831115E+001,
6.654936461388075E+009,-2.803745961733044E+001,4.051887369724575E+001,
6.658846529814272E+009,-2.863991771209190E+001,2.067420040278200E+001,
6.662756598240469E+009,-2.914555120429860E+001,4.143980005762732E+000,
6.666666666666666E+009,-2.934700760040104E+001,-9.760290914148232E+000,
6.670576735092864E+009,-2.885467251978783E+001,-2.484050159422765E+001,
6.674486803519062E+009,-2.814352009618872E+001,-4.469820692972919E+001,
6.678396871945259E+009,-2.793295040810007E+001,-6.627783587527273E+001,
6.682306940371456E+009,-2.778636218294043E+001,-8.768351573519786E+001,
6.686217008797654E+009,-2.796564426164805E+001,-1.105820583394497E+002,
6.690127077223852E+009,-2.839237640972348E+001,-1.315857505260266E+002,
6.694037145650049E+009,-2.895346589510412E+001,-1.519449191937735E+002,
6.697947214076246E+009,-2.954848886840507E+001,-1.692454144783451E+002,
6.701857282502443E+009,-3.022954128199190E+001,1.748302244882090E+002,
6.705767350928641E+009,-3.013289702448624E+001,1.604612455457135E+002,
6.709677419354839E+009,-2.986382919972437E+001,1.451695494540108E+002,
6.713587487781036E+009,-2.910044952662302E+001,1.278828870343791E+002,
6.717497556207233E+009,-2.839854355449985E+001,1.047510462892626E+002,
6.721407624633431E+009,-2.856992442390389E+001,8.095423038517623E+001,
6.725317693059629E+009,-2.903549285440929E+001,5.925261992488723E+001,
6.729227761485827E+009,-2.957596967858073E+001,4.075859706105870E+001,
6.733137829912024E+009,-3.005069541745640E+001,2.323399584967004E+001,
6.737047898338221E+009,-3.039523039850385E+001,4.954816684812371E+000,
6.740957966764419E+009,-3.048521490575164E+001,-1.344134721034451E+001,
6.744868035190616E+009,-3.092748159759607E+001,-3.079434225086773E+001,
6.748778103616814E+009,-3.143065626220747E+001,-4.575719300608221E+001,
6.752688172043011E+009,-3.117443371272606E+001,-5.810674353850379E+001,
6.756598240469208E+009,-3.052219555425026E+001,-7.313824050338472E+001,
6.760508308895406E+009,-2.963721554907060E+001,-9.311849773948231E+001,
6.764418377321604E+009,-2.935907005895345E+001,-1.179996378812815E+002,
6.768328445747801E+009,-2.976436532427591E+001,-1.397740159472024E+002,
6.772238514173998E+009,-3.026974517675276E+001,-1.601132440519710E+002,
6.776148582600195E+009,-3.090416970294864E+001,-1.780132082999548E+002,
6.780058651026393E+009,-3.127951545174737E+001,1.637369951399517E+002,
6.783968719452591E+009,-3.205138951049692E+001,1.486871154072784E+002,
6.787878787878788E+009,-3.250000073982984E+001,1.360442491412739E+002,
6.791788856304985E+009,-3.219592802781727E+001,1.247666596423356E+002,
6.795698924731183E+009,-3.140448708255230E+001,1.105293543669392E+002,
6.799608993157380E+009,-3.043873854586403E+001,9.458485977600333E+001,
6.803519061583578E+009,-2.962009643186141E+001,7.293169759405677E+001,
6.807429130009775E+009,-2.952491959978948E+001,4.973121310237811E+001,
6.811339198435972E+009,-2.991136496683271E+001,2.896622448603943E+001,
6.815249266862170E+009,-3.015204868443707E+001,1.015274085014612E+001,
6.819159335288368E+009,-3.070394141304262E+001,-4.041757573530364E+000,
6.823069403714565E+009,-3.056282021425032E+001,-1.847295667322150E+001,
6.826979472140762E+009,-3.017864523667007E+001,-3.522508358643819E+001,
6.830889540566959E+009,-2.989692991467078E+001,-4.996914389170179E+001,
6.834799608993157E+009,-2.909583528935665E+001,-6.605312553179846E+001,
6.838709677419355E+009,-2.807269784831637E+001,-8.552854723962685E+001,
6.842619745845552E+009,-2.768692954244191E+001,-1.078731031712605E+002,
6.846529814271750E+009,-2.757455429605271E+001,-1.280183566439446E+002,
6.850439882697948E+009,-2.744725400337178E+001,-1.477659063143624E+002,
6.854349951124145E+009,-2.736201102568758E+001,-1.667770544890940E+002,
6.858260019550343E+009,-2.712435394430413E+001,1.745435835801627E+002,
6.862170087976540E+009,-2.707214325497831E+001,1.546018018596917E+002,
6.866080156402737E+009,-2.706120064053345E+001,1.354094344749066E+002,
6.869990224828935E+009,-2.681885991415982E+001,1.176729240913862E+002,
6.873900293255133E+009,-2.652836994869023E+001,9.983662801537292E+001,
6.877810361681330E+009,-2.621452418387093E+001,8.038427812621502E+001,
6.881720430107527E+009,-2.583404509575939E+001,6.146675870799973E+001,
6.885630498533724E+009,-2.539283517403110E+001,4.056272303070279E+001,
6.889540566959922E+009,-2.519272559094386E+001,1.914344835722979E+001,
6.893450635386120E+009,-2.504870057466400E+001,-2.207521010421077E+000,
6.897360703812317E+009,-2.505245818331107E+001,-2.335384687582668E+001,
6.901270772238514E+009,-2.506187206589363E+001,-4.407294771195598E+001,
6.905180840664711E+009,-2.522394634004840E+001,-6.485969765028921E+001,
6.909090909090909E+009,-2.532486995400893E+001,-8.544921363016441E+001,
6.913000977517107E+009,-2.559720509015488E+001,-1.050864013657463E+002,
6.916911045943304E+009,-2.584776472014086E+001,-1.232155930172868E+002,
6.920821114369501E+009,-2.594324646776007E+001,-1.402486630355455E+002,
6.924731182795699E+009,-2.578654750314271E+001,-1.578837443164717E+002,
6.928641251221897E+009,-2.545616276296372E+001,-1.759340447745282E+002,
6.932551319648094E+009,-2.505930712083432E+001,1.634032912321742E+002,
6.936461388074291E+009,-2.494441091349039E+001,1.413064990938531E+002,
6.940371456500488E+009,-2.508339138921329E+001,1.192357749863626E+002,
6.944281524926686E+009,-2.546529571843056E+001,9.905991343242307E+001,
6.948191593352884E+009,-2.579713162101667E+001,8.002764750335982E+001,
6.952101661779081E+009,-2.600279204188944E+001,6.302049459326040E+001,
6.956011730205278E+009,-2.609856009802856E+001,4.515476575252009E+001,
6.959921798631475E+009,-2.595206637763333E+001,2.668377350074998E+001,
6.963831867057674E+009,-2.573740584229820E+001,7.585992828460831E+000,
6.967741935483872E+009,-2.581313687373127E+001,-1.159494542790686E+001,
6.971652003910069E+009,-2.570282327776130E+001,-3.035795145102813E+001,
6.975562072336266E+009,-2.562694149944445E+001,-5.183037194000368E+001,
6.979472140762464E+009,-2.584332175765639E+001,-7.240644700730205E+001,
6.983382209188661E+009,-2.610496063589129E+001,-9.094966335838569E+001,
6.987292277614859E+009,-2.639761474667187E+001,-1.088993984246939E+002,
6.991202346041056E+009,-2.644974343319641E+001,-1.272187574524607E+002,
6.995112414467253E+009,-2.650128402495080E+001,-1.449580064769857E+002,
6.999022482893451E+009,-2.652198125167635E+001,-1.636000538355633E+002,
7.002932551319649E+009,-2.654343821198773E+001,1.792082825126423E+002,
7.006842619745846E+009,-2.633957246474733E+001,1.603212704533765E+002,
7.010752688172043E+009,-2.607374841374617E+001,1.405883047639183E+002,
7.014662756598240E+009,-2.603411553428722E+001,1.197451742346039E+002,
7.018572825024438E+009,-2.627996809320991E+001,9.801314335003617E+001,
7.022482893450636E+009,-2.662690793969286E+001,7.961528933277538E+001,
7.026392961876833E+009,-2.693206056935576E+001,6.146711837565852E+001,
7.030303030303030E+009,-2.723219420549203E+001,4.326678932210105E+001,
7.034213098729228E+009,-2.746638976810276E+001,2.686935554721379E+001,
7.038123167155425E+009,-2.739242048260859E+001,8.419979698284402E+000,
7.042033235581623E+009,-2.746910706476090E+001,-9.935280295448809E+000,
7.045943304007820E+009,-2.747851817171261E+001,-2.694202995752902E+001,
7.049853372434017E+009,-2.738628669192028E+001,-4.422417202898829E+001,
7.053763440860215E+009,-2.716277284109742E+001,-6.250704030675032E+001,
7.057673509286413E+009,-2.712075980129305E+001,-8.213431951684494E+001,
7.061583577712610E+009,-2.700658285996608E+001,-1.024616296550198E+002,
7.065493646138807E+009,-2.740131316159914E+001,-1.226246969538265E+002,
7.069403714565004E+009,-2.784806889309154E+001,-1.399477739876965E+002,
7.073313782991202E+009,-2.799169705504412E+001,-1.554781642781477E+002,
7.077223851417400E+009,-2.803452702493111E+001,-1.714129614640075E+002,
7.081133919843597E+009,-2.773943086596090E+001,1.736320969933188E+002,
7.085043988269795E+009,-2.728197548806502E+001,1.564687652091361E+002,
7.088954056695993E+009,-2.676348143401554E+001,1.364097336458392E+002,
7.092864125122190E+009,-2.662827099432008E+001,1.163591365115040E+002,
7.096774193548388E+009,-2.661861793824169E+001,9.667357225939726E+001,
7.100684261974585E+009,-2.648926937404120E+001,7.861686696237472E+001,
7.104594330400782E+009,-2.634546674378263E+001,5.971854266498024E+001,
7.108504398826980E+009,-2.634604941897548E+001,4.001145976891813E+001,
7.112414467253178E+009,-2.627897746536216E+001,2.071740756141726E+001,
7.116324535679375E+009,-2.630978553042876E+001,3.077795365292100E+000,
7.120234604105572E+009,-2.607891124545363E+001,-1.537771336588441E+001,
7.124144672531769E+009,-2.588433261846667E+001,-3.473127074758919E+001,
7.128054740957967E+009,-2.570002380149862E+001,-5.467990805670346E+001,
7.131964809384165E+009,-2.545928876823346E+001,-7.404144446584031E+001,
7.135874877810362E+009,-2.539622401508566E+001,-9.496286352543442E+001,
7.139784946236559E+009,-2.564281802943387E+001,-1.143419550014546E+002,
7.143695014662756E+009,-2.579441202729730E+001,-1.332732008159682E+002,
7.147605083088954E+009,-2.567311124934032E+001,-1.503726795369401E+002,
7.151515151515152E+009,-2.527820453840274E+001,-1.694682368530883E+002,
7.155425219941349E+009,-2.500827730997354E+001,1.699174128324392E+002,
7.159335288367546E+009,-2.502795699411049E+001,1.484744090025717E+002,
7.163245356793744E+009,-2.518168506997220E+001,1.275453859004164E+002,
7.167155425219942E+009,-2.534663028751434E+001,1.080805666682191E+002,
7.171065493646139E+009,-2.558371641181444E+001,8.762656297827697E+001,
7.174975562072336E+009,-2.592620173301877E+001,6.950865308757072E+001,
7.178885630498533E+009,-2.588815700620743E+001,5.192243447220653E+001,
7.182795698924731E+009,-2.590514902535388E+001,3.337714832871262E+001,
7.186705767350929E+009,-2.563334824955565E+001,1.611488253482079E+001,
7.190615835777126E+009,-2.527534996998277E+001,-3.182716619887446E+000,
7.194525904203323E+009,-2.503718600089290E+001,-2.421930634118349E+001,
7.198435972629520E+009,-2.482283829383299E+001,-4.664945602272915E+001,
7.202346041055718E+009,-2.482717680697483E+001,-6.901425287710045E+001,
7.206256109481916E+009,-2.507487109655207E+001,-9.156516993961560E+001,
7.210166177908114E+009,-2.578944614577266E+001,-1.130707851569139E+002,
7.214076246334311E+009,-2.638834829970900E+001,-1.320331928203158E+002,
7.217986314760509E+009,-2.688300895432251E+001,-1.491500750973283E+002,
7.221896383186706E+009,-2.693832513392807E+001,-1.663774414664857E+002,
7.225806451612904E+009,-2.698736020862992E+001,1.763209057530874E+002,
7.229716520039101E+009,-2.681177477615134E+001,1.586240207912996E+002,
7.233626588465298E+009,-2.670475725894008E+001,1.389655174054435E+002,
7.237536656891496E+009,-2.660067752448408E+001,1.191502496360771E+002,
7.241446725317694E+009,-2.645370371190894E+001,9.750405932687163E+001,
7.245356793743891E+009,-2.676998447246636E+001,7.548256587959919E+001,
7.249266862170088E+009,-2.729495885938850E+001,5.478653999442675E+001,
7.253176930596285E+009,-2.782444573041588E+001,3.472730069423118E+001,
7.257086999022483E+009,-2.837496723518318E+001,1.762948685608253E+001,
7.260997067448681E+009,-2.862455474893414E+001,7.425374585230302E-001,
7.264907135874878E+009,-2.872741965728503E+001,-1.693085827368988E+001,
7.268817204301075E+009,-2.886687873099140E+001,-3.490535200274610E+001,
7.272727272727273E+009,-2.899472007175094E+001,-5.305097195085332E+001,
7.276637341153470E+009,-2.899508213292432E+001,-7.118191744884969E+001,
7.280547409579668E+009,-2.902505913772181E+001,-9.014998204502086E+001,
7.284457478005865E+009,-2.951504048991143E+001,-1.092181452600458E+002,
7.288367546432062E+009,-2.975136620807881E+001,-1.271488384047156E+002,
7.292277614858260E+009,-2.999959026462544E+001,-1.443672510658456E+002,
7.296187683284458E+009,-3.038184241542741E+001,-1.624163268080824E+002,
7.300097751710655E+009,-3.067226429504056E+001,-1.779522267530301E+002,
7.304007820136852E+009,-3.050678423228678E+001,1.655557903677317E+002,
7.307917888563049E+009,-3.076160598092986E+001,1.490326868364444E+002,
7.311827956989247E+009,-3.086197331493814E+001,1.342366089939180E+002,
7.315738025415445E+009,-3.021993259606978E+001,1.178828835899312E+002,
7.319648093841642E+009,-2.994511180063147E+001,9.803240166515825E+001,
7.323558162267839E+009,-2.976639652513531E+001,7.842425663669658E+001,
7.327468230694037E+009,-2.974466730497979E+001,5.838523069882223E+001,
7.331378299120235E+009,-2.992774941631379E+001,3.916627278903990E+001,
7.335288367546433E+009,-3.029526008786766E+001,2.166234297281442E+001,
7.339198435972630E+009,-3.059290494836306E+001,5.028874141102783E+000,
7.343108504398827E+009,-3.048340075897231E+001,-1.007382726833193E+001,
7.347018572825025E+009,-3.021198986695140E+001,-2.574690712755107E+001,
7.350928641251223E+009,-2.975657393531458E+001,-4.250205661245628E+001,
7.354838709677420E+009,-2.930111615542713E+001,-5.985893655181639E+001,
7.358748778103617E+009,-2.873753320639719E+001,-7.939732564933814E+001,
7.362658846529814E+009,-2.846258136903419E+001,-1.001974254971604E+002,
7.366568914956012E+009,-2.818831137796736E+001,-1.209968669163449E+002,
7.370478983382210E+009,-2.819861887524251E+001,-1.420883950920263E+002,
7.374389051808407E+009,-2.833954660031044E+001,-1.623895684669830E+002,
7.378299120234604E+009,-2.857928895293613E+001,1.775355828571059E+002,
7.382209188660801E+009,-2.896217114645012E+001,1.602208974444724E+002,
7.386119257086999E+009,-2.890544744733248E+001,1.450414892893346E+002,
7.390029325513197E+009,-2.855454327305445E+001,1.286691034681639E+002,
7.393939393939394E+009,-2.800068035683649E+001,1.105727135142792E+002,
7.397849462365591E+009,-2.758445895763333E+001,8.991711817609264E+001,
7.401759530791789E+009,-2.720311771020869E+001,6.978240434366182E+001,
7.405669599217987E+009,-2.706467127239455E+001,4.791648653615807E+001,
7.409579667644184E+009,-2.730195769679279E+001,2.621375607101021E+001,
7.413489736070381E+009,-2.733505518031919E+001,6.546793816629735E+000,
7.417399804496578E+009,-2.744761401655692E+001,-1.380153314316898E+001,
7.421309872922776E+009,-2.769472353787111E+001,-3.440855342725499E+001,
7.425219941348974E+009,-2.809642386306584E+001,-5.224707099815500E+001,
7.429130009775171E+009,-2.810922005298886E+001,-6.888185333465611E+001,
7.433040078201368E+009,-2.800816733200604E+001,-8.709244110147485E+001,
7.436950146627565E+009,-2.787270639436765E+001,-1.050926248438766E+002,
7.440860215053763E+009,-2.748609268001762E+001,-1.228738573188538E+002,
7.444770283479961E+009,-2.704542493233481E+001,-1.436075192655580E+002,
7.448680351906158E+009,-2.694585633122260E+001,-1.655583491280359E+002,
7.452590420332356E+009,-2.686873024545869E+001,1.731141439267342E+002,
7.456500488758554E+009,-2.706097831526527E+001,1.516025427014399E+002,
7.460410557184751E+009,-2.752861134269450E+001,1.293994692431658E+002,
7.464320625610949E+009,-2.797430951729027E+001,1.091407039860200E+002,
7.468230694037146E+009,-2.863297537456328E+001,9.006878738972449E+001,
7.472140762463343E+009,-2.922251397868408E+001,7.441867553341851E+001,
7.476050830889541E+009,-2.900563458142680E+001,5.772218159669088E+001,
7.479960899315739E+009,-2.896776794864553E+001,4.016507315198331E+001,
7.483870967741936E+009,-2.891987904961485E+001,2.217181971718423E+001,
7.487781036168133E+009,-2.856077012415447E+001,1.106906847132128E+000,
7.491691104594330E+009,-2.878433582696583E+001,-1.815994564123882E+001,
7.495601173020528E+009,-2.907230890856986E+001,-3.962477030394305E+001,
7.499511241446726E+009,-2.966939860356397E+001,-5.851083501683000E+001,
7.503421309872923E+009,-2.990614969306022E+001,-7.408041438984093E+001,
7.507331378299120E+009,-2.984934357498317E+001,-9.118764552546828E+001,
7.511241446725318E+009,-2.997994292389954E+001,-1.111955444701401E+002,
7.515151515151515E+009,-3.039082749906784E+001,-1.282721917015965E+002,
7.519061583577713E+009,-3.035375884119061E+001,-1.455292856963820E+002,
7.522971652003910E+009,-3.019207217331517E+001,-1.632327712629521E+002,
7.526881720430107E+009,-3.025980123145079E+001,1.771130372731401E+002,
7.530791788856305E+009,-3.058456338779072E+001,1.599082186268774E+002,
7.534701857282503E+009,-3.072952226953805E+001,1.416392187490895E+002,
7.538611925708700E+009,-3.100277373630390E+001,1.238554906789002E+002,
7.542521994134897E+009,-3.094394105405438E+001,1.076004709930356E+002,
7.546432062561094E+009,-3.091691517179659E+001,9.023447188039802E+001,
7.550342130987292E+009,-3.086257556509623E+001,7.262366058571155E+001,
7.554252199413490E+009,-3.084927091646131E+001,5.538019135884036E+001,
7.558162267839687E+009,-3.093806811084611E+001,3.753310438756918E+001,
7.562072336265884E+009,-3.093553446992723E+001,1.958742990157973E+001,
7.565982404692082E+009,-3.072696215779573E+001,3.332543757818882E+000,
7.569892473118280E+009,-3.072743299594083E+001,-1.493205726064789E+001,
7.573802541544478E+009,-3.066708271564995E+001,-3.258648118356438E+001,
7.577712609970675E+009,-3.057090135543578E+001,-4.927328212176943E+001,
7.581622678396872E+009,-3.023233986340052E+001,-6.669954323320305E+001,
7.585532746823070E+009,-3.004751043786699E+001,-8.646238129644652E+001,
7.589442815249268E+009,-3.011781374656947E+001,-1.052729046978764E+002,
7.593352883675465E+009,-3.027422228302375E+001,-1.219870035417500E+002,
7.597262952101662E+009,-3.011733764110238E+001,-1.395220430870596E+002,
7.601173020527859E+009,-2.969488502143063E+001,-1.544603391315409E+002,
7.605083088954057E+009,-2.931935719455476E+001,-1.733517525129041E+002,
7.608993157380255E+009,-2.884553970201533E+001,1.670056076226469E+002,
7.612903225806452E+009,-2.874172439006742E+001,1.471833808737930E+002,
7.616813294232649E+009,-2.844724046892310E+001,1.291786319583898E+002,
7.620723362658846E+009,-2.809959520252089E+001,1.086454451827395E+002,
7.624633431085044E+009,-2.795432113386351E+001,8.720205611872743E+001,
7.628543499511242E+009,-2.794167186363708E+001,6.756790713937703E+001,
7.632453567937439E+009,-2.782823034920234E+001,4.792924887955692E+001,
7.636363636363636E+009,-2.786028407706309E+001,2.808897578748249E+001,
7.640273704789834E+009,-2.797857296226542E+001,9.638952314872505E+000,
7.644183773216032E+009,-2.809548908251875E+001,-9.700897131387794E+000,
7.648093841642229E+009,-2.815626682748263E+001,-2.714845547004350E+001,
7.652003910068426E+009,-2.802027106773556E+001,-4.501433052086418E+001,
7.655913978494623E+009,-2.782664843699468E+001,-6.365151230724788E+001,
7.659824046920821E+009,-2.777669931851233E+001,-8.216938951542588E+001,
7.663734115347019E+009,-2.766660220382347E+001,-1.008407672192999E+002,
7.667644183773216E+009,-2.738000175455850E+001,-1.203650480174114E+002,
7.671554252199413E+009,-2.726540193025443E+001,-1.403016191869362E+002,
7.675464320625610E+009,-2.722158618863805E+001,-1.598512416372865E+002,
7.679374389051808E+009,-2.727866254172122E+001,-1.797940209322291E+002,
7.683284457478006E+009,-2.711625392803954E+001,1.606311611028336E+002,
7.687194525904203E+009,-2.717303640065623E+001,1.406175546684737E+002,
7.691104594330401E+009,-2.742508869227715E+001,1.211395003799501E+002,
7.695014662756599E+009,-2.758481880571279E+001,1.029282992092988E+002,
7.698924731182797E+009,-2.739818574012117E+001,8.576074501545834E+001,
7.702834799608994E+009,-2.713596229596868E+001,6.639318546387491E+001,
7.706744868035191E+009,-2.706094053692431E+001,4.646441024089796E+001,
7.710654936461388E+009,-2.699350550493124E+001,2.633105048515454E+001,
7.714565004887586E+009,-2.716476903097317E+001,6.300999015238925E+000,
7.718475073313784E+009,-2.711782348689629E+001,-1.329038823866644E+001,
7.722385141739981E+009,-2.731527856790759E+001,-3.209947454836322E+001,
7.726295210166178E+009,-2.744343526677037E+001,-5.177365039587095E+001,
7.730205278592375E+009,-2.763110800508888E+001,-6.942458219143099E+001,
7.734115347018573E+009,-2.758961559388710E+001,-8.777932178761697E+001,
7.738025415444771E+009,-2.741602340266336E+001,-1.057656188694291E+002,
7.741935483870968E+009,-2.747787911631101E+001,-1.251893953007881E+002,
7.745845552297165E+009,-2.750713925902179E+001,-1.435025170564775E+002,
7.749755620723363E+009,-2.732192058332512E+001,-1.620266014567666E+002,
7.753665689149560E+009,-2.708602118299023E+001,1.767626580189123E+002,
7.757575757575758E+009,-2.736295814517688E+001,1.563441915273465E+002,
7.761485826001955E+009,-2.765296029510180E+001,1.362692929136500E+002,
7.765395894428152E+009,-2.807974032013128E+001,1.165722483189591E+002,
7.769305962854350E+009,-2.867077690457245E+001,9.852941405442411E+001,
7.773216031280548E+009,-2.880739320849649E+001,8.445730306351214E+001,
7.777126099706745E+009,-2.841346794123084E+001,6.949219769767146E+001,
7.781036168132942E+009,-2.810139244367697E+001,5.168777000078654E+001,
7.784946236559139E+009,-2.770457932324736E+001,3.161642048407697E+001,
7.788856304985337E+009,-2.780174446729859E+001,1.134071398339187E+001,
7.792766373411535E+009,-2.789700084388331E+001,-6.907343290094594E+000,
7.796676441837732E+009,-2.777968171470097E+001,-2.624947303492485E+001,
7.800586510263929E+009,-2.761981910353294E+001,-4.583597375717925E+001,
7.804496578690127E+009,-2.772114814661185E+001,-6.682140030549856E+001,
7.808406647116324E+009,-2.827671520001005E+001,-8.587459713482943E+001,
7.812316715542522E+009,-2.867183969504402E+001,-1.029841712157105E+002,
7.816226783968720E+009,-2.883621313816479E+001,-1.182377668012194E+002,
7.820136852394917E+009,-2.858210431474042E+001,-1.331557759981306E+002,
7.824046920821115E+009,-2.809281262213226E+001,-1.497250941189145E+002,
7.827956989247313E+009,-2.760497310680958E+001,-1.691085472531563E+002,
7.831867057673510E+009,-2.714903486999064E+001,1.695058188879256E+002,
7.835777126099707E+009,-2.706988500908791E+001,1.478601780516886E+002,
7.839687194525904E+009,-2.719463289034540E+001,1.275753613536192E+002,
7.843597262952102E+009,-2.727813948412178E+001,1.073223439111311E+002,
7.847507331378300E+009,-2.761871440542470E+001,8.708002813215241E+001,
7.851417399804497E+009,-2.812445998419406E+001,6.813603632535673E+001,
7.855327468230694E+009,-2.839748317088684E+001,5.181266187055928E+001,
7.859237536656891E+009,-2.849456863539558E+001,3.687478481828414E+001,
7.863147605083089E+009,-2.828691999075122E+001,2.097872495702673E+001,
7.867057673509287E+009,-2.757939305077425E+001,4.189588046841812E+000,
7.870967741935484E+009,-2.707653789010276E+001,-1.577536747505864E+001,
7.874877810361681E+009,-2.676404415768551E+001,-3.699000470455719E+001,
7.878787878787879E+009,-2.664158525512260E+001,-5.841422398272880E+001,
7.882697947214077E+009,-2.664664726666736E+001,-7.874876246896979E+001,
7.886608015640274E+009,-2.681576246334348E+001,-9.938735147885565E+001,
7.890518084066471E+009,-2.711388791511814E+001,-1.194079055157697E+002,
7.894428152492668E+009,-2.730030120444350E+001,-1.379771928243074E+002,
7.898338220918866E+009,-2.749129292952016E+001,-1.550606189789148E+002,
7.902248289345064E+009,-2.751943283984794E+001,-1.709525362354067E+002,
7.906158357771261E+009,-2.715129783859387E+001,1.715783060745443E+002,
7.910068426197458E+009,-2.673878713406493E+001,1.530057297331119E+002,
7.913978494623655E+009,-2.647255453005559E+001,1.321646460215551E+002,
7.917888563049853E+009,-2.630897037395618E+001,1.127701726035297E+002,
7.921798631476051E+009,-2.612710316871500E+001,9.174756935893251E+001,
7.925708699902248E+009,-2.610670411792724E+001,7.098634680244719E+001,
7.929618768328445E+009,-2.621515716904035E+001,5.018450223152848E+001,
7.933528836754643E+009,-2.637596211293839E+001,2.993405494614377E+001,
7.937438905180841E+009,-2.665018964706207E+001,9.416690315146626E+000,
7.941348973607039E+009,-2.690212890386808E+001,-8.678248298722940E+000,
7.945259042033236E+009,-2.694582632300894E+001,-2.685137434394572E+001,
7.949169110459433E+009,-2.696166546038926E+001,-4.577341098012516E+001,
7.953079178885631E+009,-2.692030151908203E+001,-6.338553968510940E+001,
7.956989247311829E+009,-2.676208634835025E+001,-8.279663692970892E+001,
7.960899315738026E+009,-2.670352266438495E+001,-1.027378618795669E+002,
7.964809384164223E+009,-2.678910118022900E+001,-1.233703644637527E+002,
7.968719452590420E+009,-2.697935016679895E+001,-1.424534497056476E+002,
7.972629521016618E+009,-2.712024436336160E+001,-1.622019327534449E+002,
7.976539589442816E+009,-2.725899979231325E+001,1.780388716940891E+002,
7.980449657869013E+009,-2.750181939430198E+001,1.589747959883449E+002,
7.984359726295210E+009,-2.784007227795746E+001,1.405071472142497E+002,
7.988269794721408E+009,-2.780237551531856E+001,1.244042896377642E+002,
7.992179863147605E+009,-2.757351644937124E+001,1.072879515169856E+002,
7.996089931573803E+009,-2.734154088690423E+001,8.766107808854903E+001,
8.000000000000000E+009,-2.713964918788651E+001,6.705741084132170E+001,
