% Version 1.00
%
%freq[Hz];db:Trc1_S21;ang:Trc1_S21;
4.000000000000000E+009,-2.597060804269024E+001,-1.127663384520323E+002,
4.003910068426198E+009,-2.579756804806387E+001,-1.328884077024285E+002,
4.007820136852395E+009,-2.573012796969234E+001,-1.532835310219477E+002,
4.011730205278593E+009,-2.571782588117887E+001,-1.724635811653148E+002,
4.015640273704790E+009,-2.548777961583766E+001,1.668708348962026E+002,
4.019550342130987E+009,-2.566145879647757E+001,1.463751825373386E+002,
4.023460410557185E+009,-2.577049141715780E+001,1.286145571706349E+002,
4.027370478983382E+009,-2.542518199676806E+001,1.109240427323643E+002,
4.031280547409580E+009,-2.490783082334323E+001,9.030286960111053E+001,
4.035190615835777E+009,-2.480721937449416E+001,6.898295992451264E+001,
4.039100684261975E+009,-2.477475490815251E+001,4.822217017980648E+001,
4.043010752688172E+009,-2.481798086447105E+001,2.832886544447121E+001,
4.046920821114369E+009,-2.464889907231228E+001,8.818618491659651E+000,
4.050830889540567E+009,-2.459112733706575E+001,-1.146544350854478E+001,
4.054740957966765E+009,-2.457965100208502E+001,-3.109525269437329E+001,
4.058651026392962E+009,-2.457375832055134E+001,-5.003372973683058E+001,
4.062561094819160E+009,-2.447752364453739E+001,-6.872640034044011E+001,
4.066471163245357E+009,-2.419549283202242E+001,-8.831978568314280E+001,
4.070381231671554E+009,-2.404657630270635E+001,-1.087225558525984E+002,
4.074291300097752E+009,-2.403253485537792E+001,-1.283775507836554E+002,
4.078201368523949E+009,-2.386430124119281E+001,-1.491665198738361E+002,
4.082111436950147E+009,-2.389698491935931E+001,-1.690010186037473E+002,
4.086021505376344E+009,-2.389916255249883E+001,1.714160991037543E+002,
4.089931573802542E+009,-2.375803568036254E+001,1.515558835847728E+002,
4.093841642228739E+009,-2.382892039493989E+001,1.319914318491312E+002,
4.097751710654936E+009,-2.383292868530466E+001,1.130896382156604E+002,
4.101661779081134E+009,-2.379687859439227E+001,9.410955201024335E+001,
4.105571847507331E+009,-2.374542595279263E+001,7.479303825879606E+001,
4.109481915933529E+009,-2.376942355616928E+001,5.590288297812815E+001,
4.113391984359726E+009,-2.355841067168640E+001,3.724240267303501E+001,
4.117302052785924E+009,-2.341097090079693E+001,1.751166005756337E+001,
4.121212121212121E+009,-2.336566548055069E+001,-2.121162089543069E+000,
4.125122189638319E+009,-2.337898533587369E+001,-2.119516217592816E+001,
4.129032258064516E+009,-2.315082836609420E+001,-4.045757286323084E+001,
4.132942326490714E+009,-2.304103725532699E+001,-6.057461192218817E+001,
4.136852394916911E+009,-2.302977659735410E+001,-7.990124201651601E+001,
4.140762463343109E+009,-2.294300788432093E+001,-9.908564324002676E+001,
4.144672531769306E+009,-2.285274157921630E+001,-1.183776222160041E+002,
4.148582600195503E+009,-2.276167222850308E+001,-1.377671007949881E+002,
4.152492668621701E+009,-2.264005358611499E+001,-1.577683307154608E+002,
4.156402737047898E+009,-2.260927818750045E+001,-1.774593477480593E+002,
4.160312805474096E+009,-2.248349205723979E+001,1.628603876781849E+002,
4.164222873900293E+009,-2.247475321685439E+001,1.434356076896702E+002,
4.168132942326491E+009,-2.238547845090228E+001,1.237089053521144E+002,
4.172043010752688E+009,-2.233345105714907E+001,1.035274524496303E+002,
4.175953079178886E+009,-2.236900818838187E+001,8.307283003064056E+001,
4.179863147605083E+009,-2.244254074405911E+001,6.332511815578580E+001,
4.183773216031281E+009,-2.246514711598936E+001,4.381548292911432E+001,
4.187683284457478E+009,-2.246064662247196E+001,2.462001862484318E+001,
4.191593352883676E+009,-2.237921406892977E+001,4.396347902825488E+000,
4.195503421309873E+009,-2.244231217515058E+001,-1.605344073215738E+001,
4.199413489736071E+009,-2.257620823054040E+001,-3.496004575615558E+001,
4.203323558162268E+009,-2.253254320231790E+001,-5.472043459729802E+001,
4.207233626588465E+009,-2.258340772041215E+001,-7.478037815320498E+001,
4.211143695014663E+009,-2.272732584685479E+001,-9.435098686140752E+001,
4.215053763440860E+009,-2.274023204886129E+001,-1.144273355014361E+002,
4.218963831867058E+009,-2.282346970393401E+001,-1.341703008418407E+002,
4.222873900293255E+009,-2.294711141535549E+001,-1.539994167333820E+002,
4.226783968719452E+009,-2.303502802266792E+001,-1.736666561823405E+002,
4.230694037145650E+009,-2.301710547312247E+001,1.661506683660477E+002,
4.234604105571847E+009,-2.308525691920924E+001,1.451425774899389E+002,
4.238514173998045E+009,-2.336924300595848E+001,1.239724987434353E+002,
4.242424242424243E+009,-2.361520899018890E+001,1.035536661996188E+002,
4.246334310850440E+009,-2.410007309974084E+001,8.289688050932791E+001,
4.250244379276638E+009,-2.438825481803725E+001,6.396432541259987E+001,
4.254154447702835E+009,-2.459823009081434E+001,4.420868386884053E+001,
4.258064516129032E+009,-2.490915747446048E+001,2.350907171968374E+001,
4.261974584555230E+009,-2.534814118797064E+001,4.161540381463228E+000,
4.265884652981427E+009,-2.580283969994398E+001,-1.655670629195878E+001,
4.269794721407625E+009,-2.632683583790546E+001,-3.551513777216456E+001,
4.273704789833822E+009,-2.675215037045626E+001,-5.493221956947368E+001,
4.277614858260019E+009,-2.732480855823667E+001,-7.511530006622709E+001,
4.281524926686217E+009,-2.815137818022404E+001,-9.307221126438532E+001,
4.285434995112414E+009,-2.859606851555316E+001,-1.095684996159813E+002,
4.289345063538612E+009,-2.896642342276259E+001,-1.268024037217851E+002,
4.293255131964809E+009,-2.960298260938776E+001,-1.454305649927576E+002,
4.297165200391007E+009,-3.013328009487169E+001,-1.625553395492076E+002,
4.301075268817205E+009,-3.060412503180400E+001,-1.784691474994983E+002,
4.304985337243402E+009,-3.107246649511219E+001,1.671041535278117E+002,
4.308895405669600E+009,-3.131042580012005E+001,1.504494047738425E+002,
4.312805474095797E+009,-3.175347786761861E+001,1.348633898401824E+002,
4.316715542521994E+009,-3.200571527233305E+001,1.203953830126305E+002,
4.320625610948192E+009,-3.184182895780848E+001,1.043558524555231E+002,
4.324535679374389E+009,-3.175510185702226E+001,8.748105786733376E+001,
4.328445747800587E+009,-3.189828859359747E+001,7.092188262197669E+001,
4.332355816226784E+009,-3.191474510887154E+001,5.370292032870094E+001,
4.336265884652982E+009,-3.159195500800080E+001,3.736085429875942E+001,
4.340175953079179E+009,-3.128475268554011E+001,1.924032630598476E+001,
4.344086021505377E+009,-3.123071099124212E+001,-1.715714155106712E-003,
4.347996089931574E+009,-3.137488933560459E+001,-1.795955872218520E+001,
4.351906158357771E+009,-3.122825107266353E+001,-3.621632100414186E+001,
4.355816226783969E+009,-3.130227316266457E+001,-5.475548352133997E+001,
4.359726295210166E+009,-3.130585513236813E+001,-7.370581856251478E+001,
4.363636363636364E+009,-3.112412461843010E+001,-9.018851568838684E+001,
4.367546432062561E+009,-3.069907938775595E+001,-1.100859009529946E+002,
4.371456500488758E+009,-3.052313736063493E+001,-1.313987500293592E+002,
4.375366568914956E+009,-3.051272526328048E+001,-1.529175397116836E+002,
4.379276637341153E+009,-3.069516541810384E+001,-1.745704922862207E+002,
4.383186705767351E+009,-3.080336343292595E+001,1.651836786891083E+002,
4.387096774193548E+009,-3.092362811052353E+001,1.446326104152834E+002,
4.391006842619746E+009,-3.101035875801226E+001,1.252568276679914E+002,
4.394916911045943E+009,-3.100178625531143E+001,1.049904264711635E+002,
4.398826979472141E+009,-3.099421075946868E+001,8.315500168537609E+001,
4.402737047898338E+009,-3.118743132473749E+001,6.132913295038820E+001,
4.406647116324535E+009,-3.164022176848659E+001,3.986638664723018E+001,
4.410557184750733E+009,-3.188685223370107E+001,2.220777293045530E+001,
4.414467253176930E+009,-3.180111818080990E+001,2.522493386527847E+000,
4.418377321603128E+009,-3.180180666988563E+001,-1.887352023436399E+001,
4.422287390029326E+009,-3.177646929497738E+001,-3.969482955373852E+001,
4.426197458455523E+009,-3.184255409077395E+001,-6.222593499207380E+001,
4.430107526881721E+009,-3.199571071578760E+001,-8.395617447562862E+001,
4.434017595307918E+009,-3.230699299734076E+001,-1.056849530892376E+002,
4.437927663734116E+009,-3.255110566796914E+001,-1.263641497850887E+002,
4.441837732160313E+009,-3.282837339311934E+001,-1.471759917250598E+002,
4.445747800586511E+009,-3.311474805565881E+001,-1.672419626283075E+002,
4.449657869012708E+009,-3.294311917776717E+001,1.718293799478574E+002,
4.453567937438905E+009,-3.337399729456627E+001,1.503170548498080E+002,
4.457478005865103E+009,-3.378756437405344E+001,1.316346441783392E+002,
4.461388074291300E+009,-3.386956183170345E+001,1.143289864990304E+002,
4.465298142717498E+009,-3.366040938326763E+001,9.565037231675836E+001,
4.469208211143695E+009,-3.340321865711221E+001,7.521749503278852E+001,
4.473118279569893E+009,-3.342220085744203E+001,5.392141458888113E+001,
4.477028347996090E+009,-3.350944557229159E+001,3.417508802027331E+001,
4.480938416422287E+009,-3.352334207036414E+001,1.557166296861992E+001,
4.484848484848485E+009,-3.343956218783416E+001,-3.924170162574352E+000,
4.488758553274682E+009,-3.346877620190119E+001,-2.325868136073147E+001,
4.492668621700880E+009,-3.355127458743311E+001,-4.072837765620655E+001,
4.496578690127077E+009,-3.315818671875888E+001,-5.834394758068791E+001,
4.500488758553275E+009,-3.286653191291656E+001,-7.790462508162516E+001,
4.504398826979472E+009,-3.268162868722665E+001,-9.670427402599695E+001,
4.508308895405669E+009,-3.240739013583585E+001,-1.161688827837677E+002,
4.512218963831867E+009,-3.234774506579547E+001,-1.350741940253756E+002,
4.516129032258064E+009,-3.219848729120157E+001,-1.540583775184710E+002,
4.520039100684262E+009,-3.217655478641963E+001,-1.710943835673148E+002,
4.523949169110459E+009,-3.171504376992490E+001,1.708555527206888E+002,
4.527859237536657E+009,-3.152640607545191E+001,1.513567988224778E+002,
4.531769305962854E+009,-3.131185121207057E+001,1.335777870127808E+002,
4.535679374389051E+009,-3.099949488809210E+001,1.153579966950999E+002,
4.539589442815249E+009,-3.055353613260527E+001,9.640209628923776E+001,
4.543499511241447E+009,-3.036749019967472E+001,7.582789969449597E+001,
4.547409579667645E+009,-3.045014605285368E+001,5.712792587397480E+001,
4.551319648093842E+009,-3.026219726278413E+001,4.005307269896396E+001,
4.555229716520039E+009,-2.984587961373475E+001,2.100121578036633E+001,
4.559139784946237E+009,-2.978111571695258E+001,2.391270231836798E+000,
4.563049853372434E+009,-2.963209153706872E+001,-1.622680395948792E+001,
4.566959921798632E+009,-2.959630454065330E+001,-3.411782437611062E+001,
4.570869990224829E+009,-2.939010312348861E+001,-5.029816501129622E+001,
4.574780058651027E+009,-2.876454965390543E+001,-6.778398767260875E+001,
4.578690127077224E+009,-2.830240496004333E+001,-8.803108350947707E+001,
4.582600195503422E+009,-2.815642354690212E+001,-1.072180261888118E+002,
4.586510263929619E+009,-2.800920965184113E+001,-1.255833794784254E+002,
4.590420332355816E+009,-2.784924919022105E+001,-1.436696067251250E+002,
4.594330400782014E+009,-2.774597481780148E+001,-1.618002311328821E+002,
4.598240469208211E+009,-2.741465736259843E+001,-1.796181400483026E+002,
4.602150537634409E+009,-2.714315931558129E+001,1.610938793302392E+002,
4.606060606060606E+009,-2.684576863321322E+001,1.417088726738797E+002,
4.609970674486803E+009,-2.659010822346323E+001,1.221802368301560E+002,
4.613880742913001E+009,-2.660680128268847E+001,1.032753181465634E+002,
4.617790811339198E+009,-2.649883535524084E+001,8.389905027708609E+001,
4.621700879765396E+009,-2.634344268185907E+001,6.584366657554386E+001,
4.625610948191593E+009,-2.623916376116036E+001,4.677891662398942E+001,
4.629521016617791E+009,-2.621061378854403E+001,2.840541069636386E+001,
4.633431085043988E+009,-2.601019895013378E+001,9.917262033327020E+000,
4.637341153470186E+009,-2.590673579752737E+001,-9.256355440999037E+000,
4.641251221896383E+009,-2.592647287119001E+001,-2.852009363747708E+001,
4.645161290322580E+009,-2.603002126496750E+001,-4.703736717231320E+001,
4.649071358748778E+009,-2.593869237617808E+001,-6.433908393123397E+001,
4.652981427174975E+009,-2.591918247347349E+001,-8.337936868815338E+001,
4.656891495601173E+009,-2.584683256918911E+001,-1.015900096903782E+002,
4.660801564027371E+009,-2.582983527249930E+001,-1.204086923113832E+002,
4.664711632453568E+009,-2.592808301525792E+001,-1.380638016189813E+002,
4.668621700879766E+009,-2.589857311968016E+001,-1.562879603290742E+002,
4.672531769305963E+009,-2.584842978465763E+001,-1.746013308969729E+002,
4.676441837732161E+009,-2.590916961211907E+001,1.671640712085751E+002,
4.680351906158358E+009,-2.608168876520533E+001,1.494378441356172E+002,
4.684261974584556E+009,-2.606974206554381E+001,1.322977269724236E+002,
4.688172043010753E+009,-2.601242699270130E+001,1.146717542808693E+002,
4.692082111436951E+009,-2.603147416909760E+001,9.733637580296715E+001,
4.695992179863148E+009,-2.598279988982043E+001,8.024586504483041E+001,
4.699902248289345E+009,-2.581118297140175E+001,6.260338118149832E+001,
4.703812316715543E+009,-2.576569751486124E+001,4.460564109654865E+001,
4.707722385141740E+009,-2.578791620213913E+001,2.620171889228740E+001,
4.711632453567938E+009,-2.580329723549669E+001,8.496873478871843E+000,
4.715542521994135E+009,-2.577827041028624E+001,-9.563159873333596E+000,
4.719452590420332E+009,-2.584517282024095E+001,-2.689746142265826E+001,
4.723362658846530E+009,-2.571833565904520E+001,-4.425385870545138E+001,
4.727272727272727E+009,-2.575602380058968E+001,-6.283662861933770E+001,
4.731182795698925E+009,-2.574075149642902E+001,-8.029106028799964E+001,
4.735092864125122E+009,-2.579605997400024E+001,-9.795125228424944E+001,
4.739002932551320E+009,-2.581396784961068E+001,-1.155882710199072E+002,
4.742913000977517E+009,-2.575560792447921E+001,-1.328614223958816E+002,
4.746823069403714E+009,-2.581100265492628E+001,-1.508661434814466E+002,
4.750733137829912E+009,-2.566596828077703E+001,-1.688848131256058E+002,
4.754643206256109E+009,-2.585226193378544E+001,1.734000567343005E+002,
4.758553274682307E+009,-2.593667327985064E+001,1.566669207461614E+002,
4.762463343108504E+009,-2.577379692942508E+001,1.403113364805200E+002,
4.766373411534702E+009,-2.575047625016938E+001,1.226170588587742E+002,
4.770283479960899E+009,-2.564483090656523E+001,1.051576853951994E+002,
4.774193548387096E+009,-2.555443091093038E+001,8.698692117792326E+001,
4.778103616813294E+009,-2.551258647413831E+001,6.887307560582620E+001,
4.782013685239492E+009,-2.557582166226011E+001,5.057968265000203E+001,
4.785923753665690E+009,-2.561598031421393E+001,3.365075289307658E+001,
4.789833822091887E+009,-2.570987047418869E+001,1.553721194209676E+001,
4.793743890518084E+009,-2.566433811077748E+001,-2.128841018157986E+000,
4.797653958944282E+009,-2.557219608928834E+001,-1.964230559334768E+001,
4.801564027370479E+009,-2.574097667532413E+001,-3.816771565585813E+001,
4.805474095796677E+009,-2.586924499723961E+001,-5.523325436887651E+001,
4.809384164222874E+009,-2.587885662638875E+001,-7.292103154318531E+001,
4.813294232649072E+009,-2.576521237302281E+001,-9.024061950129732E+001,
4.817204301075269E+009,-2.588708480594131E+001,-1.083490003361519E+002,
4.821114369501467E+009,-2.586351124805258E+001,-1.258248906046571E+002,
4.825024437927664E+009,-2.600724246166994E+001,-1.437153448067455E+002,
4.828934506353861E+009,-2.611928465796549E+001,-1.616698363895842E+002,
4.832844574780059E+009,-2.630450357682164E+001,-1.784655802814490E+002,
4.836754643206256E+009,-2.629237789541892E+001,1.656652919607720E+002,
4.840664711632454E+009,-2.626006172803024E+001,1.479561474491131E+002,
4.844574780058651E+009,-2.610805408371286E+001,1.304860835775747E+002,
4.848484848484848E+009,-2.603810250401723E+001,1.123243319188917E+002,
4.852394916911046E+009,-2.597532759001347E+001,9.340701365244219E+001,
4.856304985337243E+009,-2.602051780581186E+001,7.481152776623743E+001,
4.860215053763441E+009,-2.609759645453495E+001,5.716587642201979E+001,
4.864125122189638E+009,-2.617384414877875E+001,3.952347961125528E+001,
4.868035190615836E+009,-2.605322897116666E+001,2.123049484715309E+001,
4.871945259042033E+009,-2.605986763275459E+001,2.565240820154429E+000,
4.875855327468231E+009,-2.612693277663367E+001,-1.655789368556271E+001,
4.879765395894428E+009,-2.630681942785117E+001,-3.453904912337769E+001,
4.883675464320625E+009,-2.638873439479489E+001,-5.313730220548890E+001,
4.887585532746823E+009,-2.640717599245563E+001,-7.167450326682535E+001,
4.891495601173020E+009,-2.647665132018268E+001,-9.069903510190733E+001,
4.895405669599218E+009,-2.662544644833086E+001,-1.106275028947227E+002,
4.899315738025415E+009,-2.698605222339189E+001,-1.291990853688602E+002,
4.903225806451613E+009,-2.722689365959060E+001,-1.480319500242699E+002,
4.907135874877811E+009,-2.746452940296654E+001,-1.666412404379676E+002,
4.911045943304008E+009,-2.771099351342761E+001,1.746362096805915E+002,
4.914956011730206E+009,-2.794001484584321E+001,1.553889987016314E+002,
4.918866080156403E+009,-2.822043661702762E+001,1.359461768658987E+002,
4.922776148582601E+009,-2.871894459144888E+001,1.168271550167694E+002,
4.926686217008798E+009,-2.920111403911155E+001,9.777905011026704E+001,
4.930596285434996E+009,-2.975127854271077E+001,7.999004451179695E+001,
4.934506353861193E+009,-3.023638717143312E+001,6.144926835796228E+001,
4.938416422287390E+009,-3.068272310791398E+001,4.439048131101787E+001,
4.942326490713588E+009,-3.097947213671855E+001,2.484826672373607E+001,
4.946236559139785E+009,-3.187002468161597E+001,7.319867020639536E+000,
4.950146627565983E+009,-3.224082218258456E+001,-1.018036043736250E+001,
4.954056695992180E+009,-3.277425813824154E+001,-2.860466830533666E+001,
4.957966764418377E+009,-3.344280039246956E+001,-4.820661062820403E+001,
4.961876832844575E+009,-3.435090801396639E+001,-6.427190484209123E+001,
4.965786901270772E+009,-3.509279288526300E+001,-8.136598138913163E+001,
4.969696969696970E+009,-3.582981183739359E+001,-9.961385107908932E+001,
4.973607038123167E+009,-3.677793365383132E+001,-1.160477507189820E+002,
4.977517106549365E+009,-3.781274892377235E+001,-1.296639725802518E+002,
4.981427174975562E+009,-3.823004182765904E+001,-1.445053590116789E+002,
4.985337243401759E+009,-3.868208804102688E+001,-1.611655888362143E+002,
4.989247311827957E+009,-3.923368078278080E+001,1.790954441229937E+002,
4.993157380254154E+009,-4.038353576723920E+001,1.578646465866090E+002,
4.997067448680352E+009,-4.227244288859610E+001,1.398543152369918E+002,
5.000977517106549E+009,-4.388940692362856E+001,1.256663279036113E+002,
5.004887585532747E+009,-4.522659963353893E+001,1.085729177284816E+002,
5.008797653958944E+009,-4.704484148341437E+001,9.127784004881788E+001,
5.012707722385141E+009,-4.995330328942495E+001,6.678244669509644E+001,
5.016617790811339E+009,-5.550914388574790E+001,3.408428258756935E+001,
5.020527859237536E+009,-6.492058703607270E+001,-4.566687085964374E+001,
5.024437927663734E+009,-5.505581521902602E+001,-1.429313549558146E+002,
5.028347996089932E+009,-4.998611382365808E+001,-1.719678942839361E+002,
5.032258064516129E+009,-4.685883406565729E+001,1.680373594819384E+002,
5.036168132942327E+009,-4.395124250381728E+001,1.502431151499181E+002,
5.040078201368524E+009,-4.195488849297274E+001,1.301983599362858E+002,
5.043988269794722E+009,-4.030165790252730E+001,1.105358465378282E+002,
5.047898338220919E+009,-3.896036848727343E+001,9.257575425112685E+001,
5.051808406647117E+009,-3.729412659914288E+001,7.294255259404528E+001,
5.055718475073314E+009,-3.656106727418413E+001,5.114336983824134E+001,
5.059628543499512E+009,-3.594407723879174E+001,3.231980920436040E+001,
5.063538611925709E+009,-3.521446885375300E+001,1.512431805559475E+001,
5.067448680351906E+009,-3.451501741829070E+001,-3.048353805907314E+000,
5.071358748778104E+009,-3.377729073404771E+001,-2.001203383522332E+001,
5.075268817204301E+009,-3.309916830522149E+001,-3.871085889496248E+001,
5.079178885630499E+009,-3.248966468731170E+001,-5.678442283478393E+001,
5.083088954056696E+009,-3.183042531545169E+001,-7.461690602017741E+001,
5.086999022482893E+009,-3.112005117285491E+001,-9.289800582852942E+001,
5.090909090909091E+009,-3.055280859036599E+001,-1.124068263592422E+002,
5.094819159335288E+009,-3.012627884638089E+001,-1.312630282489970E+002,
5.098729227761486E+009,-2.975441175968528E+001,-1.503058755623316E+002,
5.102639296187683E+009,-2.921977513735019E+001,-1.690855253851889E+002,
5.106549364613881E+009,-2.901477284274560E+001,1.705639238403052E+002,
5.110459433040078E+009,-2.868306280437863E+001,1.528655445383367E+002,
5.114369501466276E+009,-2.829286035219193E+001,1.344640616311402E+002,
5.118279569892473E+009,-2.802124069057998E+001,1.154638448466684E+002,
5.122189638318670E+009,-2.777147608021723E+001,9.695714316786624E+001,
5.126099706744868E+009,-2.745129068160820E+001,7.887708146211969E+001,
5.130009775171065E+009,-2.719253293889015E+001,6.010018194702048E+001,
5.133919843597263E+009,-2.703030225680094E+001,4.148322735274500E+001,
5.137829912023460E+009,-2.675844189509779E+001,2.258174169834759E+001,
5.141739980449657E+009,-2.665291063212426E+001,3.553474670432106E+000,
5.145650048875855E+009,-2.650351341793595E+001,-1.473242921961963E+001,
5.149560117302053E+009,-2.646202093860694E+001,-3.274999264507352E+001,
5.153470185728251E+009,-2.615033281322085E+001,-5.098274655845351E+001,
5.157380254154448E+009,-2.590151510657662E+001,-6.890284973160024E+001,
5.161290322580645E+009,-2.572164691884689E+001,-8.821846941618259E+001,
5.165200391006843E+009,-2.560000042353484E+001,-1.065252095444726E+002,
5.169110459433041E+009,-2.548440857035887E+001,-1.251210389939056E+002,
5.173020527859238E+009,-2.527255279812280E+001,-1.436339839106415E+002,
5.176930596285435E+009,-2.511339701116533E+001,-1.622897531789850E+002,
5.180840664711633E+009,-2.501353063242721E+001,1.786151955190640E+002,
5.184750733137830E+009,-2.497011373515282E+001,1.596703159642426E+002,
5.188660801564028E+009,-2.493049307174772E+001,1.408156836385999E+002,
5.192570869990225E+009,-2.491154855573285E+001,1.222233062066726E+002,
5.196480938416422E+009,-2.483974982190281E+001,1.040834298477332E+002,
5.200391006842620E+009,-2.476431642679006E+001,8.533196201012763E+001,
5.204301075268817E+009,-2.470456112023424E+001,6.680676150272126E+001,
5.208211143695015E+009,-2.460573923403936E+001,4.791395664963687E+001,
5.212121212121212E+009,-2.465113276508303E+001,2.822026650947460E+001,
5.216031280547409E+009,-2.475131371756454E+001,9.361398233846762E+000,
5.219941348973607E+009,-2.484247886796767E+001,-9.579448586294381E+000,
5.223851417399805E+009,-2.501773914658145E+001,-2.711651773092274E+001,
5.227761485826002E+009,-2.508779958812446E+001,-4.551257110432643E+001,
5.231671554252199E+009,-2.506230086426804E+001,-6.405423057266317E+001,
5.235581622678397E+009,-2.519657006300863E+001,-8.259935474675579E+001,
5.239491691104594E+009,-2.526748035132237E+001,-1.007421595898585E+002,
5.243401759530792E+009,-2.538439497544711E+001,-1.189747712823520E+002,
5.247311827956989E+009,-2.547899274672296E+001,-1.373676738157672E+002,
5.251221896383186E+009,-2.555859852342827E+001,-1.556607587600688E+002,
5.255131964809384E+009,-2.563618899672566E+001,-1.742019234418394E+002,
5.259042033235581E+009,-2.586149693066280E+001,1.674141753968721E+002,
5.262952101661779E+009,-2.612314818000611E+001,1.494793221174265E+002,
5.266862170087977E+009,-2.627458670235956E+001,1.312955868127667E+002,
5.270772238514174E+009,-2.640459886617822E+001,1.134317788032412E+002,
5.274682306940372E+009,-2.660998637209623E+001,9.513534858012538E+001,
5.278592375366570E+009,-2.678316754040209E+001,7.759602069773990E+001,
5.282502443792767E+009,-2.694723293446660E+001,5.979194773028004E+001,
5.286412512218964E+009,-2.725681886766355E+001,4.177876998463482E+001,
5.290322580645162E+009,-2.749219121214988E+001,2.465294163008137E+001,
5.294232649071359E+009,-2.771244541873295E+001,7.208407636029454E+000,
5.298142717497557E+009,-2.793215489741269E+001,-9.469614222144157E+000,
5.302052785923754E+009,-2.808008673188452E+001,-2.678852854583741E+001,
5.305962854349951E+009,-2.836092397652415E+001,-4.443366398691368E+001,
5.309872922776149E+009,-2.857494169007850E+001,-6.021136057530601E+001,
5.313782991202346E+009,-2.880040409520090E+001,-7.776257450210014E+001,
5.317693059628544E+009,-2.880484960168568E+001,-9.427165032346890E+001,
5.321603128054741E+009,-2.889197341232303E+001,-1.100649147862534E+002,
5.325513196480938E+009,-2.905889768456873E+001,-1.278756307791610E+002,
5.329423264907136E+009,-2.932056909402697E+001,-1.444214980933504E+002,
5.333333333333333E+009,-2.915082944686859E+001,-1.607035357457587E+002,
5.337243401759531E+009,-2.928579617815909E+001,-1.785683239434289E+002,
5.341153470185728E+009,-2.933263248652367E+001,1.642254173270249E+002,
5.345063538611926E+009,-2.958527174580319E+001,1.460527169303080E+002,
5.348973607038123E+009,-2.999162424943306E+001,1.292685159095323E+002,
5.352883675464321E+009,-3.014744064228237E+001,1.132598534697613E+002,
5.356793743890518E+009,-3.016843392155501E+001,9.624636891892695E+001,
5.360703812316715E+009,-3.034219939893633E+001,7.937430770028794E+001,
5.364613880742913E+009,-3.078260644588159E+001,6.339078878146021E+001,
5.368523949169110E+009,-3.075739361982106E+001,4.816061879337742E+001,
5.372434017595308E+009,-3.093457823734356E+001,3.168622863771244E+001,
5.376344086021505E+009,-3.085569445984408E+001,1.629566512366374E+001,
5.380254154447702E+009,-3.098748195571321E+001,-1.148516013045831E-001,
5.384164222873900E+009,-3.111620799149115E+001,-1.682182102220414E+001,
5.388074291300098E+009,-3.123571890639144E+001,-3.302104093680646E+001,
5.391984359726296E+009,-3.107732214898984E+001,-4.829128176646864E+001,
5.395894428152493E+009,-3.102495682462991E+001,-6.516621578887313E+001,
5.399804496578690E+009,-3.101538748912784E+001,-8.084676978340409E+001,
5.403714565004888E+009,-3.079687881979457E+001,-9.805466204367784E+001,
5.407624633431086E+009,-3.084155240276425E+001,-1.157495587728863E+002,
5.411534701857283E+009,-3.080634393231853E+001,-1.326143186789964E+002,
5.415444770283480E+009,-3.089935821599768E+001,-1.505437647800540E+002,
5.419354838709678E+009,-3.084345941712957E+001,-1.658727369493888E+002,
5.423264907135875E+009,-3.084463728337573E+001,1.778610666184005E+002,
5.427174975562073E+009,-3.068238771098456E+001,1.606598627589229E+002,
5.431085043988270E+009,-3.076448602560531E+001,1.430348130545550E+002,
5.434995112414467E+009,-3.059807895820380E+001,1.264474959969181E+002,
5.438905180840665E+009,-3.037053488433556E+001,1.089715112400123E+002,
5.442815249266862E+009,-3.021549608397275E+001,9.040070734710112E+001,
5.446725317693060E+009,-3.025546661941149E+001,7.181983948374254E+001,
5.450635386119257E+009,-3.033686949075412E+001,5.329751444384247E+001,
5.454545454545454E+009,-3.045323827364390E+001,3.569599837999379E+001,
5.458455522971652E+009,-3.036264502228926E+001,1.778265252418064E+001,
5.462365591397850E+009,-3.058440889613951E+001,1.182194775584444E+000,
5.466275659824047E+009,-3.060050340732865E+001,-1.705798683102691E+001,
5.470185728250244E+009,-3.038477071741449E+001,-3.427877203428206E+001,
5.474095796676442E+009,-3.051985846471759E+001,-5.285760033522953E+001,
5.478005865102639E+009,-3.034924998529191E+001,-7.172642721880625E+001,
5.481915933528837E+009,-3.041449717379556E+001,-8.991175271679639E+001,
5.485826001955034E+009,-3.076292215917469E+001,-1.085926085517813E+002,
5.489736070381231E+009,-3.078597965978645E+001,-1.271680854274102E+002,
5.493646138807429E+009,-3.089224355699001E+001,-1.452557117973210E+002,
5.497556207233626E+009,-3.110574441592779E+001,-1.632151627884983E+002,
5.501466275659824E+009,-3.129383743330046E+001,1.785332103084287E+002,
5.505376344086021E+009,-3.139108434710306E+001,1.603301511879914E+002,
5.509286412512219E+009,-3.140638884837263E+001,1.430751364715114E+002,
5.513196480938417E+009,-3.174134676242270E+001,1.251198867490470E+002,
5.517106549364615E+009,-3.170856022365407E+001,1.061519168415316E+002,
5.521016617790812E+009,-3.188869709527438E+001,8.751276836937899E+001,
5.524926686217009E+009,-3.186651668275614E+001,6.979051481464362E+001,
5.528836754643207E+009,-3.218027224978410E+001,5.020853993624986E+001,
5.532746823069404E+009,-3.248085794816623E+001,3.146181366409474E+001,
5.536656891495602E+009,-3.297787895768112E+001,1.439113899650341E+001,
5.540566959921799E+009,-3.292319401697127E+001,-1.980713934015356E+000,
5.544477028347996E+009,-3.280914427028284E+001,-2.017093197710788E+001,
5.548387096774194E+009,-3.286129639087732E+001,-4.062478334627934E+001,
5.552297165200391E+009,-3.327959545220232E+001,-6.037950879501975E+001,
5.556207233626589E+009,-3.358573020009597E+001,-7.866185762433516E+001,
5.560117302052786E+009,-3.387433396322112E+001,-9.811755381876135E+001,
5.564027370478983E+009,-3.420903950546364E+001,-1.164401597873627E+002,
5.567937438905181E+009,-3.453942402862917E+001,-1.348150033734219E+002,
5.571847507331378E+009,-3.481565056740532E+001,-1.541736761665833E+002,
5.575757575757576E+009,-3.529242298335768E+001,-1.722010217528307E+002,
5.579667644183773E+009,-3.549823131411185E+001,1.710021972626618E+002,
5.583577712609971E+009,-3.545927303932832E+001,1.515267987992210E+002,
5.587487781036168E+009,-3.567430671326486E+001,1.308941396801077E+002,
5.591397849462366E+009,-3.602083716256990E+001,1.097004590599494E+002,
5.595307917888563E+009,-3.652389509273416E+001,9.024063360822251E+001,
5.599217986314760E+009,-3.670766745633024E+001,6.893216915688215E+001,
5.603128054740958E+009,-3.743985856031573E+001,4.687082167904838E+001,
5.607038123167155E+009,-3.820408349145464E+001,2.746949444702968E+001,
5.610948191593353E+009,-3.882000914304187E+001,7.462995428823446E+000,
5.614858260019550E+009,-3.932946751068528E+001,-1.158842346126344E+001,
5.618768328445747E+009,-3.971438494880022E+001,-3.144325827451949E+001,
5.622678396871945E+009,-3.992085539178787E+001,-5.187810849173437E+001,
5.626588465298142E+009,-3.995017897792944E+001,-7.416071656909939E+001,
5.630498533724340E+009,-4.021993782386001E+001,-9.883812764095076E+001,
5.634408602150538E+009,-4.063212581617584E+001,-1.230302220648359E+002,
5.638318670576735E+009,-4.084476593237344E+001,-1.468961451800403E+002,
5.642228739002933E+009,-4.072768936129570E+001,-1.741191776203748E+002,
5.646138807429131E+009,-4.110055867341168E+001,1.589847425646762E+002,
5.650048875855328E+009,-4.103260631244395E+001,1.326244722049588E+002,
5.653958944281525E+009,-4.106639023539997E+001,1.053984485632301E+002,
5.657869012707723E+009,-4.107804522214493E+001,7.955611527690365E+001,
5.661779081133920E+009,-4.074178358802438E+001,5.604328440162877E+001,
5.665689149560118E+009,-4.006855027397404E+001,3.229766890241878E+001,
5.669599217986315E+009,-3.952287796119431E+001,7.342885444253538E+000,
5.673509286412512E+009,-3.872995772197149E+001,-1.681582481229125E+001,
5.677419354838710E+009,-3.819116662333344E+001,-4.190508847658835E+001,
5.681329423264907E+009,-3.770429207927252E+001,-6.567714262095973E+001,
5.685239491691105E+009,-3.723717593186529E+001,-8.866086024916503E+001,
5.689149560117302E+009,-3.675016446264163E+001,-1.111372104646507E+002,
5.693059628543499E+009,-3.624293235303978E+001,-1.325792367816255E+002,
5.696969696969697E+009,-3.556118359967356E+001,-1.538702983777585E+002,
5.700879765395895E+009,-3.506509225194917E+001,-1.771448396004336E+002,
5.704789833822092E+009,-3.477012884368003E+001,1.610635229652271E+002,
5.708699902248289E+009,-3.441095794378634E+001,1.401518842491955E+002,
5.712609970674487E+009,-3.410381316839038E+001,1.186331586936732E+002,
5.716520039100684E+009,-3.382791203240325E+001,9.832201330220902E+001,
5.720430107526882E+009,-3.349038174929805E+001,7.797024597563905E+001,
5.724340175953079E+009,-3.318895524058964E+001,5.662056558263276E+001,
5.728250244379276E+009,-3.298275765026627E+001,3.588623510263837E+001,
5.732160312805474E+009,-3.280349154804507E+001,1.473299564242835E+001,
5.736070381231671E+009,-3.276672126310508E+001,-6.038419697001308E+000,
5.739980449657869E+009,-3.279090196239883E+001,-2.601769114487404E+001,
5.743890518084066E+009,-3.268974799564050E+001,-4.529759000879214E+001,
5.747800586510263E+009,-3.260754759961691E+001,-6.464513906289098E+001,
5.751710654936461E+009,-3.240652474116529E+001,-8.475725108789895E+001,
5.755620723362660E+009,-3.248956105445610E+001,-1.052915726012844E+002,
5.759530791788857E+009,-3.257855903506807E+001,-1.247924603855688E+002,
5.763440860215054E+009,-3.258882712705574E+001,-1.436110268555668E+002,
5.767350928641252E+009,-3.262979888199983E+001,-1.629851375731980E+002,
5.771260997067449E+009,-3.269754530341110E+001,1.785631523561023E+002,
5.775171065493647E+009,-3.267220137184341E+001,1.594949579422223E+002,
5.779081133919844E+009,-3.279561946149000E+001,1.401826935336802E+002,
5.782991202346041E+009,-3.297432849844926E+001,1.214222356868695E+002,
5.786901270772239E+009,-3.312102804439717E+001,1.029428034341418E+002,
5.790811339198436E+009,-3.322710156628215E+001,8.491993618343540E+001,
5.794721407624634E+009,-3.336870446043363E+001,6.685312718846076E+001,
5.798631476050831E+009,-3.342886680945680E+001,4.948332562317012E+001,
5.802541544477028E+009,-3.345144058942700E+001,3.194584715055476E+001,
5.806451612903226E+009,-3.349601983185059E+001,1.307302940983646E+001,
5.810361681329423E+009,-3.366665058964094E+001,-5.647362841237803E+000,
5.814271749755621E+009,-3.394937368335570E+001,-2.348075842186869E+001,
5.818181818181818E+009,-3.415455706140351E+001,-4.054015013033356E+001,
5.822091886608016E+009,-3.426441769071304E+001,-5.689455129456318E+001,
5.826001955034213E+009,-3.450880036788895E+001,-7.420003894930424E+001,
5.829912023460411E+009,-3.468896921050168E+001,-8.963366025473431E+001,
5.833822091886608E+009,-3.446089827677957E+001,-1.052295557849465E+002,
5.837732160312805E+009,-3.435606560389752E+001,-1.226371235471643E+002,
5.841642228739003E+009,-3.430064019555240E+001,-1.393716939588003E+002,
5.845552297165200E+009,-3.413941175006174E+001,-1.564643235575419E+002,
5.849462365591398E+009,-3.408819855723782E+001,-1.748130226915409E+002,
5.853372434017595E+009,-3.414069946504494E+001,1.687235181028746E+002,
5.857282502443792E+009,-3.393089946573816E+001,1.512362317496481E+002,
5.861192570869990E+009,-3.385260079357072E+001,1.336906424628473E+002,
5.865102639296187E+009,-3.374683276798956E+001,1.163555420714826E+002,
5.869012707722385E+009,-3.351022357390205E+001,9.869145230155530E+001,
5.872922776148583E+009,-3.330983677223505E+001,7.986408840703884E+001,
5.876832844574780E+009,-3.325618008334693E+001,6.093954524752117E+001,
5.880742913000978E+009,-3.330794131515928E+001,4.175345824366470E+001,
5.884652981427176E+009,-3.342748062884276E+001,2.372336927200811E+001,
5.888563049853373E+009,-3.341877588088594E+001,5.671170233227346E+000,
5.892473118279570E+009,-3.354214261911969E+001,-1.344911376256278E+001,
5.896383186705768E+009,-3.374374657821439E+001,-3.090988622602188E+001,
5.900293255131965E+009,-3.376751809677031E+001,-4.793027475472097E+001,
5.904203323558163E+009,-3.384221762425565E+001,-6.571584804581241E+001,
5.908113391984360E+009,-3.377247269189105E+001,-8.342155027651322E+001,
5.912023460410557E+009,-3.378732761634684E+001,-1.010099473064898E+002,
5.915933528836755E+009,-3.383543586079458E+001,-1.188948292351195E+002,
5.919843597262952E+009,-3.371136859487396E+001,-1.365844876431588E+002,
5.923753665689150E+009,-3.369441895013918E+001,-1.554374125866708E+002,
5.927663734115347E+009,-3.383304884373232E+001,-1.744588398991540E+002,
5.931573802541544E+009,-3.396115723961695E+001,1.671635590336013E+002,
5.935483870967742E+009,-3.415214392580484E+001,1.490217984018428E+002,
5.939393939393940E+009,-3.429958885073942E+001,1.312890256479127E+002,
5.943304007820137E+009,-3.442872824662260E+001,1.130854100430321E+002,
5.947214076246334E+009,-3.474388266636380E+001,9.504226236504860E+001,
5.951124144672532E+009,-3.493416643874652E+001,7.841950997471710E+001,
5.955034213098729E+009,-3.510272635113798E+001,6.135003793406923E+001,
5.958944281524927E+009,-3.504766069584726E+001,4.561567491453061E+001,
5.962854349951124E+009,-3.496209000562604E+001,2.734209452843643E+001,
5.966764418377321E+009,-3.507187663760480E+001,8.389209499214250E+000,
5.970674486803519E+009,-3.528195053759364E+001,-9.474957324022190E+000,
5.974584555229716E+009,-3.547712234190428E+001,-2.742596505906247E+001,
5.978494623655914E+009,-3.570745739488289E+001,-4.532832033740640E+001,
5.982404692082111E+009,-3.594869022777073E+001,-6.203823087533260E+001,
5.986314760508308E+009,-3.616315158108925E+001,-7.874395720466009E+001,
5.990224828934506E+009,-3.617916753163294E+001,-9.530863708532566E+001,
5.994134897360704E+009,-3.621378572647241E+001,-1.124521221602078E+002,
5.998044965786902E+009,-3.636232783172262E+001,-1.294728332854812E+002,
6.001955034213099E+009,-3.637135169077033E+001,-1.455226446990309E+002,
6.005865102639297E+009,-3.616922677705799E+001,-1.635244696366118E+002,
6.009775171065494E+009,-3.618176644899754E+001,1.767784285826454E+002,
6.013685239491692E+009,-3.648305782236238E+001,1.585252002539600E+002,
6.017595307917889E+009,-3.683204961551787E+001,1.413481704778022E+002,
6.021505376344086E+009,-3.715063489081700E+001,1.249469484866139E+002,
6.025415444770284E+009,-3.719974300374186E+001,1.099781210469363E+002,
6.029325513196481E+009,-3.693452648210075E+001,9.303470503182864E+001,
6.033235581622679E+009,-3.691265240897760E+001,7.461954334217208E+001,
6.037145650048876E+009,-3.692999218502796E+001,5.626374942176797E+001,
6.041055718475073E+009,-3.694429179008117E+001,3.757412196103194E+001,
6.044965786901271E+009,-3.728315541879248E+001,1.853277092372628E+001,
6.048875855327468E+009,-3.761797310640296E+001,9.495531751282097E-001,
6.052785923753666E+009,-3.780844740899034E+001,-1.593777319490795E+001,
6.056695992179863E+009,-3.797332865474007E+001,-3.352116397136496E+001,
6.060606060606061E+009,-3.832441441893019E+001,-5.108989113844712E+001,
6.064516129032258E+009,-3.837387138631221E+001,-6.766522116180877E+001,
6.068426197458456E+009,-3.860633879907790E+001,-8.494349767798863E+001,
6.072336265884653E+009,-3.876474713943730E+001,-1.015524875850333E+002,
6.076246334310850E+009,-3.885240598887110E+001,-1.190251493010402E+002,
6.080156402737048E+009,-3.890737807499305E+001,-1.377769224974883E+002,
6.084066471163245E+009,-3.932500273864242E+001,-1.552602943757431E+002,
6.087976539589443E+009,-3.963173326180515E+001,-1.728384318244917E+002,
6.091886608015640E+009,-3.998671439058980E+001,1.710499088255780E+002,
6.095796676441837E+009,-4.021609502761667E+001,1.548284960484683E+002,
6.099706744868035E+009,-4.049665543519480E+001,1.399986013694553E+002,
6.103616813294232E+009,-4.047130021515130E+001,1.253086588263704E+002,
6.107526881720430E+009,-4.025446045861706E+001,1.088269951503067E+002,
6.111436950146627E+009,-4.004258750348064E+001,9.045416747294850E+001,
6.115347018572825E+009,-4.024770412100320E+001,7.246611795821005E+001,
6.119257086999023E+009,-4.032758277494470E+001,5.587004971845882E+001,
6.123167155425221E+009,-4.018450446898286E+001,3.726470672187372E+001,
6.127077223851418E+009,-4.053186797002867E+001,1.879311440458494E+001,
6.130987292277615E+009,-4.065303850048356E+001,8.984507711112095E-001,
6.134897360703813E+009,-4.095178729120148E+001,-1.680629551294605E+001,
6.138807429130010E+009,-4.127743434020233E+001,-3.282526738132835E+001,
6.142717497556208E+009,-4.122287372379657E+001,-4.706772209993294E+001,
6.146627565982405E+009,-4.081598766594809E+001,-6.438395250961024E+001,
6.150537634408602E+009,-4.058580606127583E+001,-8.436317431900463E+001,
6.154447702834800E+009,-4.081092116405421E+001,-1.030348396564369E+002,
6.158357771260998E+009,-4.060219715898340E+001,-1.230447076993626E+002,
6.162267839687195E+009,-4.103574934901658E+001,-1.428837284904546E+002,
6.166177908113392E+009,-4.125268455763917E+001,-1.610695407476382E+002,
6.170087976539589E+009,-4.138749911441258E+001,-1.794243368655147E+002,
6.173998044965787E+009,-4.160058042894144E+001,1.609504782088335E+002,
6.177908113391985E+009,-4.201228871712993E+001,1.438928200715584E+002,
6.181818181818182E+009,-4.199096074150792E+001,1.264412243338853E+002,
6.185728250244379E+009,-4.182438148016423E+001,1.071883297093079E+002,
6.189638318670576E+009,-4.192540028330454E+001,8.531404506605415E+001,
6.193548387096774E+009,-4.236933275620241E+001,6.632599442337988E+001,
6.197458455522972E+009,-4.250388227354300E+001,4.542842015863810E+001,
6.201368523949169E+009,-4.300841390463539E+001,2.522963688045128E+001,
6.205278592375366E+009,-4.334571524825682E+001,7.021959985314550E+000,
6.209188660801564E+009,-4.335854919965029E+001,-1.471984991857333E+001,
6.213098729227762E+009,-4.387248527907759E+001,-3.602530921500252E+001,
6.217008797653959E+009,-4.421427906692326E+001,-5.683595847573477E+001,
6.220918866080156E+009,-4.481697514933467E+001,-7.983318701995135E+001,
6.224828934506353E+009,-4.582821980681266E+001,-9.959252311551188E+001,
6.228739002932551E+009,-4.585573720354302E+001,-1.183615016265532E+002,
6.232649071358749E+009,-4.607556120677693E+001,-1.430699475673825E+002,
6.236559139784946E+009,-4.672129968080773E+001,-1.653099853614125E+002,
6.240469208211144E+009,-4.722157805422262E+001,1.690959697705381E+002,
6.244379276637341E+009,-4.819388334469301E+001,1.472921219084386E+002,
6.248289345063539E+009,-4.841618427651447E+001,1.207738347418651E+002,
6.252199413489737E+009,-4.945105776386023E+001,9.409725972658788E+001,
6.256109481915934E+009,-5.015337214019035E+001,6.813892268204663E+001,
6.260019550342131E+009,-5.152094306077109E+001,4.167723658769693E+001,
6.263929618768329E+009,-5.264114564256717E+001,2.019346908113735E+001,
6.267839687194526E+009,-5.253107010357709E+001,1.951223764150012E+000,
6.271749755620724E+009,-5.170028050742211E+001,-1.955846508253202E+001,
6.275659824046921E+009,-5.156668713264651E+001,-5.463404462799231E+001,
6.279569892473118E+009,-5.220632040983639E+001,-8.242872105084460E+001,
6.283479960899316E+009,-5.268538359408219E+001,-1.088412891186461E+002,
6.287390029325514E+009,-5.353114232253076E+001,-1.289064015664731E+002,
6.291300097751711E+009,-5.308646706563356E+001,-1.421732437692229E+002,
6.295210166177908E+009,-5.244468411599145E+001,-1.633147189002118E+002,
6.299120234604105E+009,-5.150211251501750E+001,1.776139619727219E+002,
6.303030303030303E+009,-5.045903333127861E+001,1.550836332725596E+002,
6.306940371456501E+009,-5.048060328551799E+001,1.287922806461246E+002,
6.310850439882698E+009,-5.026183201670045E+001,1.081845466816258E+002,
6.314760508308895E+009,-5.059412090447851E+001,8.532382470121843E+001,
6.318670576735093E+009,-5.102637328045228E+001,6.396841979025607E+001,
6.322580645161290E+009,-5.150121244535808E+001,5.078002983671997E+001,
6.326490713587488E+009,-5.167070296339779E+001,3.926536523702391E+001,
6.330400782013685E+009,-5.062969081410975E+001,2.618192387857463E+001,
6.334310850439882E+009,-5.020856544830448E+001,7.697336388370729E+000,
6.338220918866080E+009,-5.000753736913376E+001,-8.041213961632300E+000,
6.342130987292278E+009,-4.898318458760915E+001,-2.767470731194178E+001,
6.346041055718475E+009,-4.942255112761211E+001,-4.444833255740674E+001,
6.349951124144672E+009,-4.905633907297728E+001,-5.909808713348464E+001,
6.353861192570869E+009,-4.846158067965396E+001,-7.351749911416012E+001,
6.357771260997068E+009,-4.847560190960563E+001,-9.067775110036000E+001,
6.361681329423266E+009,-4.813732412952135E+001,-1.024428588483751E+002,
6.365591397849463E+009,-4.691941123057781E+001,-1.143843322417782E+002,
6.369501466275660E+009,-4.559339728305324E+001,-1.338548636943578E+002,
6.373411534701857E+009,-4.488631791732175E+001,-1.528169398863575E+002,
6.377321603128055E+009,-4.440077809383361E+001,-1.730149594502478E+002,
6.381231671554253E+009,-4.430822155382812E+001,1.677293558072130E+002,
6.385141739980450E+009,-4.421901560514895E+001,1.527722865731688E+002,
6.389051808406647E+009,-4.326922256037932E+001,1.393294491364795E+002,
6.392961876832845E+009,-4.210278962346725E+001,1.184754805531582E+002,
6.396871945259043E+009,-4.196151186515174E+001,9.766843935305842E+001,
6.400782013685240E+009,-4.169082428637766E+001,8.012186521169876E+001,
6.404692082111437E+009,-4.139756510992974E+001,6.215786446098788E+001,
6.408602150537634E+009,-4.090025352417992E+001,4.619995280582011E+001,
6.412512218963832E+009,-4.006108328132424E+001,2.839663221303349E+001,
6.416422287390030E+009,-3.945983817582508E+001,7.213061361175455E+000,
6.420332355816227E+009,-3.914358130831456E+001,-1.410836810234714E+001,
6.424242424242424E+009,-3.912808786759928E+001,-3.395664364929716E+001,
6.428152492668621E+009,-3.907814383696118E+001,-5.045556236756102E+001,
6.432062561094819E+009,-3.858675790067740E+001,-6.821622118961588E+001,
6.435972629521017E+009,-3.811468269479602E+001,-8.696723266306505E+001,
6.439882697947214E+009,-3.766940998475488E+001,-1.075693577418297E+002,
6.443792766373411E+009,-3.741988276272493E+001,-1.283530240308728E+002,
6.447702834799609E+009,-3.748835248980655E+001,-1.484074739437301E+002,
6.451612903225807E+009,-3.749390692843407E+001,-1.677903315918933E+002,
6.455522971652004E+009,-3.757831759563547E+001,1.735530647685845E+002,
6.459433040078201E+009,-3.747721180115264E+001,1.562057522427669E+002,
6.463343108504398E+009,-3.728943414079679E+001,1.381026076267818E+002,
6.467253176930596E+009,-3.721424159560682E+001,1.192182807539955E+002,
6.471163245356794E+009,-3.707918136301210E+001,1.012100758341381E+002,
6.475073313782991E+009,-3.696981799207331E+001,8.289623737141076E+001,
6.478983382209189E+009,-3.676432538912283E+001,6.463730874107132E+001,
6.482893450635386E+009,-3.680817337532099E+001,4.518294995035941E+001,
6.486803519061584E+009,-3.674824755700853E+001,2.775798492884902E+001,
6.490713587487782E+009,-3.652650387257817E+001,9.150814245949849E+000,
6.494623655913979E+009,-3.645773420315710E+001,-9.764228933790669E+000,
6.498533724340176E+009,-3.658076570155741E+001,-2.860035658211750E+001,
6.502443792766374E+009,-3.658545005272192E+001,-4.653271473167695E+001,
6.506353861192571E+009,-3.660564389831082E+001,-6.349712976240880E+001,
6.510263929618769E+009,-3.639748720883040E+001,-8.119353632367955E+001,
6.514173998044966E+009,-3.608625709774493E+001,-9.959036894900358E+001,
6.518084066471163E+009,-3.621134455144814E+001,-1.191884843780282E+002,
6.521994134897361E+009,-3.610816036648373E+001,-1.380725891459133E+002,
6.525904203323559E+009,-3.611261148080500E+001,-1.571262489617368E+002,
6.529814271749756E+009,-3.627804591846936E+001,-1.753667584108328E+002,
6.533724340175953E+009,-3.626481054279094E+001,1.659178414218950E+002,
6.537634408602150E+009,-3.638245953616601E+001,1.484789774076991E+002,
6.541544477028348E+009,-3.646253650581303E+001,1.296945963765038E+002,
6.545454545454546E+009,-3.662479382819618E+001,1.117058152579347E+002,
6.549364613880743E+009,-3.666340363128208E+001,9.423088537150208E+001,
6.553274682306940E+009,-3.677090495159202E+001,7.720698850532615E+001,
6.557184750733138E+009,-3.654319273073868E+001,5.971925810136985E+001,
6.561094819159335E+009,-3.659743363315628E+001,4.061340233268534E+001,
6.565004887585533E+009,-3.665833498414177E+001,2.199489624368026E+001,
6.568914956011730E+009,-3.674349409743284E+001,3.950416496263668E+000,
6.572825024437927E+009,-3.688776740997925E+001,-1.453888264255692E+001,
6.576735092864125E+009,-3.719765462371621E+001,-3.282124954124364E+001,
6.580645161290323E+009,-3.740673220096058E+001,-4.986852087230471E+001,
6.584555229716520E+009,-3.758344931984012E+001,-6.700022372973788E+001,
6.588465298142717E+009,-3.770531323075523E+001,-8.285984214760333E+001,
6.592375366568914E+009,-3.764727620410936E+001,-1.000540921553197E+002,
6.596285434995112E+009,-3.758112089146622E+001,-1.171009363900221E+002,
6.600195503421310E+009,-3.764988137452801E+001,-1.349755171941260E+002,
6.604105571847508E+009,-3.762812775237207E+001,-1.526450690202227E+002,
6.608015640273705E+009,-3.782265869236002E+001,-1.703415881948938E+002,
6.611925708699902E+009,-3.775838068017119E+001,1.727717304417459E+002,
6.615835777126100E+009,-3.786191144058254E+001,1.545184707767792E+002,
6.619745845552298E+009,-3.805777608730545E+001,1.373140092893786E+002,
6.623655913978495E+009,-3.806395997639139E+001,1.205948635709582E+002,
6.627565982404692E+009,-3.803207567277762E+001,1.044698864002635E+002,
6.631476050830890E+009,-3.788521094156718E+001,8.695452005376656E+001,
6.635386119257088E+009,-3.780141479399213E+001,6.897396535465013E+001,
6.639296187683285E+009,-3.764777389028511E+001,5.164177724872589E+001,
6.643206256109482E+009,-3.753513224062184E+001,3.181006936391345E+001,
6.647116324535679E+009,-3.763830878039947E+001,1.244726810937352E+001,
6.651026392961877E+009,-3.785288769670176E+001,-6.715957955963347E+000,
6.654936461388075E+009,-3.821171518603502E+001,-2.417178941287911E+001,
6.658846529814272E+009,-3.819414689551410E+001,-4.251328437977151E+001,
6.662756598240469E+009,-3.843842144575647E+001,-5.992164495506509E+001,
6.666666666666666E+009,-3.849880153353051E+001,-7.708847746611652E+001,
6.670576735092864E+009,-3.849618502616509E+001,-9.526262905506221E+001,
6.674486803519062E+009,-3.880035037313012E+001,-1.151076173418424E+002,
6.678396871945259E+009,-3.888288753855882E+001,-1.329528982592558E+002,
6.682306940371456E+009,-3.920022889356159E+001,-1.511415384381287E+002,
6.686217008797654E+009,-3.954027377905813E+001,-1.684496629755472E+002,
6.690127077223852E+009,-3.956852634584389E+001,1.747723159004014E+002,
6.694037145650049E+009,-3.943929237823853E+001,1.556707949678805E+002,
6.697947214076246E+009,-3.988134970567684E+001,1.366660200118974E+002,
6.701857282502443E+009,-4.022094293333285E+001,1.188660174029074E+002,
6.705767350928641E+009,-4.049248114805748E+001,1.020056106678983E+002,
6.709677419354839E+009,-4.056883872123089E+001,8.396817544892539E+001,
6.713587487781036E+009,-4.073056346081033E+001,6.445996204347566E+001,
6.717497556207233E+009,-4.130418457320393E+001,4.648648587065221E+001,
6.721407624633431E+009,-4.179389916282601E+001,2.953186873111787E+001,
6.725317693059629E+009,-4.200008708708311E+001,1.301344187345730E+001,
6.729227761485827E+009,-4.228726747697833E+001,-3.272751031942291E+000,
6.733137829912024E+009,-4.248257440987800E+001,-2.150318754567146E+001,
6.737047898338221E+009,-4.271809157182406E+001,-3.979261719421626E+001,
6.740957966764419E+009,-4.308899535667191E+001,-5.735817219862089E+001,
6.744868035190616E+009,-4.341021516742800E+001,-7.426979400545577E+001,
6.748778103616814E+009,-4.373422235411499E+001,-9.238261509976108E+001,
6.752688172043011E+009,-4.364787588822045E+001,-1.102416051712590E+002,
6.756598240469208E+009,-4.409069822073826E+001,-1.303229372574038E+002,
6.760508308895406E+009,-4.502910826399010E+001,-1.483688642905154E+002,
6.764418377321604E+009,-4.543743870534235E+001,-1.657144247188085E+002,
6.768328445747801E+009,-4.624847681959171E+001,-1.798741487226936E+002,
6.772238514173998E+009,-4.628455479583217E+001,1.660484956244644E+002,
6.776148582600195E+009,-4.606469125000949E+001,1.473361536812016E+002,
6.780058651026393E+009,-4.629309026567157E+001,1.244219097298200E+002,
6.783968719452591E+009,-4.745540625158274E+001,1.017071680906836E+002,
6.787878787878788E+009,-4.854289250391983E+001,8.510309566107362E+001,
6.791788856304985E+009,-4.964391878718595E+001,6.297270804835912E+001,
6.795698924731183E+009,-5.141759459049055E+001,5.283088933928621E+001,
6.799608993157380E+009,-5.159375117628454E+001,4.220538625344168E+001,
6.803519061583578E+009,-5.195533956443391E+001,2.159133371515912E+001,
6.807429130009775E+009,-5.305713755610164E+001,2.161640227025653E+000,
6.811339198435972E+009,-5.515853643896477E+001,-1.616483413346912E+001,
6.815249266862170E+009,-5.630051388715656E+001,-3.393220940870243E+001,
6.819159335288368E+009,-5.991141915140656E+001,-4.834815995645702E+001,
6.823069403714565E+009,-6.248138685078330E+001,-4.796929750384664E+001,
6.826979472140762E+009,-6.326296237583073E+001,-5.652211637752289E+001,
6.830889540566959E+009,-6.497782878011205E+001,-6.461644160547645E+001,
6.834799608993157E+009,-7.139833613807001E+001,-3.154404108777226E+001,
6.838709677419355E+009,-7.110597354990929E+001,9.489302071704381E+000,
6.842619745845552E+009,-6.150583327009620E+001,1.068022322472341E+001,
6.846529814271750E+009,-5.922940326479547E+001,-9.808966680754937E+000,
6.850439882697948E+009,-5.630168629022806E+001,-2.808032948908543E+001,
6.854349951124145E+009,-5.516305144828490E+001,-4.909982371091474E+001,
6.858260019550343E+009,-5.381559911343470E+001,-6.562058817078150E+001,
6.862170087976540E+009,-5.363110401363687E+001,-8.261025817659031E+001,
6.866080156402737E+009,-5.354939526235447E+001,-9.138137095953240E+001,
6.869990224828935E+009,-5.114747433830892E+001,-9.852479881577013E+001,
6.873900293255133E+009,-4.857557549526963E+001,-1.211848044143829E+002,
6.877810361681330E+009,-4.743026844655574E+001,-1.485466636367996E+002,
6.881720430107527E+009,-4.733910590785121E+001,-1.716895568523132E+002,
6.885630498533724E+009,-4.765867285729050E+001,1.661955628312898E+002,
6.889540566959922E+009,-4.848453361179602E+001,1.492440489725686E+002,
6.893450635386120E+009,-4.844978050142060E+001,1.416007284656637E+002,
6.897360703812317E+009,-4.743454091085798E+001,1.281772075097996E+002,
6.901270772238514E+009,-4.638830847025345E+001,1.129798241831186E+002,
6.905180840664711E+009,-4.573583486417297E+001,9.157908456500657E+001,
6.909090909090909E+009,-4.584939917138900E+001,7.367250122346630E+001,
6.913000977517107E+009,-4.578768332781353E+001,5.935736143856093E+001,
6.916911045943304E+009,-4.529036823440891E+001,4.686376204688245E+001,
6.920821114369501E+009,-4.455947913288448E+001,3.065491847807513E+001,
6.924731182795699E+009,-4.364828544219905E+001,1.639993126975475E+001,
6.928641251221897E+009,-4.287719264625259E+001,-2.078360765804185E+000,
6.932551319648094E+009,-4.240979804323559E+001,-2.141987286243264E+001,
6.936461388074291E+009,-4.210483826773434E+001,-4.102966011620764E+001,
6.940371456500488E+009,-4.180999530941465E+001,-5.685860729541003E+001,
6.944281524926686E+009,-4.148215318805507E+001,-7.288555953768567E+001,
6.948191593352884E+009,-4.082298587761570E+001,-8.889310969790570E+001,
6.952101661779081E+009,-4.006499140792631E+001,-1.061381711255508E+002,
6.956011730205278E+009,-3.958156607806413E+001,-1.264746895559907E+002,
6.959921798631475E+009,-3.925072085268484E+001,-1.448784382576214E+002,
6.963831867057674E+009,-3.873513688195155E+001,-1.632809956723182E+002,
6.967741935483872E+009,-3.845651225258830E+001,1.774455876524542E+002,
6.971652003910069E+009,-3.816432188032969E+001,1.589155291411754E+002,
6.975562072336266E+009,-3.797492512415885E+001,1.397540403948662E+002,
6.979472140762464E+009,-3.780588751620382E+001,1.217885681169792E+002,
6.983382209188661E+009,-3.756421568813679E+001,1.043665458761218E+002,
6.987292277614859E+009,-3.741907735734562E+001,8.678237064581083E+001,
6.991202346041056E+009,-3.700104873044943E+001,6.892072422304216E+001,
6.995112414467253E+009,-3.667611676580393E+001,5.055386903139331E+001,
6.999022482893451E+009,-3.651570411731480E+001,3.109033048277441E+001,
7.002932551319649E+009,-3.636932082969479E+001,1.291688377398491E+001,
7.006842619745846E+009,-3.623070518638654E+001,-5.083609258937814E+000,
7.010752688172043E+009,-3.609631862100821E+001,-2.215706044229411E+001,
7.014662756598240E+009,-3.568198828580166E+001,-3.955688950481926E+001,
7.018572825024438E+009,-3.540535596597260E+001,-5.925202552701218E+001,
7.022482893450636E+009,-3.527518029917411E+001,-7.790652240883878E+001,
7.026392961876833E+009,-3.522895150385041E+001,-9.685912756172154E+001,
7.030303030303030E+009,-3.520713912802554E+001,-1.151537297131349E+002,
7.034213098729228E+009,-3.508108940933226E+001,-1.333485928492903E+002,
7.038123167155425E+009,-3.515557393829239E+001,-1.519918538770961E+002,
7.042033235581623E+009,-3.521559255421035E+001,-1.691111131232734E+002,
7.045943304007820E+009,-3.500351019202523E+001,1.746807048729237E+002,
7.049853372434017E+009,-3.466108322839996E+001,1.566108681956974E+002,
7.053763440860215E+009,-3.447113798631578E+001,1.371372563582019E+002,
7.057673509286413E+009,-3.462094687531613E+001,1.185430089605440E+002,
7.061583577712610E+009,-3.463006390028381E+001,1.013741741381557E+002,
7.065493646138807E+009,-3.459399753937007E+001,8.392479666402669E+001,
7.069403714565004E+009,-3.445395900985457E+001,6.719957690423082E+001,
7.073313782991202E+009,-3.426107438321821E+001,4.969956570185760E+001,
7.077223851417400E+009,-3.410117373417236E+001,3.197212013704728E+001,
7.081133919843597E+009,-3.398983679123045E+001,1.387181008256815E+001,
7.085043988269795E+009,-3.394590726143192E+001,-4.136386062043544E+000,
7.088954056695993E+009,-3.397993515661592E+001,-2.153939845110439E+001,
7.092864125122190E+009,-3.386938377998381E+001,-3.785989834621275E+001,
7.096774193548388E+009,-3.357211431502544E+001,-5.483105555557305E+001,
7.100684261974585E+009,-3.326936160813094E+001,-7.257356862659221E+001,
7.104594330400782E+009,-3.305245843986319E+001,-9.063158409082756E+001,
7.108504398826980E+009,-3.280555774222616E+001,-1.097013671733422E+002,
7.112414467253178E+009,-3.268443337225919E+001,-1.280053982994081E+002,
7.116324535679375E+009,-3.259974797230540E+001,-1.466553301645907E+002,
7.120234604105572E+009,-3.245895897653212E+001,-1.645377621806848E+002,
7.124144672531769E+009,-3.236478577903171E+001,1.773568621191535E+002,
7.128054740957967E+009,-3.220810649349523E+001,1.588685566136983E+002,
7.131964809384165E+009,-3.209299093278734E+001,1.404699078899758E+002,
7.135874877810362E+009,-3.191460338871810E+001,1.220041522257062E+002,
7.139784946236559E+009,-3.178569409961325E+001,1.035182899565307E+002,
7.143695014662756E+009,-3.170280223281563E+001,8.453304942753447E+001,
7.147605083088954E+009,-3.164437447393645E+001,6.490049403923824E+001,
7.151515151515152E+009,-3.173061931255356E+001,4.617671990946744E+001,
7.155425219941349E+009,-3.168296812364379E+001,2.838712277255874E+001,
7.159335288367546E+009,-3.155003781707788E+001,9.540339678466417E+000,
7.163245356793744E+009,-3.150932059634464E+001,-9.435398086333347E+000,
7.167155425219942E+009,-3.161087220133556E+001,-2.887884540102310E+001,
7.171065493646139E+009,-3.175730015957461E+001,-4.787769177198818E+001,
7.174975562072336E+009,-3.186432558474752E+001,-6.595423486587674E+001,
7.178885630498533E+009,-3.186729311149660E+001,-8.416755976367037E+001,
7.182795698924731E+009,-3.188030473369440E+001,-1.030962662803600E+002,
7.186705767350929E+009,-3.192932736804161E+001,-1.221603108473241E+002,
7.190615835777126E+009,-3.201244949409594E+001,-1.408458686319161E+002,
7.194525904203323E+009,-3.213349052452276E+001,-1.593620092139454E+002,
7.198435972629520E+009,-3.232903329190655E+001,-1.779473371754161E+002,
7.202346041055718E+009,-3.249353150737662E+001,1.638088388751525E+002,
7.206256109481916E+009,-3.258439878933393E+001,1.464936013008489E+002,
7.210166177908114E+009,-3.259733742657608E+001,1.285011233472650E+002,
7.214076246334311E+009,-3.257448074136471E+001,1.095282230199477E+002,
7.217986314760509E+009,-3.266306495531056E+001,9.040738403154721E+001,
7.221896383186706E+009,-3.282003514008741E+001,7.158332404430759E+001,
7.225806451612904E+009,-3.306678027940661E+001,5.316979729604904E+001,
7.229716520039101E+009,-3.329138748912919E+001,3.521499209815371E+001,
7.233626588465298E+009,-3.341515012140749E+001,1.736705078484633E+001,
7.237536656891496E+009,-3.360117277108002E+001,-7.090477453852127E-001,
7.241446725317694E+009,-3.369183917585620E+001,-1.867570630380524E+001,
7.245356793743891E+009,-3.378750286493256E+001,-3.678257831343647E+001,
7.249266862170088E+009,-3.400254053522743E+001,-5.513401036325016E+001,
7.253176930596285E+009,-3.416651428782812E+001,-7.313104592226836E+001,
7.257086999022483E+009,-3.425793009334257E+001,-9.128598106467857E+001,
7.260997067448681E+009,-3.442662738881327E+001,-1.092361835333787E+002,
7.264907135874878E+009,-3.461167020760932E+001,-1.279039409449803E+002,
7.268817204301075E+009,-3.482460539627850E+001,-1.448562874493500E+002,
7.272727272727273E+009,-3.496449079244069E+001,-1.627122926677357E+002,
7.276637341153470E+009,-3.503235457927276E+001,1.797786333328285E+002,
7.280547409579668E+009,-3.500675980848995E+001,1.616331311934700E+002,
7.284457478005865E+009,-3.509099265778826E+001,1.423230718696334E+002,
7.288367546432062E+009,-3.524714642914828E+001,1.232527918781313E+002,
7.292277614858260E+009,-3.556439493017972E+001,1.045333456403920E+002,
7.296187683284458E+009,-3.584148941259974E+001,8.688864721045455E+001,
7.300097751710655E+009,-3.598078770568299E+001,6.907676302885565E+001,
7.304007820136852E+009,-3.612391576006732E+001,4.998520017475195E+001,
7.307917888563049E+009,-3.643462940016377E+001,3.106357360096568E+001,
7.311827956989247E+009,-3.667721947655921E+001,1.287883316805003E+001,
7.315738025415445E+009,-3.701327962993392E+001,-5.988770170869159E+000,
7.319648093841642E+009,-3.721926283834763E+001,-2.570814195441653E+001,
7.323558162267839E+009,-3.773431342108493E+001,-4.486479152231817E+001,
7.327468230694037E+009,-3.813258626799789E+001,-6.291716008220836E+001,
7.331378299120235E+009,-3.838761287341529E+001,-8.076386925847513E+001,
7.335288367546433E+009,-3.873952029424282E+001,-9.868553160215714E+001,
7.339198435972630E+009,-3.899364356632508E+001,-1.183077651460046E+002,
7.343108504398827E+009,-3.942405962406186E+001,-1.372203088976158E+002,
7.347018572825025E+009,-3.991893183886594E+001,-1.562609177706575E+002,
7.350928641251223E+009,-4.045201128881601E+001,-1.753747362840698E+002,
7.354838709677420E+009,-4.117701414568469E+001,1.659044189813095E+002,
7.358748778103617E+009,-4.168593937902227E+001,1.495647039800208E+002,
7.362658846529814E+009,-4.182806886060472E+001,1.329216033783804E+002,
7.366568914956012E+009,-4.224393950489326E+001,1.104561215780199E+002,
7.370478983382210E+009,-4.308074076796531E+001,9.001176922388487E+001,
7.374389051808407E+009,-4.382282438273522E+001,7.106609530786423E+001,
7.378299120234604E+009,-4.492326324219184E+001,5.275649593249118E+001,
7.382209188660801E+009,-4.568135339184649E+001,3.698998755025767E+001,
7.386119257086999E+009,-4.606501865626857E+001,1.884306496110998E+001,
7.390029325513197E+009,-4.664756199317846E+001,-2.486240523498926E-002,
7.393939393939394E+009,-4.746009455466365E+001,-2.264023245929004E+001,
7.397849462365591E+009,-4.888574201633182E+001,-4.124826458963334E+001,
7.401759530791789E+009,-4.930905989445726E+001,-5.773539093950109E+001,
7.405669599217987E+009,-5.030304859197066E+001,-8.334639789575594E+001,
7.409579667644184E+009,-5.112052229485460E+001,-1.096011699748959E+002,
7.413489736070381E+009,-5.307763831459425E+001,-1.320158781814089E+002,
7.417399804496578E+009,-5.390568087698857E+001,-1.578576678754421E+002,
7.421309872922776E+009,-5.524704256684370E+001,1.681465953996934E+002,
7.425219941348974E+009,-5.740012459674432E+001,1.362003792778351E+002,
7.429130009775171E+009,-5.903054231865937E+001,1.076808462414775E+002,
7.433040078201368E+009,-5.720066399355886E+001,7.794597701774565E+001,
7.436950146627565E+009,-5.661339137086851E+001,4.092793948877431E+001,
7.440860215053763E+009,-5.571282056153066E+001,1.483555454618236E+001,
7.444770283479961E+009,-5.538725326103510E+001,-8.094294047333333E+000,
7.448680351906158E+009,-5.323171659335540E+001,-2.628900176646839E+001,
7.452590420332356E+009,-5.106154515793854E+001,-5.157299405616845E+001,
7.456500488758554E+009,-5.017721299493472E+001,-7.649093324322340E+001,
7.460410557184751E+009,-4.914158904618286E+001,-9.788595698360066E+001,
7.464320625610949E+009,-4.842859246097387E+001,-1.198907431921517E+002,
7.468230694037146E+009,-4.773786544214524E+001,-1.400985653498304E+002,
7.472140762463343E+009,-4.739871076112520E+001,-1.606592857160419E+002,
7.476050830889541E+009,-4.707343131559053E+001,-1.784639706223819E+002,
7.479960899315739E+009,-4.664793128188153E+001,1.650872198285824E+002,
7.483870967741936E+009,-4.583158847159412E+001,1.502912012523118E+002,
7.487781036168133E+009,-4.487039562033344E+001,1.309401426537344E+002,
7.491691104594330E+009,-4.420588139970572E+001,1.133761480291243E+002,
7.495601173020528E+009,-4.358425220731894E+001,9.336366082568542E+001,
7.499511241446726E+009,-4.291568264268067E+001,7.325430441906825E+001,
7.503421309872923E+009,-4.281151685978628E+001,5.309666808374978E+001,
7.507331378299120E+009,-4.264230947504444E+001,3.598966405418763E+001,
7.511241446725318E+009,-4.238511739944443E+001,1.801689084719044E+001,
7.515151515151515E+009,-4.200615414454050E+001,3.018464246734177E+000,
7.519061583577713E+009,-4.144288097891145E+001,-1.482189757614387E+001,
7.522971652003910E+009,-4.090536403448603E+001,-3.296082134073494E+001,
7.526881720430107E+009,-4.044411357884106E+001,-5.232011235182144E+001,
7.530791788856305E+009,-4.006940419972502E+001,-7.201092740944310E+001,
7.534701857282503E+009,-4.004322832907103E+001,-9.044188753312182E+001,
7.538611925708700E+009,-3.973589400675383E+001,-1.078748073500370E+002,
7.542521994134897E+009,-3.956011508156103E+001,-1.251449803251101E+002,
7.546432062561094E+009,-3.925389276657054E+001,-1.424778282990607E+002,
7.550342130987292E+009,-3.881681127653602E+001,-1.600495762674395E+002,
7.554252199413490E+009,-3.838816674204950E+001,-1.788361737272923E+002,
7.558162267839687E+009,-3.793891418745518E+001,1.616558049801198E+002,
7.562072336265884E+009,-3.789905623368618E+001,1.425896025415293E+002,
7.565982404692082E+009,-3.788141402988001E+001,1.239686011095274E+002,
7.569892473118280E+009,-3.769767351388583E+001,1.065242142000116E+002,
7.573802541544478E+009,-3.729096894478520E+001,8.820097965374494E+001,
7.577712609970675E+009,-3.715478482236546E+001,6.900142682268599E+001,
7.581622678396872E+009,-3.711732763381415E+001,5.034601407415985E+001,
7.585532746823070E+009,-3.706639553292224E+001,3.309150721041137E+001,
7.589442815249268E+009,-3.680369785222757E+001,1.466084652466565E+001,
7.593352883675465E+009,-3.672214710298970E+001,-5.113544218572487E+000,
7.597262952101662E+009,-3.682929714182347E+001,-2.323923064385538E+001,
7.601173020527859E+009,-3.679166680070060E+001,-4.146389756363200E+001,
7.605083088954057E+009,-3.678608812858325E+001,-5.860020753308856E+001,
7.608993157380255E+009,-3.673758233376876E+001,-7.543875677452363E+001,
7.612903225806452E+009,-3.648679395304474E+001,-9.344871112130207E+001,
7.616813294232649E+009,-3.634135463626064E+001,-1.120391445224191E+002,
7.620723362658846E+009,-3.626917152661292E+001,-1.303217859739796E+002,
7.624633431085044E+009,-3.624833269049157E+001,-1.491332356784664E+002,
7.628543499511242E+009,-3.638722942136014E+001,-1.676025637491662E+002,
7.632453567937439E+009,-3.643144723892966E+001,1.753268745843828E+002,
7.636363636363636E+009,-3.648864562834978E+001,1.588509926416090E+002,
7.640273704789834E+009,-3.627779748623708E+001,1.418835113083667E+002,
7.644183773216032E+009,-3.616293701989646E+001,1.239865957996543E+002,
7.648093841642229E+009,-3.599783704779920E+001,1.054237732840723E+002,
7.652003910068426E+009,-3.601938942124867E+001,8.765794069487572E+001,
7.655913978494623E+009,-3.603928356177255E+001,6.913522346053729E+001,
7.659824046920821E+009,-3.614449518279742E+001,5.149850848556452E+001,
7.663734115347019E+009,-3.628005896402178E+001,3.434919592392551E+001,
7.667644183773216E+009,-3.633317458578757E+001,1.710462328117903E+001,
7.671554252199413E+009,-3.626801406948605E+001,5.877263282843417E-002,
7.675464320625610E+009,-3.621220783594438E+001,-1.747761513934253E+001,
7.679374389051808E+009,-3.621989945186571E+001,-3.486031927510073E+001,
7.683284457478006E+009,-3.626166626699734E+001,-5.265437033208577E+001,
7.687194525904203E+009,-3.640263089415750E+001,-7.002130369754909E+001,
7.691104594330401E+009,-3.640346734292428E+001,-8.568356964009010E+001,
7.695014662756599E+009,-3.622935958591327E+001,-1.035241683247154E+002,
7.698924731182797E+009,-3.623894222829303E+001,-1.202952046507465E+002,
7.702834799608994E+009,-3.604878201955309E+001,-1.370272483288843E+002,
7.706744868035191E+009,-3.591686618365599E+001,-1.554101952744153E+002,
7.710654936461388E+009,-3.592577465225936E+001,-1.740709495820914E+002,
7.714565004887586E+009,-3.594537523091381E+001,1.687404409595888E+002,
7.718475073313784E+009,-3.606773340857309E+001,1.515805037868901E+002,
7.722385141739981E+009,-3.601222574205163E+001,1.351697397249441E+002,
7.726295210166178E+009,-3.593411536288417E+001,1.176727715334496E+002,
7.730205278592375E+009,-3.593413886610025E+001,9.994108029950293E+001,
7.734115347018573E+009,-3.578937461788258E+001,8.225412484019891E+001,
7.738025415444771E+009,-3.567667724666737E+001,6.408737867884014E+001,
7.741935483870968E+009,-3.584555229478751E+001,4.677328265432810E+001,
7.745845552297165E+009,-3.593213131464981E+001,2.986154457956009E+001,
7.749755620723363E+009,-3.591451984718326E+001,1.267164918673975E+001,
7.753665689149560E+009,-3.589672381049351E+001,-4.597360987543997E+000,
7.757575757575758E+009,-3.566627933469773E+001,-2.253712795899373E+001,
7.761485826001955E+009,-3.571340693638285E+001,-4.094791492958086E+001,
7.765395894428152E+009,-3.581178847230777E+001,-5.899237981755171E+001,
7.769305962854350E+009,-3.588012514846081E+001,-7.590975904920555E+001,
7.773216031280548E+009,-3.583955068245131E+001,-9.275875096169487E+001,
7.777126099706745E+009,-3.565972367761832E+001,-1.099732821670640E+002,
7.781036168132942E+009,-3.559220790395308E+001,-1.274337731887522E+002,
7.784946236559139E+009,-3.545974229661490E+001,-1.461241847264844E+002,
7.788856304985337E+009,-3.557275336968776E+001,-1.645592577430808E+002,
7.792766373411535E+009,-3.561876998727519E+001,1.785646874497980E+002,
7.796676441837732E+009,-3.558139794744526E+001,1.610013440400472E+002,
7.800586510263929E+009,-3.566053767779533E+001,1.433991209844690E+002,
7.804496578690127E+009,-3.547685805884167E+001,1.253702798794504E+002,
7.808406647116324E+009,-3.548933934230970E+001,1.073535390712095E+002,
7.812316715542522E+009,-3.550058157674167E+001,8.932814249720809E+001,
7.816226783968720E+009,-3.542239936409174E+001,7.072175286567180E+001,
7.820136852394917E+009,-3.553093470185521E+001,5.181044170916788E+001,
7.824046920821115E+009,-3.559994052875779E+001,3.387688613171655E+001,
7.827956989247313E+009,-3.578704185094275E+001,1.547129343354373E+001,
7.831867057673510E+009,-3.576471295157765E+001,-8.948664601145745E-001,
7.835777126099707E+009,-3.573355411911381E+001,-1.953487892454425E+001,
7.839687194525904E+009,-3.583583923416877E+001,-3.826009441528631E+001,
7.843597262952102E+009,-3.585242570958145E+001,-5.613718451436230E+001,
7.847507331378300E+009,-3.593380632182271E+001,-7.417600061849257E+001,
7.851417399804497E+009,-3.592209160260380E+001,-9.162739595718482E+001,
7.855327468230694E+009,-3.589988133587759E+001,-1.106348679001715E+002,
7.859237536656891E+009,-3.604837604660255E+001,-1.298974457464998E+002,
7.863147605083089E+009,-3.620181323983635E+001,-1.475614673879352E+002,
7.867057673509287E+009,-3.623703725114262E+001,-1.654596329261282E+002,
7.870967741935484E+009,-3.632352277898110E+001,1.763485766674922E+002,
7.874877810361681E+009,-3.633614769503998E+001,1.580173338133425E+002,
7.878787878787879E+009,-3.642202112620715E+001,1.394078083158062E+002,
7.882697947214077E+009,-3.651121872344240E+001,1.214450194964864E+002,
7.886608015640274E+009,-3.657567582551855E+001,1.025850496269086E+002,
7.890518084066471E+009,-3.662913196649286E+001,8.325858210295142E+001,
7.894428152492668E+009,-3.676722355859074E+001,6.420184045106210E+001,
7.898338220918866E+009,-3.695879135343117E+001,4.607800854897976E+001,
7.902248289345064E+009,-3.720955089476934E+001,2.698186291891528E+001,
7.906158357771261E+009,-3.728955672266498E+001,8.546568845740259E+000,
7.910068426197458E+009,-3.756228314173307E+001,-1.040627407002353E+001,
7.913978494623655E+009,-3.765452398275949E+001,-2.849947148828149E+001,
7.917888563049853E+009,-3.782535209658964E+001,-4.687247807997149E+001,
7.921798631476051E+009,-3.790296973060669E+001,-6.670544483503176E+001,
7.925708699902248E+009,-3.824633451442278E+001,-8.574495782854193E+001,
7.929618768328445E+009,-3.836988889332085E+001,-1.036578041523507E+002,
7.933528836754643E+009,-3.846706563234433E+001,-1.236688838817067E+002,
7.937438905180841E+009,-3.875269852439926E+001,-1.441351823107219E+002,
7.941348973607039E+009,-3.918568099808926E+001,-1.629261802562697E+002,
7.945259042033236E+009,-3.944094679460898E+001,1.781553084949603E+002,
7.949169110459433E+009,-3.985710709395618E+001,1.594279292672973E+002,
7.953079178885631E+009,-4.011987277307799E+001,1.410654823988217E+002,
7.956989247311829E+009,-4.020026051398881E+001,1.216735632964882E+002,
7.960899315738026E+009,-4.043014771292864E+001,1.012708461886488E+002,
7.964809384164223E+009,-4.075168629107908E+001,8.115976144921625E+001,
7.968719452590420E+009,-4.133808203938884E+001,6.051384947977918E+001,
7.972629521016618E+009,-4.178474297237624E+001,4.250499981345514E+001,
7.976539589442816E+009,-4.212252892966478E+001,2.422161235863401E+001,
7.980449657869013E+009,-4.219846554257921E+001,3.879732091814149E+000,
7.984359726295210E+009,-4.242435060574354E+001,-1.532748909622280E+001,
7.988269794721408E+009,-4.249851291936964E+001,-3.564411292682125E+001,
7.992179863147605E+009,-4.242914727446716E+001,-5.687897913251886E+001,
7.996089931573803E+009,-4.269396723526426E+001,-8.103816814018182E+001,
8.000000000000000E+009,-4.318792289374428E+001,-1.039463268622392E+002,
