% Version 1.00
%
%freq[Hz];db:Trc1_S21;ang:Trc1_S21;
4.000000000000000E+009,-2.544944224217695E+001,-1.082061393877315E+002,
4.003910068426198E+009,-2.539891021079425E+001,-1.287621061556471E+002,
4.007820136852395E+009,-2.537743026401820E+001,-1.486473713573270E+002,
4.011730205278593E+009,-2.552953044217619E+001,-1.687014099486764E+002,
4.015640273704790E+009,-2.544194344094315E+001,1.724670086686023E+002,
4.019550342130987E+009,-2.555437998429671E+001,1.522426360298633E+002,
4.023460410557185E+009,-2.554553344555394E+001,1.346840789926019E+002,
4.027370478983382E+009,-2.530030173557252E+001,1.158614979108591E+002,
4.031280547409580E+009,-2.498441829664679E+001,9.588274557421335E+001,
4.035190615835777E+009,-2.483177447774333E+001,7.494333722008406E+001,
4.039100684261975E+009,-2.484173860391028E+001,5.372894771292319E+001,
4.043010752688172E+009,-2.486585612762563E+001,3.370414543966621E+001,
4.046920821114369E+009,-2.484937812696695E+001,1.420073418509275E+001,
4.050830889540567E+009,-2.487697215342877E+001,-6.420349715344329E+000,
4.054740957966765E+009,-2.493824328379234E+001,-2.578464858855457E+001,
4.058651026392962E+009,-2.493918591798598E+001,-4.530802084590710E+001,
4.062561094819160E+009,-2.486569149803156E+001,-6.437639457105092E+001,
4.066471163245357E+009,-2.471724819016237E+001,-8.424592889808348E+001,
4.070381231671554E+009,-2.469448315621504E+001,-1.047880359984699E+002,
4.074291300097752E+009,-2.469095642773374E+001,-1.246294325971494E+002,
4.078201368523949E+009,-2.454492146178382E+001,-1.446209488336368E+002,
4.082111436950147E+009,-2.451530357367411E+001,-1.649219109625275E+002,
4.086021505376344E+009,-2.446320319815403E+001,1.750055885796539E+002,
4.089931573802542E+009,-2.447627593371269E+001,1.546636877335325E+002,
4.093841642228739E+009,-2.443952420227681E+001,1.344596046857421E+002,
4.097751710654936E+009,-2.453393192043115E+001,1.142887242212158E+002,
4.101661779081134E+009,-2.465097647095442E+001,9.516246901544213E+001,
4.105571847507331E+009,-2.465380790751247E+001,7.608547327339787E+001,
4.109481915933529E+009,-2.465346023334393E+001,5.682636787793635E+001,
4.113391984359726E+009,-2.456636271816137E+001,3.799994933359476E+001,
4.117302052785924E+009,-2.440747016666400E+001,1.863728338182839E+001,
4.121212121212121E+009,-2.441779797642678E+001,-1.461731782972843E+000,
4.125122189638319E+009,-2.434884326511721E+001,-2.033460428301438E+001,
4.129032258064516E+009,-2.415827450638546E+001,-3.967985220158851E+001,
4.132942326490714E+009,-2.406644765827139E+001,-5.992885311647701E+001,
4.136852394916911E+009,-2.400184279809143E+001,-7.932659832982564E+001,
4.140762463343109E+009,-2.387011566652882E+001,-9.864994553043454E+001,
4.144672531769306E+009,-2.379074556105446E+001,-1.182149783008709E+002,
4.148582600195503E+009,-2.358763647885249E+001,-1.380497250815010E+002,
4.152492668621701E+009,-2.347811019226751E+001,-1.586060445595043E+002,
4.156402737047898E+009,-2.339688400781358E+001,-1.785654545952754E+002,
4.160312805474096E+009,-2.326700272433883E+001,1.617123356684534E+002,
4.164222873900293E+009,-2.320797376321455E+001,1.423207467306275E+002,
4.168132942326491E+009,-2.303569867564529E+001,1.221284194302606E+002,
4.172043010752688E+009,-2.293503647000097E+001,1.014662718247912E+002,
4.175953079178886E+009,-2.296681800259295E+001,8.083187453905390E+001,
4.179863147605083E+009,-2.288851730733805E+001,6.091359431494157E+001,
4.183773216031281E+009,-2.288222042799603E+001,4.087277619251518E+001,
4.187683284457478E+009,-2.280943455806043E+001,2.157291486185984E+001,
4.191593352883676E+009,-2.265521559092317E+001,2.181382789229551E-001,
4.195503421309873E+009,-2.264418191802008E+001,-2.097815636316996E+001,
4.199413489736071E+009,-2.274134839948948E+001,-4.061830492818387E+001,
4.203323558162268E+009,-2.276153795325361E+001,-6.048789919169557E+001,
4.207233626588465E+009,-2.280454854614000E+001,-8.038862300973777E+001,
4.211143695014663E+009,-2.281161917659534E+001,-1.005456308830202E+002,
4.215053763440860E+009,-2.282039633598977E+001,-1.206886776643398E+002,
4.218963831867058E+009,-2.282537296086500E+001,-1.404302413412127E+002,
4.222873900293255E+009,-2.280402326437192E+001,-1.603752339145983E+002,
4.226783968719452E+009,-2.280172315188327E+001,1.790348011547546E+002,
4.230694037145650E+009,-2.277460615367038E+001,1.586465384625730E+002,
4.234604105571847E+009,-2.283619589170475E+001,1.373950735465704E+002,
4.238514173998045E+009,-2.295471977584858E+001,1.166913943996301E+002,
4.242424242424243E+009,-2.306082204713801E+001,9.516865075493253E+001,
4.246334310850440E+009,-2.337351570584050E+001,7.460889440812643E+001,
4.250244379276638E+009,-2.371739318494581E+001,5.470732500966137E+001,
4.254154447702835E+009,-2.386052295091031E+001,3.479423274459690E+001,
4.258064516129032E+009,-2.411561727306539E+001,1.456861675944962E+001,
4.261974584555230E+009,-2.427060124336885E+001,-5.614128269462189E+000,
4.265884652981427E+009,-2.458416188081214E+001,-2.663908235154407E+001,
4.269794721407625E+009,-2.487758848279189E+001,-4.648360657671716E+001,
4.273704789833822E+009,-2.525277828252709E+001,-6.660740831908899E+001,
4.277614858260019E+009,-2.568758449058393E+001,-8.715351018798104E+001,
4.281524926686217E+009,-2.633731427138203E+001,-1.060173968403424E+002,
4.285434995112414E+009,-2.664622688027745E+001,-1.233269373814901E+002,
4.289345063538612E+009,-2.696000394259610E+001,-1.422717304667783E+002,
4.293255131964809E+009,-2.736532762487445E+001,-1.612615376475180E+002,
4.297165200391007E+009,-2.788996895798260E+001,-1.790283773572575E+002,
4.301075268817205E+009,-2.821623304442510E+001,1.639225989563687E+002,
4.304985337243402E+009,-2.859619020278455E+001,1.473932440265789E+002,
4.308895405669600E+009,-2.870865845485668E+001,1.302865630619351E+002,
4.312805474095797E+009,-2.882930292878903E+001,1.136983147032443E+002,
4.316715542521994E+009,-2.885636420607180E+001,9.591491051934021E+001,
4.320625610948192E+009,-2.895045721953701E+001,7.800089475941728E+001,
4.324535679374389E+009,-2.905366058996968E+001,5.960159600637637E+001,
4.328445747800587E+009,-2.915782622383346E+001,4.147427689788784E+001,
4.332355816226784E+009,-2.936091638042274E+001,2.449536810579606E+001,
4.336265884652982E+009,-2.927587189369499E+001,8.480542667742153E+000,
4.340175953079179E+009,-2.910946833170806E+001,-1.084387421618057E+001,
4.344086021505377E+009,-2.895765668456527E+001,-2.940427820299303E+001,
4.347996089931574E+009,-2.904003400795872E+001,-4.887879864533313E+001,
4.351906158357771E+009,-2.905931660360849E+001,-6.604559944742171E+001,
4.355816226783969E+009,-2.905569701046898E+001,-8.461693186026834E+001,
4.359726295210166E+009,-2.890163099676541E+001,-1.026630914176144E+002,
4.363636363636364E+009,-2.891399490219721E+001,-1.212049910803217E+002,
4.367546432062561E+009,-2.852532547233334E+001,-1.390944709237611E+002,
4.371456500488758E+009,-2.824071408038651E+001,-1.598557938000562E+002,
4.375366568914956E+009,-2.822078043183038E+001,1.786539440920006E+002,
4.379276637341153E+009,-2.828624634157400E+001,1.583488362135651E+002,
4.383186705767351E+009,-2.833727280988942E+001,1.387487318446967E+002,
4.387096774193548E+009,-2.836421577419696E+001,1.187864006168791E+002,
4.391006842619746E+009,-2.845774970703534E+001,1.000415411611920E+002,
4.394916911045943E+009,-2.826618841464362E+001,8.066841388476014E+001,
4.398826979472141E+009,-2.818403659861008E+001,6.054121000001897E+001,
4.402737047898338E+009,-2.798574683102808E+001,4.003205616506688E+001,
4.406647116324535E+009,-2.822299703508867E+001,1.812585777834629E+001,
4.410557184750733E+009,-2.841815206118694E+001,-2.122314373915766E+000,
4.414467253176930E+009,-2.844939852016609E+001,-2.121452281959850E+001,
4.418377321603128E+009,-2.847272374189240E+001,-4.123834636928962E+001,
4.422287390029326E+009,-2.849724894124989E+001,-6.068800144354747E+001,
4.426197458455523E+009,-2.844913411805117E+001,-8.147286216322604E+001,
4.430107526881721E+009,-2.855101361033995E+001,-1.019056391737390E+002,
4.434017595307918E+009,-2.853644710988338E+001,-1.218585329530764E+002,
4.437927663734116E+009,-2.874692406148306E+001,-1.431611304627311E+002,
4.441837732160313E+009,-2.891624977819106E+001,-1.632686274530767E+002,
4.445747800586511E+009,-2.912488793585069E+001,1.787980272513614E+002,
4.449657869012708E+009,-2.906181184582362E+001,1.588185937000633E+002,
4.453567937438905E+009,-2.913266177389279E+001,1.379117650864678E+002,
4.457478005865103E+009,-2.952895502955819E+001,1.172106217346308E+002,
4.461388074291300E+009,-2.978347348274875E+001,1.001756241421782E+002,
4.465298142717498E+009,-2.971112278241357E+001,8.147394219307491E+001,
4.469208211143695E+009,-2.969539432271254E+001,6.186736906041637E+001,
4.473118279569893E+009,-2.990132931193161E+001,4.319776460349612E+001,
4.477028347996090E+009,-2.997132908139437E+001,2.426550838319884E+001,
4.480938416422287E+009,-3.002136925533430E+001,5.931591259087285E+000,
4.484848484848485E+009,-3.001224843461509E+001,-1.295472232322450E+001,
4.488758553274682E+009,-3.019786590425999E+001,-3.113777151984172E+001,
4.492668621700880E+009,-3.022617500200222E+001,-4.784410008527472E+001,
4.496578690127077E+009,-3.005037395230879E+001,-6.503964486115376E+001,
4.500488758553275E+009,-2.982134337623208E+001,-8.423609639981258E+001,
4.504398826979472E+009,-2.969029544975504E+001,-1.029249887944737E+002,
4.508308895405669E+009,-2.961882357722094E+001,-1.206565506463260E+002,
4.512218963831867E+009,-2.936631920862210E+001,-1.403000930920575E+002,
4.516129032258064E+009,-2.943790380395067E+001,-1.588727863830086E+002,
4.520039100684262E+009,-2.953137046729637E+001,-1.761588350688075E+002,
4.523949169110459E+009,-2.940030708245402E+001,1.655753437555786E+002,
4.527859237536657E+009,-2.934346763557767E+001,1.474203715531423E+002,
4.531769305962854E+009,-2.912401198203782E+001,1.303743557453531E+002,
4.535679374389051E+009,-2.907880648856413E+001,1.125483199293523E+002,
4.539589442815249E+009,-2.851355069603281E+001,9.452655681953114E+001,
4.543499511241447E+009,-2.842461274966034E+001,7.390029276760232E+001,
4.547409579667645E+009,-2.839811893790450E+001,5.527258387375318E+001,
4.551319648093842E+009,-2.829688622258129E+001,3.707730316022981E+001,
4.555229716520039E+009,-2.825561234703373E+001,1.858407007932600E+001,
4.559139784946237E+009,-2.818780753911825E+001,3.230765936015322E-001,
4.563049853372434E+009,-2.807003118752870E+001,-1.719223309401497E+001,
4.566959921798632E+009,-2.794086756711242E+001,-3.577043174873266E+001,
4.570869990224829E+009,-2.786100689718760E+001,-5.343084514808586E+001,
4.574780058651027E+009,-2.762428919486506E+001,-7.087166621901302E+001,
4.578690127077224E+009,-2.731567252135591E+001,-8.918516427051050E+001,
4.582600195503422E+009,-2.695995076089888E+001,-1.080360404503417E+002,
4.586510263929619E+009,-2.689624293344352E+001,-1.269994629278851E+002,
4.590420332355816E+009,-2.669562615509067E+001,-1.458186254835746E+002,
4.594330400782014E+009,-2.661525558895423E+001,-1.640394803991698E+002,
4.598240469208211E+009,-2.648509751588005E+001,1.781221288313784E+002,
4.602150537634409E+009,-2.618231000790159E+001,1.592865645380065E+002,
4.606060606060606E+009,-2.607119605658986E+001,1.403796179034106E+002,
4.609970674486803E+009,-2.581742711649159E+001,1.215982952397758E+002,
4.613880742913001E+009,-2.574168100259446E+001,1.023058935751722E+002,
4.617790811339198E+009,-2.558607604032538E+001,8.306034824152903E+001,
4.621700879765396E+009,-2.550435836410193E+001,6.452819012770605E+001,
4.625610948191593E+009,-2.539759885671198E+001,4.503013494394458E+001,
4.629521016617791E+009,-2.540320993086088E+001,2.593512266708633E+001,
4.633431085043988E+009,-2.534777123238698E+001,6.894946504539138E+000,
4.637341153470186E+009,-2.542335979347904E+001,-1.192625089848496E+001,
4.641251221896383E+009,-2.548655648990420E+001,-3.067281900211404E+001,
4.645161290322580E+009,-2.551673494482423E+001,-4.899185388558341E+001,
4.649071358748778E+009,-2.549932246655479E+001,-6.681078980487204E+001,
4.652981427174975E+009,-2.535671649104241E+001,-8.593907329037947E+001,
4.656891495601173E+009,-2.538409207041264E+001,-1.039785633149480E+002,
4.660801564027371E+009,-2.540310514263977E+001,-1.232834056451868E+002,
4.664711632453568E+009,-2.551930424247841E+001,-1.418268479230796E+002,
4.668621700879766E+009,-2.551765939909367E+001,-1.595637626681432E+002,
4.672531769305963E+009,-2.560512913324170E+001,-1.781648344768303E+002,
4.676441837732161E+009,-2.559989261964722E+001,1.640041666265739E+002,
4.680351906158358E+009,-2.572819769784653E+001,1.461014390424625E+002,
4.684261974584556E+009,-2.571247198399641E+001,1.290203229845590E+002,
4.688172043010753E+009,-2.584046864126668E+001,1.107483774877781E+002,
4.692082111436951E+009,-2.590566886427718E+001,9.343534239598043E+001,
4.695992179863148E+009,-2.583594622500192E+001,7.654472425039057E+001,
4.699902248289345E+009,-2.576929179078558E+001,5.896726958909534E+001,
4.703812316715543E+009,-2.565193603061802E+001,4.084713475616898E+001,
4.707722385141740E+009,-2.566640181280626E+001,2.211661256732434E+001,
4.711632453567938E+009,-2.573868266650113E+001,3.872993297823806E+000,
4.715542521994135E+009,-2.575263703854969E+001,-1.375600222603163E+001,
4.719452590420332E+009,-2.571620319888613E+001,-3.127441091926763E+001,
4.723362658846530E+009,-2.567377699439594E+001,-4.902161191438748E+001,
4.727272727272727E+009,-2.568515776083752E+001,-6.736833894755573E+001,
4.731182795698925E+009,-2.570287937832336E+001,-8.508261967803503E+001,
4.735092864125122E+009,-2.567596733402203E+001,-1.023293100637133E+002,
4.739002932551320E+009,-2.565083281155440E+001,-1.207055272213998E+002,
4.742913000977517E+009,-2.562382546295815E+001,-1.385466725236126E+002,
4.746823069403714E+009,-2.563864963503632E+001,-1.566979022106259E+002,
4.750733137829912E+009,-2.566350474918169E+001,-1.755731627483228E+002,
4.754643206256109E+009,-2.576867129269148E+001,1.662784341383199E+002,
4.758553274682307E+009,-2.596264376142049E+001,1.493581441497228E+002,
4.762463343108504E+009,-2.586731464521952E+001,1.322561773401202E+002,
4.766373411534702E+009,-2.591950195361718E+001,1.146384788743525E+002,
4.770283479960899E+009,-2.588785482753939E+001,9.701293652778752E+001,
4.774193548387096E+009,-2.575889395991025E+001,7.912608084497067E+001,
4.778103616813294E+009,-2.574735728464876E+001,5.984445842487388E+001,
4.782013685239492E+009,-2.585462467070656E+001,4.152942539970214E+001,
4.785923753665690E+009,-2.595901135250691E+001,2.408953929190642E+001,
4.789833822091887E+009,-2.608020686753262E+001,5.724653103826439E+000,
4.793743890518084E+009,-2.616983723595737E+001,-1.109468656276271E+001,
4.797653958944282E+009,-2.621720249556054E+001,-2.932643933288825E+001,
4.801564027370479E+009,-2.637377778527433E+001,-4.702160391833752E+001,
4.805474095796677E+009,-2.648803402448770E+001,-6.479110869003631E+001,
4.809384164222874E+009,-2.651130414108271E+001,-8.199131827834191E+001,
4.813294232649072E+009,-2.655467995592841E+001,-9.951873849197455E+001,
4.817204301075269E+009,-2.658795874328252E+001,-1.169453256555701E+002,
4.821114369501467E+009,-2.664122009067121E+001,-1.355782956900065E+002,
4.825024437927664E+009,-2.687785554206069E+001,-1.542931456862805E+002,
4.828934506353861E+009,-2.702090367365912E+001,-1.716440008284009E+002,
4.832844574780059E+009,-2.718838809225226E+001,1.720180499250862E+002,
4.836754643206256E+009,-2.717212233940652E+001,1.557446123444886E+002,
4.840664711632454E+009,-2.718410484459813E+001,1.383369031875063E+002,
4.844574780058651E+009,-2.704844651034146E+001,1.206674723083283E+002,
4.848484848484848E+009,-2.707642251573834E+001,1.022526814529473E+002,
4.852394916911046E+009,-2.701738499121825E+001,8.475754651121827E+001,
4.856304985337243E+009,-2.702821294148295E+001,6.631530693151700E+001,
4.860215053763441E+009,-2.707613538938145E+001,4.733897533147228E+001,
4.864125122189638E+009,-2.714984859393777E+001,2.928657313940492E+001,
4.868035190615836E+009,-2.714210318179120E+001,1.110794754268268E+001,
4.871945259042033E+009,-2.711457047942720E+001,-7.920130156907604E+000,
4.875855327468231E+009,-2.729958024331815E+001,-2.730419341497079E+001,
4.879765395894428E+009,-2.748709253628878E+001,-4.585131291156703E+001,
4.883675464320625E+009,-2.753674614926225E+001,-6.477764186663191E+001,
4.887585532746823E+009,-2.767249172329919E+001,-8.300723619665416E+001,
4.891495601173020E+009,-2.783991784411978E+001,-1.026423899477134E+002,
4.895405669599218E+009,-2.804771261870270E+001,-1.215943851353750E+002,
4.899315738025415E+009,-2.826122870170917E+001,-1.407237392194432E+002,
4.903225806451613E+009,-2.853755411971140E+001,-1.597658635621664E+002,
4.907135874877811E+009,-2.893608222586028E+001,-1.790818166005689E+002,
4.911045943304008E+009,-2.905953158302663E+001,1.635384558756062E+002,
4.914956011730206E+009,-2.930064268875312E+001,1.443475897505075E+002,
4.918866080156403E+009,-2.942948622165318E+001,1.235819171718698E+002,
4.922776148582601E+009,-2.986499587046753E+001,1.035289343453808E+002,
4.926686217008798E+009,-3.040945170850452E+001,8.385263144674808E+001,
4.930596285434996E+009,-3.106541054666305E+001,6.410975962315860E+001,
4.934506353861193E+009,-3.162472200911388E+001,4.579777291338697E+001,
4.938416422287390E+009,-3.202587562158661E+001,2.839526173118622E+001,
4.942326490713588E+009,-3.250804599044885E+001,7.718180980106353E+000,
4.946236559139785E+009,-3.311534998389480E+001,-1.114422887626902E+001,
4.950146627565983E+009,-3.376413068465787E+001,-2.995193758334729E+001,
4.954056695992180E+009,-3.433725287596974E+001,-4.886425058193827E+001,
4.957966764418377E+009,-3.506009302652115E+001,-6.962390797627171E+001,
4.961876832844575E+009,-3.594999904080831E+001,-8.835280809750385E+001,
4.965786901270772E+009,-3.680836097390610E+001,-1.082856429462670E+002,
4.969696969696970E+009,-3.767364775206505E+001,-1.285358350364784E+002,
4.973607038123167E+009,-3.889606032951387E+001,-1.484120617066540E+002,
4.977517106549365E+009,-4.029706881919719E+001,-1.666697773290920E+002,
4.981427174975562E+009,-4.122904159687387E+001,1.771050928078423E+002,
4.985337243401759E+009,-4.191760006471835E+001,1.576049035593219E+002,
4.989247311827957E+009,-4.286297997233361E+001,1.366414338028259E+002,
4.993157380254154E+009,-4.326967910894101E+001,1.086961429336376E+002,
4.997067448680352E+009,-4.524801642448900E+001,8.023496770932111E+001,
5.000977517106549E+009,-4.709334954087371E+001,5.248287863879951E+001,
5.004887585532747E+009,-4.822675109588683E+001,2.712152954210359E+001,
5.008797653958944E+009,-4.839152107478632E+001,-5.506535434265406E+000,
5.012707722385141E+009,-4.737614806688129E+001,-3.866670691350017E+001,
5.016617790811339E+009,-4.643328546736201E+001,-7.209274954119334E+001,
5.020527859237536E+009,-4.479936615685271E+001,-1.001293450465142E+002,
5.024437927663734E+009,-4.344227615948667E+001,-1.298817693531586E+002,
5.028347996089932E+009,-4.265777002962182E+001,-1.530669928463130E+002,
5.032258064516129E+009,-4.107334700430631E+001,-1.753361733591277E+002,
5.036168132942327E+009,-3.969350051370387E+001,1.608956349650843E+002,
5.040078201368524E+009,-3.905509006572054E+001,1.378682449088094E+002,
5.043988269794722E+009,-3.841597908784088E+001,1.187564807105571E+002,
5.047898338220919E+009,-3.747288719492185E+001,1.004539085309486E+002,
5.051808406647117E+009,-3.644949927220341E+001,8.003950886730192E+001,
5.055718475073314E+009,-3.583921738175602E+001,5.940200501140696E+001,
5.059628543499512E+009,-3.526850377394643E+001,4.039004030321966E+001,
5.063538611925709E+009,-3.468872980884662E+001,2.157136319842870E+001,
5.067448680351906E+009,-3.411709778362491E+001,3.368907760820497E+000,
5.071358748778104E+009,-3.353957221147655E+001,-1.511263955446453E+001,
5.075268817204301E+009,-3.292096678836037E+001,-3.452624758733111E+001,
5.079178885630499E+009,-3.250710173691226E+001,-5.366828160958850E+001,
5.083088954056696E+009,-3.207660221727837E+001,-7.150178554417997E+001,
5.086999022482893E+009,-3.152557170118791E+001,-8.969579483622199E+001,
5.090909090909091E+009,-3.098146275059657E+001,-1.084467079729074E+002,
5.094819159335288E+009,-3.061915803100520E+001,-1.273247644439646E+002,
5.098729227761486E+009,-3.009874037838673E+001,-1.468100151314993E+002,
5.102639296187683E+009,-2.974210761617616E+001,-1.658875052323260E+002,
5.106549364613881E+009,-2.939693976041007E+001,1.751132029837799E+002,
5.110459433040078E+009,-2.913643150997736E+001,1.551106221031842E+002,
5.114369501466276E+009,-2.898607187948827E+001,1.364684662434825E+002,
5.118279569892473E+009,-2.871211540800305E+001,1.188118434604250E+002,
5.122189638318670E+009,-2.835619521892730E+001,9.999999422738225E+001,
5.126099706744868E+009,-2.815212003516724E+001,8.201204318548108E+001,
5.130009775171065E+009,-2.782475311402390E+001,6.280651196685010E+001,
5.133919843597263E+009,-2.760283565704282E+001,4.394161539643245E+001,
5.137829912023460E+009,-2.741470574445370E+001,2.479499816963051E+001,
5.141739980449657E+009,-2.727600447754142E+001,6.282562197947224E+000,
5.145650048875855E+009,-2.693979522388322E+001,-1.300649988362438E+001,
5.149560117302053E+009,-2.685896772744592E+001,-3.111265852929823E+001,
5.153470185728251E+009,-2.667345511727915E+001,-4.940323161407891E+001,
5.157380254154448E+009,-2.637802125387602E+001,-6.822727171028787E+001,
5.161290322580645E+009,-2.619579126510223E+001,-8.735674912765448E+001,
5.165200391006843E+009,-2.608825192765765E+001,-1.063306004422135E+002,
5.169110459433041E+009,-2.600154609906307E+001,-1.252773345332307E+002,
5.173020527859238E+009,-2.581646413814912E+001,-1.440856903217895E+002,
5.176930596285435E+009,-2.567923996485341E+001,-1.625595894068011E+002,
5.180840664711633E+009,-2.557769489217620E+001,1.779576499580243E+002,
5.184750733137830E+009,-2.548050512667610E+001,1.584736796520940E+002,
5.188660801564028E+009,-2.554110065615089E+001,1.398586608059759E+002,
5.192570869990225E+009,-2.542449146589384E+001,1.212332133283796E+002,
5.196480938416422E+009,-2.533721588897986E+001,1.020136724259744E+002,
5.200391006842620E+009,-2.537884029774585E+001,8.274613125482331E+001,
5.204301075268817E+009,-2.535265168799494E+001,6.455518148688202E+001,
5.208211143695015E+009,-2.540033718379357E+001,4.453653216451136E+001,
5.212121212121212E+009,-2.540745642852864E+001,2.634897391842230E+001,
5.216031280547409E+009,-2.541027140204841E+001,7.632002329316973E+000,
5.219941348973607E+009,-2.552736679327515E+001,-1.119776622435565E+001,
5.223851417399805E+009,-2.554078728215185E+001,-2.941976018500627E+001,
5.227761485826002E+009,-2.553434552525204E+001,-4.898488141044881E+001,
5.231671554252199E+009,-2.561898048467806E+001,-6.744597386377514E+001,
5.235581622678397E+009,-2.579077115954640E+001,-8.629899959197569E+001,
5.239491691104594E+009,-2.587290091771007E+001,-1.049635927199657E+002,
5.243401759530792E+009,-2.599782306345379E+001,-1.233457786633733E+002,
5.247311827956989E+009,-2.615215853500641E+001,-1.416449154311488E+002,
5.251221896383186E+009,-2.622928685253547E+001,-1.604061428198578E+002,
5.255131964809384E+009,-2.633156030216680E+001,-1.791082004200817E+002,
5.259042033235581E+009,-2.654791610973764E+001,1.619786825961460E+002,
5.262952101661779E+009,-2.672344145650305E+001,1.441609253747030E+002,
5.266862170087977E+009,-2.689162336165349E+001,1.253441692257033E+002,
5.270772238514174E+009,-2.713462094919568E+001,1.077119595563821E+002,
5.274682306940372E+009,-2.743972748582386E+001,8.942057793874163E+001,
5.278592375366570E+009,-2.757263151769809E+001,7.127736429830705E+001,
5.282502443792767E+009,-2.786115280347230E+001,5.429983283860700E+001,
5.286412512218964E+009,-2.805153934628894E+001,3.645258438449456E+001,
5.290322580645162E+009,-2.824211928036773E+001,1.898238525486023E+001,
5.294232649071359E+009,-2.831246594338201E+001,1.811291830382267E+000,
5.298142717497557E+009,-2.860911666356745E+001,-1.561226869409158E+001,
5.302052785923754E+009,-2.875385578403025E+001,-3.300436923349197E+001,
5.305962854349951E+009,-2.892220071436069E+001,-5.050093823829838E+001,
5.309872922776149E+009,-2.907736452551209E+001,-6.706578819340716E+001,
5.313782991202346E+009,-2.919577414845761E+001,-8.533052245239918E+001,
5.317693059628544E+009,-2.939706898328858E+001,-1.017336029376675E+002,
5.321603128054741E+009,-2.945364242207069E+001,-1.189894465701472E+002,
5.325513196480938E+009,-2.965474864022949E+001,-1.360667049916012E+002,
5.329423264907136E+009,-2.969510889503949E+001,-1.526268609843240E+002,
5.333333333333333E+009,-2.962112704679576E+001,-1.701287987886232E+002,
5.337243401759531E+009,-2.984065617596073E+001,1.719456904996580E+002,
5.341153470185728E+009,-2.979983058704609E+001,1.539269500216091E+002,
5.345063538611926E+009,-3.000777466475600E+001,1.363565556769001E+002,
5.348973607038123E+009,-3.022095692024027E+001,1.186132625691907E+002,
5.352883675464321E+009,-3.041223982832845E+001,1.019684158551000E+002,
5.356793743890518E+009,-3.054238939754005E+001,8.423643427499778E+001,
5.360703812316715E+009,-3.075031728187766E+001,6.750507540094357E+001,
5.364613880742913E+009,-3.096512011167867E+001,5.034386142916858E+001,
5.368523949169110E+009,-3.112437777492480E+001,3.365126453520429E+001,
5.372434017595308E+009,-3.130741613391741E+001,1.787391552307458E+001,
5.376344086021505E+009,-3.135671650964366E+001,1.101496296287539E+000,
5.380254154447702E+009,-3.124456048828067E+001,-1.548225857718215E+001,
5.384164222873900E+009,-3.130057477918936E+001,-3.345153036790585E+001,
5.388074291300098E+009,-3.140676025530891E+001,-4.934873761498465E+001,
5.391984359726296E+009,-3.156227368839592E+001,-6.618200421085074E+001,
5.395894428152493E+009,-3.143860639760516E+001,-8.381799298301218E+001,
5.399804496578690E+009,-3.157887039463615E+001,-9.980753079097951E+001,
5.403714565004888E+009,-3.137665307693792E+001,-1.184595358515146E+002,
5.407624633431086E+009,-3.138711470264092E+001,-1.363745293982349E+002,
5.411534701857283E+009,-3.155142557830247E+001,-1.539815987829234E+002,
5.415444770283480E+009,-3.160676787832531E+001,-1.714820714281981E+002,
5.419354838709678E+009,-3.171225478061322E+001,1.713185779675441E+002,
5.423264907135875E+009,-3.173711703773293E+001,1.539175392194423E+002,
5.427174975562073E+009,-3.167538377834788E+001,1.361105518233686E+002,
5.431085043988270E+009,-3.172752925834434E+001,1.190832403632782E+002,
5.434995112414467E+009,-3.160055313717757E+001,1.008920345237217E+002,
5.438905180840665E+009,-3.139601232377875E+001,8.402632430222705E+001,
5.442815249266862E+009,-3.147870342252467E+001,6.548532883003414E+001,
5.446725317693060E+009,-3.146675470200226E+001,4.661155399671633E+001,
5.450635386119257E+009,-3.148447939294451E+001,2.713489009327162E+001,
5.454545454545454E+009,-3.167800556759026E+001,8.085813435751145E+000,
5.458455522971652E+009,-3.175768473949374E+001,-9.733757181800240E+000,
5.462365591397850E+009,-3.185950643632174E+001,-2.721951645074154E+001,
5.466275659824047E+009,-3.187505000435245E+001,-4.557206656944940E+001,
5.470185728250244E+009,-3.197276433411417E+001,-6.272796659985306E+001,
5.474095796676442E+009,-3.196986960305062E+001,-8.230567367320307E+001,
5.478005865102639E+009,-3.206931285899080E+001,-1.007303854220621E+002,
5.481915933528837E+009,-3.203891316634933E+001,-1.195517109445627E+002,
5.485826001955034E+009,-3.225449778665203E+001,-1.383692477709055E+002,
5.489736070381231E+009,-3.226303148705763E+001,-1.584963710987034E+002,
5.493646138807429E+009,-3.228473420789480E+001,-1.774027904438256E+002,
5.497556207233626E+009,-3.255625979786363E+001,1.638258293165516E+002,
5.501466275659824E+009,-3.259831348891431E+001,1.429959563975208E+002,
5.505376344086021E+009,-3.303746646227031E+001,1.245500050846438E+002,
5.509286412512219E+009,-3.325818485204139E+001,1.064566066043685E+002,
5.513196480938417E+009,-3.343625015641852E+001,8.830946231609975E+001,
5.517106549364615E+009,-3.357739900346131E+001,6.985281850958916E+001,
5.521016617790812E+009,-3.362264161997371E+001,5.055603744425305E+001,
5.524926686217009E+009,-3.383186655355513E+001,3.192877353600529E+001,
5.528836754643207E+009,-3.386733183717865E+001,1.245486151298542E+001,
5.532746823069404E+009,-3.413437394512751E+001,-8.642595967825047E+000,
5.536656891495602E+009,-3.465802154724400E+001,-2.697152263136120E+001,
5.540566959921799E+009,-3.483155426414970E+001,-4.448731976907583E+001,
5.544477028347996E+009,-3.481734521653976E+001,-6.297347619155580E+001,
5.548387096774194E+009,-3.480530156021882E+001,-8.245721796904425E+001,
5.552297165200391E+009,-3.495502573329455E+001,-1.031706862555698E+002,
5.556207233626589E+009,-3.512918338905692E+001,-1.224950060394827E+002,
5.560117302052786E+009,-3.534093315296821E+001,-1.430197024025921E+002,
5.564027370478983E+009,-3.560363978017296E+001,-1.628204972078609E+002,
5.567937438905181E+009,-3.591144127894123E+001,1.774978697621023E+002,
5.571847507331378E+009,-3.599282798328835E+001,1.579335918589451E+002,
5.575757575757576E+009,-3.639797504401177E+001,1.378821427440294E+002,
5.579667644183773E+009,-3.678077013315325E+001,1.195383205978169E+002,
5.583577712609971E+009,-3.659136188252991E+001,1.024398787390624E+002,
5.587487781036168E+009,-3.632817461450894E+001,8.180676182420969E+001,
5.591397849462366E+009,-3.628379683261709E+001,6.018656306801685E+001,
5.595307917888563E+009,-3.644984354767681E+001,3.882319503677031E+001,
5.599217986314760E+009,-3.636707816598260E+001,1.817468203567831E+001,
5.603128054740958E+009,-3.633759696362644E+001,-4.326661598075809E+000,
5.607038123167155E+009,-3.659312656873935E+001,-2.626021948154068E+001,
5.610948191593353E+009,-3.679436294003486E+001,-4.767803890192549E+001,
5.614858260019550E+009,-3.698397816830381E+001,-6.839376973946825E+001,
5.618768328445747E+009,-3.714185255688296E+001,-8.933787308155601E+001,
5.622678396871945E+009,-3.740631526586553E+001,-1.092002445425550E+002,
5.626588465298142E+009,-3.722052909776224E+001,-1.276410619022832E+002,
5.630498533724340E+009,-3.693937970346899E+001,-1.481461432690098E+002,
5.634408602150538E+009,-3.669104109543501E+001,-1.692148468641086E+002,
5.638318670576735E+009,-3.639852083346591E+001,1.686153246837703E+002,
5.642228739002933E+009,-3.627929215645815E+001,1.466412156090095E+002,
5.646138807429131E+009,-3.611788343575429E+001,1.253964261907757E+002,
5.650048875855328E+009,-3.589195935922658E+001,1.034717571237696E+002,
5.653958944281525E+009,-3.570799586489323E+001,8.149208484264422E+001,
5.657869012707723E+009,-3.566806737993608E+001,5.945176244370636E+001,
5.661779081133920E+009,-3.566660452393340E+001,3.857111832510373E+001,
5.665689149560118E+009,-3.545817360181144E+001,1.794252123957073E+001,
5.669599217986315E+009,-3.525052244199230E+001,-3.080578454518008E+000,
5.673509286412512E+009,-3.504351984415273E+001,-2.413942087432489E+001,
5.677419354838710E+009,-3.485443803521735E+001,-4.522163574558469E+001,
5.681329423264907E+009,-3.469214684593737E+001,-6.609342933019494E+001,
5.685239491691105E+009,-3.447045472960834E+001,-8.692872691340232E+001,
5.689149560117302E+009,-3.426675925846458E+001,-1.075328442995667E+002,
5.693059628543499E+009,-3.398585475477510E+001,-1.280499343866382E+002,
5.696969696969697E+009,-3.358320113933974E+001,-1.487156656586593E+002,
5.700879765395895E+009,-3.336084454370292E+001,-1.715948885794639E+002,
5.704789833822092E+009,-3.333946502829788E+001,1.669818466191937E+002,
5.708699902248289E+009,-3.318001327383458E+001,1.457295797846386E+002,
5.712609970674487E+009,-3.315387609935910E+001,1.240634951320798E+002,
5.716520039100684E+009,-3.327108205656103E+001,1.040399450132992E+002,
5.720430107526882E+009,-3.316692363676192E+001,8.399647816723493E+001,
5.724340175953079E+009,-3.307205522064695E+001,6.351929995870934E+001,
5.728250244379276E+009,-3.291408513979424E+001,4.304447598836268E+001,
5.732160312805474E+009,-3.290487145487458E+001,2.215931763708385E+001,
5.736070381231671E+009,-3.295538975449627E+001,1.589536889039770E+000,
5.739980449657869E+009,-3.301239944961437E+001,-1.837382969350727E+001,
5.743890518084066E+009,-3.290190617484424E+001,-3.850563827448778E+001,
5.747800586510263E+009,-3.288799046929353E+001,-5.939078773269245E+001,
5.751710654936461E+009,-3.300167596689549E+001,-8.006437851877395E+001,
5.755620723362660E+009,-3.322994365070792E+001,-1.004446553232037E+002,
5.759530791788857E+009,-3.339690502670501E+001,-1.200175381819123E+002,
5.763440860215054E+009,-3.363879687946859E+001,-1.392942264066960E+002,
5.767350928641252E+009,-3.380781501013735E+001,-1.574599100716092E+002,
5.771260997067449E+009,-3.389027901249593E+001,-1.759552812254474E+002,
5.775171065493647E+009,-3.389409371274664E+001,1.653413213206748E+002,
5.779081133919844E+009,-3.382248756551245E+001,1.458117320061341E+002,
5.782991202346041E+009,-3.406184869274780E+001,1.257159260933799E+002,
5.786901270772239E+009,-3.434976913297127E+001,1.073632193276927E+002,
5.790811339198436E+009,-3.446939703901246E+001,8.942632551720743E+001,
5.794721407624634E+009,-3.457674398667407E+001,7.112039653369280E+001,
5.798631476050831E+009,-3.465908673334968E+001,5.323773378519761E+001,
5.802541544477028E+009,-3.464266502830866E+001,3.453701396827864E+001,
5.806451612903226E+009,-3.479937958376905E+001,1.621161910213800E+001,
5.810361681329423E+009,-3.502016893296522E+001,-2.806077631026476E+000,
5.814271749755621E+009,-3.533595601628815E+001,-1.993171343280843E+001,
5.818181818181818E+009,-3.542354091763342E+001,-3.618032110445247E+001,
5.822091886608016E+009,-3.530717100909061E+001,-5.325022699541280E+001,
5.826001955034213E+009,-3.538288408127165E+001,-7.098253870225888E+001,
5.829912023460411E+009,-3.541333620180235E+001,-8.760645844371342E+001,
5.833822091886608E+009,-3.528041975725366E+001,-1.051695729650154E+002,
5.837732160312805E+009,-3.509686742941320E+001,-1.223570684131766E+002,
5.841642228739003E+009,-3.505460527902954E+001,-1.404035672098752E+002,
5.845552297165200E+009,-3.494846660474908E+001,-1.579586585065077E+002,
5.849462365591398E+009,-3.485192246460873E+001,-1.754529028825671E+002,
5.853372434017595E+009,-3.470063583493329E+001,1.668596586403984E+002,
5.857282502443792E+009,-3.443148489089152E+001,1.490519049862715E+002,
5.861192570869990E+009,-3.425709700716328E+001,1.299517489571476E+002,
5.865102639296187E+009,-3.405397990861816E+001,1.115857008894260E+002,
5.869012707722385E+009,-3.381577821325941E+001,9.295783361113668E+001,
5.872922776148583E+009,-3.361992376643145E+001,7.340986696985992E+001,
5.876832844574780E+009,-3.351794690320381E+001,5.399714749047421E+001,
5.880742913000978E+009,-3.344772408914582E+001,3.412127770185503E+001,
5.884652981427176E+009,-3.343377395806340E+001,1.472348507206761E+001,
5.888563049853373E+009,-3.342927513206697E+001,-5.055818108865096E+000,
5.892473118279570E+009,-3.352240827124633E+001,-2.467460685940959E+001,
5.896383186705768E+009,-3.368161540112756E+001,-4.309607012671120E+001,
5.900293255131965E+009,-3.365859039888783E+001,-6.157673818536736E+001,
5.904203323558163E+009,-3.367107711208121E+001,-8.077069364411591E+001,
5.908113391984360E+009,-3.373971884713484E+001,-9.963732318208491E+001,
5.912023460410557E+009,-3.377434209574984E+001,-1.188032609587120E+002,
5.915933528836755E+009,-3.381713691200793E+001,-1.365851038423890E+002,
5.919843597262952E+009,-3.369376787078949E+001,-1.546448857699300E+002,
5.923753665689150E+009,-3.358182543225274E+001,-1.746909978240497E+002,
5.927663734115347E+009,-3.359703223869430E+001,1.656592276829186E+002,
5.931573802541544E+009,-3.367448293121161E+001,1.464823654784535E+002,
5.935483870967742E+009,-3.367862719133822E+001,1.263508101548470E+002,
5.939393939393940E+009,-3.384389393876396E+001,1.070414918718246E+002,
5.943304007820137E+009,-3.401369765901816E+001,8.786510616140930E+001,
5.947214076246334E+009,-3.427883004989509E+001,6.904615975824916E+001,
5.951124144672532E+009,-3.435038235791091E+001,5.063576598333698E+001,
5.955034213098729E+009,-3.453840909632417E+001,3.176047856988273E+001,
5.958944281524927E+009,-3.463400232914366E+001,1.398151387832812E+001,
5.962854349951124E+009,-3.464906435372248E+001,-4.481775076887142E+000,
5.966764418377321E+009,-3.463178852306111E+001,-2.356365706456473E+001,
5.970674486803519E+009,-3.467228787473878E+001,-4.289759148677442E+001,
5.974584555229716E+009,-3.483834182181798E+001,-6.260888551369089E+001,
5.978494623655914E+009,-3.501665778356093E+001,-8.165633595329997E+001,
5.982404692082111E+009,-3.516075288544564E+001,-1.007011046483021E+002,
5.986314760508308E+009,-3.540406748243573E+001,-1.196774556523738E+002,
5.990224828934506E+009,-3.567349007528100E+001,-1.377855657645940E+002,
5.994134897360704E+009,-3.577558749111791E+001,-1.556212958239730E+002,
5.998044965786902E+009,-3.590972331856199E+001,-1.744523333655810E+002,
6.001955034213099E+009,-3.616672431798141E+001,1.681120523555920E+002,
6.005865102639297E+009,-3.604254008621213E+001,1.506584563013552E+002,
6.009775171065494E+009,-3.590794763234597E+001,1.315054379341790E+002,
6.013685239491692E+009,-3.598800123936292E+001,1.109805725754418E+002,
6.017595307917889E+009,-3.616911819672892E+001,9.110679894870658E+001,
6.021505376344086E+009,-3.654793586261779E+001,7.179042231138537E+001,
6.025415444770284E+009,-3.688262457685792E+001,5.439591059482675E+001,
6.029325513196481E+009,-3.697533787484364E+001,3.666199535347794E+001,
6.033235581622679E+009,-3.702652518863427E+001,1.892028523702847E+001,
6.037145650048876E+009,-3.705956966494662E+001,2.723574555320359E-001,
6.041055718475073E+009,-3.705846206657414E+001,-1.849400905291494E+001,
6.044965786901271E+009,-3.711950011728809E+001,-3.878409852073467E+001,
6.048875855327468E+009,-3.735480858315935E+001,-5.828695631009268E+001,
6.052785923753666E+009,-3.759473195164781E+001,-7.693101163378026E+001,
6.056695992179863E+009,-3.779056510894534E+001,-9.646638569270127E+001,
6.060606060606061E+009,-3.803248160409351E+001,-1.159800905687235E+002,
6.064516129032258E+009,-3.825687303054658E+001,-1.341658944216189E+002,
6.068426197458456E+009,-3.857464825375403E+001,-1.530847668281826E+002,
6.072336265884653E+009,-3.867722024636018E+001,-1.706599709639008E+002,
6.076246334310850E+009,-3.875193081946345E+001,1.698246833219627E+002,
6.080156402737048E+009,-3.908267033289047E+001,1.494502209629024E+002,
6.084066471163245E+009,-3.948910114420026E+001,1.297446810624791E+002,
6.087976539589443E+009,-3.996217907255241E+001,1.107659556314089E+002,
6.091886608015640E+009,-4.043530684822286E+001,9.354694641673301E+001,
6.095796676441837E+009,-4.061619138048718E+001,7.551167616298199E+001,
6.099706744868035E+009,-4.107124209461530E+001,5.746666336334432E+001,
6.103616813294232E+009,-4.148169813811970E+001,3.976991884650913E+001,
6.107526881720430E+009,-4.211762956387418E+001,2.456787849934374E+001,
6.111436950146627E+009,-4.206737518175935E+001,8.932315453767213E+000,
6.115347018572825E+009,-4.212095113557213E+001,-8.338613711844639E+000,
6.119257086999023E+009,-4.193633761096506E+001,-2.550247696843732E+001,
6.123167155425221E+009,-4.187602625292162E+001,-4.335172366541652E+001,
6.127077223851418E+009,-4.198424611208911E+001,-6.266345035602664E+001,
6.130987292277615E+009,-4.213918768491791E+001,-8.048881515287968E+001,
6.134897360703813E+009,-4.226389479216272E+001,-1.007780418078333E+002,
6.138807429130010E+009,-4.277758549448078E+001,-1.205147443495814E+002,
6.142717497556208E+009,-4.304807363024791E+001,-1.367248743350050E+002,
6.146627565982405E+009,-4.331301846277864E+001,-1.520432409844379E+002,
6.150537634408602E+009,-4.317917048161515E+001,-1.674590226972938E+002,
6.154447702834800E+009,-4.284948074383845E+001,1.748299065226963E+002,
6.158357771260998E+009,-4.265881404594686E+001,1.554949910067359E+002,
6.162267839687195E+009,-4.260199258127975E+001,1.365385122524575E+002,
6.166177908113392E+009,-4.266385968795389E+001,1.171334689810476E+002,
6.170087976539589E+009,-4.258113534849037E+001,9.763523327474080E+001,
6.173998044965787E+009,-4.265880614185969E+001,7.805388463909547E+001,
6.177908113391985E+009,-4.280703655143461E+001,5.796887738702345E+001,
6.181818181818182E+009,-4.308706022563535E+001,4.108136636219414E+001,
6.185728250244379E+009,-4.314243542515976E+001,2.280929964936882E+001,
6.189638318670576E+009,-4.286110530003622E+001,3.240447236539502E+000,
6.193548387096774E+009,-4.315255084696797E+001,-1.539997246602075E+001,
6.197458455522972E+009,-4.293733335320493E+001,-3.328298131694333E+001,
6.201368523949169E+009,-4.280309794765736E+001,-5.524669373826402E+001,
6.205278592375366E+009,-4.310928419400725E+001,-7.547712943672860E+001,
6.209188660801564E+009,-4.322408072449473E+001,-9.315087772323562E+001,
6.213098729227762E+009,-4.316298091548465E+001,-1.129675919615656E+002,
6.217008797653959E+009,-4.323081278849828E+001,-1.331966921180474E+002,
6.220918866080156E+009,-4.315156846159191E+001,-1.534178095783328E+002,
6.224828934506353E+009,-4.354300692938311E+001,-1.748756396351350E+002,
6.228739002932551E+009,-4.373404799794550E+001,1.666861667111638E+002,
6.232649071358749E+009,-4.353355131271502E+001,1.468562625745377E+002,
6.236559139784946E+009,-4.349996686303405E+001,1.267989515418010E+002,
6.240469208211144E+009,-4.382008975956745E+001,1.034642684808125E+002,
6.244379276637341E+009,-4.432356231327863E+001,8.352434569807258E+001,
6.248289345063539E+009,-4.418167470124911E+001,6.494904470437506E+001,
6.252199413489737E+009,-4.442042544405563E+001,4.170254411100081E+001,
6.256109481915934E+009,-4.469569402079414E+001,2.073635435605932E+001,
6.260019550342131E+009,-4.554914935692335E+001,-2.369766532893073E+000,
6.263929618768329E+009,-4.643993514750514E+001,-2.177959720815235E+001,
6.267839687194526E+009,-4.708583533153865E+001,-3.726847474260315E+001,
6.271749755620724E+009,-4.668951284561598E+001,-5.518868390055609E+001,
6.275659824046921E+009,-4.688574801931057E+001,-8.160168853467637E+001,
6.279569892473118E+009,-4.790215414370856E+001,-1.036473338970272E+002,
6.283479960899316E+009,-4.924721445843184E+001,-1.233259844700419E+002,
6.287390029325514E+009,-5.084904814833800E+001,-1.396159911939034E+002,
6.291300097751711E+009,-5.171170444895705E+001,-1.490808234285206E+002,
6.295210166177908E+009,-5.185104458317595E+001,-1.623661195959456E+002,
6.299120234604105E+009,-5.142688824772434E+001,1.796210370344000E+002,
6.303030303030303E+009,-5.175453957148132E+001,1.606930818221681E+002,
6.306940371456501E+009,-5.272487498984275E+001,1.436330011951014E+002,
6.310850439882698E+009,-5.319599029067539E+001,1.293716418281992E+002,
6.314760508308895E+009,-5.404987292790082E+001,1.118136746728951E+002,
6.318670576735093E+009,-5.638273515806604E+001,9.558778293724211E+001,
6.322580645161290E+009,-5.744686098919159E+001,1.141128728252048E+002,
6.326490713587488E+009,-5.401944390650728E+001,1.114540529006030E+002,
6.330400782013685E+009,-5.122269907771192E+001,8.339412767355201E+001,
6.334310850439882E+009,-5.128943503333805E+001,6.109861332268188E+001,
6.338220918866080E+009,-5.074644796229777E+001,4.672171975534477E+001,
6.342130987292278E+009,-5.023658134115672E+001,2.457664245394279E+001,
6.346041055718475E+009,-5.049089604643142E+001,7.587037880115139E+000,
6.349951124144672E+009,-4.966067038753711E+001,-4.261748303115395E+000,
6.353861192570869E+009,-4.832506393485154E+001,-2.432171833976800E+001,
6.357771260997068E+009,-4.810664419418920E+001,-4.418157844682072E+001,
6.361681329423266E+009,-4.722357675427735E+001,-6.294996679326981E+001,
6.365591397849463E+009,-4.660909240332241E+001,-8.187551364292182E+001,
6.369501466275660E+009,-4.599360610348909E+001,-1.035881879234216E+002,
6.373411534701857E+009,-4.568636717646031E+001,-1.245134993341567E+002,
6.377321603128055E+009,-4.543093519402198E+001,-1.461315397421400E+002,
6.381231671554253E+009,-4.519864864171089E+001,-1.667400890334934E+002,
6.385141739980450E+009,-4.503336603883197E+001,1.748900993327594E+002,
6.389051808406647E+009,-4.469547926548738E+001,1.547065732941332E+002,
6.392961876832845E+009,-4.433910998656784E+001,1.324487842495619E+002,
6.396871945259043E+009,-4.465937073430746E+001,1.135940727069177E+002,
6.400782013685240E+009,-4.440483703015314E+001,9.394992633739268E+001,
6.404692082111437E+009,-4.432709546011702E+001,7.460666513266598E+001,
6.408602150537634E+009,-4.420070961591587E+001,5.695381904515299E+001,
6.412512218963832E+009,-4.331741128939267E+001,3.899890715061527E+001,
6.416422287390030E+009,-4.271931083408217E+001,1.540743047488797E+001,
6.420332355816227E+009,-4.265785143935885E+001,-9.712541542816986E+000,
6.424242424242424E+009,-4.333170561666581E+001,-3.154407615978845E+001,
6.428152492668621E+009,-4.390539771900532E+001,-4.718324042691869E+001,
6.432062561094819E+009,-4.330217137441121E+001,-6.228132901113386E+001,
6.435972629521017E+009,-4.263476292575032E+001,-8.251525592521405E+001,
6.439882697947214E+009,-4.231164201675835E+001,-1.055528180203880E+002,
6.443792766373411E+009,-4.245908348206832E+001,-1.275205259994867E+002,
6.447702834799609E+009,-4.262439131004656E+001,-1.461405535466245E+002,
6.451612903225807E+009,-4.275070520132553E+001,-1.684582018316653E+002,
6.455522971652004E+009,-4.298986372498248E+001,1.738858354105571E+002,
6.459433040078201E+009,-4.292442448273624E+001,1.562266456780245E+002,
6.463343108504398E+009,-4.262535674120877E+001,1.369130083009550E+002,
6.467253176930596E+009,-4.274754289745686E+001,1.168523891882312E+002,
6.471163245356794E+009,-4.268580346442973E+001,9.962984319547140E+001,
6.475073313782991E+009,-4.251806820105725E+001,8.101475842265569E+001,
6.478983382209189E+009,-4.212282796446482E+001,6.279090575732410E+001,
6.482893450635386E+009,-4.194207220644729E+001,4.112475863887454E+001,
6.486803519061584E+009,-4.193676526994018E+001,2.183506159188996E+001,
6.490713587487782E+009,-4.160980340539682E+001,1.653206585443661E+000,
6.494623655913979E+009,-4.156643968255981E+001,-1.981040836390242E+001,
6.498533724340176E+009,-4.175460065536831E+001,-4.078568964884083E+001,
6.502443792766374E+009,-4.186876712791915E+001,-6.033199463713627E+001,
6.506353861192571E+009,-4.220923725557627E+001,-7.850964001452847E+001,
6.510263929618769E+009,-4.208425858712049E+001,-9.514792525645994E+001,
6.514173998044966E+009,-4.167073319488395E+001,-1.140710856409594E+002,
6.518084066471163E+009,-4.143966179539221E+001,-1.349520710659284E+002,
6.521994134897361E+009,-4.130250406469467E+001,-1.560802115085413E+002,
6.525904203323559E+009,-4.140809334411469E+001,-1.770727789334362E+002,
6.529814271749756E+009,-4.167184780667824E+001,1.626814705152388E+002,
6.533724340175953E+009,-4.188571986111094E+001,1.427109148510097E+002,
6.537634408602150E+009,-4.215488233511792E+001,1.255957724701275E+002,
6.541544477028348E+009,-4.190734397063321E+001,1.072705242426820E+002,
6.545454545454546E+009,-4.195379639186081E+001,8.651094906184186E+001,
6.549364613880743E+009,-4.199971685266619E+001,6.798384095016263E+001,
6.553274682306940E+009,-4.208590699155614E+001,4.976369209956167E+001,
6.557184750733138E+009,-4.175765439211326E+001,3.069211913394087E+001,
6.561094819159335E+009,-4.174655114927968E+001,1.010841783838565E+001,
6.565004887585533E+009,-4.168991579612560E+001,-9.919910153800407E+000,
6.568914956011730E+009,-4.172995935118419E+001,-3.012535832161876E+001,
6.572825024437927E+009,-4.164823419441805E+001,-5.051565355078756E+001,
6.576735092864125E+009,-4.197678609143830E+001,-7.288552892319795E+001,
6.580645161290323E+009,-4.245154349889680E+001,-9.178607747514742E+001,
6.584555229716520E+009,-4.275532069518818E+001,-1.101444242766798E+002,
6.588465298142717E+009,-4.272791621772235E+001,-1.264827345429390E+002,
6.592375366568914E+009,-4.266112000384217E+001,-1.460842462997099E+002,
6.596285434995112E+009,-4.260176930250637E+001,-1.659619651212738E+002,
6.600195503421310E+009,-4.279863010193212E+001,1.750666114627479E+002,
6.604105571847508E+009,-4.267200047520959E+001,1.566458405194723E+002,
6.608015640273705E+009,-4.295302537111460E+001,1.354787666442087E+002,
6.611925708699902E+009,-4.304886105125392E+001,1.179875569680826E+002,
6.615835777126100E+009,-4.307862720095280E+001,9.779907644373213E+001,
6.619745845552298E+009,-4.311585072307434E+001,7.813134924804449E+001,
6.623655913978495E+009,-4.353519265040485E+001,5.846596662369613E+001,
6.627565982404692E+009,-4.366689756489298E+001,4.103986368820890E+001,
6.631476050830890E+009,-4.356782906747743E+001,2.321901578282003E+001,
6.635386119257088E+009,-4.351751515953563E+001,3.241983930075979E+000,
6.639296187683285E+009,-4.390710640820231E+001,-1.415772893453443E+001,
6.643206256109482E+009,-4.333264785829498E+001,-3.161155718680127E+001,
6.647116324535679E+009,-4.313348210544454E+001,-5.343077398872699E+001,
6.651026392961877E+009,-4.323151922152333E+001,-7.466130565133105E+001,
6.654936461388075E+009,-4.351405774425280E+001,-9.536660966329006E+001,
6.658846529814272E+009,-4.352916162239964E+001,-1.133271565642370E+002,
6.662756598240469E+009,-4.372645959893235E+001,-1.341676291728333E+002,
6.666666666666666E+009,-4.397377518953915E+001,-1.542611260406733E+002,
6.670576735092864E+009,-4.423359351078481E+001,-1.711626727568254E+002,
6.674486803519062E+009,-4.395166440717452E+001,1.704341248902102E+002,
6.678396871945259E+009,-4.383050030345799E+001,1.512394194671563E+002,
6.682306940371456E+009,-4.376632878382274E+001,1.289868948747259E+002,
6.686217008797654E+009,-4.430236388114182E+001,1.076307994147553E+002,
6.690127077223852E+009,-4.473660428200678E+001,9.017043366479423E+001,
6.694037145650049E+009,-4.434960465681215E+001,7.303377394348647E+001,
6.697947214076246E+009,-4.419218061107861E+001,5.212306650706512E+001,
6.701857282502443E+009,-4.421017374034332E+001,3.134889383481170E+001,
6.705767350928641E+009,-4.454399150514816E+001,1.060489440683099E+001,
6.709677419354839E+009,-4.471953236124658E+001,-7.840607021446063E+000,
6.713587487781036E+009,-4.477609422174317E+001,-2.812668300863700E+001,
6.717497556207233E+009,-4.478515798374608E+001,-4.875469498892456E+001,
6.721407624633431E+009,-4.518453340771742E+001,-6.692934122852662E+001,
6.725317693059629E+009,-4.533776370945893E+001,-8.587396340633256E+001,
6.729227761485827E+009,-4.531432520909412E+001,-1.060766145472385E+002,
6.733137829912024E+009,-4.532392118211362E+001,-1.261115723148295E+002,
6.737047898338221E+009,-4.568296214324655E+001,-1.464306663609001E+002,
6.740957966764419E+009,-4.583655230613432E+001,-1.650899544744971E+002,
6.744868035190616E+009,-4.574368828779798E+001,1.766756360699912E+002,
6.748778103616814E+009,-4.574091966409108E+001,1.576096671418082E+002,
6.752688172043011E+009,-4.584276653328656E+001,1.394001265651881E+002,
6.756598240469208E+009,-4.552601852086595E+001,1.190025504483085E+002,
6.760508308895406E+009,-4.559778215362222E+001,9.913752141430085E+001,
6.764418377321604E+009,-4.560636886365798E+001,7.933172767704197E+001,
6.768328445747801E+009,-4.596785355639209E+001,5.630173223943530E+001,
6.772238514173998E+009,-4.660609714091527E+001,3.846097117358570E+001,
6.776148582600195E+009,-4.653788972084133E+001,2.292286293342552E+001,
6.780058651026393E+009,-4.651209948100899E+001,4.434634148491939E+000,
6.783968719452591E+009,-4.607178391181081E+001,-1.275248022342003E+001,
6.787878787878788E+009,-4.581177103168231E+001,-3.552344083018018E+001,
6.791788856304985E+009,-4.544487192204863E+001,-5.704660974155497E+001,
6.795698924731183E+009,-4.626635858295960E+001,-8.093262622706160E+001,
6.799608993157380E+009,-4.714945905516590E+001,-9.786107226358456E+001,
6.803519061583578E+009,-4.720968534166917E+001,-1.142927563197084E+002,
6.807429130009775E+009,-4.734160961366177E+001,-1.294195894335120E+002,
6.811339198435972E+009,-4.704124425701445E+001,-1.479281303627771E+002,
6.815249266862170E+009,-4.691705434428427E+001,-1.670204426974904E+002,
6.819159335288368E+009,-4.693862868671481E+001,1.712741071941173E+002,
6.823069403714565E+009,-4.739042573371764E+001,1.520594503333300E+002,
6.826979472140762E+009,-4.754547819890629E+001,1.364016867766928E+002,
6.830889540566959E+009,-4.735552363879695E+001,1.176789644852195E+002,
6.834799608993157E+009,-4.732688716294429E+001,9.896400846856470E+001,
6.838709677419355E+009,-4.733172124024272E+001,8.210751072691294E+001,
6.842619745845552E+009,-4.741593887027211E+001,6.341806753395646E+001,
6.846529814271750E+009,-4.749790347308036E+001,4.838209599784754E+001,
6.850439882697948E+009,-4.724275939669865E+001,2.968769951954173E+001,
6.854349951124145E+009,-4.688437513720874E+001,1.120161396022835E+001,
6.858260019550343E+009,-4.711783822732234E+001,-8.976238335248365E+000,
6.862170087976540E+009,-4.751084512551395E+001,-2.664646077247358E+001,
6.866080156402737E+009,-4.726879060353808E+001,-3.796684252531592E+001,
6.869990224828935E+009,-4.632200063905775E+001,-5.420837159867401E+001,
6.873900293255133E+009,-4.516786946685411E+001,-7.809510650213167E+001,
6.877810361681330E+009,-4.513238838797500E+001,-1.028408671218253E+002,
6.881720430107527E+009,-4.567465377649853E+001,-1.246923640396375E+002,
6.885630498533724E+009,-4.685518498560523E+001,-1.437036252553534E+002,
6.889540566959922E+009,-4.750279803602575E+001,-1.557267727452914E+002,
6.893450635386120E+009,-4.672735325610185E+001,-1.676197398654944E+002,
6.897360703812317E+009,-4.591387754087351E+001,1.779327940557172E+002,
6.901270772238514E+009,-4.511485661473486E+001,1.582956947316358E+002,
6.905180840664711E+009,-4.476811012554578E+001,1.370823027073844E+002,
6.909090909090909E+009,-4.490947457491924E+001,1.166621835481319E+002,
6.913000977517107E+009,-4.489160038726188E+001,1.005784816484470E+002,
6.916911045943304E+009,-4.453039515834021E+001,8.437026387526228E+001,
6.920821114369501E+009,-4.404040166420884E+001,6.691347857112645E+001,
6.924731182795699E+009,-4.323193298822655E+001,4.904456005971283E+001,
6.928641251221897E+009,-4.261498939914937E+001,2.736470650875432E+001,
6.932551319648094E+009,-4.231094014005835E+001,5.986960658790632E+000,
6.936461388074291E+009,-4.236601079309396E+001,-1.556107426261947E+001,
6.940371456500488E+009,-4.240992459363265E+001,-3.399650541206547E+001,
6.944281524926686E+009,-4.217061376280515E+001,-5.250817837864744E+001,
6.948191593352884E+009,-4.194780975143671E+001,-7.032947428563374E+001,
6.952101661779081E+009,-4.147625946570764E+001,-9.040995431938706E+001,
6.956011730205278E+009,-4.117734462756046E+001,-1.118121919389913E+002,
6.959921798631475E+009,-4.115613193572432E+001,-1.325271679239052E+002,
6.963831867057674E+009,-4.119443387661959E+001,-1.524947391973379E+002,
6.967741935483872E+009,-4.110988820191498E+001,-1.715338488075790E+002,
6.971652003910069E+009,-4.116483292732924E+001,1.690690174346517E+002,
6.975562072336266E+009,-4.126546833639752E+001,1.485128146285903E+002,
6.979472140762464E+009,-4.133718070186470E+001,1.298967877662418E+002,
6.983382209188661E+009,-4.132002457548707E+001,1.119355375651407E+002,
6.987292277614859E+009,-4.118317440499826E+001,9.489220877750549E+001,
6.991202346041056E+009,-4.101320589022752E+001,7.511904558198197E+001,
6.995112414467253E+009,-4.085966549272307E+001,5.614470083485148E+001,
6.999022482893451E+009,-4.076946729770140E+001,3.627654797867893E+001,
7.002932551319649E+009,-4.082927600322061E+001,1.779968154987501E+001,
7.006842619745846E+009,-4.067337343765256E+001,-1.435738573965747E-001,
7.010752688172043E+009,-4.056051786096650E+001,-1.948981306436445E+001,
7.014662756598240E+009,-4.040201863655788E+001,-3.806032579226795E+001,
7.018572825024438E+009,-4.025717013963474E+001,-5.787951167896881E+001,
7.022482893450636E+009,-4.037041382377339E+001,-7.744293274690915E+001,
7.026392961876833E+009,-4.049988828362687E+001,-9.631718647535071E+001,
7.030303030303030E+009,-4.052597993000344E+001,-1.144782482823123E+002,
7.034213098729228E+009,-4.038662220535629E+001,-1.333895612322304E+002,
7.038123167155425E+009,-4.055821914607889E+001,-1.527805072092436E+002,
7.042033235581623E+009,-4.078829594201159E+001,-1.703057476741689E+002,
7.045943304007820E+009,-4.064994687418669E+001,1.743892810612887E+002,
7.049853372434017E+009,-4.023537826067170E+001,1.557892196398126E+002,
7.053763440860215E+009,-3.989855428051830E+001,1.353803759766851E+002,
7.057673509286413E+009,-4.000808255016039E+001,1.152228536510091E+002,
7.061583577712610E+009,-4.027290427582276E+001,9.653277217563419E+001,
7.065493646138807E+009,-4.068695112046098E+001,7.817701410644418E+001,
7.069403714565004E+009,-4.074180304177432E+001,6.390374708112903E+001,
7.073313782991202E+009,-4.048012657967114E+001,4.681638007692011E+001,
7.077223851417400E+009,-4.020779370150328E+001,2.930744466702320E+001,
7.081133919843597E+009,-3.991653247878971E+001,1.077573229956925E+001,
7.085043988269795E+009,-3.991947860453705E+001,-7.323847858494176E+000,
7.088954056695993E+009,-3.984868359959384E+001,-2.502241082212796E+001,
7.092864125122190E+009,-3.949614792841052E+001,-4.210842512337548E+001,
7.096774193548388E+009,-3.933146779543176E+001,-6.046561100512103E+001,
7.100684261974585E+009,-3.911810193778862E+001,-7.801090118999474E+001,
7.104594330400782E+009,-3.873147528852149E+001,-9.601832624656940E+001,
7.108504398826980E+009,-3.844677235746217E+001,-1.156769125921135E+002,
7.112414467253178E+009,-3.825212768232306E+001,-1.348703126543578E+002,
7.116324535679375E+009,-3.821284273571128E+001,-1.540657560448800E+002,
7.120234604105572E+009,-3.800602084298443E+001,-1.714068587782867E+002,
7.124144672531769E+009,-3.777258485213623E+001,1.696214744139469E+002,
7.128054740957967E+009,-3.750945355288423E+001,1.503671806893215E+002,
7.131964809384165E+009,-3.717946188787829E+001,1.315602512470626E+002,
7.135874877810362E+009,-3.700995435914630E+001,1.121800710066574E+002,
7.139784946236559E+009,-3.675818015196335E+001,9.255361367208269E+001,
7.143695014662756E+009,-3.660879705398862E+001,7.259346566987483E+001,
7.147605083088954E+009,-3.650681194625128E+001,5.297317293761250E+001,
7.151515151515152E+009,-3.640944881774090E+001,3.350186377178379E+001,
7.155425219941349E+009,-3.630082613083466E+001,1.436096357775188E+001,
7.159335288367546E+009,-3.602288412358465E+001,-5.555969204203000E+000,
7.163245356793744E+009,-3.598573313634227E+001,-2.638009274446451E+001,
7.167155425219942E+009,-3.594834199944350E+001,-4.662267823860658E+001,
7.171065493646139E+009,-3.621230755554770E+001,-6.722489042594036E+001,
7.174975562072336E+009,-3.640852250047004E+001,-8.577741248741260E+001,
7.178885630498533E+009,-3.642096959127839E+001,-1.037012254732118E+002,
7.182795698924731E+009,-3.623753884476367E+001,-1.227530679426057E+002,
7.186705767350929E+009,-3.606969980837001E+001,-1.423652561972608E+002,
7.190615835777126E+009,-3.601032279804852E+001,-1.623252246799563E+002,
7.194525904203323E+009,-3.601555335444499E+001,1.774590945772737E+002,
7.198435972629520E+009,-3.602976325962173E+001,1.574277643240827E+002,
7.202346041055718E+009,-3.626533385990931E+001,1.377908369146778E+002,
7.206256109481916E+009,-3.638228229851257E+001,1.193952096627726E+002,
7.210166177908114E+009,-3.636752057884232E+001,1.010424164330714E+002,
7.214076246334311E+009,-3.616121802322136E+001,8.132638117057823E+001,
7.217986314760509E+009,-3.622482618064156E+001,6.054517739317517E+001,
7.221896383186706E+009,-3.638966686944245E+001,4.125946245789731E+001,
7.225806451612904E+009,-3.648569611745843E+001,2.118559326667262E+001,
7.229716520039101E+009,-3.670467067321449E+001,3.136986407377327E+000,
7.233626588465298E+009,-3.664816160671005E+001,-1.666739177463417E+001,
7.237536656891496E+009,-3.689206045498015E+001,-3.575562731267958E+001,
7.241446725317694E+009,-3.691735885689206E+001,-5.448560785055837E+001,
7.245356793743891E+009,-3.696168810258740E+001,-7.347080509958174E+001,
7.249266862170088E+009,-3.714835832549403E+001,-9.246194992266102E+001,
7.253176930596285E+009,-3.713767541715111E+001,-1.110752664932878E+002,
7.257086999022483E+009,-3.714504631585137E+001,-1.295505534344802E+002,
7.260997067448681E+009,-3.714661133357556E+001,-1.488366490196164E+002,
7.264907135874878E+009,-3.729591374579022E+001,-1.692223718570726E+002,
7.268817204301075E+009,-3.749530760703009E+001,1.724434174106077E+002,
7.272727272727273E+009,-3.768555558565601E+001,1.550891377688804E+002,
7.276637341153470E+009,-3.750969775974266E+001,1.376978320279594E+002,
7.280547409579668E+009,-3.747263585780513E+001,1.181454509144374E+002,
7.284457478005865E+009,-3.733206776795854E+001,9.943903447149363E+001,
7.288367546432062E+009,-3.739083901074670E+001,7.950388041612810E+001,
7.292277614858260E+009,-3.737457135497532E+001,6.017803992354632E+001,
7.296187683284458E+009,-3.745504926870495E+001,4.096399167090924E+001,
7.300097751710655E+009,-3.743431123266059E+001,2.219248871707060E+001,
7.304007820136852E+009,-3.735267191245185E+001,2.992480003923410E+000,
7.307917888563049E+009,-3.743404211805635E+001,-1.699617294524305E+001,
7.311827956989247E+009,-3.750697621978357E+001,-3.574907890232657E+001,
7.315738025415445E+009,-3.742241852464090E+001,-5.552923766386991E+001,
7.319648093841642E+009,-3.737871988130937E+001,-7.556789362891172E+001,
7.323558162267839E+009,-3.762630213684203E+001,-9.659826901094542E+001,
7.327468230694037E+009,-3.774942195565907E+001,-1.155688400636867E+002,
7.331378299120235E+009,-3.785335059250485E+001,-1.343802324635402E+002,
7.335288367546433E+009,-3.787968038685219E+001,-1.530873979656803E+002,
7.339198435972630E+009,-3.778324426464020E+001,-1.733962492929945E+002,
7.343108504398827E+009,-3.777139390955871E+001,1.666166603559574E+002,
7.347018572825025E+009,-3.793535752710820E+001,1.464516120229212E+002,
7.350928641251223E+009,-3.803363911985330E+001,1.261833791713499E+002,
7.354838709677420E+009,-3.827970848961746E+001,1.060237048782203E+002,
7.358748778103617E+009,-3.866876167290557E+001,8.687456337460870E+001,
7.362658846529814E+009,-3.878315785469184E+001,6.989579761111689E+001,
7.366568914956012E+009,-3.863437027684735E+001,5.161317737657591E+001,
7.370478983382210E+009,-3.856707800474651E+001,3.047691866373272E+001,
7.374389051808407E+009,-3.870397310521591E+001,1.042962019831751E+001,
7.378299120234604E+009,-3.878993970268886E+001,-9.660148781318988E+000,
7.382209188660801E+009,-3.913244861788600E+001,-2.876270147356563E+001,
7.386119257086999E+009,-3.926301071027571E+001,-4.789325997889089E+001,
7.390029325513197E+009,-3.930864960116733E+001,-6.662030044719090E+001,
7.393939393939394E+009,-3.947414980532568E+001,-8.612343674107724E+001,
7.397849462365591E+009,-3.949776200414475E+001,-1.051199395310926E+002,
7.401759530791789E+009,-3.949236210335634E+001,-1.232426678778754E+002,
7.405669599217987E+009,-3.947822084383057E+001,-1.442403027898421E+002,
7.409579667644184E+009,-3.959589138144975E+001,-1.648081400395999E+002,
7.413489736070381E+009,-3.995181015119920E+001,1.756856614637480E+002,
7.417399804496578E+009,-4.014572283430567E+001,1.586641394293412E+002,
7.421309872922776E+009,-4.005489356288842E+001,1.393638893196425E+002,
7.425219941348974E+009,-4.001732144328785E+001,1.195882264970724E+002,
7.429130009775171E+009,-4.029008007168515E+001,1.000273210793858E+002,
7.433040078201368E+009,-4.026481427043045E+001,8.065388143284494E+001,
7.436950146627565E+009,-4.044916559460498E+001,6.161439993916581E+001,
7.440860215053763E+009,-4.055063616141405E+001,4.205011266262483E+001,
7.444770283479961E+009,-4.072819190544556E+001,2.431096427174791E+001,
7.448680351906158E+009,-4.066690405077051E+001,5.315291561228653E+000,
7.452590420332356E+009,-4.080471309001404E+001,-1.417288713054633E+001,
7.456500488758554E+009,-4.095409596226930E+001,-3.375409619916802E+001,
7.460410557184751E+009,-4.101391722096730E+001,-5.232258756571402E+001,
7.464320625610949E+009,-4.084165895453750E+001,-7.082006949243161E+001,
7.468230694037146E+009,-4.082506961193201E+001,-9.178787545541267E+001,
7.472140762463343E+009,-4.106387881608957E+001,-1.115273684105209E+002,
7.476050830889541E+009,-4.147261832065068E+001,-1.297749335031987E+002,
7.479960899315739E+009,-4.141695819455229E+001,-1.461047811697905E+002,
7.483870967741936E+009,-4.118711867369845E+001,-1.641455453985400E+002,
7.487781036168133E+009,-4.113775599181795E+001,1.745833865850327E+002,
7.491691104594330E+009,-4.113837559961510E+001,1.551309803219127E+002,
7.495601173020528E+009,-4.131528091892393E+001,1.362071042092501E+002,
7.499511241446726E+009,-4.136034579681316E+001,1.168530424843718E+002,
7.503421309872923E+009,-4.159456963287312E+001,9.881091216082025E+001,
7.507331378299120E+009,-4.169644093232667E+001,8.088587001779168E+001,
7.511241446725318E+009,-4.171914625056515E+001,6.388553091293907E+001,
7.515151515151515E+009,-4.149194612263460E+001,4.579507641767081E+001,
7.519061583577713E+009,-4.117861583961472E+001,2.668543450682318E+001,
7.522971652003910E+009,-4.102397264693033E+001,8.441680096292220E+000,
7.526881720430107E+009,-4.080502175364767E+001,-1.250542036216198E+001,
7.530791788856305E+009,-4.090144118549249E+001,-3.308615070736430E+001,
7.534701857282503E+009,-4.097706308554979E+001,-5.200674153044957E+001,
7.538611925708700E+009,-4.116803242291726E+001,-6.965994719070233E+001,
7.542521994134897E+009,-4.096973155217739E+001,-8.891574083433730E+001,
7.546432062561094E+009,-4.083014523940494E+001,-1.079087201650419E+002,
7.550342130987292E+009,-4.081547462262346E+001,-1.268506923496444E+002,
7.554252199413490E+009,-4.061467174323041E+001,-1.465558748929453E+002,
7.558162267839687E+009,-4.059503376381210E+001,-1.665970171586720E+002,
7.562072336265884E+009,-4.072723329629823E+001,1.728354550367617E+002,
7.565982404692082E+009,-4.093183885289516E+001,1.546069454589387E+002,
7.569892473118280E+009,-4.095244397895124E+001,1.361709287703275E+002,
7.573802541544478E+009,-4.086991557063379E+001,1.167264414148677E+002,
7.577712609970675E+009,-4.074935762458797E+001,9.741988093262782E+001,
7.581622678396872E+009,-4.098397502778909E+001,7.858392961163339E+001,
7.585532746823070E+009,-4.085398761274927E+001,6.052401683208031E+001,
7.589442815249268E+009,-4.083071682103618E+001,3.993334712295270E+001,
7.593352883675465E+009,-4.087549758825801E+001,1.930443691708975E+001,
7.597262952101662E+009,-4.134616260032270E+001,-1.350481520373864E-001,
7.601173020527859E+009,-4.168293537822517E+001,-1.758596468258529E+001,
7.605083088954057E+009,-4.167722641801927E+001,-3.445989920777134E+001,
7.608993157380255E+009,-4.160056555735211E+001,-5.085905757911687E+001,
7.612903225806452E+009,-4.129137152968879E+001,-7.053712623630977E+001,
7.616813294232649E+009,-4.133053384547598E+001,-9.049919225734963E+001,
7.620723362658846E+009,-4.138043626217687E+001,-1.099262452695531E+002,
7.624633431085044E+009,-4.147047257702423E+001,-1.307048513594210E+002,
7.628543499511242E+009,-4.181612158846535E+001,-1.485229182667404E+002,
7.632453567937439E+009,-4.226892949385978E+001,-1.656188427943357E+002,
7.636363636363636E+009,-4.209483165945498E+001,1.786891232564077E+002,
7.640273704789834E+009,-4.172646723296556E+001,1.605282811607853E+002,
7.644183773216032E+009,-4.171458985344426E+001,1.407014441590730E+002,
7.648093841642229E+009,-4.169318058368826E+001,1.227372750807124E+002,
7.652003910068426E+009,-4.165439284894730E+001,1.013260471102637E+002,
7.655913978494623E+009,-4.189411170303060E+001,8.292030093757508E+001,
7.659824046920821E+009,-4.235450129740095E+001,6.432456159550945E+001,
7.663734115347019E+009,-4.267157860123972E+001,4.661124533846243E+001,
7.667644183773216E+009,-4.261714702363621E+001,3.155718526341109E+001,
7.671554252199413E+009,-4.247524363775769E+001,1.471897718414508E+001,
7.675464320625610E+009,-4.221292198750362E+001,-4.394354536634816E+000,
7.679374389051808E+009,-4.233897315681497E+001,-2.429563045011858E+001,
7.683284457478006E+009,-4.239179699662962E+001,-4.203938335790304E+001,
7.687194525904203E+009,-4.231084964085262E+001,-6.034034326347003E+001,
7.691104594330401E+009,-4.238511342621810E+001,-7.766402373436613E+001,
7.695014662756599E+009,-4.226765751497537E+001,-9.711600195200639E+001,
7.698924731182797E+009,-4.229486775584115E+001,-1.137077821569092E+002,
7.702834799608994E+009,-4.201280979632941E+001,-1.327960859137746E+002,
7.706744868035191E+009,-4.172507980104803E+001,-1.533276178903519E+002,
7.710654936461388E+009,-4.209113123469293E+001,-1.747768172326534E+002,
7.714565004887586E+009,-4.232888094365223E+001,1.672914195593590E+002,
7.718475073313784E+009,-4.245199339333146E+001,1.500418971917258E+002,
7.722385141739981E+009,-4.230244803788126E+001,1.325582564554366E+002,
7.726295210166178E+009,-4.223218703738480E+001,1.141607800763954E+002,
7.730205278592375E+009,-4.215829844105055E+001,9.458399925425483E+001,
7.734115347018573E+009,-4.223627196448633E+001,7.408785553525092E+001,
7.738025415444771E+009,-4.253754809742449E+001,5.395744762967256E+001,
7.741935483870968E+009,-4.276313151902119E+001,3.600258926710578E+001,
7.745845552297165E+009,-4.292276693574977E+001,1.819993830520792E+001,
7.749755620723363E+009,-4.309799074152238E+001,1.148135745428445E+000,
7.753665689149560E+009,-4.311788584804080E+001,-1.659771170349160E+001,
7.757575757575758E+009,-4.309648437757490E+001,-3.526608493288322E+001,
7.761485826001955E+009,-4.311145766048772E+001,-5.541023668510389E+001,
7.765395894428152E+009,-4.337958786137776E+001,-7.412636223368553E+001,
7.769305962854350E+009,-4.368214133891112E+001,-9.331797902253517E+001,
7.773216031280548E+009,-4.413559002348861E+001,-1.089112070482680E+002,
7.777126099706745E+009,-4.382976635720567E+001,-1.253515264780282E+002,
7.781036168132942E+009,-4.380245767457901E+001,-1.416146916216462E+002,
7.784946236559139E+009,-4.349345161917750E+001,-1.613172068963563E+002,
7.788856304985337E+009,-4.368954330817974E+001,-1.794628585044036E+002,
7.792766373411535E+009,-4.341384597952525E+001,1.608940696893142E+002,
7.796676441837732E+009,-4.359327231933025E+001,1.423773115941695E+002,
7.800586510263929E+009,-4.390465611195752E+001,1.240858525986280E+002,
7.804496578690127E+009,-4.363742580245000E+001,1.054634677289123E+002,
7.808406647116324E+009,-4.361952819253077E+001,8.745306411304760E+001,
7.812316715542522E+009,-4.346554738471733E+001,6.846926253929961E+001,
7.816226783968720E+009,-4.331443999099405E+001,4.846265621694513E+001,
7.820136852394917E+009,-4.322601714374380E+001,2.903307567509929E+001,
7.824046920821115E+009,-4.340252998443233E+001,7.752694339356084E+000,
7.827956989247313E+009,-4.376608655022638E+001,-9.720427546891004E+000,
7.831867057673510E+009,-4.385509962469405E+001,-2.751638229438167E+001,
7.835777126099707E+009,-4.377459396730012E+001,-4.592575475771088E+001,
7.839687194525904E+009,-4.366364560066543E+001,-6.590248235743067E+001,
7.843597262952102E+009,-4.380022669195967E+001,-8.470453691382492E+001,
7.847507331378300E+009,-4.389409962072955E+001,-1.029937211146439E+002,
7.851417399804497E+009,-4.385606231279948E+001,-1.218665796936056E+002,
7.855327468230694E+009,-4.359589817514480E+001,-1.414610642938218E+002,
7.859237536656891E+009,-4.384298243733817E+001,-1.622056117720518E+002,
7.863147605083089E+009,-4.412211869813611E+001,1.798864327348862E+002,
7.867057673509287E+009,-4.430284357181521E+001,1.632510439200489E+002,
7.870967741935484E+009,-4.413789683507632E+001,1.470269567599579E+002,
7.874877810361681E+009,-4.382278045968366E+001,1.284868914613202E+002,
7.878787878787879E+009,-4.351931062054141E+001,1.078269269326932E+002,
7.882697947214077E+009,-4.334390040350829E+001,8.720397490366243E+001,
7.886608015640274E+009,-4.342875329748520E+001,6.747760307904153E+001,
7.890518084066471E+009,-4.335689607114900E+001,4.886947746223744E+001,
7.894428152492668E+009,-4.325157548927790E+001,2.940566935243705E+001,
7.898338220918866E+009,-4.311092941509542E+001,9.696263982408411E+000,
7.902248289345064E+009,-4.314990419529157E+001,-1.086106793774806E+001,
7.906158357771261E+009,-4.309307806653134E+001,-3.008839819761280E+001,
7.910068426197458E+009,-4.314431586404797E+001,-5.010118380678993E+001,
7.913978494623655E+009,-4.309692908203166E+001,-6.841944606866622E+001,
7.917888563049853E+009,-4.303731590831472E+001,-8.753404889793818E+001,
7.921798631476051E+009,-4.278153479790534E+001,-1.066637502402872E+002,
7.925708699902248E+009,-4.280387015834180E+001,-1.264717692149901E+002,
7.929618768328445E+009,-4.250974624449528E+001,-1.446567777990481E+002,
7.933528836754643E+009,-4.225514468489226E+001,-1.659368795717467E+002,
7.937438905180841E+009,-4.219192831613283E+001,1.727879924658684E+002,
7.941348973607039E+009,-4.225181354122343E+001,1.514841663499609E+002,
7.945259042033236E+009,-4.248159448940438E+001,1.326506978867652E+002,
7.949169110459433E+009,-4.247676990498312E+001,1.129881905104418E+002,
7.953079178885631E+009,-4.246058647620716E+001,9.479141142314913E+001,
7.956989247311829E+009,-4.241347649457865E+001,7.661411771630334E+001,
7.960899315738026E+009,-4.209088212738835E+001,5.827730905145925E+001,
7.964809384164223E+009,-4.179188054715785E+001,3.826510808508581E+001,
7.968719452590420E+009,-4.171302732844141E+001,1.659013115220938E+001,
7.972629521016618E+009,-4.197480370818766E+001,-4.259500113875213E+000,
7.976539589442816E+009,-4.206841816427333E+001,-2.158771407264047E+001,
7.980449657869013E+009,-4.170061803896179E+001,-3.989515286698806E+001,
7.984359726295210E+009,-4.155755110970581E+001,-5.939078087281543E+001,
7.988269794721408E+009,-4.134559106651682E+001,-7.764976802703282E+001,
7.992179863147605E+009,-4.103773185416772E+001,-9.729541653117832E+001,
7.996089931573803E+009,-4.075708360477542E+001,-1.174789570299836E+002,
8.000000000000000E+009,-4.075003018548345E+001,-1.383433381645093E+002,
