% Version 1.00
%
%freq[Hz];db:Trc1_S21;ang:Trc1_S21;
4.000000000000000E+009,-2.858356672445019E+001,-1.279222748611670E+002,
4.003910068426198E+009,-2.833283742452063E+001,-1.483298819606428E+002,
4.007820136852395E+009,-2.815034711012737E+001,-1.691406222217243E+002,
4.011730205278593E+009,-2.811030474050614E+001,1.706039905112954E+002,
4.015640273704790E+009,-2.780922373003141E+001,1.507805003248465E+002,
4.019550342130987E+009,-2.767573362557663E+001,1.294402889493099E+002,
4.023460410557185E+009,-2.767518131097333E+001,1.111707603188748E+002,
4.027370478983382E+009,-2.731378962056162E+001,9.362126280620494E+001,
4.031280547409580E+009,-2.673095051113116E+001,7.349980971365966E+001,
4.035190615835777E+009,-2.642506277602717E+001,5.209118702699728E+001,
4.039100684261975E+009,-2.644550845782301E+001,3.074951358836751E+001,
4.043010752688172E+009,-2.639718699072958E+001,1.146734837252513E+001,
4.046920821114369E+009,-2.620254463174944E+001,-7.342035356880260E+000,
4.050830889540567E+009,-2.601472217448193E+001,-2.752628682508189E+001,
4.054740957966765E+009,-2.592782005370420E+001,-4.831624485517661E+001,
4.058651026392962E+009,-2.588525910254705E+001,-6.786990057765816E+001,
4.062561094819160E+009,-2.585516276026986E+001,-8.601252142941948E+001,
4.066471163245357E+009,-2.563332239853327E+001,-1.056292512706448E+002,
4.070381231671554E+009,-2.548885095102518E+001,-1.254600505663243E+002,
4.074291300097752E+009,-2.541877172088448E+001,-1.455679758105657E+002,
4.078201368523949E+009,-2.528644716888703E+001,-1.657161141785435E+002,
4.082111436950147E+009,-2.539619286593273E+001,1.751477780933099E+002,
4.086021505376344E+009,-2.537111102477395E+001,1.570316138395988E+002,
4.089931573802542E+009,-2.514509640313194E+001,1.378640172073518E+002,
4.093841642228739E+009,-2.513536330159421E+001,1.177422456834010E+002,
4.097751710654936E+009,-2.518999994657543E+001,9.827543872795191E+001,
4.101661779081134E+009,-2.524262397777002E+001,7.963863081485032E+001,
4.105571847507331E+009,-2.523638037392545E+001,6.152819234247603E+001,
4.109481915933529E+009,-2.519642421130619E+001,4.327672393726452E+001,
4.113391984359726E+009,-2.514326654625874E+001,2.499642639964344E+001,
4.117302052785924E+009,-2.493218701823095E+001,6.151768192626680E+000,
4.121212121212121E+009,-2.486346913387861E+001,-1.295460684882841E+001,
4.125122189638319E+009,-2.488242853542764E+001,-3.124175477718887E+001,
4.129032258064516E+009,-2.457359578920173E+001,-4.989041591385137E+001,
4.132942326490714E+009,-2.448936820676064E+001,-6.931127199814684E+001,
4.136852394916911E+009,-2.439996656853408E+001,-8.778043141065189E+001,
4.140762463343109E+009,-2.420222760511426E+001,-1.067295244081570E+002,
4.144672531769306E+009,-2.415959716587244E+001,-1.266326878199153E+002,
4.148582600195503E+009,-2.402161686015091E+001,-1.461700351850399E+002,
4.152492668621701E+009,-2.400834981510306E+001,-1.663555998788825E+002,
4.156402737047898E+009,-2.403843747555049E+001,1.747854916203392E+002,
4.160312805474096E+009,-2.396299947061291E+001,1.555744891966327E+002,
4.164222873900293E+009,-2.396856511411940E+001,1.362782011605234E+002,
4.168132942326491E+009,-2.390376999518904E+001,1.172103375750129E+002,
4.172043010752688E+009,-2.394795295476038E+001,9.753134490860336E+001,
4.175953079178886E+009,-2.392936177789947E+001,7.747822836247352E+001,
4.179863147605083E+009,-2.405903838251876E+001,5.827197805259804E+001,
4.183773216031281E+009,-2.418665537585000E+001,3.903161055073434E+001,
4.187683284457478E+009,-2.414817437688958E+001,2.040907903046076E+001,
4.191593352883676E+009,-2.406719404385436E+001,3.106051942864621E-001,
4.195503421309873E+009,-2.416576873438321E+001,-1.993120118611506E+001,
4.199413489736071E+009,-2.439911186565362E+001,-3.904637914759381E+001,
4.203323558162268E+009,-2.445066678014284E+001,-5.768162495930172E+001,
4.207233626588465E+009,-2.456492446086845E+001,-7.736268131292798E+001,
4.211143695014663E+009,-2.469340880042438E+001,-9.688819453330007E+001,
4.215053763440860E+009,-2.483923412617398E+001,-1.167486161157526E+002,
4.218963831867058E+009,-2.501460152286070E+001,-1.357767527662838E+002,
4.222873900293255E+009,-2.516151878262477E+001,-1.550376142513540E+002,
4.226783968719452E+009,-2.537020421883858E+001,-1.743109803918447E+002,
4.230694037145650E+009,-2.548112982340935E+001,1.653702618556599E+002,
4.234604105571847E+009,-2.567671520811547E+001,1.453728869709521E+002,
4.238514173998045E+009,-2.598279773337006E+001,1.251421345963501E+002,
4.242424242424243E+009,-2.628272924559798E+001,1.044256005677888E+002,
4.246334310850440E+009,-2.677846237173467E+001,8.473336215315528E+001,
4.250244379276638E+009,-2.726931325994272E+001,6.604892228856599E+001,
4.254154447702835E+009,-2.746307734902049E+001,4.537101600228552E+001,
4.258064516129032E+009,-2.809897247856923E+001,2.491740233960688E+001,
4.261974584555230E+009,-2.861432561355893E+001,5.083560266002313E+000,
4.265884652981427E+009,-2.923208201037384E+001,-1.485120493730561E+001,
4.269794721407625E+009,-2.989240326136910E+001,-3.387219010992534E+001,
4.273704789833822E+009,-3.065315962239167E+001,-5.466254923245632E+001,
4.277614858260019E+009,-3.164990955854287E+001,-7.565402316566005E+001,
4.281524926686217E+009,-3.305028293723382E+001,-9.172767378627458E+001,
4.285434995112414E+009,-3.393548200732717E+001,-1.071184109963072E+002,
4.289345063538612E+009,-3.464603727477790E+001,-1.248399437410655E+002,
4.293255131964809E+009,-3.595711459190108E+001,-1.444921643534418E+002,
4.297165200391007E+009,-3.776442623288492E+001,-1.591694799003828E+002,
4.301075268817205E+009,-3.932676112445574E+001,-1.695977939331226E+002,
4.304985337243402E+009,-4.063409436681609E+001,-1.762291672636300E+002,
4.308895405669600E+009,-4.111744890878828E+001,1.771438358508265E+002,
4.312805474095797E+009,-4.138531945843774E+001,1.686500641511357E+002,
4.316715542521994E+009,-4.130447082717421E+001,1.637337785838930E+002,
4.320625610948192E+009,-4.077301115457182E+001,1.534081340470885E+002,
4.324535679374389E+009,-4.013733066231310E+001,1.436716392707946E+002,
4.328445747800587E+009,-3.905043244686770E+001,1.292828457562619E+002,
4.332355816226784E+009,-3.828729633559673E+001,1.126544620636759E+002,
4.336265884652982E+009,-3.790602299075872E+001,9.352837255887195E+001,
4.340175953079179E+009,-3.807088231429227E+001,7.464740584415976E+001,
4.344086021505377E+009,-3.840332953818778E+001,5.897378875259220E+001,
4.347996089931574E+009,-3.832209108733010E+001,4.690763308279767E+001,
4.351906158357771E+009,-3.765158002850656E+001,3.062970362831766E+001,
4.355816226783969E+009,-3.738542187743001E+001,1.263751309937888E+001,
4.359726295210166E+009,-3.715957956152805E+001,-6.660716224558195E+000,
4.363636363636364E+009,-3.690343762357431E+001,-2.546528034689713E+001,
4.367546432062561E+009,-3.708945907340993E+001,-4.797470412913824E+001,
4.371456500488758E+009,-3.779285356890082E+001,-6.858155928451987E+001,
4.375366568914956E+009,-3.849563290873614E+001,-8.653139540785963E+001,
4.379276637341153E+009,-3.913004649723676E+001,-1.030388347461590E+002,
4.383186705767351E+009,-3.985347991515113E+001,-1.204868823796782E+002,
4.387096774193548E+009,-4.041676339089272E+001,-1.358741811872083E+002,
4.391006842619746E+009,-4.080616846927033E+001,-1.530342921141898E+002,
4.394916911045943E+009,-4.153616115974691E+001,-1.755212518764706E+002,
4.398826979472141E+009,-4.346909804322243E+001,1.653020260174760E+002,
4.402737047898338E+009,-4.600365337121897E+001,1.558929931556343E+002,
4.406647116324535E+009,-4.717254065732807E+001,1.480946940492940E+002,
4.410557184750733E+009,-4.868784716172635E+001,1.392970840105109E+002,
4.414467253176930E+009,-5.074179694548239E+001,1.310230940735728E+002,
4.418377321603128E+009,-5.321465777020377E+001,1.419704665570611E+002,
4.422287390029326E+009,-5.276328951563735E+001,1.652766431698733E+002,
4.426197458455523E+009,-4.777876118774732E+001,1.747761684553170E+002,
4.430107526881721E+009,-4.415836619925833E+001,1.576600103593845E+002,
4.434017595307918E+009,-4.178682933814059E+001,1.384281054649208E+002,
4.437927663734116E+009,-4.030326005826365E+001,1.190615836678384E+002,
4.441837732160313E+009,-3.897376880045197E+001,9.941446623066260E+001,
4.445747800586511E+009,-3.826543033489482E+001,7.926483475063142E+001,
4.449657869012708E+009,-3.725571210400262E+001,6.366043425079003E+001,
4.453567937438905E+009,-3.615984905348569E+001,4.301933088097775E+001,
4.457478005865103E+009,-3.548462185958765E+001,2.161409172778042E+001,
4.461388074291300E+009,-3.541470025203910E+001,2.011539605952220E+000,
4.465298142717498E+009,-3.513138639449964E+001,-1.596412720002213E+001,
4.469208211143695E+009,-3.465564538389261E+001,-3.264770178508739E+001,
4.473118279569893E+009,-3.404546692398559E+001,-5.189637021611639E+001,
4.477028347996090E+009,-3.397923979743944E+001,-7.073211585802861E+001,
4.480938416422287E+009,-3.364123242178593E+001,-8.810801161413872E+001,
4.484848484848485E+009,-3.327212397380208E+001,-1.058684478566638E+002,
4.488758553274682E+009,-3.295435719228652E+001,-1.251820314502799E+002,
4.492668621700880E+009,-3.289870562560741E+001,-1.446755335802719E+002,
4.496578690127077E+009,-3.305168207551277E+001,-1.622391853360163E+002,
4.500488758553275E+009,-3.290015665302593E+001,-1.777739400011816E+002,
4.504398826979472E+009,-3.257172573744839E+001,1.648650457577608E+002,
4.508308895405669E+009,-3.241215126218958E+001,1.473569918922121E+002,
4.512218963831867E+009,-3.225942981099814E+001,1.296554256668929E+002,
4.516129032258064E+009,-3.201089100550361E+001,1.114432785692164E+002,
4.520039100684262E+009,-3.207596375744431E+001,9.293761727350915E+001,
4.523949169110459E+009,-3.206395557554337E+001,7.572310260709885E+001,
4.527859237536657E+009,-3.209382432589619E+001,5.736459953510074E+001,
4.531769305962854E+009,-3.236763522003001E+001,4.114117828050059E+001,
4.535679374389051E+009,-3.236615378399292E+001,2.564466374095781E+001,
4.539589442815249E+009,-3.211780371047266E+001,1.066195929350061E+001,
4.543499511241447E+009,-3.180373424473994E+001,-6.803790392873164E+000,
4.547409579667645E+009,-3.173174280403208E+001,-2.529407294808896E+001,
4.551319648093842E+009,-3.172177773722728E+001,-4.214958788605254E+001,
4.555229716520039E+009,-3.151695426334550E+001,-6.046082295361819E+001,
4.559139784946237E+009,-3.179698810686509E+001,-7.845887692125358E+001,
4.563049853372434E+009,-3.190442327568647E+001,-9.497005696523411E+001,
4.566959921798632E+009,-3.199672241519897E+001,-1.106753706747786E+002,
4.570869990224829E+009,-3.204023431776103E+001,-1.270510738889585E+002,
4.574780058651027E+009,-3.201639936608294E+001,-1.418872001978903E+002,
4.578690127077224E+009,-3.168877109482312E+001,-1.567235701581252E+002,
4.582600195503422E+009,-3.139093601203774E+001,-1.741854552447314E+002,
4.586510263929619E+009,-3.126511385790186E+001,1.683908359210486E+002,
4.590420332355816E+009,-3.115093882902684E+001,1.509376687918410E+002,
4.594330400782014E+009,-3.120191750896112E+001,1.333501820766116E+002,
4.598240469208211E+009,-3.126425638134388E+001,1.169235613634701E+002,
4.602150537634409E+009,-3.124273371935756E+001,1.002600992254519E+002,
4.606060606060606E+009,-3.115007433575958E+001,8.399522846608956E+001,
4.609970674486803E+009,-3.109358607049948E+001,6.700042932833875E+001,
4.613880742913001E+009,-3.107753961441910E+001,5.083031501398309E+001,
4.617790811339198E+009,-3.098105019839905E+001,3.373192627998349E+001,
4.621700879765396E+009,-3.096760602488622E+001,1.737778307623595E+001,
4.625610948191593E+009,-3.088691657362579E+001,4.662960110671043E-002,
4.629521016617791E+009,-3.092857304474755E+001,-1.675059473867610E+001,
4.633431085043988E+009,-3.101464166974681E+001,-3.308608346522931E+001,
4.637341153470186E+009,-3.098925124531667E+001,-4.884999134673973E+001,
4.641251221896383E+009,-3.081245627556677E+001,-6.496994735793457E+001,
4.645161290322580E+009,-3.083286122908937E+001,-8.232568823295016E+001,
4.649071358748778E+009,-3.089696611174812E+001,-9.794721595167020E+001,
4.652981427174975E+009,-3.075145510415393E+001,-1.136283480808206E+002,
4.656891495601173E+009,-3.060196215821551E+001,-1.289171123261739E+002,
4.660801564027371E+009,-3.036656831890553E+001,-1.457132219303743E+002,
4.664711632453568E+009,-3.016994278650765E+001,-1.622836504025739E+002,
4.668621700879766E+009,-2.988101093240995E+001,-1.796666974173364E+002,
4.672531769305963E+009,-2.989973445758363E+001,1.627707887793774E+002,
4.676441837732161E+009,-2.979971983737695E+001,1.460906603175031E+002,
4.680351906158358E+009,-2.984547523068411E+001,1.297807737582732E+002,
4.684261974584556E+009,-2.983105980710441E+001,1.139045463867386E+002,
4.688172043010753E+009,-2.964126444289527E+001,9.596303034234633E+001,
4.692082111436951E+009,-2.958784827035432E+001,7.878421842025961E+001,
4.695992179863148E+009,-2.957828274852350E+001,6.335111748094915E+001,
4.699902248289345E+009,-2.942134093503462E+001,4.715155466174968E+001,
4.703812316715543E+009,-2.926115655229473E+001,2.976664729579406E+001,
4.707722385141740E+009,-2.904786739499549E+001,1.206600203130482E+001,
4.711632453567938E+009,-2.908476772506577E+001,-4.832992984144190E+000,
4.715542521994135E+009,-2.905137268145818E+001,-2.143970645315756E+001,
4.719452590420332E+009,-2.896432898052309E+001,-3.746683999267205E+001,
4.723362658846530E+009,-2.878600790342947E+001,-5.515256387942281E+001,
4.727272727272727E+009,-2.879802097420028E+001,-7.114058188562770E+001,
4.731182795698925E+009,-2.869877540517472E+001,-8.791131129120619E+001,
4.735092864125122E+009,-2.864282017673215E+001,-1.044498867934682E+002,
4.739002932551320E+009,-2.844131336084874E+001,-1.213451141889685E+002,
4.742913000977517E+009,-2.836124842785001E+001,-1.381946565634501E+002,
4.746823069403714E+009,-2.825622921994350E+001,-1.553011316453519E+002,
4.750733137829912E+009,-2.812692389882474E+001,-1.732089434165999E+002,
4.754643206256109E+009,-2.821262568141086E+001,1.709429506673766E+002,
4.758553274682307E+009,-2.820336127201511E+001,1.546197070165187E+002,
4.762463343108504E+009,-2.780413056313804E+001,1.386812579912791E+002,
4.766373411534702E+009,-2.765571620914585E+001,1.213174659728048E+002,
4.770283479960899E+009,-2.752512887719215E+001,1.045729984626267E+002,
4.774193548387096E+009,-2.739408965034779E+001,8.695629610890914E+001,
4.778103616813294E+009,-2.714031815244914E+001,6.949972753657565E+001,
4.782013685239492E+009,-2.706548656185978E+001,5.173665454834126E+001,
4.785923753665690E+009,-2.697709439372872E+001,3.505838166312044E+001,
4.789833822091887E+009,-2.681007647478063E+001,1.756670514280391E+001,
4.793743890518084E+009,-2.680022602556405E+001,-8.149143227865327E-002,
4.797653958944282E+009,-2.668790790708039E+001,-1.738046077967417E+001,
4.801564027370479E+009,-2.675023823691520E+001,-3.549454942398367E+001,
4.805474095796677E+009,-2.657856830913834E+001,-5.175500393605711E+001,
4.809384164222874E+009,-2.657396949925998E+001,-6.984152977519202E+001,
4.813294232649072E+009,-2.643745416512577E+001,-8.681326010842172E+001,
4.817204301075269E+009,-2.644367607401170E+001,-1.041786658197366E+002,
4.821114369501467E+009,-2.629171323369900E+001,-1.214852341364401E+002,
4.825024437927664E+009,-2.636661564780134E+001,-1.398707160601811E+002,
4.828934506353861E+009,-2.638362276767669E+001,-1.569326102295296E+002,
4.832844574780059E+009,-2.642227583790913E+001,-1.731706098825780E+002,
4.836754643206256E+009,-2.635627479719000E+001,1.700428020234676E+002,
4.840664711632454E+009,-2.619126330144583E+001,1.529893335593347E+002,
4.844574780058651E+009,-2.595691012053046E+001,1.351157180935334E+002,
4.848484848484848E+009,-2.595274230652782E+001,1.172724621324717E+002,
4.852394916911046E+009,-2.578134925462103E+001,9.932220055064727E+001,
4.856304985337243E+009,-2.577956602156465E+001,8.134425749460856E+001,
4.860215053763441E+009,-2.573708623821828E+001,6.339426830945223E+001,
4.864125122189638E+009,-2.569104129082995E+001,4.593295292560730E+001,
4.868035190615836E+009,-2.556358595897512E+001,2.804288032334693E+001,
4.871945259042033E+009,-2.551730225822825E+001,9.519143898260525E+000,
4.875855327468231E+009,-2.549734144111154E+001,-9.219140840992568E+000,
4.879765395894428E+009,-2.549409997599042E+001,-2.716483474827130E+001,
4.883675464320625E+009,-2.546719785328587E+001,-4.570920561017455E+001,
4.887585532746823E+009,-2.550420682968966E+001,-6.411597589289593E+001,
4.891495601173020E+009,-2.554237723513163E+001,-8.224217825149103E+001,
4.895405669599218E+009,-2.560721267809335E+001,-1.009909494577550E+002,
4.899315738025415E+009,-2.581366809747445E+001,-1.201727719469222E+002,
4.903225806451613E+009,-2.595883502807629E+001,-1.377016124471213E+002,
4.907135874877811E+009,-2.618467319459660E+001,-1.556178295341337E+002,
4.911045943304008E+009,-2.621530237067415E+001,-1.737683669035781E+002,
4.914956011730206E+009,-2.635016139570315E+001,1.676519267104390E+002,
4.918866080156403E+009,-2.654723091118168E+001,1.487423705722506E+002,
4.922776148582601E+009,-2.688808946980091E+001,1.294887907146580E+002,
4.926686217008798E+009,-2.730185242100474E+001,1.118610357399396E+002,
4.930596285434996E+009,-2.764949934095757E+001,9.457781477875896E+001,
4.934506353861193E+009,-2.802317035421124E+001,7.733410221717455E+001,
4.938416422287390E+009,-2.827701160924976E+001,6.031603947421176E+001,
4.942326490713588E+009,-2.854857780285666E+001,4.310595659288125E+001,
4.946236559139785E+009,-2.896326008230856E+001,2.602052387376392E+001,
4.950146627565983E+009,-2.925133181370455E+001,8.813261651159133E+000,
4.954056695992180E+009,-2.946370431089613E+001,-7.223385972820509E+000,
4.957966764418377E+009,-2.996551631633501E+001,-2.339482495991501E+001,
4.961876832844575E+009,-3.018307993628856E+001,-3.995503215938712E+001,
4.965786901270772E+009,-3.037757039064880E+001,-5.586437723736051E+001,
4.969696969696970E+009,-3.068354446132106E+001,-7.174395937265697E+001,
4.973607038123167E+009,-3.098166798930535E+001,-8.739714682663212E+001,
4.977517106549365E+009,-3.138177104132879E+001,-1.024314000562079E+002,
4.981427174975562E+009,-3.137134995504489E+001,-1.185057521816604E+002,
4.985337243401759E+009,-3.139994559393217E+001,-1.346826089857291E+002,
4.989247311827957E+009,-3.148681232076869E+001,-1.509892668950880E+002,
4.993157380254154E+009,-3.196127526020172E+001,-1.684743429947896E+002,
4.997067448680352E+009,-3.220696361261253E+001,1.762979096073366E+002,
5.000977517106549E+009,-3.247075826503458E+001,1.614791591167582E+002,
5.004887585532747E+009,-3.239311743120345E+001,1.455711214504201E+002,
5.008797653958944E+009,-3.265408725038293E+001,1.294987457174544E+002,
5.012707722385141E+009,-3.296664768221012E+001,1.123035096937497E+002,
5.016617790811339E+009,-3.322258248335029E+001,9.797504760972593E+001,
5.020527859237536E+009,-3.359517719383037E+001,8.294059587483626E+001,
5.024437927663734E+009,-3.379789357206612E+001,6.956737257179152E+001,
5.028347996089932E+009,-3.406110616692718E+001,5.521565075228396E+001,
5.032258064516129E+009,-3.398921611912046E+001,4.220878604972666E+001,
5.036168132942327E+009,-3.395624953432689E+001,2.906684825557238E+001,
5.040078201368524E+009,-3.364567585462880E+001,1.435080118146135E+001,
5.043988269794722E+009,-3.353183319196688E+001,-8.261093728708233E-001,
5.047898338220919E+009,-3.347037069085104E+001,-1.687834469844068E+001,
5.051808406647117E+009,-3.327825610354728E+001,-3.007887375775964E+001,
5.055718475073314E+009,-3.297857069533083E+001,-4.661855754599183E+001,
5.059628543499512E+009,-3.281632814852485E+001,-6.251006245094803E+001,
5.063538611925709E+009,-3.256675430267076E+001,-7.915413128614875E+001,
5.067448680351906E+009,-3.229007321017758E+001,-9.662906588328198E+001,
5.071358748778104E+009,-3.222098973420311E+001,-1.136827214320448E+002,
5.075268817204301E+009,-3.243353364251473E+001,-1.305136276661177E+002,
5.079178885630499E+009,-3.231401116764032E+001,-1.465523700886850E+002,
5.083088954056696E+009,-3.238026580106764E+001,-1.625824388666337E+002,
5.086999022482893E+009,-3.236583613345932E+001,-1.790552695413432E+002,
5.090909090909091E+009,-3.222471615933617E+001,1.645474014311941E+002,
5.094819159335288E+009,-3.241809149548141E+001,1.487202080895983E+002,
5.098729227761486E+009,-3.234088897140925E+001,1.325373651237794E+002,
5.102639296187683E+009,-3.208337935060780E+001,1.176827801569737E+002,
5.106549364613881E+009,-3.209752311918708E+001,9.996668451805830E+001,
5.110459433040078E+009,-3.206948803307846E+001,8.542001301348897E+001,
5.114369501466276E+009,-3.187472078765072E+001,6.914794881871381E+001,
5.118279569892473E+009,-3.190417660642907E+001,5.320152596041552E+001,
5.122189638318670E+009,-3.171883765170042E+001,3.673980491566908E+001,
5.126099706744868E+009,-3.174250617184170E+001,2.080802420475868E+001,
5.130009775171065E+009,-3.161383247251727E+001,5.598441318491554E+000,
5.133919843597263E+009,-3.125767998208682E+001,-1.066358206820865E+001,
5.137829912023460E+009,-3.101100430016110E+001,-2.747705773286564E+001,
5.141739980449657E+009,-3.076517194291272E+001,-4.441376885861605E+001,
5.145650048875855E+009,-3.047036833862680E+001,-6.201383670785009E+001,
5.149560117302053E+009,-3.036523016797220E+001,-8.036086811864040E+001,
5.153470185728251E+009,-3.036521928019251E+001,-9.743293880739468E+001,
5.157380254154448E+009,-3.021973115307835E+001,-1.138792598732625E+002,
5.161290322580645E+009,-3.006681310854188E+001,-1.307017260773770E+002,
5.165200391006843E+009,-2.989651919118315E+001,-1.489429532459729E+002,
5.169110459433041E+009,-2.982995842046632E+001,-1.671976471954968E+002,
5.173020527859238E+009,-2.981079957894976E+001,1.752428573419385E+002,
5.176930596285435E+009,-2.970894672314866E+001,1.584599972372622E+002,
5.180840664711633E+009,-2.948374600342207E+001,1.400318306726844E+002,
5.184750733137830E+009,-2.953701683174749E+001,1.213869174106588E+002,
5.188660801564028E+009,-2.950101730667912E+001,1.039810986230265E+002,
5.192570869990225E+009,-2.960875873982542E+001,8.566249094928841E+001,
5.196480938416422E+009,-2.971322728652320E+001,6.762778545940446E+001,
5.200391006842620E+009,-2.989549734286444E+001,5.076191488173658E+001,
5.204301075268817E+009,-3.005603089670387E+001,3.402371554295303E+001,
5.208211143695015E+009,-2.987918559637855E+001,1.745031698770187E+001,
5.212121212121212E+009,-2.989207228501862E+001,-1.044130209901891E+000,
5.216031280547409E+009,-2.999372320826114E+001,-1.982999140663378E+001,
5.219941348973607E+009,-3.022003615510854E+001,-3.641061037272331E+001,
5.223851417399805E+009,-3.035830930216793E+001,-5.347320787754066E+001,
5.227761485826002E+009,-3.041821594079872E+001,-7.145392494312883E+001,
5.231671554252199E+009,-3.046400232315316E+001,-8.801384604629818E+001,
5.235581622678397E+009,-3.059858102970235E+001,-1.055992859766016E+002,
5.239491691104594E+009,-3.070711257353915E+001,-1.222950449351572E+002,
5.243401759530792E+009,-3.055856709808706E+001,-1.386395799366085E+002,
5.247311827956989E+009,-3.063448611415432E+001,-1.567392912711537E+002,
5.251221896383186E+009,-3.049348860190229E+001,-1.741090145479955E+002,
5.255131964809384E+009,-3.073042007979932E+001,1.667976890504696E+002,
5.259042033235581E+009,-3.097613623512316E+001,1.489722910815650E+002,
5.262952101661779E+009,-3.127724257033428E+001,1.322239062791201E+002,
5.266862170087977E+009,-3.130239024851118E+001,1.148508880113747E+002,
5.270772238514174E+009,-3.144354046371714E+001,9.689857137525500E+001,
5.274682306940372E+009,-3.171934223739523E+001,8.006450247952655E+001,
5.278592375366570E+009,-3.185689589183649E+001,6.193969237135303E+001,
5.282502443792767E+009,-3.230801042798205E+001,4.420305972151100E+001,
5.286412512218964E+009,-3.267144642516374E+001,2.630057133813612E+001,
5.290322580645162E+009,-3.305892795399871E+001,9.214965186117198E+000,
5.294232649071359E+009,-3.325167558171293E+001,-5.885791290945721E+000,
5.298142717497557E+009,-3.369017289509864E+001,-2.274212566826980E+001,
5.302052785923754E+009,-3.409239006356136E+001,-3.849222983987714E+001,
5.305962854349951E+009,-3.449586095595207E+001,-5.393329646040099E+001,
5.309872922776149E+009,-3.493885258246552E+001,-6.970408654568567E+001,
5.313782991202346E+009,-3.550013121843046E+001,-8.344650288847254E+001,
5.317693059628544E+009,-3.562949258830643E+001,-9.588713827063785E+001,
5.321603128054741E+009,-3.561508814049126E+001,-1.101032515931115E+002,
5.325513196480938E+009,-3.574030964334804E+001,-1.255622892650309E+002,
5.329423264907136E+009,-3.611781032041825E+001,-1.394456937892923E+002,
5.333333333333333E+009,-3.596111576990233E+001,-1.518687407301375E+002,
5.337243401759531E+009,-3.583466731315445E+001,-1.667019474895921E+002,
5.341153470185728E+009,-3.573714368806768E+001,1.774771460601379E+002,
5.345063538611926E+009,-3.600252181841603E+001,1.624484759400288E+002,
5.348973607038123E+009,-3.607914899703014E+001,1.491749513626815E+002,
5.352883675464321E+009,-3.594019689016936E+001,1.356165439584283E+002,
5.356793743890518E+009,-3.593551282154468E+001,1.216774419521176E+002,
5.360703812316715E+009,-3.564094287571791E+001,1.086853873423540E+002,
5.364613880742913E+009,-3.532057430229956E+001,9.430288234663534E+001,
5.368523949169110E+009,-3.507755110194876E+001,8.045381762777053E+001,
5.372434017595308E+009,-3.461330068784626E+001,6.579965554584177E+001,
5.376344086021505E+009,-3.418334956943112E+001,5.004139809422276E+001,
5.380254154447702E+009,-3.382402618816344E+001,3.396433850377158E+001,
5.384164222873900E+009,-3.353264081453452E+001,1.909594455822272E+001,
5.388074291300098E+009,-3.300019335000323E+001,4.152092670762621E+000,
5.391984359726296E+009,-3.248749708079842E+001,-1.213900758772301E+001,
5.395894428152493E+009,-3.197161308948749E+001,-2.936831697652025E+001,
5.399804496578690E+009,-3.150937478044131E+001,-4.709389688724997E+001,
5.403714565004888E+009,-3.109525265651717E+001,-6.535546260867061E+001,
5.407624633431086E+009,-3.083152984220271E+001,-8.362433789970901E+001,
5.411534701857283E+009,-3.059943324082731E+001,-1.010201370341958E+002,
5.415444770283480E+009,-3.030288218221287E+001,-1.187419117333883E+002,
5.419354838709678E+009,-3.004259815853146E+001,-1.367539184955524E+002,
5.423264907135875E+009,-2.985467888498429E+001,-1.547926825633701E+002,
5.427174975562073E+009,-2.968431198490901E+001,-1.734403931122526E+002,
5.431085043988270E+009,-2.939250834403381E+001,1.699618953153061E+002,
5.434995112414467E+009,-2.914888434309297E+001,1.517965828505899E+002,
5.438905180840665E+009,-2.883707498422486E+001,1.333253029671966E+002,
5.442815249266862E+009,-2.865208491746333E+001,1.137407129822146E+002,
5.446725317693060E+009,-2.844704785949343E+001,9.518293920866789E+001,
5.450635386119257E+009,-2.845466999383702E+001,7.655698539080100E+001,
5.454545454545454E+009,-2.856170895081831E+001,5.838698650248640E+001,
5.458455522971652E+009,-2.833941095127990E+001,3.989316466358561E+001,
5.462365591397850E+009,-2.820680519289907E+001,2.184745115800675E+001,
5.466275659824047E+009,-2.817335931644415E+001,3.850070717155718E+000,
5.470185728250244E+009,-2.807189116702013E+001,-1.521990186491051E+001,
5.474095796676442E+009,-2.801412518417349E+001,-3.281258704739023E+001,
5.478005865102639E+009,-2.791081015866257E+001,-5.162520538748515E+001,
5.481915933528837E+009,-2.783598501784903E+001,-7.039905063422036E+001,
5.485826001955034E+009,-2.784979365185118E+001,-9.037368086260659E+001,
5.489736070381231E+009,-2.791639782559937E+001,-1.090307506312181E+002,
5.493646138807429E+009,-2.797845292045500E+001,-1.277155003258656E+002,
5.497556207233626E+009,-2.804611617534613E+001,-1.460033878555144E+002,
5.501466275659824E+009,-2.816811433301036E+001,-1.646923692504732E+002,
5.505376344086021E+009,-2.841355707854497E+001,1.769847235874966E+002,
5.509286412512219E+009,-2.846510822299839E+001,1.593789822287696E+002,
5.513196480938417E+009,-2.852631585772544E+001,1.413723333847727E+002,
5.517106549364615E+009,-2.852373313278542E+001,1.222563555066817E+002,
5.521016617790812E+009,-2.872044324601059E+001,1.038599275938804E+002,
5.524926686217009E+009,-2.880468131235535E+001,8.535317407772764E+001,
5.528836754643207E+009,-2.905560283740590E+001,6.650083901470889E+001,
5.532746823069404E+009,-2.928897361204447E+001,4.794622950696849E+001,
5.536656891495602E+009,-2.976166200880450E+001,3.110496623319845E+001,
5.540566959921799E+009,-2.978508230317987E+001,1.411319411910456E+001,
5.544477028347996E+009,-2.992012396326940E+001,-3.401427327074362E+000,
5.548387096774194E+009,-2.985932405013260E+001,-2.063432586860968E+001,
5.552297165200391E+009,-3.013862267683240E+001,-3.828298018872410E+001,
5.556207233626589E+009,-3.025319788467671E+001,-5.578144388847966E+001,
5.560117302052786E+009,-3.037117587309430E+001,-7.352220713794395E+001,
5.564027370478983E+009,-3.030970909238775E+001,-9.072343696506316E+001,
5.567937438905181E+009,-3.050202579583841E+001,-1.091858505578390E+002,
5.571847507331378E+009,-3.067357866739659E+001,-1.262922555423391E+002,
5.575757575757576E+009,-3.082618582345159E+001,-1.438910818692283E+002,
5.579667644183773E+009,-3.070812329304768E+001,-1.605067596250295E+002,
5.583577712609971E+009,-3.078165442144942E+001,-1.799479491333826E+002,
5.587487781036168E+009,-3.097959081385224E+001,1.617603582365829E+002,
5.591397849462366E+009,-3.103215126999406E+001,1.432315387917166E+002,
5.595307917888563E+009,-3.122378680239757E+001,1.258329334723601E+002,
5.599217986314760E+009,-3.128598226190720E+001,1.063519155427876E+002,
5.603128054740958E+009,-3.162965686027818E+001,8.767066070099453E+001,
5.607038123167155E+009,-3.187017989317047E+001,6.980699332553905E+001,
5.610948191593353E+009,-3.236433034892175E+001,5.205454940436130E+001,
5.614858260019550E+009,-3.237325528376455E+001,3.432938183085609E+001,
5.618768328445747E+009,-3.269514017096593E+001,1.602556986699722E+001,
5.622678396871945E+009,-3.280251445924438E+001,-9.719768526843305E-001,
5.626588465298142E+009,-3.295447109353796E+001,-1.990774273154309E+001,
5.630498533724340E+009,-3.325087256816344E+001,-4.015051997605114E+001,
5.634408602150538E+009,-3.380029691885505E+001,-5.784543789933272E+001,
5.638318670576735E+009,-3.406317470034264E+001,-7.599075627061878E+001,
5.642228739002933E+009,-3.447185879305501E+001,-9.507898882643791E+001,
5.646138807429131E+009,-3.497173528858239E+001,-1.136853003769673E+002,
5.650048875855328E+009,-3.556048301390231E+001,-1.320932176788164E+002,
5.653958944281525E+009,-3.622840468125023E+001,-1.498396247596032E+002,
5.657869012707723E+009,-3.684047781215092E+001,-1.667649193077140E+002,
5.661779081133920E+009,-3.747602429032572E+001,1.760637931658538E+002,
5.665689149560118E+009,-3.798873250398950E+001,1.589720556400127E+002,
5.669599217986315E+009,-3.878967638316334E+001,1.417551468588558E+002,
5.673509286412512E+009,-3.954910001856797E+001,1.249798625719117E+002,
5.677419354838710E+009,-4.032735860894756E+001,1.087701420484066E+002,
5.681329423264907E+009,-4.111587625746158E+001,9.360477395197927E+001,
5.685239491691105E+009,-4.191032451649433E+001,7.714301259168950E+001,
5.689149560117302E+009,-4.303285118847019E+001,5.998552158515474E+001,
5.693059628543499E+009,-4.493157917624563E+001,4.568541735998339E+001,
5.696969696969697E+009,-4.711373308474070E+001,3.681852658600482E+001,
5.700879765395895E+009,-4.799986086508928E+001,3.986983634763864E+001,
5.704789833822092E+009,-4.767931861317251E+001,3.667450367748722E+001,
5.708699902248289E+009,-4.670416831183189E+001,3.587689219714505E+001,
5.712609970674487E+009,-4.492889098651296E+001,2.235793501539065E+001,
5.716520039100684E+009,-4.454402215673931E+001,8.143289464882628E+000,
5.720430107526882E+009,-4.399242746178803E+001,-4.720265253786176E+000,
5.724340175953079E+009,-4.357792355428354E+001,-1.808618656188538E+001,
5.728250244379276E+009,-4.278678062773423E+001,-3.183614787077441E+001,
5.732160312805474E+009,-4.203214833883986E+001,-4.668682935254589E+001,
5.736070381231671E+009,-4.116583404288571E+001,-6.379034759602049E+001,
5.739980449657869E+009,-4.074759845786264E+001,-8.402279035413734E+001,
5.743890518084066E+009,-4.059643886205870E+001,-9.974430421516873E+001,
5.747800586510263E+009,-4.012363352620479E+001,-1.174627245498768E+002,
5.751710654936461E+009,-4.000390756875571E+001,-1.350320401812299E+002,
5.755620723362660E+009,-3.981037504571162E+001,-1.537471540426655E+002,
5.759530791788857E+009,-3.989664734272095E+001,-1.720385863345935E+002,
5.763440860215054E+009,-4.040322730073663E+001,1.702550632051138E+002,
5.767350928641252E+009,-4.045846773591951E+001,1.569407593010335E+002,
5.771260997067449E+009,-4.029613133185137E+001,1.435089429232344E+002,
5.775171065493647E+009,-3.977775900399840E+001,1.282059002516580E+002,
5.779081133919844E+009,-3.930743929164835E+001,1.091555447217439E+002,
5.782991202346041E+009,-3.953135995233389E+001,9.004530937660246E+001,
5.786901270772239E+009,-3.978367693583172E+001,7.410142099141581E+001,
5.790811339198436E+009,-3.968215444061180E+001,5.831430518890739E+001,
5.794721407624634E+009,-3.979727583052855E+001,4.267173359673244E+001,
5.798631476050831E+009,-3.973510705483634E+001,2.779649646904349E+001,
5.802541544477028E+009,-3.940082989043719E+001,1.147999168364027E+001,
5.806451612903226E+009,-3.927447444408523E+001,-6.663097125626384E+000,
5.810361681329423E+009,-3.950960186130531E+001,-2.488414938841334E+001,
5.814271749755621E+009,-3.990073972716719E+001,-4.029867412222927E+001,
5.818181818181818E+009,-3.999772104777574E+001,-5.490597090767447E+001,
5.822091886608016E+009,-3.997579534613717E+001,-6.844430420911607E+001,
5.826001955034213E+009,-3.990892295585241E+001,-8.415114145173492E+001,
5.829912023460411E+009,-3.993299138767762E+001,-9.874171358458635E+001,
5.833822091886608E+009,-3.968044398170325E+001,-1.130169304851373E+002,
5.837732160312805E+009,-3.959572357382599E+001,-1.278019166324805E+002,
5.841642228739003E+009,-3.926539341218106E+001,-1.427783151617856E+002,
5.845552297165200E+009,-3.890155637641702E+001,-1.585469698338108E+002,
5.849462365591398E+009,-3.870090007034809E+001,-1.752668211799641E+002,
5.853372434017595E+009,-3.862837932920067E+001,1.701261297192780E+002,
5.857282502443792E+009,-3.812677570218875E+001,1.558640577206641E+002,
5.861192570869990E+009,-3.761316371914937E+001,1.383517615416667E+002,
5.865102639296187E+009,-3.734349306099448E+001,1.213151255032536E+002,
5.869012707722385E+009,-3.689939993866416E+001,1.042396741420349E+002,
5.872922776148583E+009,-3.667690287954108E+001,8.579078287775656E+001,
5.876832844574780E+009,-3.647703363183557E+001,6.876950671019115E+001,
5.880742913000978E+009,-3.626153073467888E+001,5.098476452380545E+001,
5.884652981427176E+009,-3.618567919791597E+001,3.354417676019392E+001,
5.888563049853373E+009,-3.604109350852645E+001,1.511098991331949E+001,
5.892473118279570E+009,-3.620892419936680E+001,-2.183635753390561E+000,
5.896383186705768E+009,-3.623356000694898E+001,-1.729820641278171E+001,
5.900293255131965E+009,-3.589131718742889E+001,-3.308106076631199E+001,
5.904203323558163E+009,-3.574369560402852E+001,-4.981865699306839E+001,
5.908113391984360E+009,-3.546641827399674E+001,-6.690863044184711E+001,
5.912023460410557E+009,-3.532522889078992E+001,-8.410214875000801E+001,
5.915933528836755E+009,-3.507548768059690E+001,-1.004469729823302E+002,
5.919843597262952E+009,-3.478241383229042E+001,-1.182033037213639E+002,
5.923753665689150E+009,-3.463175615400820E+001,-1.358656672989083E+002,
5.927663734115347E+009,-3.448893034640263E+001,-1.538776817417605E+002,
5.931573802541544E+009,-3.438479663722389E+001,-1.713031083799871E+002,
5.935483870967742E+009,-3.437437152507651E+001,1.711817228765212E+002,
5.939393939393940E+009,-3.427946194425164E+001,1.544370494903430E+002,
5.943304007820137E+009,-3.419152409765064E+001,1.372670987744469E+002,
5.947214076246334E+009,-3.412925411972193E+001,1.201305991071325E+002,
5.951124144672532E+009,-3.404796756625409E+001,1.040387455602439E+002,
5.955034213098729E+009,-3.382448701030219E+001,8.758200566038926E+001,
5.958944281524927E+009,-3.345190749712037E+001,7.077208567280788E+001,
5.962854349951124E+009,-3.322069795561842E+001,5.223277943146341E+001,
5.966764418377321E+009,-3.312842185961679E+001,3.406396601515561E+001,
5.970674486803519E+009,-3.294106123256319E+001,1.658642293064956E+001,
5.974584555229716E+009,-3.282958846318590E+001,-1.696919065699350E+000,
5.978494623655914E+009,-3.278428277560052E+001,-1.929744552754534E+001,
5.982404692082111E+009,-3.272772125492044E+001,-3.635583241286916E+001,
5.986314760508308E+009,-3.257646683177598E+001,-5.353412544642620E+001,
5.990224828934506E+009,-3.236174702190209E+001,-7.152171158299895E+001,
5.994134897360704E+009,-3.229735306764309E+001,-9.015200752892224E+001,
5.998044965786902E+009,-3.232099145232341E+001,-1.076918496870554E+002,
6.001955034213099E+009,-3.216253287282318E+001,-1.248565793561244E+002,
6.005865102639297E+009,-3.198816268241037E+001,-1.435827462806820E+002,
6.009775171065494E+009,-3.195207256748896E+001,-1.617784386075216E+002,
6.013685239491692E+009,-3.196586336638368E+001,1.798345273398821E+002,
6.017595307917889E+009,-3.202503851529160E+001,1.619862041416021E+002,
6.021505376344086E+009,-3.208951922094825E+001,1.452309725666899E+002,
6.025415444770284E+009,-3.203113355615506E+001,1.286026736566291E+002,
6.029325513196481E+009,-3.181124569049554E+001,1.114525022858304E+002,
6.033235581622679E+009,-3.165078027104947E+001,9.327709093191720E+001,
6.037145650048876E+009,-3.154648515852792E+001,7.466987349952552E+001,
6.041055718475073E+009,-3.155720551666926E+001,5.620942611529773E+001,
6.044965786901271E+009,-3.160407640231520E+001,3.825425753117970E+001,
6.048875855327468E+009,-3.161756845329745E+001,2.040629591613087E+001,
6.052785923753666E+009,-3.155383326721897E+001,2.530913807547502E+000,
6.056695992179863E+009,-3.157189366461966E+001,-1.541749319153826E+001,
6.060606060606061E+009,-3.162340521748706E+001,-3.318991611047898E+001,
6.064516129032258E+009,-3.151451824149902E+001,-5.102872628743649E+001,
6.068426197458456E+009,-3.153449540834434E+001,-6.954682203701510E+001,
6.072336265884653E+009,-3.154251039227716E+001,-8.775396388712206E+001,
6.076246334310850E+009,-3.168072113754183E+001,-1.060925250432018E+002,
6.080156402737048E+009,-3.178470695007283E+001,-1.243073465823111E+002,
6.084066471163245E+009,-3.178859686202259E+001,-1.421685435787153E+002,
6.087976539589443E+009,-3.192529356990071E+001,-1.604943107687958E+002,
6.091886608015640E+009,-3.214472387624357E+001,-1.781081564329920E+002,
6.095796676441837E+009,-3.232939104737905E+001,1.640650010363017E+002,
6.099706744868035E+009,-3.254341781021630E+001,1.477246024213674E+002,
6.103616813294232E+009,-3.249459272775959E+001,1.316851371640167E+002,
6.107526881720430E+009,-3.244097757102010E+001,1.143322867434613E+002,
6.111436950146627E+009,-3.248944589465022E+001,9.615903479422221E+001,
6.115347018572825E+009,-3.258609943954180E+001,7.886839273664698E+001,
6.119257086999023E+009,-3.266251490263124E+001,6.193183907959995E+001,
6.123167155425221E+009,-3.262706129619593E+001,4.434738265110622E+001,
6.127077223851418E+009,-3.269283294086360E+001,2.687475422367536E+001,
6.130987292277615E+009,-3.274569311205477E+001,9.246488785545894E+000,
6.134897360703813E+009,-3.285564146905027E+001,-8.259608271975976E+000,
6.138807429130010E+009,-3.293059207887949E+001,-2.509662007093549E+001,
6.142717497556208E+009,-3.293944289734642E+001,-4.165154176733950E+001,
6.146627565982405E+009,-3.282002301937507E+001,-5.861794141173825E+001,
6.150537634408602E+009,-3.266048711345330E+001,-7.673417141124043E+001,
6.154447702834800E+009,-3.263979647597846E+001,-9.457751413617172E+001,
6.158357771260998E+009,-3.257073053542898E+001,-1.131081601647230E+002,
6.162267839687195E+009,-3.270911134973377E+001,-1.317793636317952E+002,
6.166177908113392E+009,-3.278355194446196E+001,-1.496289348507190E+002,
6.170087976539589E+009,-3.287992611936100E+001,-1.675616444683455E+002,
6.173998044965787E+009,-3.299705172446720E+001,1.747482671946856E+002,
6.177908113391985E+009,-3.310221214310137E+001,1.571003469823090E+002,
6.181818181818182E+009,-3.314070325306511E+001,1.396205454117764E+002,
6.185728250244379E+009,-3.318459421382751E+001,1.216169706113112E+002,
6.189638318670576E+009,-3.324573609675851E+001,1.041560790282826E+002,
6.193548387096774E+009,-3.325567272132817E+001,8.648242815922269E+001,
6.197458455522972E+009,-3.327656515676123E+001,6.766175781497017E+001,
6.201368523949169E+009,-3.336997087003434E+001,4.939990372970345E+001,
6.205278592375366E+009,-3.353864452741262E+001,3.151380366631619E+001,
6.209188660801564E+009,-3.364957354142030E+001,1.351921774710128E+001,
6.213098729227762E+009,-3.375882178641536E+001,-4.078170688847624E+000,
6.217008797653959E+009,-3.387140410756484E+001,-2.267247912011500E+001,
6.220918866080156E+009,-3.414879015125510E+001,-4.102566305614371E+001,
6.224828934506353E+009,-3.439831155187002E+001,-5.748989773104835E+001,
6.228739002932551E+009,-3.436827251798579E+001,-7.501772617740113E+001,
6.232649071358749E+009,-3.446107621483482E+001,-9.302153279488231E+001,
6.236559139784946E+009,-3.455356042315158E+001,-1.109650065546169E+002,
6.240469208211144E+009,-3.469277178726567E+001,-1.290941274014735E+002,
6.244379276637341E+009,-3.473134700958865E+001,-1.471553968848480E+002,
6.248289345063539E+009,-3.502326992269740E+001,-1.662870264510329E+002,
6.252199413489737E+009,-3.530157331587729E+001,1.758766217670593E+002,
6.256109481915934E+009,-3.564385249794405E+001,1.585268512688703E+002,
6.260019550342131E+009,-3.593565223064213E+001,1.431994488950618E+002,
6.263929618768329E+009,-3.571430713199214E+001,1.272869684489413E+002,
6.267839687194526E+009,-3.547759232962210E+001,1.081908989593106E+002,
6.271749755620724E+009,-3.565125301582840E+001,8.758678822395895E+001,
6.275659824046921E+009,-3.599132779848449E+001,7.001911411123147E+001,
6.279569892473118E+009,-3.619135997624773E+001,5.260690667960699E+001,
6.283479960899316E+009,-3.623207351108876E+001,3.416160672722693E+001,
6.287390029325514E+009,-3.631593480738792E+001,1.626900543991468E+001,
6.291300097751711E+009,-3.634908142356166E+001,-2.589431804942449E+000,
6.295210166177908E+009,-3.644908044685855E+001,-2.133970710083221E+001,
6.299120234604105E+009,-3.665855274151697E+001,-4.081600330686797E+001,
6.303030303030303E+009,-3.681489433736434E+001,-5.965842252900220E+001,
6.306940371456501E+009,-3.685196961430661E+001,-7.927144247462309E+001,
6.310850439882698E+009,-3.712700971556878E+001,-1.001754805040722E+002,
6.314760508308895E+009,-3.744313617247904E+001,-1.195547980599715E+002,
6.318670576735093E+009,-3.782516250328422E+001,-1.388059978822647E+002,
6.322580645161290E+009,-3.816652132483046E+001,-1.567700547665168E+002,
6.326490713587488E+009,-3.809739150109353E+001,-1.776218855841472E+002,
6.330400782013685E+009,-3.833981800436506E+001,1.599431473003980E+002,
6.334310850439882E+009,-3.899320231578750E+001,1.381336896429667E+002,
6.338220918866080E+009,-3.951529832005221E+001,1.178603106142298E+002,
6.342130987292278E+009,-4.006782362893866E+001,9.828469349486505E+001,
6.346041055718475E+009,-4.018386730963993E+001,7.804607782876715E+001,
6.349951124144672E+009,-4.044853333441684E+001,5.453020370783772E+001,
6.353861192570869E+009,-4.088810370817903E+001,3.124148923283055E+001,
6.357771260997068E+009,-4.163861097394588E+001,7.423863131035711E+000,
6.361681329423266E+009,-4.222252038896946E+001,-1.447771083508215E+001,
6.365591397849463E+009,-4.217658074888465E+001,-3.716358340208035E+001,
6.369501466275660E+009,-4.250679875256534E+001,-6.444505956119826E+001,
6.373411534701857E+009,-4.319645946032488E+001,-9.100074294520557E+001,
6.377321603128055E+009,-4.408089475221090E+001,-1.155155891753533E+002,
6.381231671554253E+009,-4.449574489348598E+001,-1.380187892285075E+002,
6.385141739980450E+009,-4.424929792628143E+001,-1.615588564042229E+002,
6.389051808406647E+009,-4.406806896056069E+001,1.721245840535200E+002,
6.392961876832845E+009,-4.433259750008311E+001,1.456800275782214E+002,
6.396871945259043E+009,-4.434889176390803E+001,1.215505491792770E+002,
6.400782013685240E+009,-4.435768005521549E+001,9.923547593453155E+001,
6.404692082111437E+009,-4.401190120106258E+001,7.972075267318003E+001,
6.408602150537634E+009,-4.297544447760451E+001,5.776017391578088E+001,
6.412512218963832E+009,-4.216784939341000E+001,3.320970721518162E+001,
6.416422287390030E+009,-4.177014734298523E+001,7.314784801580263E+000,
6.420332355816227E+009,-4.159440103644337E+001,-1.717264726381227E+001,
6.424242424242424E+009,-4.187173320752311E+001,-4.014620161516532E+001,
6.428152492668621E+009,-4.200087950275101E+001,-5.600418419365241E+001,
6.432062561094819E+009,-4.136390737351129E+001,-7.410710688247438E+001,
6.435972629521017E+009,-4.059702056319409E+001,-9.241243655763185E+001,
6.439882697947214E+009,-3.983370331061116E+001,-1.142997569846534E+002,
6.443792766373411E+009,-3.968492067342802E+001,-1.361049196945862E+002,
6.447702834799609E+009,-3.948724361390800E+001,-1.555973003826192E+002,
6.451612903225807E+009,-3.940279698186922E+001,-1.760790955962717E+002,
6.455522971652004E+009,-3.931727831537225E+001,1.661557558843815E+002,
6.459433040078201E+009,-3.903681900358046E+001,1.477875673846554E+002,
6.463343108504398E+009,-3.874172217333806E+001,1.295973824720013E+002,
6.467253176930596E+009,-3.865503065856903E+001,1.101354185022710E+002,
6.471163245356794E+009,-3.858718339517986E+001,9.343394820425871E+001,
6.475073313782991E+009,-3.828090254922581E+001,7.833075315817621E+001,
6.478983382209189E+009,-3.763481566749415E+001,6.079752924164203E+001,
6.482893450635386E+009,-3.715241997814726E+001,4.071020110386630E+001,
6.486803519061584E+009,-3.697233346509317E+001,2.231441515737384E+001,
6.490713587487782E+009,-3.666822689459319E+001,4.095744554260293E+000,
6.494623655913979E+009,-3.645360754998563E+001,-1.413406463261290E+001,
6.498533724340176E+009,-3.615725233772560E+001,-3.165482897887604E+001,
6.502443792766374E+009,-3.573147757680049E+001,-4.959231387664570E+001,
6.506353861192571E+009,-3.542492383746375E+001,-6.810759506306012E+001,
6.510263929618769E+009,-3.517299175675436E+001,-8.581276864580362E+001,
6.514173998044966E+009,-3.470619059490951E+001,-1.047838680705281E+002,
6.518084066471163E+009,-3.445641100041163E+001,-1.233358157532776E+002,
6.521994134897361E+009,-3.409920761248633E+001,-1.421371244277820E+002,
6.525904203323559E+009,-3.382001262201248E+001,-1.620568305596726E+002,
6.529814271749756E+009,-3.371554017951029E+001,1.787008634713785E+002,
6.533724340175953E+009,-3.361128661473061E+001,1.592984670700625E+002,
6.537634408602150E+009,-3.360844884297426E+001,1.405647503870884E+002,
6.541544477028348E+009,-3.347524992294498E+001,1.225034230254284E+002,
6.545454545454546E+009,-3.337558308078776E+001,1.033547726300661E+002,
6.549364613880743E+009,-3.333593200613014E+001,8.496612591092567E+001,
6.553274682306940E+009,-3.327910225901351E+001,6.675987764292643E+001,
6.557184750733138E+009,-3.319945423126585E+001,4.865710230322151E+001,
6.561094819159335E+009,-3.306959997543281E+001,3.079006273403515E+001,
6.565004887585533E+009,-3.295174522960615E+001,1.172355702006673E+001,
6.568914956011730E+009,-3.289847682811394E+001,-7.597209632179192E+000,
6.572825024437927E+009,-3.295369055587560E+001,-2.644236817354034E+001,
6.576735092864125E+009,-3.310169583926440E+001,-4.457669986469874E+001,
6.580645161290323E+009,-3.317196334749491E+001,-6.191943473968998E+001,
6.584555229716520E+009,-3.321365492979935E+001,-7.984808226669976E+001,
6.588465298142717E+009,-3.328083095793053E+001,-9.635389546952155E+001,
6.592375366568914E+009,-3.314594428440849E+001,-1.141153865168043E+002,
6.596285434995112E+009,-3.306902691529457E+001,-1.319257704821297E+002,
6.600195503421310E+009,-3.305578809276141E+001,-1.498599494201285E+002,
6.604105571847508E+009,-3.300521274992148E+001,-1.682485654984613E+002,
6.608015640273705E+009,-3.310473039342369E+001,1.739913091506699E+002,
6.611925708699902E+009,-3.310883418557520E+001,1.566943338109392E+002,
6.615835777126100E+009,-3.312445780517679E+001,1.390232839828900E+002,
6.619745845552298E+009,-3.316601720868390E+001,1.220576411839092E+002,
6.623655913978495E+009,-3.306500495495151E+001,1.047796644508755E+002,
6.627565982404692E+009,-3.303462232378746E+001,8.742304830344439E+001,
6.631476050830890E+009,-3.289768232708634E+001,7.012619293519695E+001,
6.635386119257088E+009,-3.280986868093928E+001,5.170433051744290E+001,
6.639296187683285E+009,-3.275018134737480E+001,3.382501370723815E+001,
6.643206256109482E+009,-3.268914464497399E+001,1.551292221839582E+001,
6.647116324535679E+009,-3.283803760425332E+001,-2.612930796412301E+000,
6.651026392961877E+009,-3.287861542300406E+001,-1.985517160350031E+001,
6.654936461388075E+009,-3.286843817883125E+001,-3.695603268112981E+001,
6.658846529814272E+009,-3.281878747638232E+001,-5.522577370222268E+001,
6.662756598240469E+009,-3.286265959020228E+001,-7.301991819722203E+001,
6.666666666666666E+009,-3.289373709862019E+001,-9.026007136460507E+001,
6.670576735092864E+009,-3.285614580426939E+001,-1.073406472953485E+002,
6.674486803519062E+009,-3.279843430795169E+001,-1.256735936374789E+002,
6.678396871945259E+009,-3.285146588005176E+001,-1.433613393597897E+002,
6.682306940371456E+009,-3.284268603851710E+001,-1.612505848045709E+002,
6.686217008797654E+009,-3.293862777983690E+001,-1.783863450730611E+002,
6.690127077223852E+009,-3.288130657785932E+001,1.644946295477716E+002,
6.694037145650049E+009,-3.280406609648527E+001,1.464049980890068E+002,
6.697947214076246E+009,-3.287983843396276E+001,1.284374453502355E+002,
6.701857282502443E+009,-3.287782741930804E+001,1.104064138436510E+002,
6.705767350928641E+009,-3.295452130290346E+001,9.305942085212975E+001,
6.709677419354839E+009,-3.295840081620658E+001,7.641937648722923E+001,
6.713587487781036E+009,-3.286065940271998E+001,5.827013672737108E+001,
6.717497556207233E+009,-3.283312343023827E+001,4.038453874324053E+001,
6.721407624633431E+009,-3.290411219700396E+001,2.270237651788031E+001,
6.725317693059629E+009,-3.283887229890792E+001,5.095400152288026E+000,
6.729227761485827E+009,-3.287054072346721E+001,-1.260809902051406E+001,
6.733137829912024E+009,-3.287256836602961E+001,-3.029689721676537E+001,
6.737047898338221E+009,-3.288341419257836E+001,-4.779501133381486E+001,
6.740957966764419E+009,-3.287365136261885E+001,-6.556534743174917E+001,
6.744868035190616E+009,-3.277646164415889E+001,-8.319326838534217E+001,
6.748778103616814E+009,-3.272879896978277E+001,-1.015496536611791E+002,
6.752688172043011E+009,-3.271110387778617E+001,-1.197154470174126E+002,
6.756598240469208E+009,-3.275440877751662E+001,-1.384524328021781E+002,
6.760508308895406E+009,-3.279356147199768E+001,-1.570325502891913E+002,
6.764418377321604E+009,-3.295213788841198E+001,-1.758655556899956E+002,
6.768328445747801E+009,-3.322732649182250E+001,1.670574068863330E+002,
6.772238514173998E+009,-3.316103069783856E+001,1.504382788284665E+002,
6.776148582600195E+009,-3.320738501185875E+001,1.323119079305314E+002,
6.780058651026393E+009,-3.322278479268974E+001,1.144969704083690E+002,
6.783968719452591E+009,-3.319571486388475E+001,9.595786372212994E+001,
6.787878787878788E+009,-3.328454864807276E+001,7.742375278232997E+001,
6.791788856304985E+009,-3.359144783066314E+001,5.870195657818487E+001,
6.795698924731183E+009,-3.377040358724253E+001,4.267433417478756E+001,
6.799608993157380E+009,-3.371262592079249E+001,2.604756156627126E+001,
6.803519061583578E+009,-3.359319716265336E+001,7.559503175445192E+000,
6.807429130009775E+009,-3.365509922584928E+001,-1.101791617760827E+001,
6.811339198435972E+009,-3.378990938192592E+001,-2.950232789604366E+001,
6.815249266862170E+009,-3.387800397354857E+001,-4.772385279273600E+001,
6.819159335288368E+009,-3.403444410110333E+001,-6.476721758686392E+001,
6.823069403714565E+009,-3.399230658996747E+001,-8.247419708352875E+001,
6.826979472140762E+009,-3.394849243760213E+001,-1.018851833967835E+002,
6.830889540566959E+009,-3.406051629601812E+001,-1.215781338522924E+002,
6.834799608993157E+009,-3.437593834135616E+001,-1.404707602577875E+002,
6.838709677419355E+009,-3.466416416626812E+001,-1.582370209469069E+002,
6.842619745845552E+009,-3.497003475542144E+001,-1.759603137368684E+002,
6.846529814271750E+009,-3.503929566777330E+001,1.660321494041470E+002,
6.850439882697948E+009,-3.527122200768978E+001,1.482115197126635E+002,
6.854349951124145E+009,-3.533377909169397E+001,1.304128657611652E+002,
6.858260019550343E+009,-3.547946250017689E+001,1.125195928013210E+002,
6.862170087976540E+009,-3.546714597543203E+001,9.306477089770158E+001,
6.866080156402737E+009,-3.568456904451547E+001,7.338192890057489E+001,
6.869990224828935E+009,-3.606987711749206E+001,5.302658075902501E+001,
6.873900293255133E+009,-3.671067002250604E+001,3.442655277780434E+001,
6.877810361681330E+009,-3.732469520632251E+001,1.842392460020087E+001,
6.881720430107527E+009,-3.749531080310861E+001,2.292171315886952E+000,
6.885630498533724E+009,-3.734806091831499E+001,-1.507286356599926E+001,
6.889540566959922E+009,-3.748247842096168E+001,-3.403560380244284E+001,
6.893450635386120E+009,-3.767124554613932E+001,-5.443375399405714E+001,
6.897360703812317E+009,-3.809741668810928E+001,-7.420221952407185E+001,
6.901270772238514E+009,-3.856134060203461E+001,-9.237377004652475E+001,
6.905180840664711E+009,-3.909823916909562E+001,-1.100019898162642E+002,
6.909090909090909E+009,-3.918229092039852E+001,-1.275744676314494E+002,
6.913000977517107E+009,-3.926097264857788E+001,-1.475958630059020E+002,
6.916911045943304E+009,-3.965861749524498E+001,-1.677699133490262E+002,
6.920821114369501E+009,-3.997221502738881E+001,1.721193258792119E+002,
6.924731182795699E+009,-4.059480093094697E+001,1.507593498964619E+002,
6.928641251221897E+009,-4.129440469539833E+001,1.321840386746865E+002,
6.932551319648094E+009,-4.188598340230082E+001,1.129641730816323E+002,
6.936461388074291E+009,-4.237863364932143E+001,9.277630791543777E+001,
6.940371456500488E+009,-4.294817716941614E+001,7.340491741491110E+001,
6.944281524926686E+009,-4.315886193317115E+001,5.233336501986303E+001,
6.948191593352884E+009,-4.386443101944480E+001,2.870754943125877E+001,
6.952101661779081E+009,-4.450262209677663E+001,5.217063978154788E+000,
6.956011730205278E+009,-4.574059060521708E+001,-1.778163815413120E+001,
6.959921798631475E+009,-4.647719303248113E+001,-4.044930316599245E+001,
6.963831867057674E+009,-4.740294210428359E+001,-6.606579302059731E+001,
6.967741935483872E+009,-4.814183055684077E+001,-9.113204124626108E+001,
6.971652003910069E+009,-4.896439968599816E+001,-1.181180426251454E+002,
6.975562072336266E+009,-4.940188075328230E+001,-1.427314311972045E+002,
6.979472140762464E+009,-4.952820668241628E+001,-1.697332204570658E+002,
6.983382209188661E+009,-4.922940971773373E+001,1.618405987369179E+002,
6.987292277614859E+009,-4.898086707283727E+001,1.361643481969326E+002,
6.991202346041056E+009,-4.799037321412887E+001,1.077720347864625E+002,
6.995112414467253E+009,-4.754109793019752E+001,7.961418709376127E+001,
6.999022482893451E+009,-4.724810766929402E+001,5.401848844207629E+001,
7.002932551319649E+009,-4.666612387850850E+001,3.297808935530867E+001,
7.006842619745846E+009,-4.573402655521976E+001,1.167610548822829E+001,
7.010752688172043E+009,-4.501900058188738E+001,-9.748337138587612E+000,
7.014662756598240E+009,-4.425184317808166E+001,-3.105170313834078E+001,
7.018572825024438E+009,-4.342231319547236E+001,-5.378077127764047E+001,
7.022482893450636E+009,-4.299702158564311E+001,-7.419987769385833E+001,
7.026392961876833E+009,-4.263606172343128E+001,-9.449233384824234E+001,
7.030303030303030E+009,-4.207509484647109E+001,-1.131567643900231E+002,
7.034213098729228E+009,-4.153393171139220E+001,-1.336159205915151E+002,
7.038123167155425E+009,-4.130647971781681E+001,-1.537226793857772E+002,
7.042033235581623E+009,-4.088880872661640E+001,-1.708322202281459E+002,
7.045943304007820E+009,-4.041594278509491E+001,1.715258001946635E+002,
7.049853372434017E+009,-3.974021250530815E+001,1.523253650986723E+002,
7.053763440860215E+009,-3.922574900468249E+001,1.313889312265063E+002,
7.057673509286413E+009,-3.916952770988608E+001,1.114994014581542E+002,
7.061583577712610E+009,-3.906918856053485E+001,9.451120792615157E+001,
7.065493646138807E+009,-3.887443705078293E+001,7.732289777782845E+001,
7.069403714565004E+009,-3.842509050151161E+001,6.071096289807955E+001,
7.073313782991202E+009,-3.789025024726933E+001,4.172816680691992E+001,
7.077223851417400E+009,-3.771231972557095E+001,2.337705584692071E+001,
7.081133919843597E+009,-3.738085847012940E+001,5.648800226084783E+000,
7.085043988269795E+009,-3.713916639210004E+001,-1.256537713000627E+001,
7.088954056695993E+009,-3.703490985756760E+001,-2.908666353353567E+001,
7.092864125122190E+009,-3.650855910973701E+001,-4.533126099063319E+001,
7.096774193548388E+009,-3.594756959800105E+001,-6.291244548574012E+001,
7.100684261974585E+009,-3.548807650144840E+001,-8.105590925922901E+001,
7.104594330400782E+009,-3.510509371754896E+001,-9.954094284008453E+001,
7.108504398826980E+009,-3.472665370036297E+001,-1.181266218418624E+002,
7.112414467253178E+009,-3.438875155908835E+001,-1.367681878529842E+002,
7.116324535679375E+009,-3.407427232260484E+001,-1.554766094405354E+002,
7.120234604105572E+009,-3.369012063563427E+001,-1.739125800463237E+002,
7.124144672531769E+009,-3.336929838207155E+001,1.669413073750348E+002,
7.128054740957967E+009,-3.307004399080847E+001,1.479191001792183E+002,
7.131964809384165E+009,-3.281906195555811E+001,1.285984424142485E+002,
7.135874877810362E+009,-3.262814852186428E+001,1.096566323373676E+002,
7.139784946236559E+009,-3.244363156167650E+001,9.121270251557708E+001,
7.143695014662756E+009,-3.224620178632032E+001,7.230863070138067E+001,
7.147605083088954E+009,-3.201154585790930E+001,5.274870698891952E+001,
7.151515151515152E+009,-3.193259279897875E+001,3.380101528581800E+001,
7.155425219941349E+009,-3.181193050597006E+001,1.508217480675052E+001,
7.159335288367546E+009,-3.168293733229982E+001,-4.220676803913992E+000,
7.163245356793744E+009,-3.165766926683516E+001,-2.295547961794751E+001,
7.167155425219942E+009,-3.163101577515592E+001,-4.157578892555922E+001,
7.171065493646139E+009,-3.161165308494994E+001,-6.053598607785543E+001,
7.174975562072336E+009,-3.158855822150946E+001,-7.864134723650427E+001,
7.178885630498533E+009,-3.155591023804670E+001,-9.665861887059454E+001,
7.182795698924731E+009,-3.143732214518114E+001,-1.148624976378172E+002,
7.186705767350929E+009,-3.131288080454693E+001,-1.335391183902656E+002,
7.190615835777126E+009,-3.117063412221597E+001,-1.524215376268453E+002,
7.194525904203323E+009,-3.111601133638318E+001,-1.715590420686601E+002,
7.198435972629520E+009,-3.118542073286086E+001,1.696765867935230E+002,
7.202346041055718E+009,-3.126459143581995E+001,1.517113670641459E+002,
7.206256109481916E+009,-3.118922152875462E+001,1.335404298069705E+002,
7.210166177908114E+009,-3.109259370288725E+001,1.155124019787769E+002,
7.214076246334311E+009,-3.103398385607974E+001,9.671937204214818E+001,
7.217986314760509E+009,-3.097419431154521E+001,7.776853596380838E+001,
7.221896383186706E+009,-3.097614957123680E+001,5.902358353088729E+001,
7.225806451612904E+009,-3.102411530639360E+001,4.038936411965885E+001,
7.229716520039101E+009,-3.109402658144113E+001,2.242457230313902E+001,
7.233626588465298E+009,-3.105744201475324E+001,3.979398930004796E+000,
7.237536656891496E+009,-3.110730488907666E+001,-1.420247792718124E+001,
7.241446725317694E+009,-3.102679092623917E+001,-3.260110517886183E+001,
7.245356793743891E+009,-3.099841324301913E+001,-5.155309103847065E+001,
7.249266862170088E+009,-3.110478214599193E+001,-7.055568860424187E+001,
7.253176930596285E+009,-3.118756416175106E+001,-8.853918648899274E+001,
7.257086999022483E+009,-3.123031283579511E+001,-1.067171960462405E+002,
7.260997067448681E+009,-3.125906370616993E+001,-1.252604380374820E+002,
7.264907135874878E+009,-3.138420998557570E+001,-1.440099681566187E+002,
7.268817204301075E+009,-3.152878910091829E+001,-1.618401368988922E+002,
7.272727272727273E+009,-3.152239608306533E+001,-1.794432381538679E+002,
7.276637341153470E+009,-3.149605345492626E+001,1.622432994427150E+002,
7.280547409579668E+009,-3.149686798062895E+001,1.441480452491046E+002,
7.284457478005865E+009,-3.146595804024876E+001,1.255151035512338E+002,
7.288367546432062E+009,-3.155652688151485E+001,1.063514641992029E+002,
7.292277614858260E+009,-3.168088951216077E+001,8.762568598087282E+001,
7.296187683284458E+009,-3.186133153677677E+001,6.937839340949800E+001,
7.300097751710655E+009,-3.189792333663941E+001,5.156181918642591E+001,
7.304007820136852E+009,-3.196584291283102E+001,3.290933354772254E+001,
7.307917888563049E+009,-3.213758621941792E+001,1.433916237733986E+001,
7.311827956989247E+009,-3.228342256363550E+001,-3.856048199396495E+000,
7.315738025415445E+009,-3.236659151874256E+001,-2.196337653924424E+001,
7.319648093841642E+009,-3.244751137995891E+001,-4.127724255612144E+001,
7.323558162267839E+009,-3.262490508756224E+001,-6.009540805001848E+001,
7.327468230694037E+009,-3.277945950538699E+001,-7.818573215104784E+001,
7.331378299120235E+009,-3.281344431879940E+001,-9.659105784872678E+001,
7.335288367546433E+009,-3.287947989441848E+001,-1.157706484215398E+002,
7.339198435972630E+009,-3.307403910531174E+001,-1.349658016503581E+002,
7.343108504398827E+009,-3.337527615152938E+001,-1.541568091231059E+002,
7.347018572825025E+009,-3.367247218236889E+001,-1.733174358249381E+002,
7.350928641251223E+009,-3.393708579759743E+001,1.688352582743215E+002,
7.354838709677420E+009,-3.433074223566107E+001,1.502207149641124E+002,
7.358748778103617E+009,-3.458944616144352E+001,1.327110242020885E+002,
7.362658846529814E+009,-3.469434142260171E+001,1.148409096737012E+002,
7.366568914956012E+009,-3.484703903893039E+001,9.575246337991065E+001,
7.370478983382210E+009,-3.515714175415890E+001,7.658384062213516E+001,
7.374389051808407E+009,-3.551820377722815E+001,5.796266185259734E+001,
7.378299120234604E+009,-3.592095672999862E+001,3.971875504893862E+001,
7.382209188660801E+009,-3.623485766254464E+001,2.217052386759122E+001,
7.386119257086999E+009,-3.653849548231435E+001,3.623040571728033E+000,
7.390029325513197E+009,-3.674989854277228E+001,-1.458357530397566E+001,
7.393939393939394E+009,-3.718380090028930E+001,-3.290180429291215E+001,
7.397849462365591E+009,-3.750783384909597E+001,-5.077527863110310E+001,
7.401759530791789E+009,-3.785260813302155E+001,-6.902911216632091E+001,
7.405669599217987E+009,-3.827869848294468E+001,-8.729877661391232E+001,
7.409579667644184E+009,-3.867941278284950E+001,-1.057414700212579E+002,
7.413489736070381E+009,-3.893749472240043E+001,-1.223194078100297E+002,
7.417399804496578E+009,-3.908826795396222E+001,-1.410689365686081E+002,
7.421309872922776E+009,-3.945389506163414E+001,-1.613867138718562E+002,
7.425219941348974E+009,-4.000459447280790E+001,1.795563743753812E+002,
7.429130009775171E+009,-4.055311808076855E+001,1.617521846599196E+002,
7.433040078201368E+009,-4.100613221088235E+001,1.424704089696973E+002,
7.436950146627565E+009,-4.165458461609454E+001,1.245369927974150E+002,
7.440860215053763E+009,-4.214756405526220E+001,1.061064974498431E+002,
7.444770283479961E+009,-4.264478248216168E+001,8.910861132950305E+001,
7.448680351906158E+009,-4.317053060054739E+001,6.948706831663097E+001,
7.452590420332356E+009,-4.364013438634722E+001,4.965453525683420E+001,
7.456500488758554E+009,-4.455312959590198E+001,2.932256641631351E+001,
7.460410557184751E+009,-4.523309198579082E+001,1.107331764973691E+001,
7.464320625610949E+009,-4.601008494055552E+001,-7.503012462558590E+000,
7.468230694037146E+009,-4.702144338586802E+001,-2.741494828687702E+001,
7.472140762463343E+009,-4.825334224755252E+001,-4.443133540077825E+001,
7.476050830889541E+009,-4.857990252016562E+001,-5.835461988650058E+001,
7.479960899315739E+009,-4.844100974301765E+001,-7.777323673520395E+001,
7.483870967741936E+009,-4.893235980689209E+001,-1.022161716807257E+002,
7.487781036168133E+009,-4.997547120828265E+001,-1.255770166403193E+002,
7.491691104594330E+009,-5.109400655648584E+001,-1.525313599930786E+002,
7.495601173020528E+009,-5.279833035601734E+001,-1.771841984867933E+002,
7.499511241446726E+009,-5.509078853009179E+001,1.590609822034226E+002,
7.503421309872923E+009,-5.648067817202829E+001,1.471805742558265E+002,
7.507331378299120E+009,-5.614929948328851E+001,1.225983071498890E+002,
7.511241446725318E+009,-5.617342577570816E+001,1.050908342103831E+002,
7.515151515151515E+009,-5.422884879055297E+001,7.621678780664578E+001,
7.519061583577713E+009,-5.344803544861557E+001,4.254690124782379E+001,
7.522971652003910E+009,-5.328504284091301E+001,1.133327261349342E+001,
7.526881720430107E+009,-5.278873738391554E+001,-2.024173018439160E+001,
7.530791788856305E+009,-5.251978669586313E+001,-4.814282163553903E+001,
7.534701857282503E+009,-5.241770203468040E+001,-7.059899875798948E+001,
7.538611925708700E+009,-5.186685114052401E+001,-8.791447101951292E+001,
7.542521994134897E+009,-5.058604105233983E+001,-1.078946420136630E+002,
7.546432062561094E+009,-4.938181564987126E+001,-1.274117707254615E+002,
7.550342130987292E+009,-4.846423119334872E+001,-1.474873399865877E+002,
7.554252199413490E+009,-4.727636296091077E+001,-1.720560304075850E+002,
7.558162267839687E+009,-4.678448926592723E+001,1.637895070313994E+002,
7.562072336265884E+009,-4.665900902382086E+001,1.436595668569901E+002,
7.565982404692082E+009,-4.659115390246286E+001,1.274100717207734E+002,
7.569892473118280E+009,-4.584687783383969E+001,1.122160646500983E+002,
7.573802541544478E+009,-4.496766098378903E+001,9.226754787990298E+001,
7.577712609970675E+009,-4.434788562225955E+001,7.277921124567193E+001,
7.581622678396872E+009,-4.399160750521111E+001,5.290943708023789E+001,
7.585532746823070E+009,-4.335790515469286E+001,3.488655260362825E+001,
7.589442815249268E+009,-4.290627339367124E+001,1.392337678054595E+001,
7.593352883675465E+009,-4.283327555297018E+001,-4.193101209930546E+000,
7.597262952101662E+009,-4.263473760647305E+001,-2.294095989085560E+001,
7.601173020527859E+009,-4.230407623530438E+001,-4.087938967071580E+001,
7.605083088954057E+009,-4.223667954733813E+001,-5.760878577340231E+001,
7.608993157380255E+009,-4.175068926225076E+001,-7.359678537152277E+001,
7.612903225806452E+009,-4.131143096161475E+001,-9.257472542848510E+001,
7.616813294232649E+009,-4.081879397876016E+001,-1.117256768949876E+002,
7.620723362658846E+009,-4.057635306191465E+001,-1.304433641132469E+002,
7.624633431085044E+009,-4.020879040027482E+001,-1.499924878933717E+002,
7.628543499511242E+009,-4.032873657786950E+001,-1.675380154147399E+002,
7.632453567937439E+009,-4.001706019650401E+001,1.741389508066068E+002,
7.636363636363636E+009,-3.981702521568156E+001,1.575717814298828E+002,
7.640273704789834E+009,-3.947540358415640E+001,1.410574748651162E+002,
7.644183773216032E+009,-3.924845579889592E+001,1.213951921527119E+002,
7.648093841642229E+009,-3.888949085808724E+001,1.045613568098582E+002,
7.652003910068426E+009,-3.873855489582162E+001,8.532866836399964E+001,
7.655913978494623E+009,-3.850281315959359E+001,6.638792443098774E+001,
7.659824046920821E+009,-3.866242027642838E+001,4.747356542521883E+001,
7.663734115347019E+009,-3.859872095400292E+001,3.147871542805395E+001,
7.667644183773216E+009,-3.838758465755515E+001,1.427176216553182E+001,
7.671554252199413E+009,-3.825287439231100E+001,-4.383053331034379E+000,
7.675464320625610E+009,-3.826071884674925E+001,-2.233069239272579E+001,
7.679374389051808E+009,-3.829800380083967E+001,-3.899508693353894E+001,
7.683284457478006E+009,-3.812651469445145E+001,-5.591404489521951E+001,
7.687194525904203E+009,-3.802107097068399E+001,-7.281259214249630E+001,
7.691104594330401E+009,-3.780207734839457E+001,-8.988231897822490E+001,
7.695014662756599E+009,-3.749115091833392E+001,-1.077781195158020E+002,
7.698924731182797E+009,-3.747089581465485E+001,-1.257790244617526E+002,
7.702834799608994E+009,-3.712638172189128E+001,-1.423136237471313E+002,
7.706744868035191E+009,-3.690912075771722E+001,-1.604713903302564E+002,
7.710654936461388E+009,-3.684614559191700E+001,-1.783212722985624E+002,
7.714565004887586E+009,-3.672238025338235E+001,1.640917223758037E+002,
7.718475073313784E+009,-3.658610013655682E+001,1.464444211145922E+002,
7.722385141739981E+009,-3.639752850749152E+001,1.290352001827875E+002,
7.726295210166178E+009,-3.621645442075330E+001,1.113368731239102E+002,
7.730205278592375E+009,-3.608394282889709E+001,9.346321108272417E+001,
7.734115347018573E+009,-3.594619376103027E+001,7.482242226028914E+001,
7.738025415444771E+009,-3.597967339107976E+001,5.684320036537892E+001,
7.741935483870968E+009,-3.584853707790760E+001,3.952619282074494E+001,
7.745845552297165E+009,-3.569038711161218E+001,2.180276483089355E+001,
7.749755620723363E+009,-3.560559407792717E+001,4.084549811245478E+000,
7.753665689149560E+009,-3.541806650253386E+001,-1.355583608929947E+001,
7.757575757575758E+009,-3.532673659279551E+001,-3.173655729430988E+001,
7.761485826001955E+009,-3.526962647564734E+001,-5.013039218995058E+001,
7.765395894428152E+009,-3.525456644282400E+001,-6.847974596169112E+001,
7.769305962854350E+009,-3.532518440686356E+001,-8.617207236838284E+001,
7.773216031280548E+009,-3.516824920299142E+001,-1.025747294968214E+002,
7.777126099706745E+009,-3.499404983811026E+001,-1.205791566099512E+002,
7.781036168132942E+009,-3.479310211125378E+001,-1.388613303899605E+002,
7.784946236559139E+009,-3.470368439750014E+001,-1.574603796385794E+002,
7.788856304985337E+009,-3.474512958006136E+001,-1.754848644424869E+002,
7.792766373411535E+009,-3.473355651849097E+001,1.663230897121427E+002,
7.796676441837732E+009,-3.476414882269979E+001,1.488537384891854E+002,
7.800586510263929E+009,-3.461615238755254E+001,1.317622343394864E+002,
7.804496578690127E+009,-3.447243195049941E+001,1.134649989733689E+002,
7.808406647116324E+009,-3.443499804396095E+001,9.494412038250826E+001,
7.812316715542522E+009,-3.433866034158295E+001,7.717288815700911E+001,
7.816226783968720E+009,-3.416668069429198E+001,5.830712093893546E+001,
7.820136852394917E+009,-3.421700353458620E+001,3.888844366611220E+001,
7.824046920821115E+009,-3.435488658307455E+001,2.025315566843268E+001,
7.827956989247313E+009,-3.439204230499563E+001,2.135092888446110E+000,
7.831867057673510E+009,-3.441448965586559E+001,-1.534464020617325E+001,
7.835777126099707E+009,-3.433083770927942E+001,-3.348951189436063E+001,
7.839687194525904E+009,-3.437032734632071E+001,-5.231921830040236E+001,
7.843597262952102E+009,-3.438114761996300E+001,-7.055620463604078E+001,
7.847507331378300E+009,-3.443225095656375E+001,-8.911539971083286E+001,
7.851417399804497E+009,-3.445964114391594E+001,-1.073001312379498E+002,
7.855327468230694E+009,-3.447935688970655E+001,-1.263094582969954E+002,
7.859237536656891E+009,-3.467881934956733E+001,-1.448736935769685E+002,
7.863147605083089E+009,-3.486391600145458E+001,-1.622724533235360E+002,
7.867057673509287E+009,-3.487807421136939E+001,-1.798123626250961E+002,
7.870967741935484E+009,-3.485176228085780E+001,1.621601774428934E+002,
7.874877810361681E+009,-3.486997604683562E+001,1.434753894241102E+002,
7.878787878787879E+009,-3.490588454306449E+001,1.250958351429784E+002,
7.882697947214077E+009,-3.502922863321528E+001,1.065664967695416E+002,
7.886608015640274E+009,-3.522694844666789E+001,8.813376963805989E+001,
7.890518084066471E+009,-3.526556912374383E+001,7.001172996969089E+001,
7.894428152492668E+009,-3.536643078457059E+001,5.138956282600553E+001,
7.898338220918866E+009,-3.550472670520170E+001,3.314080926494949E+001,
7.902248289345064E+009,-3.563241941822174E+001,1.466796036130664E+001,
7.906158357771261E+009,-3.581456016817933E+001,-4.170205590408974E+000,
7.910068426197458E+009,-3.610267350014014E+001,-2.215391281234256E+001,
7.913978494623655E+009,-3.624549021092485E+001,-3.978949019115281E+001,
7.917888563049853E+009,-3.646313841120176E+001,-5.770467011304991E+001,
7.921798631476051E+009,-3.657394758111121E+001,-7.599801527525786E+001,
7.925708699902248E+009,-3.670127368671415E+001,-9.377118176069084E+001,
7.929618768328445E+009,-3.679301962984295E+001,-1.114820054938140E+002,
7.933528836754643E+009,-3.699662348614953E+001,-1.303649563436156E+002,
7.937438905180841E+009,-3.718359330162269E+001,-1.483632954373177E+002,
7.941348973607039E+009,-3.749075935435917E+001,-1.666178249539558E+002,
7.945259042033236E+009,-3.769107550001648E+001,1.760192559246549E+002,
7.949169110459433E+009,-3.782803337856950E+001,1.584215359707920E+002,
7.953079178885631E+009,-3.800226117621327E+001,1.408699822611227E+002,
7.956989247311829E+009,-3.798285928018816E+001,1.221651043779863E+002,
7.960899315738026E+009,-3.821684743410616E+001,1.030599350379184E+002,
7.964809384164223E+009,-3.863155172841720E+001,8.461299407438500E+001,
7.968719452590420E+009,-3.897416919162626E+001,6.703283883497420E+001,
7.972629521016618E+009,-3.918067743791239E+001,4.948053511485063E+001,
7.976539589442816E+009,-3.927928266062595E+001,3.144472974741213E+001,
7.980449657869013E+009,-3.942682816544677E+001,1.259882711413918E+001,
7.984359726295210E+009,-3.964586184194466E+001,-4.953766286229936E+000,
7.988269794721408E+009,-3.975801153597930E+001,-2.394112368189752E+001,
7.992179863147605E+009,-4.009065568689087E+001,-4.353892692658172E+001,
7.996089931573803E+009,-4.037624442102435E+001,-6.259659646423357E+001,
8.000000000000000E+009,-4.075360673831610E+001,-8.117505678530722E+001,
