% Version 1.00
%
%freq[Hz];db:Trc1_S21;ang:Trc1_S21;
4.000000000000000E+009,-3.512163422648379E+001,-1.322666535705351E+002,
4.003910068426198E+009,-3.452664348225737E+001,-1.550127076604649E+002,
4.007820136852395E+009,-3.401433780294467E+001,-1.763036833447310E+002,
4.011730205278593E+009,-3.367319853913125E+001,1.637567150253021E+002,
4.015640273704790E+009,-3.288740067122668E+001,1.422177999531047E+002,
4.019550342130987E+009,-3.278104366088903E+001,1.189116146092493E+002,
4.023460410557185E+009,-3.298656711131918E+001,1.009459273151686E+002,
4.027370478983382E+009,-3.238996293872167E+001,8.542471575540566E+001,
4.031280547409580E+009,-3.158623689571925E+001,6.573162276356501E+001,
4.035190615835777E+009,-3.106151443037365E+001,4.465226772042163E+001,
4.039100684261975E+009,-3.087262023501912E+001,2.346260980287039E+001,
4.043010752688172E+009,-3.073599950424507E+001,4.947391649977570E+000,
4.046920821114369E+009,-3.022254074407719E+001,-1.295598690474814E+001,
4.050830889540567E+009,-2.981914160446624E+001,-3.307685693756753E+001,
4.054740957966765E+009,-2.961941849790348E+001,-5.461384935922732E+001,
4.058651026392962E+009,-2.962262464090106E+001,-7.349673428811852E+001,
4.062561094819160E+009,-2.953425282171813E+001,-9.000659263093299E+001,
4.066471163245357E+009,-2.909631076788891E+001,-1.084641259771673E+002,
4.070381231671554E+009,-2.869646958899121E+001,-1.279418325738730E+002,
4.074291300097752E+009,-2.849790633388238E+001,-1.458685921510851E+002,
4.078201368523949E+009,-2.807091678657780E+001,-1.652970841953697E+002,
4.082111436950147E+009,-2.789897529473947E+001,1.748422725426449E+002,
4.086021505376344E+009,-2.783398025348126E+001,1.563812381392038E+002,
4.089931573802542E+009,-2.758342427309730E+001,1.383671609746256E+002,
4.093841642228739E+009,-2.726591267011428E+001,1.194154596126344E+002,
4.097751710654936E+009,-2.702370392627753E+001,9.932736567139769E+001,
4.101661779081134E+009,-2.701293782102195E+001,8.109845488934811E+001,
4.105571847507331E+009,-2.694863157440478E+001,6.278957058133375E+001,
4.109481915933529E+009,-2.674863996562466E+001,4.487623895697519E+001,
4.113391984359726E+009,-2.659083859105044E+001,2.719015016668341E+001,
4.117302052785924E+009,-2.629651160157223E+001,7.887931131782630E+000,
4.121212121212121E+009,-2.608699019867350E+001,-1.064413676279102E+001,
4.125122189638319E+009,-2.603145879825493E+001,-2.935936913204636E+001,
4.129032258064516E+009,-2.568111931186082E+001,-4.774614493348821E+001,
4.132942326490714E+009,-2.546549152502478E+001,-6.672048158352273E+001,
4.136852394916911E+009,-2.534901295353282E+001,-8.588182424048465E+001,
4.140762463343109E+009,-2.524220428267795E+001,-1.037500705068425E+002,
4.144672531769306E+009,-2.500034886602115E+001,-1.228136002205422E+002,
4.148582600195503E+009,-2.467135035166266E+001,-1.417720412578244E+002,
4.152492668621701E+009,-2.458784644137610E+001,-1.626373549394425E+002,
4.156402737047898E+009,-2.464849700195273E+001,1.786585601631867E+002,
4.160312805474096E+009,-2.450783354339787E+001,1.601250646345286E+002,
4.164222873900293E+009,-2.449388137326059E+001,1.414153853824572E+002,
4.168132942326491E+009,-2.436595318258182E+001,1.226953259549440E+002,
4.172043010752688E+009,-2.413270962601316E+001,1.029687622223589E+002,
4.175953079178886E+009,-2.406788299424048E+001,8.297790836675934E+001,
4.179863147605083E+009,-2.409503080898567E+001,6.341279278514546E+001,
4.183773216031281E+009,-2.414233519182301E+001,4.368657434465499E+001,
4.187683284457478E+009,-2.408462078214565E+001,2.568121923445925E+001,
4.191593352883676E+009,-2.403100797889458E+001,5.500384961156823E+000,
4.195503421309873E+009,-2.412167546149623E+001,-1.406723008137641E+001,
4.199413489736071E+009,-2.426972864766211E+001,-3.319357812660934E+001,
4.203323558162268E+009,-2.433176087723609E+001,-5.237594915565653E+001,
4.207233626588465E+009,-2.438549389564845E+001,-7.172118822403532E+001,
4.211143695014663E+009,-2.451031654761957E+001,-9.109024689759607E+001,
4.215053763440860E+009,-2.457279901981821E+001,-1.105424626402175E+002,
4.218963831867058E+009,-2.478072227996947E+001,-1.294716731983752E+002,
4.222873900293255E+009,-2.489094589696805E+001,-1.495291752501830E+002,
4.226783968719452E+009,-2.505725768288080E+001,-1.682198538657935E+002,
4.230694037145650E+009,-2.518658346290739E+001,1.718884809456825E+002,
4.234604105571847E+009,-2.539158119080858E+001,1.518064582216881E+002,
4.238514173998045E+009,-2.574190453088791E+001,1.315480121434984E+002,
4.242424242424243E+009,-2.611094441498480E+001,1.114377585246857E+002,
4.246334310850440E+009,-2.673266487439993E+001,9.184094822849848E+001,
4.250244379276638E+009,-2.720165150046163E+001,7.416821424112315E+001,
4.254154447702835E+009,-2.754384094821333E+001,5.467018227397469E+001,
4.258064516129032E+009,-2.818756335179432E+001,3.553555703498655E+001,
4.261974584555230E+009,-2.901617960668939E+001,1.652923531812834E+001,
4.265884652981427E+009,-2.965527011847354E+001,-1.809038711936775E+000,
4.269794721407625E+009,-3.033381960529496E+001,-1.989284344944263E+001,
4.273704789833822E+009,-3.138929643516519E+001,-3.869345108307439E+001,
4.277614858260019E+009,-3.253143382720000E+001,-5.490145273371974E+001,
4.281524926686217E+009,-3.375522293793834E+001,-6.588318985725948E+001,
4.285434995112414E+009,-3.408958345900405E+001,-7.802522806357767E+001,
4.289345063538612E+009,-3.472375915262957E+001,-9.338676386992761E+001,
4.293255131964809E+009,-3.583662264236209E+001,-1.054221913757267E+002,
4.297165200391007E+009,-3.642183979327999E+001,-1.134711933798144E+002,
4.301075268817205E+009,-3.648281868011571E+001,-1.228724466013569E+002,
4.304985337243402E+009,-3.609614537668640E+001,-1.303460411142399E+002,
4.308895405669600E+009,-3.558301732083348E+001,-1.423070033204756E+002,
4.312805474095797E+009,-3.505260333265276E+001,-1.559094996681400E+002,
4.316715542521994E+009,-3.435832340936651E+001,-1.706586210412367E+002,
4.320625610948192E+009,-3.401387714427762E+001,1.730143985914286E+002,
4.324535679374389E+009,-3.362940576433192E+001,1.573682032232562E+002,
4.328445747800587E+009,-3.316772475648873E+001,1.399567020173032E+002,
4.332355816226784E+009,-3.298925107563370E+001,1.224857172145698E+002,
4.336265884652982E+009,-3.285397760113430E+001,1.063114868149954E+002,
4.340175953079179E+009,-3.266000026405702E+001,8.891939409550122E+001,
4.344086021505377E+009,-3.265039607431025E+001,7.139165083491685E+001,
4.347996089931574E+009,-3.254551124865084E+001,5.522160315180958E+001,
4.351906158357771E+009,-3.228901256771837E+001,3.701332378557898E+001,
4.355816226783969E+009,-3.248323364678696E+001,1.932186176190797E+001,
4.359726295210166E+009,-3.254156875288273E+001,1.987885090774501E+000,
4.363636363636364E+009,-3.252268120835088E+001,-1.464218186478794E+001,
4.367546432062561E+009,-3.257464775264904E+001,-3.266057104843228E+001,
4.371456500488758E+009,-3.284557039923909E+001,-5.082143754241387E+001,
4.375366568914956E+009,-3.331582411188668E+001,-6.690418104486506E+001,
4.379276637341153E+009,-3.348132219051284E+001,-8.155776544192247E+001,
4.383186705767351E+009,-3.357587537581505E+001,-9.763666377914473E+001,
4.387096774193548E+009,-3.370814072896535E+001,-1.126883020028791E+002,
4.391006842619746E+009,-3.355751476277409E+001,-1.284882019319305E+002,
4.394916911045943E+009,-3.387811622863482E+001,-1.466794482025256E+002,
4.398826979472141E+009,-3.441240223796329E+001,-1.609805002228447E+002,
4.402737047898338E+009,-3.443685568094503E+001,-1.734830883304833E+002,
4.406647116324535E+009,-3.418053668924109E+001,1.721612181952561E+002,
4.410557184750733E+009,-3.409468983548457E+001,1.563786297716800E+002,
4.414467253176930E+009,-3.407960351910298E+001,1.399192384120563E+002,
4.418377321603128E+009,-3.420079732838795E+001,1.252670777213018E+002,
4.422287390029326E+009,-3.429281542903078E+001,1.097158667921838E+002,
4.426197458455523E+009,-3.450303174674531E+001,9.681088364224009E+001,
4.430107526881721E+009,-3.416569495665183E+001,8.395271050645100E+001,
4.434017595307918E+009,-3.390555722913164E+001,6.944557127813314E+001,
4.437927663734116E+009,-3.360836890462974E+001,5.553285298106161E+001,
4.441837732160313E+009,-3.307286228325091E+001,4.054059845770780E+001,
4.445747800586511E+009,-3.270088459302905E+001,2.381659940860296E+001,
4.449657869012708E+009,-3.237737206575625E+001,8.290951918510373E+000,
4.453567937438905E+009,-3.190780943822833E+001,-8.386931334290834E+000,
4.457478005865103E+009,-3.148422016790518E+001,-2.621766718289760E+001,
4.461388074291300E+009,-3.134484096837874E+001,-4.426491955830620E+001,
4.465298142717498E+009,-3.119609206713482E+001,-6.169791857703957E+001,
4.469208211143695E+009,-3.113052827467956E+001,-7.848928830742905E+001,
4.473118279569893E+009,-3.084753722256988E+001,-9.480407929497039E+001,
4.477028347996090E+009,-3.072075442676277E+001,-1.127457795322843E+002,
4.480938416422287E+009,-3.062069319895048E+001,-1.293315683468063E+002,
4.484848484848485E+009,-3.037446593361868E+001,-1.452460620527110E+002,
4.488758553274682E+009,-3.008214871769940E+001,-1.632002757087985E+002,
4.492668621700880E+009,-3.007365504320392E+001,1.783234125796266E+002,
4.496578690127077E+009,-3.010448492372697E+001,1.603618524955944E+002,
4.500488758553275E+009,-3.004192162108890E+001,1.444022788026149E+002,
4.504398826979472E+009,-2.979728216581383E+001,1.279509909640791E+002,
4.508308895405669E+009,-2.962199631862551E+001,1.116266289059847E+002,
4.512218963831867E+009,-2.935575101764744E+001,9.327546405000432E+001,
4.516129032258064E+009,-2.929739755637151E+001,7.582130976410635E+001,
4.520039100684262E+009,-2.922543085597285E+001,5.781844188534100E+001,
4.523949169110459E+009,-2.922752095279126E+001,3.968638576121649E+001,
4.527859237536657E+009,-2.913508315775719E+001,2.148715281292263E+001,
4.531769305962854E+009,-2.923514065766471E+001,3.404460582222443E+000,
4.535679374389051E+009,-2.940690593680962E+001,-1.350893156994891E+001,
4.539589442815249E+009,-2.930705681079338E+001,-2.986257328115949E+001,
4.543499511241447E+009,-2.914575092760800E+001,-4.698788916923748E+001,
4.547409579667645E+009,-2.893321292460972E+001,-6.618707184638799E+001,
4.551319648093842E+009,-2.924003213817878E+001,-8.485429337480733E+001,
4.555229716520039E+009,-2.920345075044942E+001,-1.021243739779747E+002,
4.559139784946237E+009,-2.927841780395205E+001,-1.209045950720116E+002,
4.563049853372434E+009,-2.946985389257845E+001,-1.399095512702845E+002,
4.566959921798632E+009,-2.967440569849062E+001,-1.574528685021853E+002,
4.570869990224829E+009,-3.003138739213604E+001,-1.764853867900379E+002,
4.574780058651027E+009,-3.046582583786156E+001,1.673601725041244E+002,
4.578690127077224E+009,-3.073733833024567E+001,1.523911404131854E+002,
4.582600195503422E+009,-3.085558304720162E+001,1.359472477155984E+002,
4.586510263929619E+009,-3.087003918328904E+001,1.190358049546040E+002,
4.590420332355816E+009,-3.099464513499418E+001,1.014822924020395E+002,
4.594330400782014E+009,-3.124179077379412E+001,8.324194436109364E+001,
4.598240469208211E+009,-3.169223500525540E+001,6.696180121500355E+001,
4.602150537634409E+009,-3.205469483673861E+001,5.070350973210137E+001,
4.606060606060606E+009,-3.237834798372676E+001,3.580988140241567E+001,
4.609970674486803E+009,-3.271084935356826E+001,2.078137662963295E+001,
4.613880742913001E+009,-3.282752247563657E+001,5.497007430624304E+000,
4.617790811339198E+009,-3.281341498544181E+001,-1.120879462414634E+001,
4.621700879765396E+009,-3.303015815668753E+001,-2.715621432617908E+001,
4.625610948191593E+009,-3.329640870640486E+001,-4.329782428426196E+001,
4.629521016617791E+009,-3.371376661552923E+001,-5.787096433179421E+001,
4.633431085043988E+009,-3.389986093516450E+001,-7.273478084452324E+001,
4.637341153470186E+009,-3.407386678722114E+001,-8.791307591236090E+001,
4.641251221896383E+009,-3.415584127622488E+001,-1.020593119373698E+002,
4.645161290322580E+009,-3.419663601603685E+001,-1.175188906836168E+002,
4.649071358748778E+009,-3.450509522865303E+001,-1.321368069459435E+002,
4.652981427174975E+009,-3.445557879209365E+001,-1.460612772157888E+002,
4.656891495601173E+009,-3.458406110075284E+001,-1.599303525353395E+002,
4.660801564027371E+009,-3.452347438936818E+001,-1.744892333027236E+002,
4.664711632453568E+009,-3.443900221289714E+001,1.713282504227828E+002,
4.668621700879766E+009,-3.420484972037693E+001,1.571132589564782E+002,
4.672531769305963E+009,-3.402505615666622E+001,1.405585280533769E+002,
4.676441837732161E+009,-3.412492067841176E+001,1.252336800852521E+002,
4.680351906158358E+009,-3.417465948981213E+001,1.109628951797274E+002,
4.684261974584556E+009,-3.403841720527124E+001,9.714007483514081E+001,
4.688172043010753E+009,-3.390850925009706E+001,8.222239051783465E+001,
4.692082111436951E+009,-3.386938194747863E+001,6.841717776359037E+001,
4.695992179863148E+009,-3.347851182674523E+001,5.455754941863430E+001,
4.699902248289345E+009,-3.305842381814107E+001,3.851262090987277E+001,
4.703812316715543E+009,-3.300599665607791E+001,2.262943404671439E+001,
4.707722385141740E+009,-3.282198228931898E+001,7.864658356876339E+000,
4.711632453567938E+009,-3.251727998037479E+001,-7.460732469193740E+000,
4.715542521994135E+009,-3.219811178396830E+001,-2.220292016046009E+001,
4.719452590420332E+009,-3.180486749788949E+001,-3.847599582383954E+001,
4.723362658846530E+009,-3.156615647752968E+001,-5.469239018654475E+001,
4.727272727272727E+009,-3.132631753731815E+001,-7.081448367537564E+001,
4.731182795698925E+009,-3.109554884069027E+001,-8.694819418540092E+001,
4.735092864125122E+009,-3.077363251602731E+001,-1.025425898684906E+002,
4.739002932551320E+009,-3.048520709942136E+001,-1.190623473279258E+002,
4.742913000977517E+009,-3.017287028107731E+001,-1.349244300917761E+002,
4.746823069403714E+009,-2.986348441147111E+001,-1.521085414275149E+002,
4.750733137829912E+009,-2.948489247692969E+001,-1.690782209716541E+002,
4.754643206256109E+009,-2.932351788303797E+001,1.738933035352146E+002,
4.758553274682307E+009,-2.905617367966357E+001,1.582769246800646E+002,
4.762463343108504E+009,-2.872707697947052E+001,1.417135910440266E+002,
4.766373411534702E+009,-2.832325277493128E+001,1.240236288627888E+002,
4.770283479960899E+009,-2.807729428929180E+001,1.073664817395426E+002,
4.774193548387096E+009,-2.772328473411143E+001,8.991910432895685E+001,
4.778103616813294E+009,-2.755152794245759E+001,7.126297588071211E+001,
4.782013685239492E+009,-2.736431970443191E+001,5.372139330009274E+001,
4.785923753665690E+009,-2.731690719270955E+001,3.654423730669598E+001,
4.789833822091887E+009,-2.694545181209398E+001,1.894392852557428E+001,
4.793743890518084E+009,-2.682552854839138E+001,1.388706819304756E+000,
4.797653958944282E+009,-2.658652839874769E+001,-1.666824402105462E+001,
4.801564027370479E+009,-2.655400606423888E+001,-3.488992523987115E+001,
4.805474095796677E+009,-2.652509779706882E+001,-5.229741832549833E+001,
4.809384164222874E+009,-2.639223480392658E+001,-6.907078050741890E+001,
4.813294232649072E+009,-2.618076661579653E+001,-8.663546468197053E+001,
4.817204301075269E+009,-2.607484199365875E+001,-1.043153862967966E+002,
4.821114369501467E+009,-2.606640525972679E+001,-1.218382159891764E+002,
4.825024437927664E+009,-2.598593375858497E+001,-1.395386791085748E+002,
4.828934506353861E+009,-2.592905917571398E+001,-1.570319144048484E+002,
4.832844574780059E+009,-2.588779866087065E+001,-1.741915646963328E+002,
4.836754643206256E+009,-2.572172162672517E+001,1.696570523300998E+002,
4.840664711632454E+009,-2.549392944263922E+001,1.519470880318742E+002,
4.844574780058651E+009,-2.534350156699308E+001,1.339684878322661E+002,
4.848484848484848E+009,-2.519200549521644E+001,1.157457686506252E+002,
4.852394916911046E+009,-2.502227150069124E+001,9.800752562561945E+001,
4.856304985337243E+009,-2.501688414525428E+001,7.940443104050056E+001,
4.860215053763441E+009,-2.500633176577096E+001,6.152827603989992E+001,
4.864125122189638E+009,-2.486149404407524E+001,4.466070738877556E+001,
4.868035190615836E+009,-2.471601969838742E+001,2.653496714504480E+001,
4.871945259042033E+009,-2.457689047285430E+001,8.273458328088225E+000,
4.875855327468231E+009,-2.451126011033973E+001,-9.729166670847038E+000,
4.879765395894428E+009,-2.448740235784293E+001,-2.837605069165590E+001,
4.883675464320625E+009,-2.443529906423593E+001,-4.642058020924116E+001,
4.887585532746823E+009,-2.433417303606314E+001,-6.481816024619580E+001,
4.891495601173020E+009,-2.432202862265581E+001,-8.349929978103322E+001,
4.895405669599218E+009,-2.425954619315042E+001,-1.024798330585861E+002,
4.899315738025415E+009,-2.436294572571727E+001,-1.206940930261662E+002,
4.903225806451613E+009,-2.448432099840436E+001,-1.393896903980040E+002,
4.907135874877811E+009,-2.456982935459367E+001,-1.571059834298791E+002,
4.911045943304008E+009,-2.451556380247530E+001,-1.756208089214294E+002,
4.914956011730206E+009,-2.463409936996832E+001,1.653905787709784E+002,
4.918866080156403E+009,-2.474057473076331E+001,1.467402525396726E+002,
4.922776148582601E+009,-2.498763003654521E+001,1.285339887128156E+002,
4.926686217008798E+009,-2.526395234190611E+001,1.098387848695425E+002,
4.930596285434996E+009,-2.546611465424321E+001,9.270505018646504E+001,
4.934506353861193E+009,-2.561812092005395E+001,7.477335785663151E+001,
4.938416422287390E+009,-2.582910449681591E+001,5.750410652980502E+001,
4.942326490713588E+009,-2.598321537511970E+001,3.989399295212593E+001,
4.946236559139785E+009,-2.626501605837589E+001,2.205964241863922E+001,
4.950146627565983E+009,-2.644982883047252E+001,4.967690343478084E+000,
4.954056695992180E+009,-2.662846176607176E+001,-1.161750501975576E+001,
4.957966764418377E+009,-2.687224247584939E+001,-2.914567397246738E+001,
4.961876832844575E+009,-2.696859207946504E+001,-4.562791396890370E+001,
4.965786901270772E+009,-2.709346667336210E+001,-6.337066561245648E+001,
4.969696969696970E+009,-2.730050844228702E+001,-8.038355875027230E+001,
4.973607038123167E+009,-2.738023906290874E+001,-9.727268529623979E+001,
4.977517106549365E+009,-2.756355517122426E+001,-1.142939508948081E+002,
4.981427174975562E+009,-2.762244595151694E+001,-1.308915263962391E+002,
4.985337243401759E+009,-2.768506158054197E+001,-1.484375795663177E+002,
4.989247311827957E+009,-2.791544603382029E+001,-1.662187443581996E+002,
4.993157380254154E+009,-2.814607397598195E+001,1.766370814378817E+002,
4.997067448680352E+009,-2.836244555868223E+001,1.602055008911626E+002,
5.000977517106549E+009,-2.849669598668338E+001,1.429261942983043E+002,
5.004887585532747E+009,-2.854131576472734E+001,1.251688833333324E+002,
5.008797653958944E+009,-2.881938730312330E+001,1.077946446070278E+002,
5.012707722385141E+009,-2.916781413433141E+001,9.050433271684683E+001,
5.016617790811339E+009,-2.944956112055210E+001,7.419332490372037E+001,
5.020527859237536E+009,-2.959772845381117E+001,5.776665172949573E+001,
5.024437927663734E+009,-2.975579272519347E+001,4.193420160021535E+001,
5.028347996089932E+009,-3.010112604273282E+001,2.518472320704323E+001,
5.032258064516129E+009,-3.025404033894978E+001,8.889482272181200E+000,
5.036168132942327E+009,-3.068829407065941E+001,-6.981020382172914E+000,
5.040078201368524E+009,-3.075959013617131E+001,-2.143073709440690E+001,
5.043988269794722E+009,-3.079116348887668E+001,-3.741555938335407E+001,
5.047898338220919E+009,-3.103786229368922E+001,-5.277301473221190E+001,
5.051808406647117E+009,-3.109199248220172E+001,-6.774104593377591E+001,
5.055718475073314E+009,-3.097184372548278E+001,-8.359196034836558E+001,
5.059628543499512E+009,-3.072992230746383E+001,-9.951863385362560E+001,
5.063538611925709E+009,-3.073159465532617E+001,-1.166097552144128E+002,
5.067448680351906E+009,-3.048361660608826E+001,-1.334068936226700E+002,
5.071358748778104E+009,-3.054335763640157E+001,-1.506902396252675E+002,
5.075268817204301E+009,-3.057713826337906E+001,-1.687604924670446E+002,
5.079178885630499E+009,-3.079406960381230E+001,1.735243077511140E+002,
5.083088954056696E+009,-3.090016045484297E+001,1.565880601285275E+002,
5.086999022482893E+009,-3.102306097835217E+001,1.398225276497376E+002,
5.090909090909091E+009,-3.121419249461549E+001,1.241873096041816E+002,
5.094819159335288E+009,-3.137865547169046E+001,1.068801786194649E+002,
5.098729227761486E+009,-3.152140511247777E+001,9.041573361810110E+001,
5.102639296187683E+009,-3.171160420508312E+001,7.436664064205435E+001,
5.106549364613881E+009,-3.161221777930474E+001,5.800994095280735E+001,
5.110459433040078E+009,-3.193429324217528E+001,4.050958672858022E+001,
5.114369501466276E+009,-3.203061329236245E+001,2.482848430657253E+001,
5.118279569892473E+009,-3.213781143210177E+001,9.215460667651012E+000,
5.122189638318670E+009,-3.216985473807737E+001,-6.735122034541056E+000,
5.126099706744868E+009,-3.230899624831268E+001,-2.380297023171792E+001,
5.130009775171065E+009,-3.240889781749550E+001,-3.917734492418346E+001,
5.133919843597263E+009,-3.233148544339494E+001,-5.553242439141489E+001,
5.137829912023460E+009,-3.215812983193101E+001,-7.117718551423801E+001,
5.141739980449657E+009,-3.236107184012525E+001,-8.875555659051422E+001,
5.145650048875855E+009,-3.237724536359394E+001,-1.056728911743376E+002,
5.149560117302053E+009,-3.233995581797738E+001,-1.235511200539810E+002,
5.153470185728251E+009,-3.266895705953993E+001,-1.400149837404815E+002,
5.157380254154448E+009,-3.261044732303728E+001,-1.559573274329194E+002,
5.161290322580645E+009,-3.255054148272802E+001,-1.723666849014759E+002,
5.165200391006843E+009,-3.246463333798450E+001,1.697072003277206E+002,
5.169110459433041E+009,-3.266065513482060E+001,1.528555565931942E+002,
5.173020527859238E+009,-3.266111181020485E+001,1.356001252491978E+002,
5.176930596285435E+009,-3.284424491919722E+001,1.195490298478995E+002,
5.180840664711633E+009,-3.276377445611518E+001,1.018631347459964E+002,
5.184750733137830E+009,-3.284552201482937E+001,8.392771009254219E+001,
5.188660801564028E+009,-3.298480631762936E+001,6.628853547527243E+001,
5.192570869990225E+009,-3.309157935911723E+001,4.888972523354693E+001,
5.196480938416422E+009,-3.354134636849730E+001,3.112555633248268E+001,
5.200391006842620E+009,-3.368977097262901E+001,1.346715726666012E+001,
5.204301075268817E+009,-3.418362251137310E+001,-2.999245543210414E+000,
5.208211143695015E+009,-3.438146131682748E+001,-1.705367979511477E+001,
5.212121212121212E+009,-3.429165936081333E+001,-3.346113841208412E+001,
5.216031280547409E+009,-3.428503321185892E+001,-5.219779805357862E+001,
5.219941348973607E+009,-3.479672570276078E+001,-7.021511069923177E+001,
5.223851417399805E+009,-3.522413988393171E+001,-8.602699568421546E+001,
5.227761485826002E+009,-3.542898259617616E+001,-1.023386199804324E+002,
5.231671554252199E+009,-3.568393019745710E+001,-1.191108933708021E+002,
5.235581622678397E+009,-3.619175695083921E+001,-1.360485350375646E+002,
5.239491691104594E+009,-3.694455425345168E+001,-1.508486827805337E+002,
5.243401759530792E+009,-3.709765870616200E+001,-1.632430123110554E+002,
5.247311827956989E+009,-3.714197621938862E+001,-1.776658614322177E+002,
5.251221896383186E+009,-3.711214120450653E+001,1.667360561133174E+002,
5.255131964809384E+009,-3.714379220204965E+001,1.495070569759776E+002,
5.259042033235581E+009,-3.769864485437394E+001,1.332426313399577E+002,
5.262952101661779E+009,-3.805396964338878E+001,1.191874517504650E+002,
5.266862170087977E+009,-3.837417993106151E+001,1.036953147042864E+002,
5.270772238514174E+009,-3.881485543912524E+001,9.034600029961889E+001,
5.274682306940372E+009,-3.894736741394669E+001,7.808253940170360E+001,
5.278592375366570E+009,-3.869956932751913E+001,6.433747319349870E+001,
5.282502443792767E+009,-3.869516659361603E+001,4.846916214965519E+001,
5.286412512218964E+009,-3.891918227667514E+001,3.330663288719232E+001,
5.290322580645162E+009,-3.915466280407892E+001,2.048751438342767E+001,
5.294232649071359E+009,-3.898715160491706E+001,5.856488927422110E+000,
5.298142717497557E+009,-3.917703106099124E+001,-8.319443809488847E+000,
5.302052785923754E+009,-3.916718973403319E+001,-2.130571782646244E+001,
5.305962854349951E+009,-3.912428657390254E+001,-3.514866553479857E+001,
5.309872922776149E+009,-3.897276526368468E+001,-4.849404235080830E+001,
5.313782991202346E+009,-3.895207838441746E+001,-6.224959776293903E+001,
5.317693059628544E+009,-3.861627020669290E+001,-7.433042198575473E+001,
5.321603128054741E+009,-3.813407206942910E+001,-8.879100504017370E+001,
5.325513196480938E+009,-3.783966172293740E+001,-1.047107208755925E+002,
5.329423264907136E+009,-3.759959297079008E+001,-1.187614694546069E+002,
5.333333333333333E+009,-3.702622862098902E+001,-1.339580279868448E+002,
5.337243401759531E+009,-3.665428789495798E+001,-1.514994310232935E+002,
5.341153470185728E+009,-3.669488969243868E+001,-1.689482311255214E+002,
5.345063538611926E+009,-3.689404808600579E+001,1.777167476881564E+002,
5.348973607038123E+009,-3.662188831023689E+001,1.646249754586661E+002,
5.352883675464321E+009,-3.610837335928456E+001,1.503895545985576E+002,
5.356793743890518E+009,-3.570235786151289E+001,1.338921008885957E+002,
5.360703812316715E+009,-3.537358312779759E+001,1.193011871351840E+002,
5.364613880742913E+009,-3.497412029181579E+001,1.038150851021550E+002,
5.368523949169110E+009,-3.450305466629320E+001,8.813592109864186E+001,
5.372434017595308E+009,-3.410481942280219E+001,7.225758414521772E+001,
5.376344086021505E+009,-3.351955161397440E+001,5.574750401652429E+001,
5.380254154447702E+009,-3.310008542544490E+001,3.829576052025666E+001,
5.384164222873900E+009,-3.286594396754370E+001,2.157703301793315E+001,
5.388074291300098E+009,-3.241605053938908E+001,5.673639260815214E+000,
5.391984359726296E+009,-3.185503262754397E+001,-1.145684106904894E+001,
5.395894428152493E+009,-3.139531609198254E+001,-2.934012429038898E+001,
5.399804496578690E+009,-3.101332402054001E+001,-4.753488994629161E+001,
5.403714565004888E+009,-3.068443641349722E+001,-6.558427993918242E+001,
5.407624633431086E+009,-3.028741588075879E+001,-8.390319641086158E+001,
5.411534701857283E+009,-3.006203142998770E+001,-1.025049261579868E+002,
5.415444770283480E+009,-2.985535538905301E+001,-1.208696451438905E+002,
5.419354838709678E+009,-2.967485728342905E+001,-1.381761929429212E+002,
5.423264907135875E+009,-2.932281971301473E+001,-1.556620456595186E+002,
5.427174975562073E+009,-2.904239805028253E+001,-1.749323110700591E+002,
5.431085043988270E+009,-2.894211989883235E+001,1.672406565934186E+002,
5.434995112414467E+009,-2.864315640408329E+001,1.488065674548255E+002,
5.438905180840665E+009,-2.846265156652851E+001,1.295320496441547E+002,
5.442815249266862E+009,-2.818770024348557E+001,1.115532473043123E+002,
5.446725317693060E+009,-2.803660095084417E+001,9.248434209789564E+001,
5.450635386119257E+009,-2.792769927104750E+001,7.395405118458069E+001,
5.454545454545454E+009,-2.782625048359792E+001,5.511092195926037E+001,
5.458455522971652E+009,-2.769710040720513E+001,3.762815094536703E+001,
5.462365591397850E+009,-2.764578984436121E+001,1.780809518634953E+001,
5.466275659824047E+009,-2.756141026713657E+001,2.696456577190873E-001,
5.470185728250244E+009,-2.745980387865257E+001,-1.874650926898712E+001,
5.474095796676442E+009,-2.741199108148906E+001,-3.767714954037118E+001,
5.478005865102639E+009,-2.732201461782433E+001,-5.583854030573720E+001,
5.481915933528837E+009,-2.719249552180113E+001,-7.526140661560436E+001,
5.485826001955034E+009,-2.732151595859362E+001,-9.388305557770707E+001,
5.489736070381231E+009,-2.735171995338751E+001,-1.129119999057605E+002,
5.493646138807429E+009,-2.732406183384505E+001,-1.317721607681303E+002,
5.497556207233626E+009,-2.746960496468702E+001,-1.508789235891807E+002,
5.501466275659824E+009,-2.759156859919043E+001,-1.688798412671023E+002,
5.505376344086021E+009,-2.770535104965305E+001,1.729788365710228E+002,
5.509286412512219E+009,-2.773368949443267E+001,1.558053840718087E+002,
5.513196480938417E+009,-2.774532742633587E+001,1.372197315176908E+002,
5.517106549364615E+009,-2.771959378923817E+001,1.190902897681604E+002,
5.521016617790812E+009,-2.784431499408379E+001,1.007948692324692E+002,
5.524926686217009E+009,-2.785138481379214E+001,8.184425201005155E+001,
5.528836754643207E+009,-2.785861979930278E+001,6.392695303796069E+001,
5.532746823069404E+009,-2.806342800389884E+001,4.550722227612990E+001,
5.536656891495602E+009,-2.829066924032929E+001,2.842556218559654E+001,
5.540566959921799E+009,-2.835203349110025E+001,1.060759949657295E+001,
5.544477028347996E+009,-2.838237839855032E+001,-7.501387262063923E+000,
5.548387096774194E+009,-2.849096698453569E+001,-2.611801677459007E+001,
5.552297165200391E+009,-2.856957618770925E+001,-4.377429679994172E+001,
5.556207233626589E+009,-2.860570028149775E+001,-6.046470284330859E+001,
5.560117302052786E+009,-2.864103521698331E+001,-7.854592434209239E+001,
5.564027370478983E+009,-2.869128669184662E+001,-9.646835506563564E+001,
5.567937438905181E+009,-2.883986649035567E+001,-1.152531178239422E+002,
5.571847507331378E+009,-2.885994887854951E+001,-1.326681377685349E+002,
5.575757575757576E+009,-2.900958002466569E+001,-1.506668737963867E+002,
5.579667644183773E+009,-2.903348028511460E+001,-1.683680034554753E+002,
5.583577712609971E+009,-2.908432356792795E+001,1.734752545338824E+002,
5.587487781036168E+009,-2.917578564680878E+001,1.550914975461608E+002,
5.591397849462366E+009,-2.932785526105177E+001,1.369814628820092E+002,
5.595307917888563E+009,-2.942507170466410E+001,1.192154954129484E+002,
5.599217986314760E+009,-2.941147210024824E+001,1.008028690700494E+002,
5.603128054740958E+009,-2.956602071240989E+001,8.205563182912044E+001,
5.607038123167155E+009,-2.977067216260407E+001,6.407100705603449E+001,
5.610948191593353E+009,-3.003310595860300E+001,4.680879682707457E+001,
5.614858260019550E+009,-3.007670025810945E+001,2.832212261346540E+001,
5.618768328445747E+009,-3.014637677508480E+001,1.147840188853533E+001,
5.622678396871945E+009,-3.015036961200433E+001,-7.075511448580142E+000,
5.626588465298142E+009,-3.035667991305357E+001,-2.575849611561895E+001,
5.630498533724340E+009,-3.040709739515813E+001,-4.469219554516273E+001,
5.634408602150538E+009,-3.069341274964036E+001,-6.249508091629465E+001,
5.638318670576735E+009,-3.085002978197778E+001,-8.074762792596168E+001,
5.642228739002933E+009,-3.108293463956499E+001,-9.962714503265401E+001,
5.646138807429131E+009,-3.138261586894943E+001,-1.179534614443556E+002,
5.650048875855328E+009,-3.161196218835762E+001,-1.356634846948896E+002,
5.653958944281525E+009,-3.187956184778780E+001,-1.542072690288000E+002,
5.657869012707723E+009,-3.197453994430745E+001,-1.714275619129477E+002,
5.661779081133920E+009,-3.240578367160655E+001,1.702204843056532E+002,
5.665689149560118E+009,-3.243793112983101E+001,1.505046726288831E+002,
5.669599217986315E+009,-3.296338240297258E+001,1.316340741049258E+002,
5.673509286412512E+009,-3.333015645091641E+001,1.134665510664778E+002,
5.677419354838710E+009,-3.387153061205595E+001,9.518484726827312E+001,
5.681329423264907E+009,-3.426154628873864E+001,7.772306092206176E+001,
5.685239491691105E+009,-3.463549425580506E+001,6.025167295441091E+001,
5.689149560117302E+009,-3.502663355290241E+001,4.182770325427735E+001,
5.693059628543499E+009,-3.554557086169539E+001,2.321263433359825E+001,
5.696969696969697E+009,-3.619707009913729E+001,5.572408891014208E+000,
5.700879765395895E+009,-3.690785926160008E+001,-1.054463066109788E+001,
5.704789833822092E+009,-3.746650056334895E+001,-2.699659435801762E+001,
5.708699902248289E+009,-3.809253911473335E+001,-4.262998293090995E+001,
5.712609970674487E+009,-3.864510341876782E+001,-5.703200062326209E+001,
5.716520039100684E+009,-3.892004625761886E+001,-7.337964912754224E+001,
5.720430107526882E+009,-3.951625682148260E+001,-8.939219767437223E+001,
5.724340175953079E+009,-3.995094623455957E+001,-1.042834557778757E+002,
5.728250244379276E+009,-4.043421317624437E+001,-1.188639663794552E+002,
5.732160312805474E+009,-4.065370945242233E+001,-1.332251939091761E+002,
5.736070381231671E+009,-4.096273601846807E+001,-1.488645353866385E+002,
5.739980449657869E+009,-4.125959837489518E+001,-1.655822222761085E+002,
5.743890518084066E+009,-4.163803013438506E+001,1.794884149693743E+002,
5.747800586510263E+009,-4.215681736285272E+001,1.636587705721084E+002,
5.751710654936461E+009,-4.274667406527606E+001,1.503217874295761E+002,
5.755620723362660E+009,-4.261740525991723E+001,1.361008990037478E+002,
5.759530791788857E+009,-4.254836796029223E+001,1.183930722727586E+002,
5.763440860215054E+009,-4.307704336748482E+001,9.840662014895307E+001,
5.767350928641252E+009,-4.404048742635916E+001,8.275004449483163E+001,
5.771260997067449E+009,-4.536026719538589E+001,6.667415338766220E+001,
5.775171065493647E+009,-4.651962440454099E+001,6.061567480665915E+001,
5.779081133919844E+009,-4.592136272783688E+001,4.980893740670427E+001,
5.782991202346041E+009,-4.596762585715890E+001,3.143670025717815E+001,
5.786901270772239E+009,-4.725565774607203E+001,1.479544899725734E+001,
5.790811339198436E+009,-4.821843610271651E+001,9.351008455341697E+000,
5.794721407624634E+009,-4.845334180451606E+001,8.086518078831316E-001,
5.798631476050831E+009,-4.825818369014347E+001,-6.857015053793273E+000,
5.802541544477028E+009,-4.782421118785685E+001,-1.650087353721266E+001,
5.806451612903226E+009,-4.727999622481494E+001,-2.899726911281675E+001,
5.810361681329423E+009,-4.728864434869191E+001,-4.496261420979585E+001,
5.814271749755621E+009,-4.780508620081389E+001,-5.711044135451490E+001,
5.818181818181818E+009,-4.768906576512644E+001,-6.591314439114581E+001,
5.822091886608016E+009,-4.727460733902787E+001,-7.559437590335357E+001,
5.826001955034213E+009,-4.707793086835486E+001,-8.852746626148560E+001,
5.829912023460411E+009,-4.642415693736196E+001,-9.636731092492786E+001,
5.833822091886608E+009,-4.527862458242602E+001,-1.076329294464272E+002,
5.837732160312805E+009,-4.425472833889764E+001,-1.242572659576683E+002,
5.841642228739003E+009,-4.377612169930342E+001,-1.391260962845305E+002,
5.845552297165200E+009,-4.301560197363586E+001,-1.529700048101624E+002,
5.849462365591398E+009,-4.250685152179885E+001,-1.684364124636151E+002,
5.853372434017595E+009,-4.194199614040684E+001,1.774528763290913E+002,
5.857282502443792E+009,-4.084498590226046E+001,1.630930330088299E+002,
5.861192570869990E+009,-4.004097415597629E+001,1.439985118122415E+002,
5.865102639296187E+009,-3.943840951760582E+001,1.273919201814768E+002,
5.869012707722385E+009,-3.872960060920720E+001,1.092436738402243E+002,
5.872922776148583E+009,-3.828285265203207E+001,8.964381414116261E+001,
5.876832844574780E+009,-3.794976112716513E+001,7.234302475792116E+001,
5.880742913000978E+009,-3.759199853430206E+001,5.399646019189795E+001,
5.884652981427176E+009,-3.736717939673225E+001,3.702363422740140E+001,
5.888563049853373E+009,-3.698994745250630E+001,1.838021826180538E+001,
5.892473118279570E+009,-3.690360083764935E+001,7.244094558291984E-002,
5.896383186705768E+009,-3.679962839273207E+001,-1.609055252483170E+001,
5.900293255131965E+009,-3.647589874982604E+001,-3.196745968486389E+001,
5.904203323558163E+009,-3.595950653711753E+001,-4.939942095001427E+001,
5.908113391984360E+009,-3.559182294876982E+001,-6.738169792678997E+001,
5.912023460410557E+009,-3.533303721688559E+001,-8.551153875899861E+001,
5.915933528836755E+009,-3.495664349125531E+001,-1.031053092803481E+002,
5.919843597262952E+009,-3.469111694535906E+001,-1.216319911559422E+002,
5.923753665689150E+009,-3.459098837860982E+001,-1.395621022164409E+002,
5.927663734115347E+009,-3.439883162137539E+001,-1.580420541275471E+002,
5.931573802541544E+009,-3.423038838845957E+001,-1.761604424986669E+002,
5.935483870967742E+009,-3.420838256233815E+001,1.662579946239335E+002,
5.939393939393940E+009,-3.406928857035065E+001,1.491531689774985E+002,
5.943304007820137E+009,-3.387029534029962E+001,1.313941640214406E+002,
5.947214076246334E+009,-3.384368325258819E+001,1.137049017529849E+002,
5.951124144672532E+009,-3.373126852429107E+001,9.701501232077632E+001,
5.955034213098729E+009,-3.358171677107666E+001,7.962721117704110E+001,
5.958944281524927E+009,-3.329898662773268E+001,6.335672982744929E+001,
5.962854349951124E+009,-3.295429489974313E+001,4.487952378501802E+001,
5.966764418377321E+009,-3.280680539628281E+001,2.629401330543889E+001,
5.970674486803519E+009,-3.272699903393753E+001,8.468594675651472E+000,
5.974584555229716E+009,-3.262789725153086E+001,-9.561839981281658E+000,
5.978494623655914E+009,-3.257585814356931E+001,-2.711665446355878E+001,
5.982404692082111E+009,-3.250366993674140E+001,-4.502861373223441E+001,
5.986314760508308E+009,-3.248976627871200E+001,-6.242330905267360E+001,
5.990224828934506E+009,-3.234584053957501E+001,-7.954470213711392E+001,
5.994134897360704E+009,-3.225411243787192E+001,-9.755082710533732E+001,
5.998044965786902E+009,-3.220747745957198E+001,-1.144975399977446E+002,
6.001955034213099E+009,-3.196919804500147E+001,-1.312169448594659E+002,
6.005865102639297E+009,-3.171599645720356E+001,-1.496388384909590E+002,
6.009775171065494E+009,-3.156838039669158E+001,-1.684228442435929E+002,
6.013685239491692E+009,-3.158018028856233E+001,1.733720808826370E+002,
6.017595307917889E+009,-3.164844748656091E+001,1.557379580914751E+002,
6.021505376344086E+009,-3.162147034247158E+001,1.389022564933749E+002,
6.025415444770284E+009,-3.149002230683618E+001,1.217869711015967E+002,
6.029325513196481E+009,-3.125951336398632E+001,1.042592459863590E+002,
6.033235581622679E+009,-3.113738075402819E+001,8.604432383156974E+001,
6.037145650048876E+009,-3.107778706696084E+001,6.780317840271518E+001,
6.041055718475073E+009,-3.097634867876661E+001,4.948614477864567E+001,
6.044965786901271E+009,-3.104372354923779E+001,3.096379944506886E+001,
6.048875855327468E+009,-3.102051135052470E+001,1.349471300998544E+001,
6.052785923753666E+009,-3.100862883077920E+001,-4.840091643682307E+000,
6.056695992179863E+009,-3.109233079423838E+001,-2.268658596589036E+001,
6.060606060606061E+009,-3.112226888478193E+001,-4.019160474148710E+001,
6.064516129032258E+009,-3.107277099054131E+001,-5.784337104963257E+001,
6.068426197458456E+009,-3.113814275455697E+001,-7.533177494795321E+001,
6.072336265884653E+009,-3.107971211540234E+001,-9.290713967042333E+001,
6.076246334310850E+009,-3.107720018306578E+001,-1.111894343225367E+002,
6.080156402737048E+009,-3.116242508392614E+001,-1.289113882745423E+002,
6.084066471163245E+009,-3.114216301046550E+001,-1.465125400921517E+002,
6.087976539589443E+009,-3.114726503249492E+001,-1.642512285567851E+002,
6.091886608015640E+009,-3.125016987015313E+001,1.779260044274636E+002,
6.095796676441837E+009,-3.134606212658251E+001,1.602366984775063E+002,
6.099706744868035E+009,-3.148787015808277E+001,1.434526502303656E+002,
6.103616813294232E+009,-3.148607185459042E+001,1.270919987493814E+002,
6.107526881720430E+009,-3.135351567937883E+001,1.099379056412488E+002,
6.111436950146627E+009,-3.127352854838028E+001,9.174279445586780E+001,
6.115347018572825E+009,-3.138289251596847E+001,7.352956772924972E+001,
6.119257086999023E+009,-3.145623294282640E+001,5.619455045025119E+001,
6.123167155425221E+009,-3.147375996224971E+001,3.878505546825984E+001,
6.127077223851418E+009,-3.156055655695933E+001,2.129609027315154E+001,
6.130987292277615E+009,-3.159519011282006E+001,4.095655201033674E+000,
6.134897360703813E+009,-3.163479330446231E+001,-1.325935416282202E+001,
6.138807429130010E+009,-3.168195773078910E+001,-3.031890738296716E+001,
6.142717497556208E+009,-3.171491523133846E+001,-4.701922766199817E+001,
6.146627565982405E+009,-3.162442004628741E+001,-6.384756220498856E+001,
6.150537634408602E+009,-3.151305939188906E+001,-8.168202740482236E+001,
6.154447702834800E+009,-3.152845971044386E+001,-9.913790097567234E+001,
6.158357771260998E+009,-3.144605531316738E+001,-1.171338660189280E+002,
6.162267839687195E+009,-3.151114512564200E+001,-1.356571336749625E+002,
6.166177908113392E+009,-3.163158796329377E+001,-1.530840353732500E+002,
6.170087976539589E+009,-3.170298980606367E+001,-1.701205846646054E+002,
6.173998044965787E+009,-3.171292966182192E+001,1.727345351613602E+002,
6.177908113391985E+009,-3.167707003182015E+001,1.552500915940765E+002,
6.181818181818182E+009,-3.170200055923550E+001,1.375635293553977E+002,
6.185728250244379E+009,-3.169225432526604E+001,1.201709806607304E+002,
6.189638318670576E+009,-3.171226920019445E+001,1.026351981431285E+002,
6.193548387096774E+009,-3.171303122468475E+001,8.502820726822385E+001,
6.197458455522972E+009,-3.175859425156099E+001,6.719073643494571E+001,
6.201368523949169E+009,-3.183461889024676E+001,4.987158317630543E+001,
6.205278592375366E+009,-3.190656576160180E+001,3.218136791719908E+001,
6.209188660801564E+009,-3.193116536452742E+001,1.502229626711023E+001,
6.213098729227762E+009,-3.194935316988250E+001,-2.407070943395861E+000,
6.217008797653959E+009,-3.198343851911795E+001,-1.997292185893698E+001,
6.220918866080156E+009,-3.201661347191335E+001,-3.827366217303393E+001,
6.224828934506353E+009,-3.220375874935306E+001,-5.528677330041611E+001,
6.228739002932551E+009,-3.219843625073856E+001,-7.239460041617788E+001,
6.232649071358749E+009,-3.218064577320175E+001,-8.929731566593144E+001,
6.236559139784946E+009,-3.216845392587990E+001,-1.070064549470741E+002,
6.240469208211144E+009,-3.218906149223039E+001,-1.242865761223903E+002,
6.244379276637341E+009,-3.208875937523548E+001,-1.418000161394418E+002,
6.248289345063539E+009,-3.215136595638698E+001,-1.605979783529454E+002,
6.252199413489737E+009,-3.229063985757264E+001,-1.777898281001242E+002,
6.256109481915934E+009,-3.233817650199330E+001,1.647377678994453E+002,
6.260019550342131E+009,-3.237073425077032E+001,1.484605375508691E+002,
6.263929618768329E+009,-3.214052604208469E+001,1.311121871355759E+002,
6.267839687194526E+009,-3.194050109831095E+001,1.120901126099653E+002,
6.271749755620724E+009,-3.199271024617740E+001,9.222262610892183E+001,
6.275659824046921E+009,-3.227315875280247E+001,7.474681670232168E+001,
6.279569892473118E+009,-3.222960662477755E+001,5.746616778412581E+001,
6.283479960899316E+009,-3.212845630662610E+001,3.882317309669703E+001,
6.287390029325514E+009,-3.214823090657704E+001,2.034646847628941E+001,
6.291300097751711E+009,-3.221957867469174E+001,1.088535543519777E+000,
6.295210166177908E+009,-3.236098788841912E+001,-1.763418184025525E+001,
6.299120234604105E+009,-3.251365182329989E+001,-3.601314196728779E+001,
6.303030303030303E+009,-3.264389442042037E+001,-5.440296456937938E+001,
6.306940371456501E+009,-3.270176186666336E+001,-7.336969776309989E+001,
6.310850439882698E+009,-3.289916537497193E+001,-9.226305082073067E+001,
6.314760508308895E+009,-3.303387339667319E+001,-1.105153725678865E+002,
6.318670576735093E+009,-3.317200077155259E+001,-1.292261488263231E+002,
6.322580645161290E+009,-3.333700748259354E+001,-1.481548003750395E+002,
6.326490713587488E+009,-3.343061114623589E+001,-1.676001583257432E+002,
6.330400782013685E+009,-3.375980214630523E+001,1.721484874261549E+002,
6.334310850439882E+009,-3.418725391456373E+001,1.530546666001397E+002,
6.338220918866080E+009,-3.452735434601080E+001,1.344636495283406E+002,
6.342130987292278E+009,-3.484852812648484E+001,1.160955980172148E+002,
6.346041055718475E+009,-3.504773245666112E+001,9.747854709771457E+001,
6.349951124144672E+009,-3.525709741128323E+001,7.806875000391635E+001,
6.353861192570869E+009,-3.564022137766518E+001,5.734600735197861E+001,
6.357771260997068E+009,-3.623692342609915E+001,3.792016561532419E+001,
6.361681329423266E+009,-3.661958741239713E+001,1.924538631798956E+001,
6.365591397849463E+009,-3.687643438671083E+001,-3.815358479935540E-001,
6.369501466275660E+009,-3.749223364467729E+001,-2.142785730266248E+001,
6.373411534701857E+009,-3.801992670155006E+001,-4.131370993479084E+001,
6.377321603128055E+009,-3.883362710273681E+001,-6.141135246215808E+001,
6.381231671554253E+009,-3.951707752896296E+001,-7.949385156553360E+001,
6.385141739980450E+009,-3.995123736990778E+001,-9.908265949539130E+001,
6.389051808406647E+009,-4.063216018429176E+001,-1.194048783323714E+002,
6.392961876832845E+009,-4.125371424845910E+001,-1.389312719509632E+002,
6.396871945259043E+009,-4.189106637924495E+001,-1.582331081089694E+002,
6.400782013685240E+009,-4.197625936416568E+001,-1.787650408601864E+002,
6.404692082111437E+009,-4.230628737732801E+001,1.575240043000598E+002,
6.408602150537634E+009,-4.279735116485774E+001,1.313415870745600E+002,
6.412512218963832E+009,-4.341945145803010E+001,1.037079297252392E+002,
6.416422287390030E+009,-4.460008908337260E+001,7.738428622006747E+001,
6.420332355816227E+009,-4.546626369712563E+001,4.950547945480673E+001,
6.424242424242424E+009,-4.698111697391904E+001,2.418463445438748E+001,
6.428152492668621E+009,-4.725214669078326E+001,4.731905946460662E+000,
6.432062561094819E+009,-4.641479714300736E+001,-2.097443624679837E+001,
6.435972629521017E+009,-4.571161060279552E+001,-4.771900270719304E+001,
6.439882697947214E+009,-4.486407667293982E+001,-7.801567289383144E+001,
6.443792766373411E+009,-4.413124358353876E+001,-1.069903367790250E+002,
6.447702834799609E+009,-4.384578596103378E+001,-1.348034964385415E+002,
6.451612903225807E+009,-4.373057883456631E+001,-1.614865729723974E+002,
6.455522971652004E+009,-4.375419739270876E+001,1.787395771155198E+002,
6.459433040078201E+009,-4.307948407484938E+001,1.587926258724411E+002,
6.463343108504398E+009,-4.226241669738103E+001,1.378060586550338E+002,
6.467253176930596E+009,-4.175298839454315E+001,1.171599437819487E+002,
6.471163245356794E+009,-4.108481223159933E+001,9.815732369940655E+001,
6.475073313782991E+009,-4.056388340884883E+001,7.820236488382820E+001,
6.478983382209189E+009,-3.983181974111902E+001,5.975063575557041E+001,
6.482893450635386E+009,-3.920401910786928E+001,3.847593086817832E+001,
6.486803519061584E+009,-3.871937143087816E+001,1.944085062127916E+001,
6.490713587487782E+009,-3.820817779885017E+001,-9.343023999424316E-001,
6.494623655913979E+009,-3.787626004402093E+001,-1.993569352504399E+001,
6.498533724340176E+009,-3.752899674127049E+001,-3.922314678217390E+001,
6.502443792766374E+009,-3.716620204763586E+001,-5.825243392579236E+001,
6.506353861192571E+009,-3.680083337278241E+001,-7.641966004400554E+001,
6.510263929618769E+009,-3.629741065568214E+001,-9.455880636542555E+001,
6.514173998044966E+009,-3.589117933714326E+001,-1.140185842443563E+002,
6.518084066471163E+009,-3.554358690774924E+001,-1.329988192993586E+002,
6.521994134897361E+009,-3.517580994954546E+001,-1.512519242759939E+002,
6.525904203323559E+009,-3.478804805383147E+001,-1.709864948164583E+002,
6.529814271749756E+009,-3.459842364698535E+001,1.696626243492420E+002,
6.533724340175953E+009,-3.438306947999109E+001,1.504131102766895E+002,
6.537634408602150E+009,-3.420161359955130E+001,1.319808491420003E+002,
6.541544477028348E+009,-3.405855606351322E+001,1.131305577676426E+002,
6.545454545454546E+009,-3.397916696878885E+001,9.468445233350059E+001,
6.549364613880743E+009,-3.384437382933606E+001,7.722063795997141E+001,
6.553274682306940E+009,-3.351946166986748E+001,5.953809144342837E+001,
6.557184750733138E+009,-3.326150366758195E+001,4.105294731937838E+001,
6.561094819159335E+009,-3.305887568830812E+001,2.234578097838151E+001,
6.565004887585533E+009,-3.288566976582261E+001,2.974687524996593E+000,
6.568914956011730E+009,-3.281847110661766E+001,-1.542555172288037E+001,
6.572825024437927E+009,-3.268657119679949E+001,-3.396805434886836E+001,
6.576735092864125E+009,-3.268886116653163E+001,-5.224406448403251E+001,
6.580645161290323E+009,-3.262723702401133E+001,-7.019417180093531E+001,
6.584555229716520E+009,-3.261074516091513E+001,-8.805290254172094E+001,
6.588465298142717E+009,-3.247900460103330E+001,-1.055024766575830E+002,
6.592375366568914E+009,-3.230330341047544E+001,-1.239997437675509E+002,
6.596285434995112E+009,-3.222450257543532E+001,-1.420266709749673E+002,
6.600195503421310E+009,-3.221732600091145E+001,-1.600209023034830E+002,
6.604105571847508E+009,-3.213590921878388E+001,-1.782950326236735E+002,
6.608015640273705E+009,-3.217137111559119E+001,1.640452507698880E+002,
6.611925708699902E+009,-3.203585720305280E+001,1.465740165054634E+002,
6.615835777126100E+009,-3.202982662754280E+001,1.283202876989653E+002,
6.619745845552298E+009,-3.207507008558660E+001,1.106131702033029E+002,
6.623655913978495E+009,-3.209829579264007E+001,9.308952122217555E+001,
6.627565982404692E+009,-3.199641582022206E+001,7.613748806208561E+001,
6.631476050830890E+009,-3.190654138966826E+001,5.912226074614230E+001,
6.635386119257088E+009,-3.175965998073460E+001,4.170347786120222E+001,
6.639296187683285E+009,-3.165913422899163E+001,2.389640827605405E+001,
6.643206256109482E+009,-3.149093461643115E+001,5.767540098741799E+000,
6.647116324535679E+009,-3.139947371512710E+001,-1.230069672850224E+001,
6.651026392961877E+009,-3.136839446732944E+001,-3.056703404326071E+001,
6.654936461388075E+009,-3.142491546765209E+001,-4.817944919813520E+001,
6.658846529814272E+009,-3.135837842398938E+001,-6.596218104037725E+001,
6.662756598240469E+009,-3.131426262825893E+001,-8.362929023586912E+001,
6.666666666666666E+009,-3.132240962519303E+001,-1.013811946900389E+002,
6.670576735092864E+009,-3.126082034018497E+001,-1.187071374258427E+002,
6.674486803519062E+009,-3.121696621437241E+001,-1.369355414745981E+002,
6.678396871945259E+009,-3.124770623660454E+001,-1.549671089342400E+002,
6.682306940371456E+009,-3.121890792641675E+001,-1.729181711700457E+002,
6.686217008797654E+009,-3.133195373205410E+001,1.695079304932064E+002,
6.690127077223852E+009,-3.133873473116858E+001,1.524854977032177E+002,
6.694037145650049E+009,-3.125426981351953E+001,1.353801481719944E+002,
6.697947214076246E+009,-3.121461736396752E+001,1.173142366816516E+002,
6.701857282502443E+009,-3.120648583247726E+001,9.936529921967423E+001,
6.705767350928641E+009,-3.132661712880347E+001,8.233507339429191E+001,
6.709677419354839E+009,-3.127852819951453E+001,6.540151990896084E+001,
6.713587487781036E+009,-3.115460511741277E+001,4.790896620190465E+001,
6.717497556207233E+009,-3.110351730588813E+001,3.001550486970958E+001,
6.721407624633431E+009,-3.120112653477571E+001,1.228170247254539E+001,
6.725317693059629E+009,-3.119118623140668E+001,-4.685299486185436E+000,
6.729227761485827E+009,-3.108778827492067E+001,-2.128537779847429E+001,
6.733137829912024E+009,-3.095882655637206E+001,-3.884642710545951E+001,
6.737047898338221E+009,-3.082346581495521E+001,-5.696972178111854E+001,
6.740957966764419E+009,-3.080539282630764E+001,-7.501402295066410E+001,
6.744868035190616E+009,-3.079750593601826E+001,-9.225286409887411E+001,
6.748778103616814E+009,-3.069562119190216E+001,-1.096886849775202E+002,
6.752688172043011E+009,-3.061306131419821E+001,-1.277975805969855E+002,
6.756598240469208E+009,-3.055697767920568E+001,-1.460517179633008E+002,
6.760508308895406E+009,-3.056756227354773E+001,-1.642580935478935E+002,
6.764418377321604E+009,-3.064853353654541E+001,1.775410669900329E+002,
6.768328445747801E+009,-3.074041055243300E+001,1.604559167340127E+002,
6.772238514173998E+009,-3.064166599261820E+001,1.433487652454450E+002,
6.776148582600195E+009,-3.054054307510681E+001,1.257093243149353E+002,
6.780058651026393E+009,-3.049760706280453E+001,1.074268080820061E+002,
6.783968719452591E+009,-3.049136236004048E+001,8.917809943416771E+001,
6.787878787878788E+009,-3.052947249588669E+001,7.123577922739271E+001,
6.791788856304985E+009,-3.058955287736996E+001,5.285571335861502E+001,
6.795698924731183E+009,-3.071475435950668E+001,3.583534941169138E+001,
6.799608993157380E+009,-3.066031133439181E+001,1.890660029922930E+001,
6.803519061583578E+009,-3.061092179195368E+001,9.212610727498823E-001,
6.807429130009775E+009,-3.055735000009271E+001,-1.727430465996710E+001,
6.811339198435972E+009,-3.058873199502278E+001,-3.568007631673444E+001,
6.815249266862170E+009,-3.062832716819488E+001,-5.341309956326793E+001,
6.819159335288368E+009,-3.072098192381359E+001,-7.102994195052499E+001,
6.823069403714565E+009,-3.071565819180653E+001,-8.842908040019402E+001,
6.826979472140762E+009,-3.065294902602231E+001,-1.066828211972743E+002,
6.830889540566959E+009,-3.068024629027566E+001,-1.248844443307744E+002,
6.834799608993157E+009,-3.073636449025982E+001,-1.431737110103210E+002,
6.838709677419355E+009,-3.076894897476937E+001,-1.615378689671570E+002,
6.842619745845552E+009,-3.092054688207878E+001,-1.799753072920624E+002,
6.846529814271750E+009,-3.100287206823665E+001,1.623131468000661E+002,
6.850439882697948E+009,-3.118977382191913E+001,1.444885050345274E+002,
6.854349951124145E+009,-3.118473952774998E+001,1.271279689149306E+002,
6.858260019550343E+009,-3.122215829527190E+001,1.094750528829867E+002,
6.862170087976540E+009,-3.123546350629570E+001,9.163642445426000E+001,
6.866080156402737E+009,-3.125574715418500E+001,7.316816461012347E+001,
6.869990224828935E+009,-3.134928643287907E+001,5.441508905166384E+001,
6.873900293255133E+009,-3.163990946873221E+001,3.592641257319137E+001,
6.877810361681330E+009,-3.181201882551640E+001,1.878750240227760E+001,
6.881720430107527E+009,-3.189533659499386E+001,1.298394774334157E+000,
6.885630498533724E+009,-3.195694851439985E+001,-1.615862807023704E+001,
6.889540566959922E+009,-3.189974599518275E+001,-3.420309377731848E+001,
6.893450635386120E+009,-3.198962113068219E+001,-5.257904232482740E+001,
6.897360703812317E+009,-3.204916460405980E+001,-7.095636034676619E+001,
6.901270772238514E+009,-3.218786753182216E+001,-8.914186872342191E+001,
6.905180840664711E+009,-3.224878661064159E+001,-1.072250015167424E+002,
6.909090909090909E+009,-3.227620351040821E+001,-1.258301864913521E+002,
6.913000977517107E+009,-3.237270728204521E+001,-1.447166181938655E+002,
6.916911045943304E+009,-3.245915155204228E+001,-1.636491778983806E+002,
6.920821114369501E+009,-3.261004279742468E+001,1.773802891266957E+002,
6.924731182795699E+009,-3.284806603448322E+001,1.575899067266504E+002,
6.928641251221897E+009,-3.320356232668534E+001,1.389551474003503E+002,
6.932551319648094E+009,-3.346888656000198E+001,1.208327757878466E+002,
6.936461388074291E+009,-3.371993589332853E+001,1.025733748620492E+002,
6.940371456500488E+009,-3.390065979052711E+001,8.417504175316718E+001,
6.944281524926686E+009,-3.409033661690682E+001,6.534274690165624E+001,
6.948191593352884E+009,-3.435187396517264E+001,4.616368043130455E+001,
6.952101661779081E+009,-3.454206287519617E+001,2.682201035383136E+001,
6.956011730205278E+009,-3.492293228046099E+001,7.045701404959505E+000,
6.959921798631475E+009,-3.537503856403837E+001,-1.254779793870537E+001,
6.963831867057674E+009,-3.591055740516851E+001,-3.115793488178464E+001,
6.967741935483872E+009,-3.636291327549438E+001,-4.989298251621899E+001,
6.971652003910069E+009,-3.687008406896729E+001,-6.850778996755180E+001,
6.975562072336266E+009,-3.731650773792346E+001,-8.642311565972251E+001,
6.979472140762464E+009,-3.764756570417332E+001,-1.049065686154159E+002,
6.983382209188661E+009,-3.810178401763711E+001,-1.244004474053175E+002,
6.987292277614859E+009,-3.856641448968793E+001,-1.441463310671716E+002,
6.991202346041056E+009,-3.921234326120312E+001,-1.638035707327300E+002,
6.995112414467253E+009,-3.974315515726649E+001,1.773141886429713E+002,
6.999022482893451E+009,-4.046111572638281E+001,1.585388355363553E+002,
7.002932551319649E+009,-4.090982451691191E+001,1.394299994848277E+002,
7.006842619745846E+009,-4.168383931613553E+001,1.197308084392737E+002,
7.010752688172043E+009,-4.216803704804867E+001,9.879724853355603E+001,
7.014662756598240E+009,-4.302903020987949E+001,7.626306486287625E+001,
7.018572825024438E+009,-4.409651274569072E+001,5.440740781988566E+001,
7.022482893450636E+009,-4.532395124741758E+001,3.272817903322545E+001,
7.026392961876833E+009,-4.658776656481872E+001,1.228732075548506E+001,
7.030303030303030E+009,-4.732418878806777E+001,-9.204089158545035E+000,
7.034213098729228E+009,-4.838515362630871E+001,-3.668244401427173E+001,
7.038123167155425E+009,-4.984031089221359E+001,-6.012069754510454E+001,
7.042033235581623E+009,-5.002057659749801E+001,-8.599282239985740E+001,
7.045943304007820E+009,-4.974873843614320E+001,-1.178495464609009E+002,
7.049853372434017E+009,-4.967133632145487E+001,-1.521162081677020E+002,
7.053763440860215E+009,-4.949968949181702E+001,1.722483230154133E+002,
7.057673509286413E+009,-5.000462945326368E+001,1.421512507323777E+002,
7.061583577712610E+009,-4.939344682977307E+001,1.189840782765795E+002,
7.065493646138807E+009,-4.863672970710865E+001,9.654741139712485E+001,
7.069403714565004E+009,-4.712563596373840E+001,7.523064362472546E+001,
7.073313782991202E+009,-4.620874109087059E+001,4.969033769990061E+001,
7.077223851417400E+009,-4.516158551132081E+001,2.959735458654083E+001,
7.081133919843597E+009,-4.440680195056778E+001,7.468904650959745E+000,
7.085043988269795E+009,-4.373299327395821E+001,-1.236633220235361E+001,
7.088954056695993E+009,-4.330005279436720E+001,-3.034047911628807E+001,
7.092864125122190E+009,-4.259187790185336E+001,-4.681373176030803E+001,
7.096774193548388E+009,-4.144158086731923E+001,-6.427398440103676E+001,
7.100684261974585E+009,-4.059681760779922E+001,-8.421058240163525E+001,
7.104594330400782E+009,-3.977823780001727E+001,-1.029970735340734E+002,
7.108504398826980E+009,-3.901501209862411E+001,-1.234234575601210E+002,
7.112414467253178E+009,-3.843932144110420E+001,-1.441430043842053E+002,
7.116324535679375E+009,-3.799947070799725E+001,-1.625685428576214E+002,
7.120234604105572E+009,-3.743160408269770E+001,1.785769701548493E+002,
7.124144672531769E+009,-3.688791613328104E+001,1.590989364697698E+002,
7.128054740957967E+009,-3.640278924872960E+001,1.392278962139926E+002,
7.131964809384165E+009,-3.604441298842284E+001,1.201116336626017E+002,
7.135874877810362E+009,-3.560970494831017E+001,1.008528182236729E+002,
7.139784946236559E+009,-3.521935058504916E+001,8.214800583439281E+001,
7.143695014662756E+009,-3.486144427650458E+001,6.212008682257905E+001,
7.147605083088954E+009,-3.446752159216361E+001,4.216242579804906E+001,
7.151515151515152E+009,-3.435885309942341E+001,2.271696688325317E+001,
7.155425219941349E+009,-3.419088872277717E+001,4.361843320254600E+000,
7.159335288367546E+009,-3.393150821223471E+001,-1.455822571033896E+001,
7.163245356793744E+009,-3.373203863105619E+001,-3.334168347577531E+001,
7.167155425219942E+009,-3.353092330363460E+001,-5.257151338040435E+001,
7.171065493646139E+009,-3.346969181056126E+001,-7.181447917418714E+001,
7.174975562072336E+009,-3.347153443803950E+001,-9.024637237803486E+001,
7.178885630498533E+009,-3.337880103947411E+001,-1.078466677691038E+002,
7.182795698924731E+009,-3.317760876797540E+001,-1.265427039482700E+002,
7.186705767350929E+009,-3.304499776622983E+001,-1.450839003637807E+002,
7.190615835777126E+009,-3.288964306894212E+001,-1.633476022636527E+002,
7.194525904203323E+009,-3.280171420424726E+001,1.780200509789034E+002,
7.198435972629520E+009,-3.268851101003592E+001,1.597261686342748E+002,
7.202346041055718E+009,-3.267996122587176E+001,1.414269667848338E+002,
7.206256109481916E+009,-3.264168410922994E+001,1.239213440097528E+002,
7.210166177908114E+009,-3.250391369904546E+001,1.064189217356713E+002,
7.214076246334311E+009,-3.232376578224511E+001,8.825620315251219E+001,
7.217986314760509E+009,-3.219588095969057E+001,6.967441927988843E+001,
7.221896383186706E+009,-3.210256343636880E+001,5.141391935692055E+001,
7.225806451612904E+009,-3.198341321057988E+001,3.296434697967744E+001,
7.229716520039101E+009,-3.201786733695957E+001,1.477875975128757E+001,
7.233626588465298E+009,-3.194890480549904E+001,-3.250630726078053E+000,
7.237536656891496E+009,-3.190475940566140E+001,-2.086884114798096E+001,
7.241446725317694E+009,-3.174741257668476E+001,-3.859565528378991E+001,
7.245356793743891E+009,-3.162765057389644E+001,-5.699960178305823E+001,
7.249266862170088E+009,-3.160929463625067E+001,-7.537086034439096E+001,
7.253176930596285E+009,-3.154714862487304E+001,-9.259118794598456E+001,
7.257086999022483E+009,-3.134374818895914E+001,-1.108946987268407E+002,
7.260997067448681E+009,-3.129562921111558E+001,-1.297115253796012E+002,
7.264907135874878E+009,-3.129346431519297E+001,-1.483261107800486E+002,
7.268817204301075E+009,-3.131863356328637E+001,-1.663366305058206E+002,
7.272727272727273E+009,-3.129526184136631E+001,1.764169581130858E+002,
7.276637341153470E+009,-3.117573516637584E+001,1.589274662501005E+002,
7.280547409579668E+009,-3.101266208954252E+001,1.407523330512071E+002,
7.284457478005865E+009,-3.086112205973356E+001,1.220808611248557E+002,
7.288367546432062E+009,-3.079885304998760E+001,1.028367733042229E+002,
7.292277614858260E+009,-3.082871769975553E+001,8.413452876873716E+001,
7.296187683284458E+009,-3.090239095894396E+001,6.618172235199262E+001,
7.300097751710655E+009,-3.086725234008928E+001,4.833653645370852E+001,
7.304007820136852E+009,-3.078143837193107E+001,3.036462223741762E+001,
7.307917888563049E+009,-3.076071654361979E+001,1.200306627946167E+001,
7.311827956989247E+009,-3.077956634588649E+001,-7.041644566791137E+000,
7.315738025415445E+009,-3.080930727891790E+001,-2.544361123167783E+001,
7.319648093841642E+009,-3.077917856584700E+001,-4.459247496343467E+001,
7.323558162267839E+009,-3.090106745390944E+001,-6.410532052735944E+001,
7.327468230694037E+009,-3.106467292446782E+001,-8.204365020652385E+001,
7.331378299120235E+009,-3.104033519385407E+001,-1.002444527511055E+002,
7.335288367546433E+009,-3.104249673199066E+001,-1.184644494802747E+002,
7.339198435972630E+009,-3.108913213367087E+001,-1.370107336636760E+002,
7.343108504398827E+009,-3.117722780215561E+001,-1.561858980588591E+002,
7.347018572825025E+009,-3.131408252196409E+001,-1.745645309397508E+002,
7.350928641251223E+009,-3.141728374781214E+001,1.669136640914505E+002,
7.354838709677420E+009,-3.162478297519033E+001,1.484677603159208E+002,
7.358748778103617E+009,-3.174438640709790E+001,1.305465593426127E+002,
7.362658846529814E+009,-3.184023478988220E+001,1.129132356638649E+002,
7.366568914956012E+009,-3.188561672359818E+001,9.383613615948438E+001,
7.370478983382210E+009,-3.203437438500615E+001,7.523988937978690E+001,
7.374389051808407E+009,-3.225858343648678E+001,5.674500772916380E+001,
7.378299120234604E+009,-3.249915590982852E+001,3.870616872579844E+001,
7.382209188660801E+009,-3.269000350165909E+001,2.071757820802325E+001,
7.386119257086999E+009,-3.281146966077476E+001,3.202398268672892E+000,
7.390029325513197E+009,-3.294732778110971E+001,-1.486523095625672E+001,
7.393939393939394E+009,-3.305857242166314E+001,-3.311397080191667E+001,
7.397849462365591E+009,-3.323220178507265E+001,-5.126497462242699E+001,
7.401759530791789E+009,-3.335274887598787E+001,-6.972875549490465E+001,
7.405669599217987E+009,-3.354363596863075E+001,-8.861201785818393E+001,
7.409579667644184E+009,-3.389041113181640E+001,-1.070002653437819E+002,
7.413489736070381E+009,-3.412482267404474E+001,-1.243258539087154E+002,
7.417399804496578E+009,-3.425195833184627E+001,-1.419589838865099E+002,
7.421309872922776E+009,-3.441116565657661E+001,-1.600151882595154E+002,
7.425219941348974E+009,-3.463935503609654E+001,-1.786917963429759E+002,
7.429130009775171E+009,-3.491544845983997E+001,1.632860961009875E+002,
7.433040078201368E+009,-3.516186050765691E+001,1.449196949764564E+002,
7.436950146627565E+009,-3.543350382852307E+001,1.272279051237005E+002,
7.440860215053763E+009,-3.574952430932959E+001,1.090541548507561E+002,
7.444770283479961E+009,-3.597356725427063E+001,9.172279781244166E+001,
7.448680351906158E+009,-3.618400205404030E+001,7.311402318206214E+001,
7.452590420332356E+009,-3.658471103244569E+001,5.518750399927886E+001,
7.456500488758554E+009,-3.694306747376618E+001,3.782470643781933E+001,
7.460410557184751E+009,-3.718083542444056E+001,1.995402707572478E+001,
7.464320625610949E+009,-3.739997314421797E+001,1.734992356888158E+000,
7.468230694037146E+009,-3.779227174846140E+001,-1.588670669464737E+001,
7.472140762463343E+009,-3.806895221233657E+001,-3.272060535466451E+001,
7.476050830889541E+009,-3.818156834602775E+001,-4.941855588621178E+001,
7.479960899315739E+009,-3.824017996091074E+001,-6.766322947399860E+001,
7.483870967741936E+009,-3.858245747171781E+001,-8.781851679199076E+001,
7.487781036168133E+009,-3.889834855178537E+001,-1.059351074319717E+002,
7.491691104594330E+009,-3.928557872019733E+001,-1.245330563948885E+002,
7.495601173020528E+009,-3.984255144580527E+001,-1.422107433345172E+002,
7.499511241446726E+009,-4.019128755530591E+001,-1.596228423091283E+002,
7.503421309872923E+009,-4.041638922510923E+001,-1.759914018814722E+002,
7.507331378299120E+009,-4.068951069743038E+001,1.652552946024828E+002,
7.511241446725318E+009,-4.082601669778526E+001,1.476168306022098E+002,
7.515151515151515E+009,-4.103805920726052E+001,1.272489541761878E+002,
7.519061583577713E+009,-4.151847472509413E+001,1.077893426834065E+002,
7.522971652003910E+009,-4.211858823613351E+001,8.714770568338426E+001,
7.526881720430107E+009,-4.282512836434130E+001,6.845651755449892E+001,
7.530791788856305E+009,-4.364712851759674E+001,5.107321754856232E+001,
7.534701857282503E+009,-4.405297746228344E+001,3.452034374717272E+001,
7.538611925708700E+009,-4.424025227752207E+001,1.649890876717782E+001,
7.542521994134897E+009,-4.451221991372843E+001,-4.095424402339779E+000,
7.546432062561094E+009,-4.481703925115016E+001,-2.558359553058799E+001,
7.550342130987292E+009,-4.556354181580694E+001,-4.764685610055141E+001,
7.554252199413490E+009,-4.653960021287277E+001,-6.851019976175991E+001,
7.558162267839687E+009,-4.779363365682583E+001,-9.096849384570523E+001,
7.562072336265884E+009,-4.915995384751236E+001,-1.066443365455883E+002,
7.565982404692082E+009,-4.956266283547203E+001,-1.229416018747156E+002,
7.569892473118280E+009,-4.986205916335719E+001,-1.456383393804397E+002,
7.573802541544478E+009,-5.083038275016121E+001,-1.692816855116102E+002,
7.577712609970675E+009,-5.188198836648145E+001,1.665202640988831E+002,
7.581622678396872E+009,-5.262952550496642E+001,1.467042061061552E+002,
7.585532746823070E+009,-5.282973839878138E+001,1.208083642483503E+002,
7.589442815249268E+009,-5.395823560430263E+001,9.051074188240658E+001,
7.593352883675465E+009,-5.513055880834490E+001,6.403349846406975E+001,
7.597262952101662E+009,-5.532962053858619E+001,3.968605525260314E+001,
7.601173020527859E+009,-5.522477374042619E+001,1.123399863170266E+001,
7.605083088954057E+009,-5.519185865657889E+001,-1.254399278563533E+001,
7.608993157380255E+009,-5.398782934949069E+001,-3.784096530608935E+001,
7.612903225806452E+009,-5.305681553438941E+001,-6.126498667482635E+001,
7.616813294232649E+009,-5.176442058020861E+001,-8.606784378085133E+001,
7.620723362658846E+009,-5.106803643909439E+001,-1.129580255956535E+002,
7.624633431085044E+009,-5.048828650707429E+001,-1.385177619813122E+002,
7.628543499511242E+009,-5.042935424651979E+001,-1.568295755631253E+002,
7.632453567937439E+009,-4.970482962978019E+001,-1.760801331725215E+002,
7.636363636363636E+009,-4.896273232274058E+001,1.652399266339837E+002,
7.640273704789834E+009,-4.777124243162005E+001,1.497505520922850E+002,
7.644183773216032E+009,-4.681735363093620E+001,1.281251876052094E+002,
7.648093841642229E+009,-4.606606078175467E+001,1.053517767214460E+002,
7.652003910068426E+009,-4.606747130623930E+001,8.447078767170443E+001,
7.655913978494623E+009,-4.560969122905757E+001,6.474552047292576E+001,
7.659824046920821E+009,-4.562940467346591E+001,4.711511211825609E+001,
7.663734115347019E+009,-4.565833726387147E+001,3.029865983074685E+001,
7.667644183773216E+009,-4.508059409000236E+001,1.468420996141703E+001,
7.671554252199413E+009,-4.411723704732445E+001,-4.072217076183879E+000,
7.675464320625610E+009,-4.379578711805451E+001,-2.396523400703124E+001,
7.679374389051808E+009,-4.344878181002267E+001,-4.037678500827116E+001,
7.683284457478006E+009,-4.305164340783171E+001,-5.966713352523993E+001,
7.687194525904203E+009,-4.262451375693442E+001,-7.793179539359339E+001,
7.691104594330401E+009,-4.237966892126355E+001,-9.460443437444906E+001,
7.695014662756599E+009,-4.213545919803746E+001,-1.130241439448689E+002,
7.698924731182797E+009,-4.191660827038062E+001,-1.315203498413113E+002,
7.702834799608994E+009,-4.138006142622371E+001,-1.462238906564051E+002,
7.706744868035191E+009,-4.082161533337243E+001,-1.653133604333316E+002,
7.710654936461388E+009,-4.029792885596196E+001,1.749407948755440E+002,
7.714565004887586E+009,-4.031128283536202E+001,1.564440155637174E+002,
7.718475073313784E+009,-4.001078573327793E+001,1.387717932756954E+002,
7.722385141739981E+009,-3.960305865106504E+001,1.204523169985415E+002,
7.726295210166178E+009,-3.944443396522998E+001,1.012218059789238E+002,
7.730205278592375E+009,-3.925680951801396E+001,8.264957108569823E+001,
7.734115347018573E+009,-3.903789959229928E+001,6.502850536274247E+001,
7.738025415444771E+009,-3.891058506233865E+001,4.673631378300086E+001,
7.741935483870968E+009,-3.882662389801172E+001,2.803470439632589E+001,
7.745845552297165E+009,-3.876368613072290E+001,1.059850255047334E+001,
7.749755620723363E+009,-3.863727177931291E+001,-7.173412716036584E+000,
7.753665689149560E+009,-3.841637884224354E+001,-2.413437136525396E+001,
7.757575757575758E+009,-3.811049280642933E+001,-4.207875129122030E+001,
7.761485826001955E+009,-3.786517525582114E+001,-6.074539096738679E+001,
7.765395894428152E+009,-3.776319153815034E+001,-7.984108069142025E+001,
7.769305962854350E+009,-3.791644066309011E+001,-9.756548725308477E+001,
7.773216031280548E+009,-3.786383334569889E+001,-1.145688499294360E+002,
7.777126099706745E+009,-3.759101746313951E+001,-1.311469155125095E+002,
7.781036168132942E+009,-3.733387629050890E+001,-1.485804914368942E+002,
7.784946236559139E+009,-3.720549777664671E+001,-1.671798412054988E+002,
7.788856304985337E+009,-3.695472652211218E+001,1.741988745748296E+002,
7.792766373411535E+009,-3.692112462052164E+001,1.562199506925562E+002,
7.796676441837732E+009,-3.687075785642820E+001,1.378471889801071E+002,
7.800586510263929E+009,-3.679284613465114E+001,1.201773470778094E+002,
7.804496578690127E+009,-3.660510801680825E+001,1.032905318605329E+002,
7.808406647116324E+009,-3.642120685343966E+001,8.513247626934636E+001,
7.812316715542522E+009,-3.614302031492804E+001,6.734464109813870E+001,
7.816226783968720E+009,-3.587970528830088E+001,4.879795309522031E+001,
7.820136852394917E+009,-3.578647882621518E+001,2.879280150574130E+001,
7.824046920821115E+009,-3.583000012262732E+001,9.779676387460368E+000,
7.827956989247313E+009,-3.598275007595230E+001,-8.561805203037197E+000,
7.831867057673510E+009,-3.600094713226972E+001,-2.568756684046555E+001,
7.835777126099707E+009,-3.585102311391863E+001,-4.360657021514756E+001,
7.839687194525904E+009,-3.576481630844250E+001,-6.267054599766198E+001,
7.843597262952102E+009,-3.586306301900646E+001,-8.091603347387981E+001,
7.847507331378300E+009,-3.580444864114305E+001,-9.838036856330970E+001,
7.851417399804497E+009,-3.567311020898260E+001,-1.161983441182538E+002,
7.855327468230694E+009,-3.552889886545754E+001,-1.356031846568494E+002,
7.859237536656891E+009,-3.562039786499000E+001,-1.548008099267634E+002,
7.863147605083089E+009,-3.568982772008038E+001,-1.728024284073154E+002,
7.867057673509287E+009,-3.579714314904909E+001,1.696574017303604E+002,
7.870967741935484E+009,-3.577870071303344E+001,1.517777226234679E+002,
7.874877810361681E+009,-3.571701380047408E+001,1.337979058367254E+002,
7.878787878787879E+009,-3.571146807113798E+001,1.153021250282624E+002,
7.882697947214077E+009,-3.572778629008735E+001,9.663773505914320E+001,
7.886608015640274E+009,-3.575794043044507E+001,7.814681128164276E+001,
7.890518084066471E+009,-3.586180805619376E+001,5.957762463182448E+001,
7.894428152492668E+009,-3.587438730079290E+001,4.122070331645635E+001,
7.898338220918866E+009,-3.601044507045536E+001,2.300436275903007E+001,
7.902248289345064E+009,-3.615329832246520E+001,4.366946425993962E+000,
7.906158357771261E+009,-3.629313369926235E+001,-1.333757276889936E+001,
7.910068426197458E+009,-3.642302753041256E+001,-3.070555245310455E+001,
7.913978494623655E+009,-3.637836169975054E+001,-4.809484013325546E+001,
7.917888563049853E+009,-3.638837675204736E+001,-6.621550460936425E+001,
7.921798631476051E+009,-3.645947728907955E+001,-8.447065779250394E+001,
7.925708699902248E+009,-3.656068133714076E+001,-1.031036792381442E+002,
7.929618768328445E+009,-3.660472213640501E+001,-1.210800384212629E+002,
7.933528836754643E+009,-3.668554963347901E+001,-1.396834496119672E+002,
7.937438905180841E+009,-3.680487224744318E+001,-1.591637230020208E+002,
7.941348973607039E+009,-3.711584999634532E+001,-1.772964652539179E+002,
7.945259042033236E+009,-3.742210912197782E+001,1.651434468179933E+002,
7.949169110459433E+009,-3.755344620309836E+001,1.483036525884785E+002,
7.953079178885631E+009,-3.782635440082114E+001,1.307368463574318E+002,
7.956989247311829E+009,-3.781109081124506E+001,1.133434786435837E+002,
7.960899315738026E+009,-3.778052630097663E+001,9.496709098617690E+001,
7.964809384164223E+009,-3.792634796179402E+001,7.588678135362495E+001,
7.968719452590420E+009,-3.828214726457794E+001,5.730350146674075E+001,
7.972629521016618E+009,-3.872985941659238E+001,4.068043565427459E+001,
7.976539589442816E+009,-3.877759582121209E+001,2.446958231805522E+001,
7.980449657869013E+009,-3.870769315607068E+001,6.784620752772629E+000,
7.984359726295210E+009,-3.885501858754794E+001,-1.144339389615528E+001,
7.988269794721408E+009,-3.890264557376880E+001,-2.954201665218016E+001,
7.992179863147605E+009,-3.905041461097054E+001,-4.828658635601182E+001,
7.996089931573803E+009,-3.940604974698584E+001,-6.724484133522837E+001,
8.000000000000000E+009,-3.964609415944052E+001,-8.433156535506221E+001,
