% Version 1.00
%
%freq[Hz];db:Trc1_S21;ang:Trc1_S21;
4.000000000000000E+009,-2.924583224623439E+001,-1.175663984422917E+002,
4.003910068426198E+009,-2.904820234993482E+001,-1.399895335515568E+002,
4.007820136852395E+009,-2.878247486913976E+001,-1.627142499137574E+002,
4.011730205278593E+009,-2.858544834158566E+001,1.757889841064111E+002,
4.015640273704790E+009,-2.832338826883579E+001,1.531845955002698E+002,
4.019550342130987E+009,-2.843493259129844E+001,1.308550398176933E+002,
4.023460410557185E+009,-2.851081525239483E+001,1.125876683126429E+002,
4.027370478983382E+009,-2.838104074858457E+001,9.349775567046159E+001,
4.031280547409580E+009,-2.794408917173734E+001,7.377211814726326E+001,
4.035190615835777E+009,-2.767949150212057E+001,5.312060458260379E+001,
4.039100684261975E+009,-2.745905525270098E+001,3.324056915553020E+001,
4.043010752688172E+009,-2.725452926179415E+001,1.321008307073906E+001,
4.046920821114369E+009,-2.703733812790999E+001,-7.421214040285143E+000,
4.050830889540567E+009,-2.713628861561155E+001,-2.762576294871997E+001,
4.054740957966765E+009,-2.702679168856313E+001,-4.684853194662249E+001,
4.058651026392962E+009,-2.702269509628830E+001,-6.543077864175028E+001,
4.062561094819160E+009,-2.696812932212839E+001,-8.350778908087129E+001,
4.066471163245357E+009,-2.662147220300454E+001,-1.010802504035740E+002,
4.070381231671554E+009,-2.647127137144062E+001,-1.209381077728159E+002,
4.074291300097752E+009,-2.628963451301662E+001,-1.391343140988546E+002,
4.078201368523949E+009,-2.591373035872174E+001,-1.582966526397028E+002,
4.082111436950147E+009,-2.577240951343012E+001,-1.778131400889820E+002,
4.086021505376344E+009,-2.563172992679564E+001,1.632624541263994E+002,
4.089931573802542E+009,-2.543657726716606E+001,1.445737984050045E+002,
4.093841642228739E+009,-2.521414999375469E+001,1.258270065248350E+002,
4.097751710654936E+009,-2.515341244889852E+001,1.052004447105024E+002,
4.101661779081134E+009,-2.505008548864966E+001,8.709851652053222E+001,
4.105571847507331E+009,-2.501046342758149E+001,6.866412889104076E+001,
4.109481915933529E+009,-2.474485604799533E+001,5.055966369538862E+001,
4.113391984359726E+009,-2.460126128693312E+001,3.156355311477948E+001,
4.117302052785924E+009,-2.438268984889946E+001,1.337580271867079E+001,
4.121212121212121E+009,-2.416049258860738E+001,-5.634211468614313E+000,
4.125122189638319E+009,-2.396263037133654E+001,-2.492599511274668E+001,
4.129032258064516E+009,-2.370848654848833E+001,-4.419217835755192E+001,
4.132942326490714E+009,-2.353258362603740E+001,-6.434458850088622E+001,
4.136852394916911E+009,-2.355778675682892E+001,-8.367373662761480E+001,
4.140762463343109E+009,-2.352351368843613E+001,-1.020533053958749E+002,
4.144672531769306E+009,-2.342628539479525E+001,-1.208605915227415E+002,
4.148582600195503E+009,-2.315911084117908E+001,-1.396561796904117E+002,
4.152492668621701E+009,-2.301927104188884E+001,-1.595657526991077E+002,
4.156402737047898E+009,-2.296358376607915E+001,1.799552730020673E+002,
4.160312805474096E+009,-2.302635174960522E+001,1.609069500331972E+002,
4.164222873900293E+009,-2.306006347404137E+001,1.417691562725611E+002,
4.168132942326491E+009,-2.293392748068833E+001,1.225577273870739E+002,
4.172043010752688E+009,-2.291183320740533E+001,1.026279330870232E+002,
4.175953079178886E+009,-2.297746854089997E+001,8.279220169610471E+001,
4.179863147605083E+009,-2.308748430728922E+001,6.302361962668508E+001,
4.183773216031281E+009,-2.324772759654227E+001,4.416946165831590E+001,
4.187683284457478E+009,-2.330432600622416E+001,2.513550381995295E+001,
4.191593352883676E+009,-2.340312730981759E+001,5.599241355315989E+000,
4.195503421309873E+009,-2.353007085983731E+001,-1.371474380558040E+001,
4.199413489736071E+009,-2.378576381996189E+001,-3.213263317136742E+001,
4.203323558162268E+009,-2.392220533645820E+001,-5.060080728461981E+001,
4.207233626588465E+009,-2.402416960892213E+001,-6.958238088970222E+001,
4.211143695014663E+009,-2.422828474377503E+001,-8.818112194905687E+001,
4.215053763440860E+009,-2.445906247242280E+001,-1.072712572799735E+002,
4.218963831867058E+009,-2.473525409453040E+001,-1.249182787651573E+002,
4.222873900293255E+009,-2.491687865709590E+001,-1.428707021566275E+002,
4.226783968719452E+009,-2.510920852940852E+001,-1.599422232019757E+002,
4.230694037145650E+009,-2.504167330889297E+001,-1.778745161223624E+002,
4.234604105571847E+009,-2.511029437856076E+001,1.629519159990137E+002,
4.238514173998045E+009,-2.535622571013341E+001,1.437489673760343E+002,
4.242424242424243E+009,-2.554923513380461E+001,1.245381925714198E+002,
4.246334310850440E+009,-2.602429892973772E+001,1.057816087533597E+002,
4.250244379276638E+009,-2.635704741065838E+001,8.966050222958134E+001,
4.254154447702835E+009,-2.641368919820787E+001,7.167821958874114E+001,
4.258064516129032E+009,-2.656899858123443E+001,5.388172815132444E+001,
4.261974584555230E+009,-2.675335969083720E+001,3.441143134227283E+001,
4.265884652981427E+009,-2.709733163253416E+001,1.461729270497269E+001,
4.269794721407625E+009,-2.769024798463972E+001,-3.542951107800923E+000,
4.273704789833822E+009,-2.822274292356893E+001,-2.042265732825892E+001,
4.277614858260019E+009,-2.870382837603184E+001,-3.838980902946484E+001,
4.281524926686217E+009,-2.938810186661613E+001,-5.458223587322286E+001,
4.285434995112414E+009,-2.987586665671030E+001,-7.000659302649355E+001,
4.289345063538612E+009,-3.023253133986761E+001,-8.543675313203627E+001,
4.293255131964809E+009,-3.068163331787278E+001,-1.006885750366285E+002,
4.297165200391007E+009,-3.102797460280788E+001,-1.160259423751353E+002,
4.301075268817205E+009,-3.114347614209221E+001,-1.283559309913012E+002,
4.304985337243402E+009,-3.101815792763771E+001,-1.428040589241516E+002,
4.308895405669600E+009,-3.134937417667407E+001,-1.592346637030256E+002,
4.312805474095797E+009,-3.136711765250047E+001,-1.730401866059779E+002,
4.316715542521994E+009,-3.133021285973996E+001,1.716287631656965E+002,
4.320625610948192E+009,-3.135094627246859E+001,1.565375700433077E+002,
4.324535679374389E+009,-3.113640208479911E+001,1.421468967202864E+002,
4.328445747800587E+009,-3.096105485246281E+001,1.249952977040039E+002,
4.332355816226784E+009,-3.091152632743181E+001,1.079970133063116E+002,
4.336265884652982E+009,-3.076857493700251E+001,9.206423613951074E+001,
4.340175953079179E+009,-3.061713264675933E+001,7.622187979109197E+001,
4.344086021505377E+009,-3.034800502976478E+001,5.891026707762116E+001,
4.347996089931574E+009,-3.037057087650392E+001,4.209998588037466E+001,
4.351906158357771E+009,-3.008575177503612E+001,2.423564138535184E+001,
4.355816226783969E+009,-3.007340490950999E+001,6.343529828366772E+000,
4.359726295210166E+009,-2.990988947857670E+001,-1.125127762335764E+001,
4.363636363636364E+009,-2.974512657095647E+001,-2.951741486330698E+001,
4.367546432062561E+009,-2.974204587121993E+001,-4.860260644024321E+001,
4.371456500488758E+009,-2.967318562004088E+001,-6.891025719081569E+001,
4.375366568914956E+009,-3.019867173988003E+001,-8.874349528819347E+001,
4.379276637341153E+009,-3.042671242181001E+001,-1.076787069657022E+002,
4.383186705767351E+009,-3.094308715857671E+001,-1.252442137594058E+002,
4.387096774193548E+009,-3.122218617317387E+001,-1.412114767710000E+002,
4.391006842619746E+009,-3.120403707101755E+001,-1.592626352928723E+002,
4.394916911045943E+009,-3.126269268041419E+001,-1.785022387400946E+002,
4.398826979472141E+009,-3.179510457757067E+001,1.602520292201225E+002,
4.402737047898338E+009,-3.262613837812570E+001,1.417140219521901E+002,
4.406647116324535E+009,-3.343566673240319E+001,1.244583836751404E+002,
4.410557184750733E+009,-3.417582789378640E+001,1.081860210603223E+002,
4.414467253176930E+009,-3.504539073707069E+001,9.128240157277550E+001,
4.418377321603128E+009,-3.587934676230334E+001,7.730167525156402E+001,
4.422287390029326E+009,-3.677337839831765E+001,6.267270745785291E+001,
4.426197458455523E+009,-3.770178821758457E+001,4.951943956932495E+001,
4.430107526881721E+009,-3.853785409456972E+001,3.923053148501266E+001,
4.434017595307918E+009,-3.922710598684124E+001,3.094792383299488E+001,
4.437927663734116E+009,-3.923297361118345E+001,2.514219757267744E+001,
4.441837732160313E+009,-3.871888975135212E+001,1.603854405013407E+001,
4.445747800586511E+009,-3.814434901304409E+001,4.306229639246070E+000,
4.449657869012708E+009,-3.754604893693329E+001,-8.043411629583174E+000,
4.453567937438905E+009,-3.690009512391840E+001,-2.165896349861975E+001,
4.457478005865103E+009,-3.614493292869508E+001,-3.613656105821326E+001,
4.461388074291300E+009,-3.558026757093165E+001,-5.390012446551324E+001,
4.465298142717498E+009,-3.518394322028746E+001,-7.118467719259948E+001,
4.469208211143695E+009,-3.491117530759695E+001,-8.834791609340196E+001,
4.473118279569893E+009,-3.469129602081261E+001,-1.052966647416578E+002,
4.477028347996090E+009,-3.459553325149791E+001,-1.225865331724189E+002,
4.480938416422287E+009,-3.451799298111687E+001,-1.383653661690483E+002,
4.484848484848485E+009,-3.431709802909029E+001,-1.548537526499165E+002,
4.488758553274682E+009,-3.394716079225531E+001,-1.719304835144566E+002,
4.492668621700880E+009,-3.367673488396189E+001,1.695132984287981E+002,
4.496578690127077E+009,-3.391201871906139E+001,1.509033019530651E+002,
4.500488758553275E+009,-3.398164974409289E+001,1.347515011646158E+002,
4.504398826979472E+009,-3.392448110569900E+001,1.182424732819180E+002,
4.508308895405669E+009,-3.383763270229781E+001,1.014771794422445E+002,
4.512218963831867E+009,-3.385076082479853E+001,8.269073597655408E+001,
4.516129032258064E+009,-3.416535480974857E+001,6.539531157581314E+001,
4.520039100684262E+009,-3.439129438964043E+001,4.704042782861517E+001,
4.523949169110459E+009,-3.482848589203146E+001,3.222759369299144E+001,
4.527859237536657E+009,-3.489040841244287E+001,1.658015138903978E+001,
4.531769305962854E+009,-3.503359460201206E+001,5.201162604175411E-002,
4.535679374389051E+009,-3.536111751533005E+001,-1.663331558257958E+001,
4.539589442815249E+009,-3.585817944366801E+001,-3.101485157282146E+001,
4.543499511241447E+009,-3.588582450204746E+001,-4.539925726155822E+001,
4.547409579667645E+009,-3.620011377654483E+001,-6.141362749314835E+001,
4.551319648093842E+009,-3.645338219170312E+001,-7.542709442210406E+001,
4.555229716520039E+009,-3.661701841547355E+001,-8.905580701239627E+001,
4.559139784946237E+009,-3.669402528704105E+001,-1.017264792826693E+002,
4.563049853372434E+009,-3.651060878462132E+001,-1.159284715222454E+002,
4.566959921798632E+009,-3.629616006499489E+001,-1.298473902654776E+002,
4.570869990224829E+009,-3.618216734528014E+001,-1.455886268539326E+002,
4.574780058651027E+009,-3.613332189313490E+001,-1.616365421629405E+002,
4.578690127077224E+009,-3.631075722073338E+001,-1.753624701659319E+002,
4.582600195503422E+009,-3.614607624877128E+001,1.719523850071261E+002,
4.586510263929619E+009,-3.567595783841286E+001,1.573878274755740E+002,
4.590420332355816E+009,-3.532842873083403E+001,1.400256537520042E+002,
4.594330400782014E+009,-3.544309142881144E+001,1.239022852362705E+002,
4.598240469208211E+009,-3.534588751170640E+001,1.098224558467075E+002,
4.602150537634409E+009,-3.531299444549948E+001,9.415613069589925E+001,
4.606060606060606E+009,-3.527030744375767E+001,8.137614867294752E+001,
4.609970674486803E+009,-3.460325120261914E+001,6.696343439223296E+001,
4.613880742913001E+009,-3.412193400593023E+001,4.900706691008689E+001,
4.617790811339198E+009,-3.420910259303436E+001,3.037560729226519E+001,
4.621700879765396E+009,-3.438726614237592E+001,1.487101020611726E+001,
4.625610948191593E+009,-3.442739861142184E+001,3.418672954822324E-001,
4.629521016617791E+009,-3.434086398274611E+001,-1.313529688201878E+001,
4.633431085043988E+009,-3.399676019862107E+001,-2.828220972091703E+001,
4.637341153470186E+009,-3.368249566397881E+001,-4.406818254771277E+001,
4.641251221896383E+009,-3.352974698608256E+001,-5.926092748857884E+001,
4.645161290322580E+009,-3.326752065780229E+001,-7.434269864789093E+001,
4.649071358748778E+009,-3.301267688350477E+001,-8.943983926449967E+001,
4.652981427174975E+009,-3.246681296451921E+001,-1.052703062538879E+002,
4.656891495601173E+009,-3.206709109530018E+001,-1.223177105836082E+002,
4.660801564027371E+009,-3.200514151015481E+001,-1.401686350746100E+002,
4.664711632453568E+009,-3.191786700890429E+001,-1.553849573016647E+002,
4.668621700879766E+009,-3.155127986108110E+001,-1.706602720630889E+002,
4.672531769305963E+009,-3.120389955168568E+001,1.727159646360804E+002,
4.676441837732161E+009,-3.078926766688746E+001,1.551173933895737E+002,
4.680351906158358E+009,-3.074726530178848E+001,1.381549788353627E+002,
4.684261974584556E+009,-3.049717038764868E+001,1.222740452526659E+002,
4.688172043010753E+009,-3.028202739871539E+001,1.045587404839531E+002,
4.692082111436951E+009,-3.018546642128247E+001,8.855496724959929E+001,
4.695992179863148E+009,-2.990083503270024E+001,7.235255350605364E+001,
4.699902248289345E+009,-2.960683092301895E+001,5.513441492048111E+001,
4.703812316715543E+009,-2.936152630426075E+001,3.779790216794281E+001,
4.707722385141740E+009,-2.906379718391177E+001,2.087861257963945E+001,
4.711632453567938E+009,-2.886370620314683E+001,3.040654388972932E+000,
4.715542521994135E+009,-2.888763938266155E+001,-1.344877871947175E+001,
4.719452590420332E+009,-2.870122744034426E+001,-3.001851194765405E+001,
4.723362658846530E+009,-2.859161793985240E+001,-4.648217604666929E+001,
4.727272727272727E+009,-2.835792313578983E+001,-6.338702561945734E+001,
4.731182795698925E+009,-2.813710752056428E+001,-8.020505782653861E+001,
4.735092864125122E+009,-2.780778694470389E+001,-9.719595717729486E+001,
4.739002932551320E+009,-2.762701863805534E+001,-1.140738319595999E+002,
4.742913000977517E+009,-2.741131159069919E+001,-1.308615129437249E+002,
4.746823069403714E+009,-2.713178732383913E+001,-1.482520278624202E+002,
4.750733137829912E+009,-2.682458059159150E+001,-1.662899402567992E+002,
4.754643206256109E+009,-2.682273287729475E+001,1.761800072024998E+002,
4.758553274682307E+009,-2.664113980238243E+001,1.594940989669328E+002,
4.762463343108504E+009,-2.631926804157725E+001,1.430900302833438E+002,
4.766373411534702E+009,-2.608324304053053E+001,1.256511729663412E+002,
4.770283479960899E+009,-2.580084853348823E+001,1.076874532769781E+002,
4.774193548387096E+009,-2.549593982817165E+001,8.935870043419727E+001,
4.778103616813294E+009,-2.538247427932253E+001,7.070842872465479E+001,
4.782013685239492E+009,-2.532489872016650E+001,5.237714509320988E+001,
4.785923753665690E+009,-2.532699463500092E+001,3.502859754990908E+001,
4.789833822091887E+009,-2.513362417071901E+001,1.758005864965004E+001,
4.793743890518084E+009,-2.497784844815179E+001,-4.279712130546621E-001,
4.797653958944282E+009,-2.490999515266595E+001,-1.850464444783574E+001,
4.801564027370479E+009,-2.485528858451580E+001,-3.602072789304178E+001,
4.805474095796677E+009,-2.469499861358542E+001,-5.376318725629292E+001,
4.809384164222874E+009,-2.455282940880010E+001,-7.181977481430305E+001,
4.813294232649072E+009,-2.443900144500219E+001,-9.040679959224725E+001,
4.817204301075269E+009,-2.447636170345799E+001,-1.086042492378589E+002,
4.821114369501467E+009,-2.443769438307059E+001,-1.268636947892565E+002,
4.825024437927664E+009,-2.457460337849336E+001,-1.446127089459142E+002,
4.828934506353861E+009,-2.459811317547162E+001,-1.625508301906134E+002,
4.832844574780059E+009,-2.464045034624496E+001,-1.798157126788528E+002,
4.836754643206256E+009,-2.459089686279409E+001,1.631156931573858E+002,
4.840664711632454E+009,-2.457481461455927E+001,1.459074595144217E+002,
4.844574780058651E+009,-2.451050720467786E+001,1.282743596967767E+002,
4.848484848484848E+009,-2.443145916954125E+001,1.105614023670132E+002,
4.852394916911046E+009,-2.435259861898591E+001,9.285785623185564E+001,
4.856304985337243E+009,-2.425041363633972E+001,7.469872383321720E+001,
4.860215053763441E+009,-2.432402263400412E+001,5.639073673836049E+001,
4.864125122189638E+009,-2.431472020393322E+001,3.945592853762498E+001,
4.868035190615836E+009,-2.420017218152952E+001,2.198758136029605E+001,
4.871945259042033E+009,-2.413459848874539E+001,3.923687914566302E+000,
4.875855327468231E+009,-2.409133238821230E+001,-1.443022333377073E+001,
4.879765395894428E+009,-2.404030210839991E+001,-3.273769419856588E+001,
4.883675464320625E+009,-2.400629788665165E+001,-5.057399973696960E+001,
4.887585532746823E+009,-2.388440008883705E+001,-6.872940740784959E+001,
4.891495601173020E+009,-2.383837260182165E+001,-8.761684892485846E+001,
4.895405669599218E+009,-2.395799971754732E+001,-1.072375659283641E+002,
4.899315738025415E+009,-2.416198692016574E+001,-1.254110306229503E+002,
4.903225806451613E+009,-2.425782820548788E+001,-1.437535341704745E+002,
4.907135874877811E+009,-2.432827238303377E+001,-1.613360254907794E+002,
4.911045943304008E+009,-2.430050240843657E+001,-1.797473221702569E+002,
4.914956011730206E+009,-2.445963772004852E+001,1.613104206253330E+002,
4.918866080156403E+009,-2.454992589917199E+001,1.428784974037525E+002,
4.922776148582601E+009,-2.475487859936237E+001,1.239377518742892E+002,
4.926686217008798E+009,-2.501570379042308E+001,1.060119919470174E+002,
4.930596285434996E+009,-2.520958872047872E+001,8.801964890935236E+001,
4.934506353861193E+009,-2.537684274415995E+001,6.991396699918697E+001,
4.938416422287390E+009,-2.560338093097238E+001,5.202991738214337E+001,
4.942326490713588E+009,-2.583547431943251E+001,3.395215869226190E+001,
4.946236559139785E+009,-2.614732877305250E+001,1.575523230448443E+001,
4.950146627565983E+009,-2.632533035455244E+001,-2.038628093362719E+000,
4.954056695992180E+009,-2.666594967195099E+001,-1.976500255795493E+001,
4.957966764418377E+009,-2.691310960921805E+001,-3.728808647191195E+001,
4.961876832844575E+009,-2.724877984246021E+001,-5.414689665349708E+001,
4.965786901270772E+009,-2.750327718164743E+001,-7.022282935587252E+001,
4.969696969696970E+009,-2.762319694351060E+001,-8.783940439084682E+001,
4.973607038123167E+009,-2.781076748834557E+001,-1.050057657012142E+002,
4.977517106549365E+009,-2.806787861609244E+001,-1.221133142297062E+002,
4.981427174975562E+009,-2.822136076523631E+001,-1.394579292015021E+002,
4.985337243401759E+009,-2.832831517233517E+001,-1.568040234425287E+002,
4.989247311827957E+009,-2.861854032755222E+001,-1.742466001185829E+002,
4.993157380254154E+009,-2.884650996894016E+001,1.679081520195938E+002,
4.997067448680352E+009,-2.919589979306638E+001,1.501552921016973E+002,
5.000977517106549E+009,-2.955536107106795E+001,1.328402608767800E+002,
5.004887585532747E+009,-2.980499585212930E+001,1.160378303155237E+002,
5.008797653958944E+009,-2.984790548420886E+001,9.860425756351648E+001,
5.012707722385141E+009,-3.036949786688190E+001,8.058070738367027E+001,
5.016617790811339E+009,-3.085876107635256E+001,6.372132452159354E+001,
5.020527859237536E+009,-3.128255661072751E+001,4.675429328494771E+001,
5.024437927663734E+009,-3.143641916377568E+001,3.073063672906726E+001,
5.028347996089932E+009,-3.191536551878217E+001,1.337770883935786E+001,
5.032258064516129E+009,-3.245851557256100E+001,-4.089747105661196E+000,
5.036168132942327E+009,-3.313871118636624E+001,-2.248130219587272E+001,
5.040078201368524E+009,-3.389309932190988E+001,-3.676730376095274E+001,
5.043988269794722E+009,-3.438188850861170E+001,-5.036891122370317E+001,
5.047898338220919E+009,-3.485578465533806E+001,-6.498925396256449E+001,
5.051808406647117E+009,-3.525660725026959E+001,-7.772007391203186E+001,
5.055718475073314E+009,-3.549625926712560E+001,-9.211755080713934E+001,
5.059628543499512E+009,-3.568253724039263E+001,-1.052676190735745E+002,
5.063538611925709E+009,-3.566636186480415E+001,-1.204832823506837E+002,
5.067448680351906E+009,-3.592240411143264E+001,-1.362378715278360E+002,
5.071358748778104E+009,-3.623822913894523E+001,-1.513650493214467E+002,
5.075268817204301E+009,-3.669466970099955E+001,-1.657957818358831E+002,
5.079178885630499E+009,-3.704765267113365E+001,-1.793511645162727E+002,
5.083088954056696E+009,-3.729670032128246E+001,1.675588287464238E+002,
5.086999022482893E+009,-3.742704636707653E+001,1.551864659239787E+002,
5.090909090909091E+009,-3.749696112831619E+001,1.429960567975801E+002,
5.094819159335288E+009,-3.730372789300336E+001,1.291774189228519E+002,
5.098729227761486E+009,-3.735228875567795E+001,1.154118991301983E+002,
5.102639296187683E+009,-3.719488662463652E+001,1.023572813059379E+002,
5.106549364613881E+009,-3.707441803242886E+001,8.721362893496810E+001,
5.110459433040078E+009,-3.711750680615602E+001,7.312666640456700E+001,
5.114369501466276E+009,-3.691432436294929E+001,5.978995456799323E+001,
5.118279569892473E+009,-3.699533327110387E+001,4.643184116936244E+001,
5.122189638318670E+009,-3.665956753255133E+001,3.388295356016118E+001,
5.126099706744868E+009,-3.628844224665515E+001,2.059201106204958E+001,
5.130009775171065E+009,-3.590886253736721E+001,6.369228871992927E+000,
5.133919843597263E+009,-3.531984252743178E+001,-8.996123100728626E+000,
5.137829912023460E+009,-3.487329974905724E+001,-2.492926723151329E+001,
5.141739980449657E+009,-3.460040105405633E+001,-4.172093600631711E+001,
5.145650048875855E+009,-3.422526048400328E+001,-5.768719000514800E+001,
5.149560117302053E+009,-3.396430184980063E+001,-7.444266031361809E+001,
5.153470185728251E+009,-3.354036959647472E+001,-9.036582374587337E+001,
5.157380254154448E+009,-3.320558340033404E+001,-1.080650753297572E+002,
5.161290322580645E+009,-3.305286004102853E+001,-1.250230481626342E+002,
5.165200391006843E+009,-3.286008734406383E+001,-1.423112264269460E+002,
5.169110459433041E+009,-3.275744398347661E+001,-1.594623894872495E+002,
5.173020527859238E+009,-3.263932605815066E+001,-1.760302342805905E+002,
5.176930596285435E+009,-3.242494820672540E+001,1.679591921168308E+002,
5.180840664711633E+009,-3.213938841583641E+001,1.507283144149388E+002,
5.184750733137830E+009,-3.194864053660894E+001,1.329506406428839E+002,
5.188660801564028E+009,-3.187815288794889E+001,1.152962307338207E+002,
5.192570869990225E+009,-3.189346081968136E+001,9.797059720062391E+001,
5.196480938416422E+009,-3.187088810996200E+001,8.123457608468300E+001,
5.200391006842620E+009,-3.175313099013559E+001,6.454649347332699E+001,
5.204301075268817E+009,-3.174772000955811E+001,4.811738030624525E+001,
5.208211143695015E+009,-3.168467984679144E+001,3.144485126738977E+001,
5.212121212121212E+009,-3.157913650886759E+001,1.538883391280959E+001,
5.216031280547409E+009,-3.140838828891113E+001,-1.039487929498770E+000,
5.219941348973607E+009,-3.121800926468337E+001,-1.807827711010856E+001,
5.223851417399805E+009,-3.105529606880115E+001,-3.518561188087625E+001,
5.227761485826002E+009,-3.097909812799335E+001,-5.289252522028102E+001,
5.231671554252199E+009,-3.093318714015246E+001,-7.027541978735825E+001,
5.235581622678397E+009,-3.087378773745671E+001,-8.689296472278326E+001,
5.239491691104594E+009,-3.079003138265296E+001,-1.039801830746666E+002,
5.243401759530792E+009,-3.068916613766202E+001,-1.212485803607588E+002,
5.247311827956989E+009,-3.069091242381085E+001,-1.386955844069900E+002,
5.251221896383186E+009,-3.063946310174452E+001,-1.552475016443811E+002,
5.255131964809384E+009,-3.058833103907835E+001,-1.725517770371651E+002,
5.259042033235581E+009,-3.064516590011774E+001,1.705598762836125E+002,
5.262952101661779E+009,-3.040579355822260E+001,1.537781831576410E+002,
5.266862170087977E+009,-3.030766718593054E+001,1.369706957771760E+002,
5.270772238514174E+009,-3.049348545418425E+001,1.189078751825693E+002,
5.274682306940372E+009,-3.038910039679944E+001,1.020510499373999E+002,
5.278592375366570E+009,-3.038226024864611E+001,8.472144315438001E+001,
5.282502443792767E+009,-3.030513144576394E+001,6.787787109250593E+001,
5.286412512218964E+009,-3.035283091619290E+001,5.020910421016249E+001,
5.290322580645162E+009,-3.050843391125023E+001,3.270133433470405E+001,
5.294232649071359E+009,-3.053940376433040E+001,1.642254702165083E+001,
5.298142717497557E+009,-3.054107905848618E+001,-3.632152790389386E-001,
5.302052785923754E+009,-3.055395999480186E+001,-1.633420222681500E+001,
5.305962854349951E+009,-3.048581248296800E+001,-3.334861670754379E+001,
5.309872922776149E+009,-3.046961379329233E+001,-4.993159230310631E+001,
5.313782991202346E+009,-3.051731149190509E+001,-6.707970997141034E+001,
5.317693059628544E+009,-3.048477887782089E+001,-8.371513975265282E+001,
5.321603128054741E+009,-3.043965020195908E+001,-9.847618462562645E+001,
5.325513196480938E+009,-3.029058539770237E+001,-1.154077602020885E+002,
5.329423264907136E+009,-3.020453561464944E+001,-1.326180847122525E+002,
5.333333333333333E+009,-3.023576652016553E+001,-1.487496978738356E+002,
5.337243401759531E+009,-3.012037230650709E+001,-1.655077417263823E+002,
5.341153470185728E+009,-3.009210637283188E+001,1.776930362800109E+002,
5.345063538611926E+009,-3.002352618480947E+001,1.610541851813827E+002,
5.348973607038123E+009,-3.004948732316976E+001,1.442892461682895E+002,
5.352883675464321E+009,-3.003285000478281E+001,1.280186983515561E+002,
5.356793743890518E+009,-2.986364376157618E+001,1.112949055312958E+002,
5.360703812316715E+009,-2.978501109980594E+001,9.463197792635866E+001,
5.364613880742913E+009,-2.969273671886712E+001,7.804376071363500E+001,
5.368523949169110E+009,-2.974808867576864E+001,6.103050650387345E+001,
5.372434017595308E+009,-2.940849368121370E+001,4.542406671320840E+001,
5.376344086021505E+009,-2.916515767231392E+001,2.775957963196098E+001,
5.380254154447702E+009,-2.899107290482641E+001,1.118185732810802E+001,
5.384164222873900E+009,-2.905333556239042E+001,-6.937443962524781E+000,
5.388074291300098E+009,-2.895137025990614E+001,-2.342279834344127E+001,
5.391984359726296E+009,-2.869445336382626E+001,-3.965343705014839E+001,
5.395894428152493E+009,-2.847458805976718E+001,-5.740706867555819E+001,
5.399804496578690E+009,-2.825519005947984E+001,-7.550558021527293E+001,
5.403714565004888E+009,-2.822696444094944E+001,-9.335487703645168E+001,
5.407624633431086E+009,-2.813264692553160E+001,-1.110536033877631E+002,
5.411534701857283E+009,-2.820694527760080E+001,-1.282340747780476E+002,
5.415444770283480E+009,-2.805602954397269E+001,-1.453490138481582E+002,
5.419354838709678E+009,-2.792718163997522E+001,-1.618198175373438E+002,
5.423264907135875E+009,-2.770200295137918E+001,-1.799600468001661E+002,
5.427174975562073E+009,-2.761197385174043E+001,1.616469078405406E+002,
5.431085043988270E+009,-2.751153028674177E+001,1.444698752921277E+002,
5.434995112414467E+009,-2.737655593109264E+001,1.268788772789620E+002,
5.438905180840665E+009,-2.718988275827051E+001,1.085330746154897E+002,
5.442815249266862E+009,-2.713217084768951E+001,9.061108775324205E+001,
5.446725317693060E+009,-2.712198491498905E+001,7.309171180273964E+001,
5.450635386119257E+009,-2.697211986674305E+001,5.431019531640672E+001,
5.454545454545454E+009,-2.693514017024107E+001,3.682042298091164E+001,
5.458455522971652E+009,-2.678970609763795E+001,1.823065350280572E+001,
5.462365591397850E+009,-2.676153587094443E+001,-2.442590659129737E-002,
5.466275659824047E+009,-2.671888489313536E+001,-1.794387837685357E+001,
5.470185728250244E+009,-2.667916972000189E+001,-3.627444392251358E+001,
5.474095796676442E+009,-2.668958294531526E+001,-5.490510163419485E+001,
5.478005865102639E+009,-2.663491701593948E+001,-7.300465897726625E+001,
5.481915933528837E+009,-2.655437174630167E+001,-9.115185201869676E+001,
5.485826001955034E+009,-2.657896497666324E+001,-1.105567767375383E+002,
5.489736070381231E+009,-2.667973962321473E+001,-1.289783065813096E+002,
5.493646138807429E+009,-2.668932247906181E+001,-1.470614988525822E+002,
5.497556207233626E+009,-2.660891131082104E+001,-1.656628293500368E+002,
5.501466275659824E+009,-2.666556367985112E+001,1.751943478316938E+002,
5.505376344086021E+009,-2.682423481157208E+001,1.565657546539711E+002,
5.509286412512219E+009,-2.692273097380600E+001,1.383889845456883E+002,
5.513196480938417E+009,-2.695034354429616E+001,1.201560285940096E+002,
5.517106549364615E+009,-2.703171702694267E+001,1.018435054749786E+002,
5.521016617790812E+009,-2.727327554012319E+001,8.282722436146074E+001,
5.524926686217009E+009,-2.738922253534453E+001,6.563541377435605E+001,
5.528836754643207E+009,-2.749776013137526E+001,4.639885752439175E+001,
5.532746823069404E+009,-2.760104111905309E+001,2.857547161826487E+001,
5.536656891495602E+009,-2.772854463614971E+001,1.063121672285016E+001,
5.540566959921799E+009,-2.777081150512856E+001,-7.414891074680175E+000,
5.544477028347996E+009,-2.789964151506599E+001,-2.638808614172676E+001,
5.548387096774194E+009,-2.801952811559449E+001,-4.513620239305552E+001,
5.552297165200391E+009,-2.830407425940795E+001,-6.397907129573966E+001,
5.556207233626589E+009,-2.850150394543062E+001,-8.184371935532501E+001,
5.560117302052786E+009,-2.873616659008624E+001,-9.902968995717451E+001,
5.564027370478983E+009,-2.886923220257562E+001,-1.169800441763537E+002,
5.567937438905181E+009,-2.895045487745484E+001,-1.350014308607213E+002,
5.571847507331378E+009,-2.908215309231459E+001,-1.540037837883211E+002,
5.575757575757576E+009,-2.939972534700697E+001,-1.719755752779344E+002,
5.579667644183773E+009,-2.962982549649368E+001,1.698780689384123E+002,
5.583577712609971E+009,-2.960586498965551E+001,1.522617952747802E+002,
5.587487781036168E+009,-2.980455841476529E+001,1.331483948832354E+002,
5.591397849462366E+009,-3.012472583454674E+001,1.157601706345295E+002,
5.595307917888563E+009,-3.036477320707052E+001,9.746025637285676E+001,
5.599217986314760E+009,-3.061610535107959E+001,7.955378754056412E+001,
5.603128054740958E+009,-3.084053138704849E+001,6.177433903148456E+001,
5.607038123167155E+009,-3.099079177799660E+001,4.409748178126253E+001,
5.610948191593353E+009,-3.115516240856240E+001,2.504414138152666E+001,
5.614858260019550E+009,-3.134627215372088E+001,7.546345108223687E+000,
5.618768328445747E+009,-3.145525186722813E+001,-1.091626781823196E+001,
5.622678396871945E+009,-3.168880373752586E+001,-2.924974338859114E+001,
5.626588465298142E+009,-3.185118733577802E+001,-4.965170888427382E+001,
5.630498533724340E+009,-3.220628285415275E+001,-6.804775724593304E+001,
5.634408602150538E+009,-3.253449923484453E+001,-8.638809366893442E+001,
5.638318670576735E+009,-3.289255095286070E+001,-1.057443934444273E+002,
5.642228739002933E+009,-3.334248020452368E+001,-1.251137730881826E+002,
5.646138807429131E+009,-3.383148432477017E+001,-1.435587937733150E+002,
5.650048875855328E+009,-3.417828086155323E+001,-1.622846456155967E+002,
5.653958944281525E+009,-3.477916614964115E+001,1.786196681465303E+002,
5.657869012707723E+009,-3.527278208663503E+001,1.607262535886966E+002,
5.661779081133920E+009,-3.568578671602278E+001,1.422372195166909E+002,
5.665689149560118E+009,-3.610143551099229E+001,1.234440699963670E+002,
5.669599217986315E+009,-3.667172018101125E+001,1.037342745842673E+002,
5.673509286412512E+009,-3.735185858474508E+001,8.481872395174428E+001,
5.677419354838710E+009,-3.795911891068359E+001,6.549116720672711E+001,
5.681329423264907E+009,-3.863527289527661E+001,4.644001682004685E+001,
5.685239491691105E+009,-3.937773976537230E+001,2.624182992135413E+001,
5.689149560117302E+009,-4.008456273899945E+001,5.847589511347827E+000,
5.693059628543499E+009,-4.087138561955677E+001,-1.550803845844169E+001,
5.696969696969697E+009,-4.172097248308363E+001,-3.937674265990635E+001,
5.700879765395895E+009,-4.332191095359603E+001,-6.346373225883337E+001,
5.704789833822092E+009,-4.461196530007376E+001,-8.529212854513946E+001,
5.708699902248289E+009,-4.654231363628889E+001,-1.154451454605018E+002,
5.712609970674487E+009,-4.876816865640481E+001,-1.392223144129924E+002,
5.716520039100684E+009,-4.943337482605668E+001,-1.700034718415596E+002,
5.720430107526882E+009,-5.017538446361212E+001,1.461566911070370E+002,
5.724340175953079E+009,-5.060755524443917E+001,1.026264437337487E+002,
5.728250244379276E+009,-4.981654373159243E+001,6.186055063550020E+001,
5.732160312805474E+009,-4.833148141005894E+001,3.179179171887393E+001,
5.736070381231671E+009,-4.707525574070105E+001,2.756374421565364E+000,
5.739980449657869E+009,-4.595034615571051E+001,-2.059813023108061E+001,
5.743890518084066E+009,-4.452089467966002E+001,-4.056646420964112E+001,
5.747800586510263E+009,-4.332469742403412E+001,-6.330642497055812E+001,
5.751710654936461E+009,-4.251141629653680E+001,-8.569245640322524E+001,
5.755620723362660E+009,-4.188803452638753E+001,-1.073141360800810E+002,
5.759530791788857E+009,-4.146122674223142E+001,-1.256373071053392E+002,
5.763440860215054E+009,-4.100979384190016E+001,-1.428759673903775E+002,
5.767350928641252E+009,-3.994501802233462E+001,-1.606153546876489E+002,
5.771260997067449E+009,-3.925694203042941E+001,1.777799860020103E+002,
5.775171065493647E+009,-3.920663795261574E+001,1.587404273565666E+002,
5.779081133919844E+009,-3.868381935345162E+001,1.410971513672629E+002,
5.782991202346041E+009,-3.826090746249140E+001,1.221739857237925E+002,
5.786901270772239E+009,-3.802342827048039E+001,1.047686785481405E+002,
5.790811339198436E+009,-3.743482245572943E+001,8.717058385261883E+001,
5.794721407624634E+009,-3.701261383243713E+001,6.867453622299607E+001,
5.798631476050831E+009,-3.673654148131512E+001,4.946719265879972E+001,
5.802541544477028E+009,-3.649716221065753E+001,3.149495071758039E+001,
5.806451612903226E+009,-3.629689423522839E+001,1.278442261742609E+001,
5.810361681329423E+009,-3.613855571300184E+001,-5.495838424392527E+000,
5.814271749755621E+009,-3.590600166863986E+001,-2.287955388329045E+001,
5.818181818181818E+009,-3.575537390745226E+001,-4.196281270539171E+001,
5.822091886608016E+009,-3.564108863182832E+001,-5.921605702878023E+001,
5.826001955034213E+009,-3.549184976608694E+001,-7.644450340742185E+001,
5.829912023460411E+009,-3.531903482496079E+001,-9.336818243851137E+001,
5.833822091886608E+009,-3.506355120096701E+001,-1.120580800090104E+002,
5.837732160312805E+009,-3.491250640421487E+001,-1.302685637501765E+002,
5.841642228739003E+009,-3.488456461170902E+001,-1.484691267888788E+002,
5.845552297165200E+009,-3.495931221861606E+001,-1.662711295616709E+002,
5.849462365591398E+009,-3.514265638946991E+001,1.772856494686274E+002,
5.853372434017595E+009,-3.506761397321788E+001,1.622388494021462E+002,
5.857282502443792E+009,-3.484421295823789E+001,1.463566226351533E+002,
5.861192570869990E+009,-3.440486055383368E+001,1.302136188640101E+002,
5.865102639296187E+009,-3.414414724223874E+001,1.121529483540615E+002,
5.869012707722385E+009,-3.390351692132753E+001,9.550519663954775E+001,
5.872922776148583E+009,-3.363632788374348E+001,7.788989200085274E+001,
5.876832844574780E+009,-3.337813226281170E+001,6.016580274643876E+001,
5.880742913000978E+009,-3.314431112441979E+001,4.215073859436730E+001,
5.884652981427176E+009,-3.300326252663793E+001,2.469226162109639E+001,
5.888563049853373E+009,-3.286372545119845E+001,6.624166083133745E+000,
5.892473118279570E+009,-3.270240509539909E+001,-1.070782791844457E+001,
5.896383186705768E+009,-3.253116707000396E+001,-2.769554332005377E+001,
5.900293255131965E+009,-3.228814624109509E+001,-4.538272423950465E+001,
5.904203323558163E+009,-3.203297155466974E+001,-6.288380696828234E+001,
5.908113391984360E+009,-3.177618418095603E+001,-8.084248953261033E+001,
5.912023460410557E+009,-3.157771068981538E+001,-9.917938791057688E+001,
5.915933528836755E+009,-3.137447642085585E+001,-1.172764769068861E+002,
5.919843597262952E+009,-3.112658759788857E+001,-1.356738605604093E+002,
5.923753665689150E+009,-3.093371959853829E+001,-1.550276703518128E+002,
5.927663734115347E+009,-3.085760581218548E+001,-1.743008462807909E+002,
5.931573802541544E+009,-3.091889516064013E+001,1.668099534958456E+002,
5.935483870967742E+009,-3.095934931978871E+001,1.485460216323018E+002,
5.939393939393940E+009,-3.101198769139684E+001,1.305756549864293E+002,
5.943304007820137E+009,-3.100570931848998E+001,1.128940667573791E+002,
5.947214076246334E+009,-3.109002627304795E+001,9.452772912594335E+001,
5.951124144672532E+009,-3.108689744531068E+001,7.758260082081667E+001,
5.955034213098729E+009,-3.105779130488014E+001,5.975510825249921E+001,
5.958944281524927E+009,-3.101444456392034E+001,4.225481716534965E+001,
5.962854349951124E+009,-3.091284315796310E+001,2.427402911015593E+001,
5.966764418377321E+009,-3.089385609329409E+001,6.100374966191995E+000,
5.970674486803519E+009,-3.092353276276552E+001,-1.233620015302846E+001,
5.974584555229716E+009,-3.109005528550414E+001,-2.998628447395447E+001,
5.978494623655914E+009,-3.117011829210630E+001,-4.657338094511693E+001,
5.982404692082111E+009,-3.106667600950028E+001,-6.326604992421237E+001,
5.986314760508308E+009,-3.094579807966870E+001,-8.126934819497589E+001,
5.990224828934506E+009,-3.096561858774054E+001,-9.935455466284944E+001,
5.994134897360704E+009,-3.110190925378312E+001,-1.162329395148939E+002,
5.998044965786902E+009,-3.099844335728026E+001,-1.330165867954230E+002,
6.001955034213099E+009,-3.088468014103674E+001,-1.504875081018986E+002,
6.005865102639297E+009,-3.080147085607506E+001,-1.687032462591658E+002,
6.009775171065494E+009,-3.071342842089659E+001,1.736661871428532E+002,
6.013685239491692E+009,-3.064640439146251E+001,1.551485563268801E+002,
6.017595307917889E+009,-3.075831707278570E+001,1.372809730292470E+002,
6.021505376344086E+009,-3.085333807511729E+001,1.204172919203734E+002,
6.025415444770284E+009,-3.078440907150110E+001,1.033379555842899E+002,
6.029325513196481E+009,-3.069451978226300E+001,8.606268938692467E+001,
6.033235581622679E+009,-3.061254033691133E+001,6.834776494289076E+001,
6.037145650048876E+009,-3.052561235017334E+001,5.056813534100720E+001,
6.041055718475073E+009,-3.040803445113833E+001,3.249180573299191E+001,
6.044965786901271E+009,-3.036353156243647E+001,1.446459062232006E+001,
6.048875855327468E+009,-3.024246633793103E+001,-3.627276420355830E+000,
6.052785923753666E+009,-3.026413323078267E+001,-2.158870859013559E+001,
6.056695992179863E+009,-3.015688167893600E+001,-3.984060207355923E+001,
6.060606060606061E+009,-3.006770770616445E+001,-5.904712654345987E+001,
6.064516129032258E+009,-3.022308271887805E+001,-7.784667372428963E+001,
6.068426197458456E+009,-3.038835720553301E+001,-9.672681337928290E+001,
6.072336265884653E+009,-3.038447016300103E+001,-1.134283659543999E+002,
6.076246334310850E+009,-3.039844576849314E+001,-1.323654723085805E+002,
6.080156402737048E+009,-3.041483503356852E+001,-1.514311494597739E+002,
6.084066471163245E+009,-3.056665486957770E+001,-1.688075389278459E+002,
6.087976539589443E+009,-3.060339899231749E+001,1.727932486459946E+002,
6.091886608015640E+009,-3.069831933321332E+001,1.536454086990277E+002,
6.095796676441837E+009,-3.091089460438225E+001,1.349062868096272E+002,
6.099706744868035E+009,-3.109180314735598E+001,1.164562436826490E+002,
6.103616813294232E+009,-3.127813396580459E+001,9.846252465818179E+001,
6.107526881720430E+009,-3.140081137595448E+001,8.184925118324863E+001,
6.111436950146627E+009,-3.144334456168086E+001,6.403377931834109E+001,
6.115347018572825E+009,-3.140809165744109E+001,4.576354809554043E+001,
6.119257086999023E+009,-3.160633641248555E+001,2.611652946877524E+001,
6.123167155425221E+009,-3.175077180113947E+001,8.517738378152806E+000,
6.127077223851418E+009,-3.195754579799458E+001,-1.032891477308691E+001,
6.130987292277615E+009,-3.225201540455360E+001,-2.876027411071109E+001,
6.134897360703813E+009,-3.243781876552880E+001,-4.793579143345859E+001,
6.138807429130010E+009,-3.290022996862063E+001,-6.492494543572006E+001,
6.142717497556208E+009,-3.308446654308330E+001,-8.100489990096193E+001,
6.146627565982405E+009,-3.316765023960942E+001,-9.978072644131322E+001,
6.150537634408602E+009,-3.327955125570991E+001,-1.179951676352363E+002,
6.154447702834800E+009,-3.346452879124493E+001,-1.362367450489374E+002,
6.158357771260998E+009,-3.365471563618723E+001,-1.545447751338981E+002,
6.162267839687195E+009,-3.395618736163918E+001,-1.736833143914266E+002,
6.166177908113392E+009,-3.441550803037163E+001,1.675707742077208E+002,
6.170087976539589E+009,-3.492624143229877E+001,1.508942621194267E+002,
6.173998044965787E+009,-3.511731332917207E+001,1.336900360949998E+002,
6.177908113391985E+009,-3.540608691031436E+001,1.165435736533180E+002,
6.181818181818182E+009,-3.568887670482899E+001,9.881992598631570E+001,
6.185728250244379E+009,-3.614880121353708E+001,8.130025202986681E+001,
6.189638318670576E+009,-3.647913537542258E+001,6.427196290238746E+001,
6.193548387096774E+009,-3.683417965329277E+001,4.741930274798149E+001,
6.197458455522972E+009,-3.712113014595025E+001,3.188169787147054E+001,
6.201368523949169E+009,-3.704604594193921E+001,1.511046989443073E+001,
6.205278592375366E+009,-3.720500606266163E+001,-4.319804721099026E+000,
6.209188660801564E+009,-3.771310702482606E+001,-2.268483323380055E+001,
6.213098729227762E+009,-3.825266666561338E+001,-4.001566615989304E+001,
6.217008797653959E+009,-3.875498207587371E+001,-5.620778600381706E+001,
6.220918866080156E+009,-3.909281510962514E+001,-7.316015946588647E+001,
6.224828934506353E+009,-3.948429711948792E+001,-9.008500621904173E+001,
6.228739002932551E+009,-4.021246939922086E+001,-1.074467506339852E+002,
6.232649071358749E+009,-4.066522641093226E+001,-1.207414797902964E+002,
6.236559139784946E+009,-4.074897278070337E+001,-1.373196282983228E+002,
6.240469208211144E+009,-4.112883093688225E+001,-1.539662595841008E+002,
6.244379276637341E+009,-4.175052820760394E+001,-1.696544402016245E+002,
6.248289345063539E+009,-4.208891703372393E+001,1.758370343190090E+002,
6.252199413489737E+009,-4.223921935490084E+001,1.609322450905912E+002,
6.256109481915934E+009,-4.231185619372261E+001,1.437234378629041E+002,
6.260019550342131E+009,-4.282631117435119E+001,1.277323800769595E+002,
6.263929618768329E+009,-4.330765348601623E+001,1.141123728337845E+002,
6.267839687194526E+009,-4.326763481230962E+001,9.988968381774387E+001,
6.271749755620724E+009,-4.327106985294152E+001,8.340385330315505E+001,
6.275659824046921E+009,-4.344550753453854E+001,6.760389378418401E+001,
6.279569892473118E+009,-4.352713169384572E+001,5.088088106242636E+001,
6.283479960899316E+009,-4.380355285369926E+001,3.469928686481021E+001,
6.287390029325514E+009,-4.342261356386537E+001,1.613404356912197E+001,
6.291300097751711E+009,-4.390097614777476E+001,-6.715870107822894E+000,
6.295210166177908E+009,-4.482800591876323E+001,-2.333150998705890E+001,
6.299120234604105E+009,-4.549658984373136E+001,-4.501652956187705E+001,
6.303030303030303E+009,-4.708039497821260E+001,-6.229107489217390E+001,
6.306940371456501E+009,-4.778965854475275E+001,-7.575201851216090E+001,
6.310850439882698E+009,-4.909321828337505E+001,-9.407402294516338E+001,
6.314760508308895E+009,-5.053621807618760E+001,-1.052268361974742E+002,
6.318670576735093E+009,-5.222406341995043E+001,-1.176763642083552E+002,
6.322580645161290E+009,-5.351025197164528E+001,-1.252577821686384E+002,
6.326490713587488E+009,-5.481397366025600E+001,-1.334813290567658E+002,
6.330400782013685E+009,-5.603225848576231E+001,-1.367248713353363E+002,
6.334310850439882E+009,-5.703428868460436E+001,-1.327745730662111E+002,
6.338220918866080E+009,-5.775697653352257E+001,-1.223384459884314E+002,
6.342130987292278E+009,-5.299171926530911E+001,-1.197511842610113E+002,
6.346041055718475E+009,-5.111111243358535E+001,-1.430856467823900E+002,
6.349951124144672E+009,-5.079579439597378E+001,-1.556822073301302E+002,
6.353861192570869E+009,-4.907649052790445E+001,-1.676799116182179E+002,
6.357771260997068E+009,-4.759897179615420E+001,1.685574208394954E+002,
6.361681329423266E+009,-4.789944825030234E+001,1.476111143577755E+002,
6.365591397849463E+009,-4.767020618125203E+001,1.357127414578789E+002,
6.369501466275660E+009,-4.745369866913455E+001,1.228329485389206E+002,
6.373411534701857E+009,-4.692577008128778E+001,1.101970133730610E+002,
6.377321603128055E+009,-4.574624948906417E+001,9.699959391529397E+001,
6.381231671554253E+009,-4.496444343975650E+001,7.780312472770342E+001,
6.385141739980450E+009,-4.435226230738726E+001,5.843449334210695E+001,
6.389051808406647E+009,-4.453204433028098E+001,4.014930545656016E+001,
6.392961876832845E+009,-4.442949147527930E+001,2.396457771223313E+001,
6.396871945259043E+009,-4.458720342645126E+001,7.942664345072159E+000,
6.400782013685240E+009,-4.466045311585353E+001,-5.698402301302718E+000,
6.404692082111437E+009,-4.433385560293770E+001,-1.610854729503807E+001,
6.408602150537634E+009,-4.307929685901921E+001,-2.979168072656046E+001,
6.412512218963832E+009,-4.233361481794667E+001,-4.820612560144953E+001,
6.416422287390030E+009,-4.216432239925797E+001,-6.746319196374284E+001,
6.420332355816227E+009,-4.200353794640677E+001,-8.338356555965719E+001,
6.424242424242424E+009,-4.159900150143908E+001,-9.832592418030016E+001,
6.428152492668621E+009,-4.118216687667496E+001,-1.154816753908798E+002,
6.432062561094819E+009,-4.111473461146463E+001,-1.316473021870546E+002,
6.435972629521017E+009,-4.054859900813024E+001,-1.468222065879178E+002,
6.439882697947214E+009,-4.002863918914560E+001,-1.616140864126647E+002,
6.443792766373411E+009,-3.931452885808400E+001,-1.785847812726132E+002,
6.447702834799609E+009,-3.887018967825349E+001,1.647416358563849E+002,
6.451612903225807E+009,-3.819918027116339E+001,1.464164805559831E+002,
6.455522971652004E+009,-3.780823971569123E+001,1.275967354508726E+002,
6.459433040078201E+009,-3.747646313437053E+001,1.089320178880242E+002,
6.463343108504398E+009,-3.732387100298929E+001,9.212372699301479E+001,
6.467253176930596E+009,-3.686261820639521E+001,7.498538161273365E+001,
6.471163245356794E+009,-3.638204301369277E+001,5.603398676410166E+001,
6.475073313782991E+009,-3.620425207755500E+001,3.693964665941260E+001,
6.478983382209189E+009,-3.601418604990444E+001,1.956852104111955E+001,
6.482893450635386E+009,-3.563707548286249E+001,1.889641593848736E+000,
6.486803519061584E+009,-3.535515921534859E+001,-1.596365560141443E+001,
6.490713587487782E+009,-3.498161678092564E+001,-3.434296413738896E+001,
6.494623655913979E+009,-3.462389019177741E+001,-5.336014361777277E+001,
6.498533724340176E+009,-3.440835896820909E+001,-7.384131660745638E+001,
6.502443792766374E+009,-3.452272838251450E+001,-9.398556948531574E+001,
6.506353861192571E+009,-3.473456178265967E+001,-1.114177561979585E+002,
6.510263929618769E+009,-3.463880834004532E+001,-1.275967899000629E+002,
6.514173998044966E+009,-3.424983981718865E+001,-1.459568940505367E+002,
6.518084066471163E+009,-3.417265315217768E+001,-1.650064948064978E+002,
6.521994134897361E+009,-3.412915177385321E+001,1.763233442898687E+002,
6.525904203323559E+009,-3.418831269017491E+001,1.580282459113136E+002,
6.529814271749756E+009,-3.423400768828665E+001,1.409004995716296E+002,
6.533724340175953E+009,-3.406312772590511E+001,1.230758059819050E+002,
6.537634408602150E+009,-3.398333947549786E+001,1.049111747401227E+002,
6.541544477028348E+009,-3.393105497200914E+001,8.575091608265879E+001,
6.545454545454546E+009,-3.417704188395766E+001,6.729258504793775E+001,
6.549364613880743E+009,-3.432235792628511E+001,5.048378705107123E+001,
6.553274682306940E+009,-3.435147958036847E+001,3.400839258327719E+001,
6.557184750733138E+009,-3.421723665873244E+001,1.781740971772243E+001,
6.561094819159335E+009,-3.398882778424029E+001,-2.540914876509122E-001,
6.565004887585533E+009,-3.397820117071798E+001,-1.902730178193621E+001,
6.568914956011730E+009,-3.411068281558200E+001,-3.675931572499135E+001,
6.572825024437927E+009,-3.416760203192690E+001,-5.450004547052988E+001,
6.576735092864125E+009,-3.430073385808508E+001,-7.149691072331075E+001,
6.580645161290323E+009,-3.423400176323746E+001,-8.751990549639072E+001,
6.584555229716520E+009,-3.413524621405169E+001,-1.056542498759171E+002,
6.588465298142717E+009,-3.409249699438107E+001,-1.231366028204017E+002,
6.592375366568914E+009,-3.415484262607340E+001,-1.407325175023369E+002,
6.596285434995112E+009,-3.421971489032342E+001,-1.575910696595199E+002,
6.600195503421310E+009,-3.404343612013795E+001,-1.744141473181712E+002,
6.604105571847508E+009,-3.392729142344179E+001,1.679825778205981E+002,
6.608015640273705E+009,-3.394516261026930E+001,1.501834865875987E+002,
6.611925708699902E+009,-3.384977108765266E+001,1.327227717997699E+002,
6.615835777126100E+009,-3.378882958676390E+001,1.144403905360372E+002,
6.619745845552298E+009,-3.385666356768210E+001,9.574254603185140E+001,
6.623655913978495E+009,-3.403465746637124E+001,7.760094729201826E+001,
6.627565982404692E+009,-3.420551394606407E+001,6.115689247823705E+001,
6.631476050830890E+009,-3.424012614388184E+001,4.504338665901817E+001,
6.635386119257088E+009,-3.405756295396622E+001,2.762162818671950E+001,
6.639296187683285E+009,-3.400203951417555E+001,1.010529737333804E+001,
6.643206256109482E+009,-3.381842269164584E+001,-8.024970912189822E+000,
6.647116324535679E+009,-3.390338371298308E+001,-2.689006723851898E+001,
6.651026392961877E+009,-3.396852672742340E+001,-4.508720769592092E+001,
6.654936461388075E+009,-3.419151894060705E+001,-6.340231659591319E+001,
6.658846529814272E+009,-3.450018332005573E+001,-8.119493233429340E+001,
6.662756598240469E+009,-3.476874349455489E+001,-9.705785658224372E+001,
6.666666666666666E+009,-3.482897504115816E+001,-1.125742526699634E+002,
6.670576735092864E+009,-3.471785076042850E+001,-1.289096696654193E+002,
6.674486803519062E+009,-3.448732874341761E+001,-1.469210385953722E+002,
6.678396871945259E+009,-3.449548118352323E+001,-1.657379877622734E+002,
6.682306940371456E+009,-3.475178984536818E+001,1.760493407642570E+002,
6.686217008797654E+009,-3.490368476990933E+001,1.597291131364127E+002,
6.690127077223852E+009,-3.489908728953513E+001,1.421696205983184E+002,
6.694037145650049E+009,-3.499900056520756E+001,1.249983683857014E+002,
6.697947214076246E+009,-3.508168332207754E+001,1.071084645834335E+002,
6.701857282502443E+009,-3.519117817035171E+001,8.965616151435862E+001,
6.705767350928641E+009,-3.539490290318054E+001,7.195031033015629E+001,
6.709677419354839E+009,-3.557052065370307E+001,5.587437526022158E+001,
6.713587487781036E+009,-3.555735627307022E+001,3.871130791396494E+001,
6.717497556207233E+009,-3.564871316360375E+001,2.142547030766172E+001,
6.721407624633431E+009,-3.589993294718284E+001,3.521903160190491E+000,
6.725317693059629E+009,-3.601293860419580E+001,-1.197092206703497E+001,
6.729227761485827E+009,-3.597813891224027E+001,-2.893925485943092E+001,
6.733137829912024E+009,-3.610242687326074E+001,-4.624703453313473E+001,
6.737047898338221E+009,-3.612227019063288E+001,-6.309915468962516E+001,
6.740957966764419E+009,-3.622462635079089E+001,-8.068899734473396E+001,
6.744868035190616E+009,-3.650399736914022E+001,-9.804719185416239E+001,
6.748778103616814E+009,-3.669882627816886E+001,-1.133765524106114E+002,
6.752688172043011E+009,-3.661996855738045E+001,-1.296034434781208E+002,
6.756598240469208E+009,-3.675445657582124E+001,-1.467210998402658E+002,
6.760508308895406E+009,-3.686885038609959E+001,-1.631170231436752E+002,
6.764418377321604E+009,-3.690654705387899E+001,-1.793819353237294E+002,
6.768328445747801E+009,-3.687511601619323E+001,1.643653343467094E+002,
6.772238514173998E+009,-3.675301694278635E+001,1.481214408872696E+002,
6.776148582600195E+009,-3.682482538582728E+001,1.311699352806478E+002,
6.780058651026393E+009,-3.686699260537378E+001,1.143482294355484E+002,
6.783968719452591E+009,-3.687263454101600E+001,9.857178806435076E+001,
6.787878787878788E+009,-3.664628118981812E+001,8.204772198025644E+001,
6.791788856304985E+009,-3.651740906451761E+001,6.298709344372075E+001,
6.795698924731183E+009,-3.664624026072551E+001,4.516234188130875E+001,
6.799608993157380E+009,-3.683714282394944E+001,2.862737818791489E+001,
6.803519061583578E+009,-3.693832233593918E+001,1.138148237323390E+001,
6.807429130009775E+009,-3.692321071875351E+001,-5.620427680889497E+000,
6.811339198435972E+009,-3.706981069930002E+001,-2.346313966403745E+001,
6.815249266862170E+009,-3.710297991968075E+001,-3.994765080383063E+001,
6.819159335288368E+009,-3.713415180232929E+001,-5.681089340718355E+001,
6.823069403714565E+009,-3.712254014458922E+001,-7.409559054910123E+001,
6.826979472140762E+009,-3.713976535767478E+001,-9.184695495411502E+001,
6.830889540566959E+009,-3.728337980093797E+001,-1.098671900750481E+002,
6.834799608993157E+009,-3.741284543846810E+001,-1.282428240217531E+002,
6.838709677419355E+009,-3.782788379590764E+001,-1.449980827704825E+002,
6.842619745845552E+009,-3.799416960958074E+001,-1.611628270611705E+002,
6.846529814271750E+009,-3.815164076907215E+001,-1.778095226348348E+002,
6.850439882697948E+009,-3.827275053359102E+001,1.657248186705695E+002,
6.854349951124145E+009,-3.832195299380861E+001,1.490250120966017E+002,
6.858260019550343E+009,-3.849823784955187E+001,1.322657848780426E+002,
6.862170087976540E+009,-3.856702482700446E+001,1.158479487803283E+002,
6.866080156402737E+009,-3.862295030131421E+001,9.889083617123330E+001,
6.869990224828935E+009,-3.871429891359315E+001,8.199453089741306E+001,
6.873900293255133E+009,-3.903307845435310E+001,6.415405227548668E+001,
6.877810361681330E+009,-3.936323516502110E+001,4.712503958933981E+001,
6.881720430107527E+009,-3.978746863966114E+001,3.125354056750009E+001,
6.885630498533724E+009,-3.993333053479353E+001,1.799980060010296E+001,
6.889540566959922E+009,-3.966867765054731E+001,2.105659379242102E+000,
6.893450635386120E+009,-3.965931278601945E+001,-1.401479799891397E+001,
6.897360703812317E+009,-3.923643685979462E+001,-3.138505595811144E+001,
6.901270772238514E+009,-3.922836204911121E+001,-5.121775112842943E+001,
6.905180840664711E+009,-3.952098389855192E+001,-7.165301944057853E+001,
6.909090909090909E+009,-4.015533508438405E+001,-9.031827497810616E+001,
6.913000977517107E+009,-4.079188163624635E+001,-1.075591015002614E+002,
6.916911045943304E+009,-4.181531307058457E+001,-1.225659431891451E+002,
6.920821114369501E+009,-4.200285190138058E+001,-1.340312080187571E+002,
6.924731182795699E+009,-4.196837463756984E+001,-1.473735458438073E+002,
6.928641251221897E+009,-4.175110956300748E+001,-1.643006130596633E+002,
6.932551319648094E+009,-4.208507746891839E+001,1.779735474590507E+002,
6.936461388074291E+009,-4.238362694227682E+001,1.630251228152188E+002,
6.940371456500488E+009,-4.275470093986991E+001,1.471529177937187E+002,
6.944281524926686E+009,-4.307882752806548E+001,1.327914645421114E+002,
6.948191593352884E+009,-4.347901161806607E+001,1.173544908653546E+002,
6.952101661779081E+009,-4.403149090756560E+001,1.050926149086411E+002,
6.956011730205278E+009,-4.405785219067365E+001,9.373865524444929E+001,
6.959921798631475E+009,-4.394752519728381E+001,8.072139252382773E+001,
6.963831867057674E+009,-4.383316765717520E+001,6.687995622398267E+001,
6.967741935483872E+009,-4.349836693748424E+001,5.357188255430254E+001,
6.971652003910069E+009,-4.325523986257645E+001,3.856461814518058E+001,
6.975562072336266E+009,-4.306799801003105E+001,2.463965397869847E+001,
6.979472140762464E+009,-4.260256126958264E+001,1.056435984959756E+001,
6.983382209188661E+009,-4.216421430979171E+001,-6.614062810055086E+000,
6.987292277614859E+009,-4.188431589216474E+001,-2.395181356381366E+001,
6.991202346041056E+009,-4.196232707373498E+001,-4.073332374457466E+001,
6.995112414467253E+009,-4.211938674080115E+001,-5.545397849166164E+001,
6.999022482893451E+009,-4.203231936747451E+001,-6.985546974146703E+001,
7.002932551319649E+009,-4.160265411125770E+001,-8.232893686339880E+001,
7.006842619745846E+009,-4.086969639017105E+001,-9.859874699409241E+001,
7.010752688172043E+009,-4.034647997242495E+001,-1.170913207627866E+002,
7.014662756598240E+009,-4.015221308926964E+001,-1.358366037879534E+002,
7.018572825024438E+009,-4.026866731799368E+001,-1.541158079703297E+002,
7.022482893450636E+009,-4.020496644622305E+001,-1.694370409002860E+002,
7.026392961876833E+009,-4.003989538831632E+001,1.738264341649985E+002,
7.030303030303030E+009,-3.984531788222253E+001,1.570648813574082E+002,
7.034213098729228E+009,-3.982051078157807E+001,1.399494280971446E+002,
7.038123167155425E+009,-3.949790070751683E+001,1.221030694519962E+002,
7.042033235581623E+009,-3.958064923129289E+001,1.040690845246848E+002,
7.045943304007820E+009,-3.953546845561105E+001,8.813288199445614E+001,
7.049853372434017E+009,-3.958595163533744E+001,7.106528062819321E+001,
7.053763440860215E+009,-3.942085450282283E+001,5.499773285359459E+001,
7.057673509286413E+009,-3.915742193486058E+001,3.725736002629002E+001,
7.061583577712610E+009,-3.914625666455387E+001,1.964897096588615E+001,
7.065493646138807E+009,-3.909266763839363E+001,1.532054009005214E+000,
7.069403714565004E+009,-3.931618227793149E+001,-1.734123086376660E+001,
7.073313782991202E+009,-3.949607907982026E+001,-3.411794314441532E+001,
7.077223851417400E+009,-3.971525503881872E+001,-5.010865057831938E+001,
7.081133919843597E+009,-3.992341457816711E+001,-6.686213799936422E+001,
7.085043988269795E+009,-3.989697418284060E+001,-8.140592411585315E+001,
7.088954056695993E+009,-3.984482923661786E+001,-9.752602641677495E+001,
7.092864125122190E+009,-3.988008700152543E+001,-1.141225901749934E+002,
7.096774193548388E+009,-3.992900810747774E+001,-1.305661630379337E+002,
7.100684261974585E+009,-4.011004131775692E+001,-1.466332515926873E+002,
7.104594330400782E+009,-4.025465533349336E+001,-1.612763456093886E+002,
7.108504398826980E+009,-4.012381383893808E+001,-1.764805991986208E+002,
7.112414467253178E+009,-4.002696554817249E+001,1.680430432719418E+002,
7.116324535679375E+009,-3.984346439980504E+001,1.521777154614709E+002,
7.120234604105572E+009,-3.987692369086403E+001,1.355410902109195E+002,
7.124144672531769E+009,-3.997683512386553E+001,1.195572697892508E+002,
7.128054740957967E+009,-4.004474746494392E+001,1.050928065534008E+002,
7.131964809384165E+009,-3.999789100125499E+001,9.090366953807420E+001,
7.135874877810362E+009,-3.975796687513124E+001,7.670034593914483E+001,
7.139784946236559E+009,-3.935286951224276E+001,6.247140113705274E+001,
7.143695014662756E+009,-3.896976399998098E+001,4.623012150274835E+001,
7.147605083088954E+009,-3.859327518712779E+001,2.963921255349742E+001,
7.151515151515152E+009,-3.827344412123657E+001,1.267777943405425E+001,
7.155425219941349E+009,-3.812261826765202E+001,-4.459201647656764E+000,
7.159335288367546E+009,-3.794580298914075E+001,-1.994464843738683E+001,
7.163245356793744E+009,-3.745145958151228E+001,-3.658639933872174E+001,
7.167155425219942E+009,-3.727319851540759E+001,-5.384321367539095E+001,
7.171065493646139E+009,-3.701750025702161E+001,-7.117264996978486E+001,
7.174975562072336E+009,-3.677468143779627E+001,-8.760321087096270E+001,
7.178885630498533E+009,-3.647592806916342E+001,-1.061407495083909E+002,
7.182795698924731E+009,-3.636850672500481E+001,-1.233549072666391E+002,
7.186705767350929E+009,-3.617748769992194E+001,-1.405600875202379E+002,
7.190615835777126E+009,-3.589945848288438E+001,-1.573350905464685E+002,
7.194525904203323E+009,-3.557277732670821E+001,-1.752081117905640E+002,
7.198435972629520E+009,-3.531888770782223E+001,1.667643685609145E+002,
7.202346041055718E+009,-3.501270592040777E+001,1.483738302386131E+002,
7.206256109481916E+009,-3.498100564989676E+001,1.293316597293868E+002,
7.210166177908114E+009,-3.482865396584172E+001,1.111100108152836E+002,
7.214076246334311E+009,-3.474232407612083E+001,9.278710022320269E+001,
7.217986314760509E+009,-3.475639859716261E+001,7.524941633410612E+001,
7.221896383186706E+009,-3.454617043802814E+001,5.680583301877179E+001,
7.225806451612904E+009,-3.442974861337240E+001,3.860073557069287E+001,
7.229716520039101E+009,-3.436008897078077E+001,2.061551258777487E+001,
7.233626588465298E+009,-3.425530307633964E+001,1.997485418117345E+000,
7.237536656891496E+009,-3.424331301703825E+001,-1.669898600603295E+001,
7.241446725317694E+009,-3.422523392693452E+001,-3.482691164756578E+001,
7.245356793743891E+009,-3.423011478271478E+001,-5.329495249226549E+001,
7.249266862170088E+009,-3.419702777288250E+001,-7.141178767985025E+001,
7.253176930596285E+009,-3.423064888686336E+001,-8.997409759163044E+001,
7.257086999022483E+009,-3.425215517574524E+001,-1.084012676373240E+002,
7.260997067448681E+009,-3.438622031446937E+001,-1.269905113994668E+002,
7.264907135874878E+009,-3.442552222242290E+001,-1.452779472917924E+002,
7.268817204301075E+009,-3.453530475432304E+001,-1.633241435357164E+002,
7.272727272727273E+009,-3.462013095828337E+001,1.787928718774411E+002,
7.276637341153470E+009,-3.478165139939927E+001,1.608127055281778E+002,
7.280547409579668E+009,-3.473459360867140E+001,1.437843193455896E+002,
7.284457478005865E+009,-3.472527675181451E+001,1.250439173210571E+002,
7.288367546432062E+009,-3.480500762628478E+001,1.064720967628379E+002,
7.292277614858260E+009,-3.496881169191899E+001,8.758690585781869E+001,
7.296187683284458E+009,-3.527638215449172E+001,6.964449749149854E+001,
7.300097751710655E+009,-3.557223854677508E+001,5.157692462415417E+001,
7.304007820136852E+009,-3.584172440811712E+001,3.510351789363032E+001,
7.307917888563049E+009,-3.601220598307841E+001,1.948680589569486E+001,
7.311827956989247E+009,-3.583345854486956E+001,2.220498289495374E+000,
7.315738025415445E+009,-3.582628976264681E+001,-1.690699411436373E+001,
7.319648093841642E+009,-3.595004666080054E+001,-3.629338298643975E+001,
7.323558162267839E+009,-3.627134354859746E+001,-5.570880649683966E+001,
7.327468230694037E+009,-3.676122991459943E+001,-7.362322361904408E+001,
7.331378299120235E+009,-3.714054124834414E+001,-9.033385330585197E+001,
7.335288367546433E+009,-3.730631880963847E+001,-1.059461111307027E+002,
7.339198435972630E+009,-3.733997383540790E+001,-1.223636816492244E+002,
7.343108504398827E+009,-3.745532796100600E+001,-1.403554043068854E+002,
7.347018572825025E+009,-3.762177234115307E+001,-1.586549490055463E+002,
7.350928641251223E+009,-3.782671963999294E+001,-1.770907132209949E+002,
7.354838709677420E+009,-3.822074736638734E+001,1.652057246894290E+002,
7.358748778103617E+009,-3.858412694871418E+001,1.485120088880436E+002,
7.362658846529814E+009,-3.901023610201311E+001,1.322941704153804E+002,
7.366568914956012E+009,-3.906933824839354E+001,1.157059813440645E+002,
7.370478983382210E+009,-3.929992453024570E+001,9.851103336875798E+001,
7.374389051808407E+009,-3.965027711810918E+001,8.028700368065881E+001,
7.378299120234604E+009,-4.004155364874855E+001,6.321212642629509E+001,
7.382209188660801E+009,-4.051549985144277E+001,4.615689418543215E+001,
7.386119257086999E+009,-4.117238861434258E+001,3.100194105980852E+001,
7.390029325513197E+009,-4.128411124983880E+001,1.765578324942771E+001,
7.393939393939394E+009,-4.129563528270410E+001,1.016867768719808E+000,
7.397849462365591E+009,-4.141800621050631E+001,-1.549073890671935E+001,
7.401759530791789E+009,-4.140362197506146E+001,-3.253930792704274E+001,
7.405669599217987E+009,-4.176677100505435E+001,-5.356799371288242E+001,
7.409579667644184E+009,-4.278658712323015E+001,-7.076039384125626E+001,
7.413489736070381E+009,-4.368042349726706E+001,-8.533971776391282E+001,
7.417399804496578E+009,-4.413170325885210E+001,-9.716567414413713E+001,
7.421309872922776E+009,-4.419225183501267E+001,-1.107205177238283E+002,
7.425219941348974E+009,-4.451730964746278E+001,-1.255809486397696E+002,
7.429130009775171E+009,-4.461379570121265E+001,-1.397442403335894E+002,
7.433040078201368E+009,-4.495911474814731E+001,-1.561552639268626E+002,
7.436950146627565E+009,-4.540762864002380E+001,-1.714837936496681E+002,
7.440860215053763E+009,-4.597925350411623E+001,1.753143652056814E+002,
7.444770283479961E+009,-4.607975763659104E+001,1.636116980610905E+002,
7.448680351906158E+009,-4.599731202896243E+001,1.529462529877230E+002,
7.452590420332356E+009,-4.560212094435300E+001,1.390050809640227E+002,
7.456500488758554E+009,-4.551614595664483E+001,1.240922103864509E+002,
7.460410557184751E+009,-4.567539399104700E+001,1.093952963891492E+002,
7.464320625610949E+009,-4.556519663799687E+001,9.640812782564086E+001,
7.468230694037146E+009,-4.541386107483690E+001,8.041062709251797E+001,
7.472140762463343E+009,-4.522310274732475E+001,6.613422198513824E+001,
7.476050830889541E+009,-4.517703112711433E+001,5.031346058509560E+001,
7.479960899315739E+009,-4.521866410884685E+001,3.598517430628369E+001,
7.483870967741936E+009,-4.503427219067671E+001,2.024661513109789E+001,
7.487781036168133E+009,-4.479878534372435E+001,6.926465659137351E+000,
7.491691104594330E+009,-4.450655942936882E+001,-8.864045955996625E+000,
7.495601173020528E+009,-4.428963453453666E+001,-2.647119695196409E+001,
7.499511241446726E+009,-4.467497645737335E+001,-4.257400636106269E+001,
7.503421309872923E+009,-4.463632868717700E+001,-5.699898381818885E+001,
7.507331378299120E+009,-4.435194981090221E+001,-6.967099403441137E+001,
7.511241446725318E+009,-4.411352996721198E+001,-8.368483306782422E+001,
7.515151515151515E+009,-4.351374253236946E+001,-1.012741907257352E+002,
7.519061583577713E+009,-4.328377373707554E+001,-1.173280528785587E+002,
7.522971652003910E+009,-4.316903214830019E+001,-1.359161165619772E+002,
7.526881720430107E+009,-4.327417622495490E+001,-1.512057548271251E+002,
7.530791788856305E+009,-4.309623286187691E+001,-1.667749862926488E+002,
7.534701857282503E+009,-4.282211871689648E+001,1.766229149947367E+002,
7.538611925708700E+009,-4.271800313958358E+001,1.601518684872011E+002,
7.542521994134897E+009,-4.239247239764266E+001,1.433473990410685E+002,
7.546432062561094E+009,-4.230952000536726E+001,1.269982943282564E+002,
7.550342130987292E+009,-4.201836644420061E+001,1.099379230879234E+002,
7.554252199413490E+009,-4.211855246959570E+001,9.349077483590277E+001,
7.558162267839687E+009,-4.192076018634846E+001,7.663570884124654E+001,
7.562072336265884E+009,-4.183914190212231E+001,5.961990531606337E+001,
7.565982404692082E+009,-4.169634736181799E+001,4.284434196229967E+001,
7.569892473118280E+009,-4.143896449676063E+001,2.454632274781853E+001,
7.573802541544478E+009,-4.151028798340939E+001,6.757704203700329E+000,
7.577712609970675E+009,-4.160528760225666E+001,-1.073529872895129E+001,
7.581622678396872E+009,-4.171144731211756E+001,-2.687503727589579E+001,
7.585532746823070E+009,-4.177937394317294E+001,-4.354773967415220E+001,
7.589442815249268E+009,-4.180723336935738E+001,-5.906304594030908E+001,
7.593352883675465E+009,-4.175198529255751E+001,-7.579700608623288E+001,
7.597262952101662E+009,-4.183611329038146E+001,-9.259826951997452E+001,
7.601173020527859E+009,-4.180630907091364E+001,-1.082014582727383E+002,
7.605083088954057E+009,-4.152929360561761E+001,-1.249806703473961E+002,
7.608993157380255E+009,-4.133449554682277E+001,-1.430804914281448E+002,
7.612903225806452E+009,-4.141291966389758E+001,-1.616040330368401E+002,
7.616813294232649E+009,-4.179721468262632E+001,-1.785822115618915E+002,
7.620723362658846E+009,-4.172071305187728E+001,1.661219236621750E+002,
7.624633431085044E+009,-4.167257898446092E+001,1.492870129359619E+002,
7.628543499511242E+009,-4.157121173739134E+001,1.321890134266958E+002,
7.632453567937439E+009,-4.176183556796656E+001,1.150638112417224E+002,
7.636363636363636E+009,-4.217980003032399E+001,1.004989439281784E+002,
7.640273704789834E+009,-4.202180672933747E+001,8.583307330110904E+001,
7.644183773216032E+009,-4.171417024289724E+001,6.948974574605335E+001,
7.648093841642229E+009,-4.143549497549439E+001,5.235750942031471E+001,
7.652003910068426E+009,-4.165507922425978E+001,3.331202575315850E+001,
7.655913978494623E+009,-4.173360399584630E+001,1.745439731370825E+001,
7.659824046920821E+009,-4.173911337463215E+001,3.321495084005876E-001,
7.663734115347019E+009,-4.185263328005462E+001,-1.707454519112068E+001,
7.667644183773216E+009,-4.221785777225858E+001,-3.536073942926505E+001,
7.671554252199413E+009,-4.265262285289598E+001,-5.129406206264572E+001,
7.675464320625610E+009,-4.285850571473976E+001,-6.631165820999827E+001,
7.679374389051808E+009,-4.305464370698931E+001,-8.055871693395665E+001,
7.683284457478006E+009,-4.301226895245200E+001,-9.515195967078562E+001,
7.687194525904203E+009,-4.292227767400814E+001,-1.121521577771722E+002,
7.691104594330401E+009,-4.311103540129483E+001,-1.279223216397792E+002,
7.695014662756599E+009,-4.324452147398361E+001,-1.440343744396933E+002,
7.698924731182797E+009,-4.366903986590714E+001,-1.596040988663476E+002,
7.702834799608994E+009,-4.414531132697640E+001,-1.715673215533928E+002,
7.706744868035191E+009,-4.390523295325917E+001,1.764568061962046E+002,
7.710654936461388E+009,-4.352843069626622E+001,1.624425356816608E+002,
7.714565004887586E+009,-4.337501890261581E+001,1.473506514468746E+002,
7.718475073313784E+009,-4.326532819318841E+001,1.318954001929629E+002,
7.722385141739981E+009,-4.325706400056306E+001,1.187534084693635E+002,
7.726295210166178E+009,-4.271814703964449E+001,1.043979707676341E+002,
7.730205278592375E+009,-4.241393135765433E+001,8.951440280590818E+001,
7.734115347018573E+009,-4.208451823328616E+001,7.544265666347589E+001,
7.738025415444771E+009,-4.136637623308459E+001,5.881657354183128E+001,
7.741935483870968E+009,-4.095514080076485E+001,4.193458937050333E+001,
7.745845552297165E+009,-4.094894223167290E+001,2.509053728209366E+001,
7.749755620723363E+009,-4.060185031197221E+001,8.120544407022738E+000,
7.753665689149560E+009,-4.041639511550501E+001,-8.357199047269274E+000,
7.757575757575758E+009,-4.008711759782904E+001,-2.365154759727486E+001,
7.761485826001955E+009,-3.959646147983780E+001,-4.048998808793240E+001,
7.765395894428152E+009,-3.910585130990839E+001,-5.953608660484407E+001,
7.769305962854350E+009,-3.912674186090094E+001,-7.818942301978753E+001,
7.773216031280548E+009,-3.903524623660638E+001,-9.532620115218673E+001,
7.777126099706745E+009,-3.880524635177419E+001,-1.115154649751669E+002,
7.781036168132942E+009,-3.862082290985210E+001,-1.290887867213191E+002,
7.784946236559139E+009,-3.839880982287279E+001,-1.466121259626968E+002,
7.788856304985337E+009,-3.828067997178253E+001,-1.640696007702771E+002,
7.792766373411535E+009,-3.814749663370917E+001,1.777084134102446E+002,
7.796676441837732E+009,-3.808316259981467E+001,1.598667372491469E+002,
7.800586510263929E+009,-3.813353267608625E+001,1.421766493366882E+002,
7.804496578690127E+009,-3.828760141701358E+001,1.259632247391256E+002,
7.808406647116324E+009,-3.815080617305440E+001,1.101550864347562E+002,
7.812316715542522E+009,-3.800816404398436E+001,9.310441868872593E+001,
7.816226783968720E+009,-3.786997563509451E+001,7.632948502531995E+001,
7.820136852394917E+009,-3.773533530283815E+001,5.844199823130720E+001,
7.824046920821115E+009,-3.755374412804717E+001,4.151549842972415E+001,
7.827956989247313E+009,-3.751711725684528E+001,2.485682222020821E+001,
7.831867057673510E+009,-3.733952651647689E+001,7.796064049687846E+000,
7.835777126099707E+009,-3.724966681269601E+001,-1.046716356450416E+001,
7.839687194525904E+009,-3.725412306214422E+001,-2.792596503021132E+001,
7.843597262952102E+009,-3.724951451997029E+001,-4.490721681605709E+001,
7.847507331378300E+009,-3.719141525360647E+001,-6.121605460268710E+001,
7.851417399804497E+009,-3.702875032679345E+001,-7.721557285156635E+001,
7.855327468230694E+009,-3.675700014093805E+001,-9.488965109535121E+001,
7.859237536656891E+009,-3.673758467867024E+001,-1.132439848283088E+002,
7.863147605083089E+009,-3.659076770265693E+001,-1.302174806134844E+002,
7.867057673509287E+009,-3.655844209201178E+001,-1.476178861725453E+002,
7.870967741935484E+009,-3.650998453765416E+001,-1.643236104225773E+002,
7.874877810361681E+009,-3.634081987834960E+001,1.784889919918398E+002,
7.878787878787879E+009,-3.610635866988176E+001,1.623131494418608E+002,
7.882697947214077E+009,-3.595653988058101E+001,1.440397950673891E+002,
7.886608015640274E+009,-3.566166988396414E+001,1.260747607426114E+002,
7.890518084066471E+009,-3.549171292690370E+001,1.074077021387222E+002,
7.894428152492668E+009,-3.557973178017760E+001,8.880147261198839E+001,
7.898338220918866E+009,-3.560302810535067E+001,7.115588915031216E+001,
7.902248289345064E+009,-3.564094589793569E+001,5.401425370711704E+001,
7.906158357771261E+009,-3.557462572034195E+001,3.631205994023344E+001,
7.910068426197458E+009,-3.545407364511905E+001,1.921790530857716E+001,
7.913978494623655E+009,-3.530529458118080E+001,1.390212285878792E+000,
7.917888563049853E+009,-3.517416489038227E+001,-1.699537621632500E+001,
7.921798631476051E+009,-3.515517686188730E+001,-3.584677240819127E+001,
7.925708699902248E+009,-3.527510534200273E+001,-5.460309393844180E+001,
7.929618768328445E+009,-3.539645010434099E+001,-7.177791010556375E+001,
7.933528836754643E+009,-3.533845162005149E+001,-8.819374816247105E+001,
7.937438905180841E+009,-3.520911788379381E+001,-1.065264656303343E+002,
7.941348973607039E+009,-3.522406028189808E+001,-1.250715933462327E+002,
7.945259042033236E+009,-3.525562753235684E+001,-1.432521210400850E+002,
7.949169110459433E+009,-3.538034105689529E+001,-1.608284606377362E+002,
7.953079178885631E+009,-3.545156240245082E+001,-1.785691414339855E+002,
7.956989247311829E+009,-3.553877477079279E+001,1.642008358143413E+002,
7.960899315738026E+009,-3.538177715487916E+001,1.468060662990932E+002,
7.964809384164223E+009,-3.538111443454704E+001,1.288615565024628E+002,
7.968719452590420E+009,-3.540473663003492E+001,1.098721533162861E+002,
7.972629521016618E+009,-3.559530281702877E+001,9.181289665552653E+001,
7.976539589442816E+009,-3.574718194651207E+001,7.463110742646362E+001,
7.980449657869013E+009,-3.570931388664000E+001,5.712623002470313E+001,
7.984359726295210E+009,-3.580946946540514E+001,3.874460279112755E+001,
7.988269794721408E+009,-3.584954248304562E+001,2.129823025014576E+001,
7.992179863147605E+009,-3.576886333071212E+001,2.554265610375048E+000,
7.996089931573803E+009,-3.597430225216977E+001,-1.669277719042758E+001,
8.000000000000000E+009,-3.627270002699417E+001,-3.462963811094714E+001,
