% Version 1.00
%
%freq[Hz];db:Trc1_S21;ang:Trc1_S21;
4.000000000000000E+009,-2.700848291741713E+001,-7.874703610102321E+001,
4.003910068426198E+009,-2.699819800767650E+001,-9.819504190760679E+001,
4.007820136852395E+009,-2.680055735471970E+001,-1.184451123409103E+002,
4.011730205278593E+009,-2.667939379275984E+001,-1.394142684925550E+002,
4.015640273704790E+009,-2.656159742280392E+001,-1.601719615854944E+002,
4.019550342130987E+009,-2.666625711111614E+001,1.798306630434887E+002,
4.023460410557185E+009,-2.641544910206852E+001,1.607407060612768E+002,
4.027370478983382E+009,-2.605432032030990E+001,1.397522971757814E+002,
4.031280547409580E+009,-2.584874054942858E+001,1.186783855268027E+002,
4.035190615835777E+009,-2.582315092407548E+001,9.716942974481022E+001,
4.039100684261975E+009,-2.561888178589084E+001,7.681254348730664E+001,
4.043010752688172E+009,-2.535555598591631E+001,5.579181699781544E+001,
4.046920821114369E+009,-2.524681182087999E+001,3.438572326093018E+001,
4.050830889540567E+009,-2.514047767458775E+001,1.346470701235164E+001,
4.054740957966765E+009,-2.490203106964781E+001,-8.060481006109209E+000,
4.058651026392962E+009,-2.493691470114727E+001,-2.958893914842175E+001,
4.062561094819160E+009,-2.503535193434059E+001,-4.994097505817415E+001,
4.066471163245357E+009,-2.490961188849886E+001,-7.013084302963389E+001,
4.070381231671554E+009,-2.483029459681900E+001,-9.084768479913011E+001,
4.074291300097752E+009,-2.480389271660293E+001,-1.115300422794449E+002,
4.078201368523949E+009,-2.477129335724460E+001,-1.312266522290264E+002,
4.082111436950147E+009,-2.460051593586973E+001,-1.512087142236636E+002,
4.086021505376344E+009,-2.450351794973073E+001,-1.721994781671420E+002,
4.089931573802542E+009,-2.445148857272105E+001,1.669659541034047E+002,
4.093841642228739E+009,-2.457888466836186E+001,1.472092747881213E+002,
4.097751710654936E+009,-2.456756168972440E+001,1.283785001747403E+002,
4.101661779081134E+009,-2.435526793083560E+001,1.088540277295993E+002,
4.105571847507331E+009,-2.428579037148399E+001,8.939348517467762E+001,
4.109481915933529E+009,-2.417261350215100E+001,6.918607225618904E+001,
4.113391984359726E+009,-2.411970070273812E+001,4.881352184361987E+001,
4.117302052785924E+009,-2.420096124746025E+001,2.974991730085003E+001,
4.121212121212121E+009,-2.407841135262723E+001,1.062168588660663E+001,
4.125122189638319E+009,-2.389523036632741E+001,-8.544956368387140E+000,
4.129032258064516E+009,-2.371332158651463E+001,-2.824750173709083E+001,
4.132942326490714E+009,-2.359387828582653E+001,-4.861322051757691E+001,
4.136852394916911E+009,-2.359168764805169E+001,-6.886163052220302E+001,
4.140762463343109E+009,-2.368811211079486E+001,-8.809174848347078E+001,
4.144672531769306E+009,-2.360487283376729E+001,-1.077917660085920E+002,
4.148582600195503E+009,-2.357037171606102E+001,-1.273048506976274E+002,
4.152492668621701E+009,-2.358586931031369E+001,-1.469453167736787E+002,
4.156402737047898E+009,-2.372519244481591E+001,-1.657505983279741E+002,
4.160312805474096E+009,-2.365894451755392E+001,1.759659189847640E+002,
4.164222873900293E+009,-2.364068650063376E+001,1.566191483577568E+002,
4.168132942326491E+009,-2.354284192325621E+001,1.378113153867972E+002,
4.172043010752688E+009,-2.345540010816728E+001,1.180919621221948E+002,
4.175953079178886E+009,-2.364000552966609E+001,9.869214447989126E+001,
4.179863147605083E+009,-2.373633786412717E+001,8.010612502462992E+001,
4.183773216031281E+009,-2.369032515889994E+001,6.266988752866092E+001,
4.187683284457478E+009,-2.355120387542304E+001,4.420829786253778E+001,
4.191593352883676E+009,-2.343749573303066E+001,2.450892867528673E+001,
4.195503421309873E+009,-2.344325945032546E+001,5.679908239196735E+000,
4.199413489736071E+009,-2.346194548013510E+001,-1.285234545260213E+001,
4.203323558162268E+009,-2.350984635815857E+001,-3.137483590624349E+001,
4.207233626588465E+009,-2.335807783187322E+001,-4.974161298492625E+001,
4.211143695014663E+009,-2.332308793895691E+001,-6.886853743758297E+001,
4.215053763440860E+009,-2.333309733381093E+001,-8.730976016965292E+001,
4.218963831867058E+009,-2.332110392167346E+001,-1.061058428005229E+002,
4.222873900293255E+009,-2.330372936997367E+001,-1.248488372640934E+002,
4.226783968719452E+009,-2.332728632800924E+001,-1.437336222016418E+002,
4.230694037145650E+009,-2.330180123769773E+001,-1.624823286942371E+002,
4.234604105571847E+009,-2.326317597814825E+001,1.787721487355542E+002,
4.238514173998045E+009,-2.320824105240089E+001,1.600140948861404E+002,
4.242424242424243E+009,-2.325370616131304E+001,1.406485289299687E+002,
4.246334310850440E+009,-2.327622428553820E+001,1.213475215676000E+002,
4.250244379276638E+009,-2.340500444508394E+001,1.020456186258231E+002,
4.254154447702835E+009,-2.353593209202728E+001,8.310931969000271E+001,
4.258064516129032E+009,-2.369620719534828E+001,6.458551373256042E+001,
4.261974584555230E+009,-2.376108058541522E+001,4.633249133038851E+001,
4.265884652981427E+009,-2.377273791341485E+001,2.798574538131366E+001,
4.269794721407625E+009,-2.387593436284149E+001,9.202360574749577E+000,
4.273704789833822E+009,-2.403632251997012E+001,-9.565169612022141E+000,
4.277614858260019E+009,-2.408712592835107E+001,-2.820725117277205E+001,
4.281524926686217E+009,-2.427347351649642E+001,-4.706941209922760E+001,
4.285434995112414E+009,-2.445390011177212E+001,-6.455427881317429E+001,
4.289345063538612E+009,-2.448569449678237E+001,-8.195858659552630E+001,
4.293255131964809E+009,-2.436991849063282E+001,-1.010353385080926E+002,
4.297165200391007E+009,-2.443267041898899E+001,-1.205481350838949E+002,
4.301075268817205E+009,-2.479073181577356E+001,-1.402960078957182E+002,
4.304985337243402E+009,-2.505876914598321E+001,-1.585367317279604E+002,
4.308895405669600E+009,-2.524625348592790E+001,-1.761110182674033E+002,
4.312805474095797E+009,-2.540123894837370E+001,1.654202159528961E+002,
4.316715542521994E+009,-2.561924682082854E+001,1.477380631151650E+002,
4.320625610948192E+009,-2.575084826903297E+001,1.298891143707871E+002,
4.324535679374389E+009,-2.590258018387944E+001,1.120437412344573E+002,
4.328445747800587E+009,-2.589635146951509E+001,9.342832930572320E+001,
4.332355816226784E+009,-2.625740428830130E+001,7.532358968079008E+001,
4.336265884652982E+009,-2.639089414747641E+001,5.726851392567957E+001,
4.340175953079179E+009,-2.662856537458470E+001,3.953728956773074E+001,
4.344086021505377E+009,-2.694738338307138E+001,2.205115332957247E+001,
4.347996089931574E+009,-2.712128044119573E+001,4.076267012091309E+000,
4.351906158357771E+009,-2.717655988718868E+001,-1.258524618415985E+001,
4.355816226783969E+009,-2.749621827920612E+001,-3.037721907805034E+001,
4.359726295210166E+009,-2.764632899414019E+001,-4.686523989123508E+001,
4.363636363636364E+009,-2.762669922933313E+001,-6.433692462556178E+001,
4.367546432062561E+009,-2.758169874403068E+001,-8.132172963377298E+001,
4.371456500488758E+009,-2.748845551006253E+001,-1.007767651272578E+002,
4.375366568914956E+009,-2.792076998607926E+001,-1.204974183809663E+002,
4.379276637341153E+009,-2.814880714629307E+001,-1.381044290253826E+002,
4.383186705767351E+009,-2.839445349138036E+001,-1.549422624208413E+002,
4.387096774193548E+009,-2.853168342400501E+001,-1.720234324135403E+002,
4.391006842619746E+009,-2.854656677621346E+001,1.701637229913299E+002,
4.394916911045943E+009,-2.879122523270969E+001,1.531962432523149E+002,
4.398826979472141E+009,-2.867868553280133E+001,1.358713170066116E+002,
4.402737047898338E+009,-2.885027464900767E+001,1.180221625069386E+002,
4.406647116324535E+009,-2.893461230968882E+001,1.010022111121799E+002,
4.410557184750733E+009,-2.896298708779962E+001,8.274136105654007E+001,
4.414467253176930E+009,-2.883679419000437E+001,6.463356241612325E+001,
4.418377321603128E+009,-2.897945167577655E+001,4.495734298697284E+001,
4.422287390029326E+009,-2.909528887326448E+001,2.737875849888707E+001,
4.426197458455523E+009,-2.914087374189944E+001,9.387558709669442E+000,
4.430107526881721E+009,-2.905888806956425E+001,-8.563398631970534E+000,
4.434017595307918E+009,-2.893440522511447E+001,-2.800965324464133E+001,
4.437927663734116E+009,-2.891974746714543E+001,-4.849721743291536E+001,
4.441837732160313E+009,-2.912427072124408E+001,-6.842200721797691E+001,
4.445747800586511E+009,-2.929830206149569E+001,-8.834837057140740E+001,
4.449657869012708E+009,-2.956309866120958E+001,-1.089368269753960E+002,
4.453567937438905E+009,-2.983079406538806E+001,-1.280424266776652E+002,
4.457478005865103E+009,-3.011447251541461E+001,-1.468028525798550E+002,
4.461388074291300E+009,-3.011376070252117E+001,-1.655228224879303E+002,
4.465298142717498E+009,-3.009751236556506E+001,1.751306252911745E+002,
4.469208211143695E+009,-3.025791884693865E+001,1.537300145006308E+002,
4.473118279569893E+009,-3.046802560120959E+001,1.330875305814128E+002,
4.477028347996090E+009,-3.083219721428637E+001,1.116397326572934E+002,
4.480938416422287E+009,-3.119427739882898E+001,9.157520810289869E+001,
4.484848484848485E+009,-3.155412837931475E+001,7.049159637463210E+001,
4.488758553274682E+009,-3.181142642314683E+001,5.126425528444834E+001,
4.492668621700880E+009,-3.199146251264416E+001,3.242645715173241E+001,
4.496578690127077E+009,-3.198398690390883E+001,1.212910001808788E+001,
4.500488758553275E+009,-3.199843805001986E+001,-9.799905574336814E+000,
4.504398826979472E+009,-3.229642397323111E+001,-3.232590143315411E+001,
4.508308895405669E+009,-3.258630792003312E+001,-5.215044444610685E+001,
4.512218963831867E+009,-3.252033215215342E+001,-7.262757035776917E+001,
4.516129032258064E+009,-3.263584255224072E+001,-9.541423317728007E+001,
4.520039100684262E+009,-3.307533336338295E+001,-1.184967757213129E+002,
4.523949169110459E+009,-3.301825930247976E+001,-1.364247280066886E+002,
4.527859237536657E+009,-3.292349510450107E+001,-1.584286941078108E+002,
4.531769305962854E+009,-3.293158437631937E+001,1.795266708262695E+002,
4.535679374389051E+009,-3.301520070906074E+001,1.573252684800212E+002,
4.539589442815249E+009,-3.288007674584491E+001,1.342733667017942E+002,
4.543499511241447E+009,-3.300407614784695E+001,1.130971992997623E+002,
4.547409579667645E+009,-3.311098396602581E+001,9.031846544750590E+001,
4.551319648093842E+009,-3.334508605170122E+001,7.010168020596292E+001,
4.555229716520039E+009,-3.345212368095267E+001,5.126209236489047E+001,
4.559139784946237E+009,-3.325333937311277E+001,3.197105148733104E+001,
4.563049853372434E+009,-3.296093419230247E+001,1.299290964078784E+001,
4.566959921798632E+009,-3.255132899069064E+001,-6.795029808868042E+000,
4.570869990224829E+009,-3.222190121800558E+001,-2.799386867381854E+001,
4.574780058651027E+009,-3.193047155221811E+001,-4.740434420038059E+001,
4.578690127077224E+009,-3.154480030113718E+001,-6.751145375707159E+001,
4.582600195503422E+009,-3.119962808353529E+001,-8.850471123386116E+001,
4.586510263929619E+009,-3.094550861339742E+001,-1.093776409734329E+002,
4.590420332355816E+009,-3.088736822426425E+001,-1.295055929432259E+002,
4.594330400782014E+009,-3.075962800616675E+001,-1.484566965266919E+002,
4.598240469208211E+009,-3.054904735091904E+001,-1.674125102304959E+002,
4.602150537634409E+009,-3.027505233965301E+001,1.739704745847080E+002,
4.606060606060606E+009,-2.995712288176950E+001,1.552258560475145E+002,
4.609970674486803E+009,-2.968561913814177E+001,1.352444246632321E+002,
4.613880742913001E+009,-2.935489482934032E+001,1.170442115158683E+002,
4.617790811339198E+009,-2.892111638975460E+001,9.747895818952232E+001,
4.621700879765396E+009,-2.877015434130594E+001,7.759005196425414E+001,
4.625610948191593E+009,-2.851550588569357E+001,5.784975891828498E+001,
4.629521016617791E+009,-2.845122843172428E+001,3.900708947104027E+001,
4.633431085043988E+009,-2.817499853777423E+001,1.991539510321116E+001,
4.637341153470186E+009,-2.792104191594386E+001,1.437345159098676E+000,
4.641251221896383E+009,-2.772991402899714E+001,-1.783810850938581E+001,
4.645161290322580E+009,-2.768932768095656E+001,-3.699378213005120E+001,
4.649071358748778E+009,-2.747167075116719E+001,-5.510880929778969E+001,
4.652981427174975E+009,-2.728497507646635E+001,-7.371534434414322E+001,
4.656891495601173E+009,-2.709227559656900E+001,-9.100371108078851E+001,
4.660801564027371E+009,-2.679771201235427E+001,-1.092006558220831E+002,
4.664711632453568E+009,-2.654993050163068E+001,-1.286553475058883E+002,
4.668621700879766E+009,-2.623734942025329E+001,-1.484420288641024E+002,
4.672531769305963E+009,-2.616904017475347E+001,-1.673108475944262E+002,
4.676441837732161E+009,-2.610852117687223E+001,1.737637592815735E+002,
4.680351906158358E+009,-2.596331981884437E+001,1.561151607026022E+002,
4.684261974584556E+009,-2.589751965939005E+001,1.378497948791787E+002,
4.688172043010753E+009,-2.563964311901237E+001,1.196554455411916E+002,
4.692082111436951E+009,-2.549432715245830E+001,1.007863404690113E+002,
4.695992179863148E+009,-2.522777111610954E+001,8.213772344406799E+001,
4.699902248289345E+009,-2.515008470556695E+001,6.298016977213593E+001,
4.703812316715543E+009,-2.503563073012171E+001,4.396450961900263E+001,
4.707722385141740E+009,-2.503536289400546E+001,2.480170016595406E+001,
4.711632453567938E+009,-2.505068451819370E+001,6.294778767179301E+000,
4.715542521994135E+009,-2.506996223384739E+001,-1.163589322201463E+001,
4.719452590420332E+009,-2.491921462619690E+001,-2.940712850955655E+001,
4.723362658846530E+009,-2.483377981209016E+001,-4.822950394663686E+001,
4.727272727272727E+009,-2.471960170734167E+001,-6.640573549261649E+001,
4.731182795698925E+009,-2.474708009610410E+001,-8.512065537578428E+001,
4.735092864125122E+009,-2.468643768329722E+001,-1.030035808926870E+002,
4.739002932551320E+009,-2.462761414016583E+001,-1.214703686495960E+002,
4.742913000977517E+009,-2.456032942236572E+001,-1.398322747029861E+002,
4.746823069403714E+009,-2.446829194863174E+001,-1.582697198300336E+002,
4.750733137829912E+009,-2.438082850693930E+001,-1.768780847394988E+002,
4.754643206256109E+009,-2.459856845869849E+001,1.641982670450106E+002,
4.758553274682307E+009,-2.461259123144579E+001,1.460871009545258E+002,
4.762463343108504E+009,-2.468727827376313E+001,1.285221695196433E+002,
4.766373411534702E+009,-2.471726952352221E+001,1.107456150510846E+002,
4.770283479960899E+009,-2.473108211249505E+001,9.323954298239725E+001,
4.774193548387096E+009,-2.471212627689040E+001,7.546794992157568E+001,
4.778103616813294E+009,-2.460814508099904E+001,5.775277063291915E+001,
4.782013685239492E+009,-2.461828900016154E+001,3.907393691951544E+001,
4.785923753665690E+009,-2.467994191082507E+001,2.100419983602799E+001,
4.789833822091887E+009,-2.462870829667347E+001,3.673830575659911E+000,
4.793743890518084E+009,-2.467635563840808E+001,-1.464334548528515E+001,
4.797653958944282E+009,-2.473313808386784E+001,-3.331801833358912E+001,
4.801564027370479E+009,-2.478658316781063E+001,-5.074435932340849E+001,
4.805474095796677E+009,-2.482911982997360E+001,-6.857230387202478E+001,
4.809384164222874E+009,-2.490864470641104E+001,-8.661061268268891E+001,
4.813294232649072E+009,-2.505325605583075E+001,-1.044041279850083E+002,
4.817204301075269E+009,-2.518251047774844E+001,-1.213463330967480E+002,
4.821114369501467E+009,-2.515110604107730E+001,-1.379352098153685E+002,
4.825024437927664E+009,-2.514693036718621E+001,-1.557734798282145E+002,
4.828934506353861E+009,-2.515644338473791E+001,-1.728074876038361E+002,
4.832844574780059E+009,-2.505584495806774E+001,1.694802234857147E+002,
4.836754643206256E+009,-2.496781834223444E+001,1.511364620209482E+002,
4.840664711632454E+009,-2.507852584758616E+001,1.330655011854722E+002,
4.844574780058651E+009,-2.516412929767088E+001,1.155245114954430E+002,
4.848484848484848E+009,-2.521742718262062E+001,9.773693605438761E+001,
4.852394916911046E+009,-2.526024089636107E+001,8.063295314096847E+001,
4.856304985337243E+009,-2.510256157483046E+001,6.282642155386050E+001,
4.860215053763441E+009,-2.501606063276929E+001,4.523593906712298E+001,
4.864125122189638E+009,-2.496555937910865E+001,2.688129787530284E+001,
4.868035190615836E+009,-2.498029738487176E+001,8.392870542675333E+000,
4.871945259042033E+009,-2.505395591725861E+001,-1.005812983244961E+001,
4.875855327468231E+009,-2.498755856739354E+001,-2.835797048346172E+001,
4.879765395894428E+009,-2.510275394107417E+001,-4.707710292506037E+001,
4.883675464320625E+009,-2.515760788056343E+001,-6.520236020675829E+001,
4.887585532746823E+009,-2.521957165417028E+001,-8.298268444411308E+001,
4.891495601173020E+009,-2.522631345511606E+001,-1.012608725369758E+002,
4.895405669599218E+009,-2.516547222281372E+001,-1.197985672109263E+002,
4.899315738025415E+009,-2.521578854054482E+001,-1.390866539697853E+002,
4.903225806451613E+009,-2.524383290259642E+001,-1.580277184784000E+002,
4.907135874877811E+009,-2.543038697938955E+001,-1.772294399134159E+002,
4.911045943304008E+009,-2.565053738235367E+001,1.643137420246136E+002,
4.914956011730206E+009,-2.580606651931721E+001,1.456359699194023E+002,
4.918866080156403E+009,-2.597999927665855E+001,1.273718921535724E+002,
4.922776148582601E+009,-2.624968471672619E+001,1.087225178787795E+002,
4.926686217008798E+009,-2.648666811228795E+001,9.014094397525201E+001,
4.930596285434996E+009,-2.667310012100311E+001,7.181317272207367E+001,
4.934506353861193E+009,-2.694079464170548E+001,5.429244015042890E+001,
4.938416422287390E+009,-2.708675973287079E+001,3.622327023648600E+001,
4.942326490713588E+009,-2.722687400272854E+001,1.720276969447443E+001,
4.946236559139785E+009,-2.745877389291414E+001,-1.307072471417368E+000,
4.950146627565983E+009,-2.763555134320334E+001,-2.028129291123798E+001,
4.954056695992180E+009,-2.794948348380225E+001,-3.747618323646884E+001,
4.957966764418377E+009,-2.803495811106535E+001,-5.531941494509834E+001,
4.961876832844575E+009,-2.813138027510330E+001,-7.433024322067925E+001,
4.965786901270772E+009,-2.824422871013394E+001,-9.308136881148737E+001,
4.969696969696970E+009,-2.837837364709628E+001,-1.127399710327939E+002,
4.973607038123167E+009,-2.866846319774767E+001,-1.321088120191614E+002,
4.977517106549365E+009,-2.887985036681247E+001,-1.526625394424390E+002,
4.981427174975562E+009,-2.930421657773919E+001,-1.719542153402823E+002,
4.985337243401759E+009,-2.965767618476494E+001,1.690469302272406E+002,
4.989247311827957E+009,-3.011689452913409E+001,1.492633561930759E+002,
4.993157380254154E+009,-3.038498242168102E+001,1.307619807276515E+002,
4.997067448680352E+009,-3.078686817607759E+001,1.100683814705575E+002,
5.000977517106549E+009,-3.088659985990601E+001,9.052817331472447E+001,
5.004887585532747E+009,-3.126493476467426E+001,6.820230127984399E+001,
5.008797653958944E+009,-3.219026665580302E+001,4.676839174054394E+001,
5.012707722385141E+009,-3.273587811113468E+001,2.732257772361604E+001,
5.016617790811339E+009,-3.350602683230888E+001,6.416680460792181E+000,
5.020527859237536E+009,-3.409969972810239E+001,-1.375401433824778E+001,
5.024437927663734E+009,-3.458495597114830E+001,-3.446888300759267E+001,
5.028347996089932E+009,-3.517973533342300E+001,-5.659875739783888E+001,
5.032258064516129E+009,-3.592914421770910E+001,-8.000840283102818E+001,
5.036168132942327E+009,-3.687208322606657E+001,-1.027012592210567E+002,
5.040078201368524E+009,-3.775062463654176E+001,-1.242272526880788E+002,
5.043988269794722E+009,-3.843098757050110E+001,-1.468595482507959E+002,
5.047898338220919E+009,-3.912638516184635E+001,-1.702741430658180E+002,
5.051808406647117E+009,-3.966457386835320E+001,1.639270489055894E+002,
5.055718475073314E+009,-4.007173175986189E+001,1.392709827486283E+002,
5.059628543499512E+009,-4.025808470613980E+001,1.131558110481308E+002,
5.063538611925709E+009,-4.047935291009048E+001,8.501945743847350E+001,
5.067448680351906E+009,-4.075468277197813E+001,5.881998120879688E+001,
5.071358748778104E+009,-4.089528254424366E+001,3.469744167881012E+001,
5.075268817204301E+009,-4.071321065085159E+001,1.219619769711029E+001,
5.079178885630499E+009,-4.018598902126926E+001,-1.059514447600304E+001,
5.083088954056696E+009,-3.960597381378256E+001,-3.190116264436116E+001,
5.086999022482893E+009,-3.887511370309323E+001,-5.386591404063255E+001,
5.090909090909091E+009,-3.816702614801611E+001,-7.592918313952659E+001,
5.094819159335288E+009,-3.734295963419255E+001,-9.791757028822654E+001,
5.098729227761486E+009,-3.683289740329547E+001,-1.191345807485905E+002,
5.102639296187683E+009,-3.619380794535634E+001,-1.384111260299698E+002,
5.106549364613881E+009,-3.554319566158411E+001,-1.585359649868122E+002,
5.110459433040078E+009,-3.485232838604415E+001,-1.795958964469581E+002,
5.114369501466276E+009,-3.445096571654459E+001,1.608595341107161E+002,
5.118279569892473E+009,-3.390744875135972E+001,1.411555184538079E+002,
5.122189638318670E+009,-3.355232972044886E+001,1.213302188711409E+002,
5.126099706744868E+009,-3.319864553512587E+001,1.031441328421072E+002,
5.130009775171065E+009,-3.265895695475061E+001,8.479251544997597E+001,
5.133919843597263E+009,-3.222648647628399E+001,6.575918278755644E+001,
5.137829912023460E+009,-3.176647940475095E+001,4.734921139730962E+001,
5.141739980449657E+009,-3.123482832792581E+001,2.879728315127638E+001,
5.145650048875855E+009,-3.075145567870823E+001,9.669534849023567E+000,
5.149560117302053E+009,-3.027745654885076E+001,-9.824095826418963E+000,
5.153470185728251E+009,-2.996532297670526E+001,-2.954631315145057E+001,
5.157380254154448E+009,-2.967577791859335E+001,-4.790569488538974E+001,
5.161290322580645E+009,-2.940460644085858E+001,-6.708240656072519E+001,
5.165200391006843E+009,-2.898643500795654E+001,-8.633994141766753E+001,
5.169110459433041E+009,-2.867319455994137E+001,-1.051728005956077E+002,
5.173020527859238E+009,-2.840954001407043E+001,-1.240621342287677E+002,
5.176930596285435E+009,-2.816412167372874E+001,-1.426853374767965E+002,
5.180840664711633E+009,-2.800644855445064E+001,-1.615558182972524E+002,
5.184750733137830E+009,-2.775236575225057E+001,-1.791921222481596E+002,
5.188660801564028E+009,-2.741263016081109E+001,1.614173641553237E+002,
5.192570869990225E+009,-2.714989986621944E+001,1.416595162759257E+002,
5.196480938416422E+009,-2.696298716459134E+001,1.222175928174368E+002,
5.200391006842620E+009,-2.689225232060217E+001,1.034193937265659E+002,
5.204301075268817E+009,-2.681353908462956E+001,8.503553019190785E+001,
5.208211143695015E+009,-2.671544331262875E+001,6.684991259697499E+001,
5.212121212121212E+009,-2.657112397366888E+001,4.822745248412281E+001,
5.216031280547409E+009,-2.643046117488623E+001,3.010569455517738E+001,
5.219941348973607E+009,-2.628443584334069E+001,1.180975626361135E+001,
5.223851417399805E+009,-2.618775090884991E+001,-6.775472626174189E+000,
5.227761485826002E+009,-2.600374175743148E+001,-2.515765331737926E+001,
5.231671554252199E+009,-2.589231569842381E+001,-4.357246626936666E+001,
5.235581622678397E+009,-2.575524820035450E+001,-6.215887879826556E+001,
5.239491691104594E+009,-2.567441156164409E+001,-8.107882999007553E+001,
5.243401759530792E+009,-2.562332872169621E+001,-9.978581915956849E+001,
5.247311827956989E+009,-2.541678785551487E+001,-1.177511365797409E+002,
5.251221896383186E+009,-2.538857090349467E+001,-1.366173280228100E+002,
5.255131964809384E+009,-2.533982404370214E+001,-1.553238091381930E+002,
5.259042033235581E+009,-2.519642674216753E+001,-1.738169821606593E+002,
5.262952101661779E+009,-2.510976774519715E+001,1.677481069883881E+002,
5.266862170087977E+009,-2.502375083291018E+001,1.489438709873870E+002,
5.270772238514174E+009,-2.507055377589296E+001,1.297394707263121E+002,
5.274682306940372E+009,-2.510303040955878E+001,1.110810610319173E+002,
5.278592375366570E+009,-2.511076124682688E+001,9.222658117447075E+001,
5.282502443792767E+009,-2.515725883999739E+001,7.376037225436735E+001,
5.286412512218964E+009,-2.516606813390740E+001,5.545187706797582E+001,
5.290322580645162E+009,-2.515639665474852E+001,3.728416619259063E+001,
5.294232649071359E+009,-2.507228420103097E+001,1.880448525986051E+001,
5.298142717497557E+009,-2.516651077789809E+001,1.036435910567642E-001,
5.302052785923754E+009,-2.523043918201337E+001,-1.867861281806327E+001,
5.305962854349951E+009,-2.528457911127208E+001,-3.687978980963605E+001,
5.309872922776149E+009,-2.540996649601944E+001,-5.542617002318595E+001,
5.313782991202346E+009,-2.555518096562125E+001,-7.399124907367140E+001,
5.317693059628544E+009,-2.564625249295382E+001,-9.170508773695231E+001,
5.321603128054741E+009,-2.565893841314526E+001,-1.093095366660507E+002,
5.325513196480938E+009,-2.571520106601051E+001,-1.279249274773077E+002,
5.329423264907136E+009,-2.588439755385193E+001,-1.465703488834653E+002,
5.333333333333333E+009,-2.603501512808354E+001,-1.643696315961850E+002,
5.337243401759531E+009,-2.611548981812265E+001,1.783341685682392E+002,
5.341153470185728E+009,-2.618108613314712E+001,1.617105563139586E+002,
5.345063538611926E+009,-2.626986231021273E+001,1.440509332964865E+002,
5.348973607038123E+009,-2.614220502618457E+001,1.254712454139201E+002,
5.352883675464321E+009,-2.621521908469022E+001,1.067593790713047E+002,
5.356793743890518E+009,-2.639774563616575E+001,8.882189815708311E+001,
5.360703812316715E+009,-2.657019711816282E+001,7.068934401404393E+001,
5.364613880742913E+009,-2.668541993206084E+001,5.284597792198643E+001,
5.368523949169110E+009,-2.681093982915851E+001,3.569539503971944E+001,
5.372434017595308E+009,-2.694895179616649E+001,1.799185171796104E+001,
5.376344086021505E+009,-2.699703991910143E+001,6.509733649577748E-001,
5.380254154447702E+009,-2.704604848575522E+001,-1.751043856245725E+001,
5.384164222873900E+009,-2.713374928082921E+001,-3.488872214587990E+001,
5.388074291300098E+009,-2.722548445642171E+001,-5.258266847274818E+001,
5.391984359726296E+009,-2.733995778638526E+001,-7.004284588609458E+001,
5.395894428152493E+009,-2.742236266386410E+001,-8.806008513717480E+001,
5.399804496578690E+009,-2.746699332511561E+001,-1.051215399590578E+002,
5.403714565004888E+009,-2.763932193968965E+001,-1.229078779308263E+002,
5.407624633431086E+009,-2.775123643189348E+001,-1.412174610988927E+002,
5.411534701857283E+009,-2.786522251655066E+001,-1.583692580681995E+002,
5.415444770283480E+009,-2.802687619639846E+001,-1.754500200273963E+002,
5.419354838709678E+009,-2.814506924061545E+001,1.667452994973877E+002,
5.423264907135875E+009,-2.819164154828616E+001,1.497546705996379E+002,
5.427174975562073E+009,-2.827560277996820E+001,1.320561280833122E+002,
5.431085043988270E+009,-2.819517506127208E+001,1.150082439768733E+002,
5.434995112414467E+009,-2.838366900972947E+001,9.720641925201488E+001,
5.438905180840665E+009,-2.839733817836714E+001,8.027700130532840E+001,
5.442815249266862E+009,-2.837548557351731E+001,6.342192831830226E+001,
5.446725317693060E+009,-2.841632493004095E+001,4.619649699479423E+001,
5.450635386119257E+009,-2.822694072283719E+001,2.802155220290847E+001,
5.454545454545454E+009,-2.827486663866506E+001,1.045203475935409E+001,
5.458455522971652E+009,-2.828332216495385E+001,-7.693253037444331E+000,
5.462365591397850E+009,-2.828630649216527E+001,-2.560293113001754E+001,
5.466275659824047E+009,-2.836085058803863E+001,-4.394983428174322E+001,
5.470185728250244E+009,-2.836881819777494E+001,-6.205209336704962E+001,
5.474095796676442E+009,-2.844320519305697E+001,-8.067713805180685E+001,
5.478005865102639E+009,-2.846712020893723E+001,-9.903272528922696E+001,
5.481915933528837E+009,-2.864422187660776E+001,-1.169121426849098E+002,
5.485826001955034E+009,-2.857698665237660E+001,-1.347926771762170E+002,
5.489736070381231E+009,-2.858491336377677E+001,-1.537041747749014E+002,
5.493646138807429E+009,-2.868245827829851E+001,-1.728221389263172E+002,
5.497556207233626E+009,-2.882151897833946E+001,1.700722876551223E+002,
5.501466275659824E+009,-2.888325988710139E+001,1.508628164410613E+002,
5.505376344086021E+009,-2.897159990789192E+001,1.314643343041392E+002,
5.509286412512219E+009,-2.929520722661431E+001,1.138014257598148E+002,
5.513196480938417E+009,-2.944690908232244E+001,9.523693848867779E+001,
5.517106549364615E+009,-2.962528729330499E+001,7.709993994350472E+001,
5.521016617790812E+009,-2.965613903067442E+001,5.883878779232815E+001,
5.524926686217009E+009,-2.972970081087022E+001,3.982893487685032E+001,
5.528836754643207E+009,-2.993028485963904E+001,2.072195062145374E+001,
5.532746823069404E+009,-3.021828162469688E+001,2.282086183382726E+000,
5.536656891495602E+009,-3.046101017664993E+001,-1.631170937915960E+001,
5.540566959921799E+009,-3.073726024909955E+001,-3.334557505973898E+001,
5.544477028347996E+009,-3.093082771559369E+001,-5.278567317535270E+001,
5.548387096774194E+009,-3.114807892561056E+001,-7.000763438411997E+001,
5.552297165200391E+009,-3.121356414884856E+001,-8.768116221419199E+001,
5.556207233626589E+009,-3.135894813792645E+001,-1.063036305861469E+002,
5.560117302052786E+009,-3.158785036437682E+001,-1.248066288392875E+002,
5.564027370478983E+009,-3.183192797733942E+001,-1.429530586997583E+002,
5.567937438905181E+009,-3.204450349809423E+001,-1.606529352528246E+002,
5.571847507331378E+009,-3.202528823811536E+001,-1.790893218740162E+002,
5.575757575757576E+009,-3.217775793320568E+001,1.610460281576679E+002,
5.579667644183773E+009,-3.239822623708130E+001,1.420497365865461E+002,
5.583577712609971E+009,-3.272901149714818E+001,1.231801369260573E+002,
5.587487781036168E+009,-3.314566511906187E+001,1.047915302397942E+002,
5.591397849462366E+009,-3.341179800487087E+001,8.712428851914486E+001,
5.595307917888563E+009,-3.355529866936961E+001,6.859313799614642E+001,
5.599217986314760E+009,-3.384312573122906E+001,5.082582271994448E+001,
5.603128054740958E+009,-3.397942062747999E+001,3.214938464278724E+001,
5.607038123167155E+009,-3.401048613226805E+001,1.362735665469188E+001,
5.610948191593353E+009,-3.406020966321959E+001,-6.673463910832520E+000,
5.614858260019550E+009,-3.435315679031388E+001,-2.710856451346027E+001,
5.618768328445747E+009,-3.468134278580034E+001,-4.673518611856151E+001,
5.622678396871945E+009,-3.513387066349174E+001,-6.619521163899260E+001,
5.626588465298142E+009,-3.540856084079194E+001,-8.509994941206735E+001,
5.630498533724340E+009,-3.571843376971198E+001,-1.035568379724500E+002,
5.634408602150538E+009,-3.580840699621463E+001,-1.230925000781720E+002,
5.638318670576735E+009,-3.597983031599595E+001,-1.434171523691318E+002,
5.642228739002933E+009,-3.609398875160969E+001,-1.643105171441638E+002,
5.646138807429131E+009,-3.635738101726699E+001,1.739843397202004E+002,
5.650048875855328E+009,-3.670383002051937E+001,1.528426548281487E+002,
5.653958944281525E+009,-3.695724393418212E+001,1.313280822379170E+002,
5.657869012707723E+009,-3.735093551034314E+001,1.094659101651122E+002,
5.661779081133920E+009,-3.788282547403453E+001,8.730246312674635E+001,
5.665689149560118E+009,-3.830530095631769E+001,6.706816076600003E+001,
5.669599217986315E+009,-3.860485775322425E+001,4.652120021573784E+001,
5.673509286412512E+009,-3.841228359048767E+001,2.520772751342304E+001,
5.677419354838710E+009,-3.857054963877074E+001,1.050386698158316E+000,
5.681329423264907E+009,-3.874744074282680E+001,-2.186991942532567E+001,
5.685239491691105E+009,-3.882293478526963E+001,-4.502048801602664E+001,
5.689149560117302E+009,-3.889401105033827E+001,-6.776596409280928E+001,
5.693059628543499E+009,-3.888364799357133E+001,-9.007124054149034E+001,
5.696969696969697E+009,-3.851803013229166E+001,-1.143155295094424E+002,
5.700879765395895E+009,-3.854976534063960E+001,-1.382838629733049E+002,
5.704789833822092E+009,-3.847263150650796E+001,-1.617914649844383E+002,
5.708699902248289E+009,-3.849128430411508E+001,1.746157483737873E+002,
5.712609970674487E+009,-3.841633585412797E+001,1.526515753861191E+002,
5.716520039100684E+009,-3.813516494788593E+001,1.307550489759652E+002,
5.720430107526882E+009,-3.793596087069324E+001,1.089722813299796E+002,
5.724340175953079E+009,-3.770520817689470E+001,8.937989740673916E+001,
5.728250244379276E+009,-3.694738562603388E+001,6.816291482429871E+001,
5.732160312805474E+009,-3.647679135633796E+001,4.591228171010276E+001,
5.736070381231671E+009,-3.595147873897459E+001,2.353752587186939E+001,
5.739980449657869E+009,-3.545808939775677E+001,1.188881240641394E+000,
5.743890518084066E+009,-3.514000622340804E+001,-2.111028828264243E+001,
5.747800586510263E+009,-3.478056258531019E+001,-4.359691793889738E+001,
5.751710654936461E+009,-3.472338456432252E+001,-6.617457409639933E+001,
5.755620723362660E+009,-3.457355827913924E+001,-8.650835300406315E+001,
5.759530791788857E+009,-3.441255060446928E+001,-1.069329867000161E+002,
5.763440860215054E+009,-3.422771558627791E+001,-1.281593912361327E+002,
5.767350928641252E+009,-3.408289917012305E+001,-1.480113320668008E+002,
5.771260997067449E+009,-3.392158757808283E+001,-1.671620770423421E+002,
5.775171065493647E+009,-3.362411700548613E+001,1.724859646813748E+002,
5.779081133919844E+009,-3.340685586975746E+001,1.524082118878888E+002,
5.782991202346041E+009,-3.320429470861524E+001,1.318052082782637E+002,
5.786901270772239E+009,-3.316213705635856E+001,1.116044343941663E+002,
5.790811339198436E+009,-3.310983397976526E+001,9.216724572736851E+001,
5.794721407624634E+009,-3.296207768847091E+001,7.271456834659949E+001,
5.798631476050831E+009,-3.290049170070315E+001,5.292414928764333E+001,
5.802541544477028E+009,-3.285778704546385E+001,3.411152820833097E+001,
5.806451612903226E+009,-3.281108117014696E+001,1.538382293355198E+001,
5.810361681329423E+009,-3.257762155002227E+001,-3.233233552366001E+000,
5.814271749755621E+009,-3.244475445483182E+001,-2.311281675110854E+001,
5.818181818181818E+009,-3.231974793530775E+001,-4.248837229129467E+001,
5.822091886608016E+009,-3.224703193621960E+001,-6.221664804987174E+001,
5.826001955034213E+009,-3.227878944794784E+001,-8.203648678136378E+001,
5.829912023460411E+009,-3.229725129735095E+001,-1.010982562580610E+002,
5.833822091886608E+009,-3.242664146966489E+001,-1.203830979867320E+002,
5.837732160312805E+009,-3.259208909778067E+001,-1.389169084363851E+002,
5.841642228739003E+009,-3.260006686909985E+001,-1.562538380077785E+002,
5.845552297165200E+009,-3.246273258955960E+001,-1.749028126366429E+002,
5.849462365591398E+009,-3.253100678744144E+001,1.661629780023219E+002,
5.853372434017595E+009,-3.258434276100552E+001,1.481797173996357E+002,
5.857282502443792E+009,-3.259533922274110E+001,1.297170993292411E+002,
5.861192570869990E+009,-3.252006312144571E+001,1.109471750540772E+002,
5.865102639296187E+009,-3.267818542860067E+001,9.235644676208739E+001,
5.869012707722385E+009,-3.283656681990445E+001,7.419106410130172E+001,
5.872922776148583E+009,-3.297431803537179E+001,5.611893477372002E+001,
5.876832844574780E+009,-3.322479083335044E+001,3.929607429038917E+001,
5.880742913000978E+009,-3.333580553219185E+001,2.302352102357187E+001,
5.884652981427176E+009,-3.319230830707572E+001,7.357047306523185E+000,
5.888563049853373E+009,-3.300255371156847E+001,-9.947180616120358E+000,
5.892473118279570E+009,-3.293927728201440E+001,-2.780632067007122E+001,
5.896383186705768E+009,-3.289789336082328E+001,-4.448437123508114E+001,
5.900293255131965E+009,-3.272441190753072E+001,-6.159833725402964E+001,
5.904203323558163E+009,-3.262383036569455E+001,-7.915748005648267E+001,
5.908113391984360E+009,-3.237593441013178E+001,-9.632155442526900E+001,
5.912023460410557E+009,-3.216780033460770E+001,-1.147546316384787E+002,
5.915933528836755E+009,-3.203651042811985E+001,-1.323532745313100E+002,
5.919843597262952E+009,-3.187078296264778E+001,-1.498470151467146E+002,
5.923753665689150E+009,-3.161893855205185E+001,-1.684050880211032E+002,
5.927663734115347E+009,-3.152232100280766E+001,1.729505473263188E+002,
5.931573802541544E+009,-3.135742135648606E+001,1.550579436353198E+002,
5.935483870967742E+009,-3.112762175077897E+001,1.363499319014549E+002,
5.939393939393940E+009,-3.096270054765317E+001,1.174134359925046E+002,
5.943304007820137E+009,-3.087404829196039E+001,9.758449342043446E+001,
5.947214076246334E+009,-3.100069837988607E+001,7.809956334525542E+001,
5.951124144672532E+009,-3.106661633884109E+001,5.992147002649548E+001,
5.955034213098729E+009,-3.106034184735563E+001,4.209370872782681E+001,
5.958944281524927E+009,-3.094468585944591E+001,2.371698299213232E+001,
5.962854349951124E+009,-3.093544715927396E+001,4.674074781782053E+000,
5.966764418377321E+009,-3.095726028956494E+001,-1.418194697656829E+001,
5.970674486803519E+009,-3.101284187612501E+001,-3.250255528085419E+001,
5.974584555229716E+009,-3.105020546135006E+001,-5.083469224823420E+001,
5.978494623655914E+009,-3.109549453318248E+001,-6.943282077069885E+001,
5.982404692082111E+009,-3.115922950044240E+001,-8.780954724789375E+001,
5.986314760508308E+009,-3.124057160471580E+001,-1.063713706500947E+002,
5.990224828934506E+009,-3.136266493217360E+001,-1.240174036403512E+002,
5.994134897360704E+009,-3.132823469254759E+001,-1.418427453281897E+002,
5.998044965786902E+009,-3.138956349814569E+001,-1.604199274876965E+002,
6.001955034213099E+009,-3.151761484001773E+001,-1.786391867314282E+002,
6.005865102639297E+009,-3.159298014945514E+001,1.632986786881994E+002,
6.009775171065494E+009,-3.171593978065159E+001,1.457628618815296E+002,
6.013685239491692E+009,-3.167704932443664E+001,1.285078147608234E+002,
6.017595307917889E+009,-3.159750796806815E+001,1.111359109504264E+002,
6.021505376344086E+009,-3.151548435164308E+001,9.271893996225705E+001,
6.025415444770284E+009,-3.149100696326038E+001,7.401141784803968E+001,
6.029325513196481E+009,-3.152848983324709E+001,5.526060151079020E+001,
6.033235581622679E+009,-3.166649276746959E+001,3.724922272132329E+001,
6.037145650048876E+009,-3.168970235559546E+001,1.939007489820564E+001,
6.041055718475073E+009,-3.163321924329085E+001,1.422319879305620E+000,
6.044965786901271E+009,-3.169056035935651E+001,-1.713478598113528E+001,
6.048875855327468E+009,-3.178912042940569E+001,-3.531014737053992E+001,
6.052785923753666E+009,-3.173860279788166E+001,-5.300261100993144E+001,
6.056695992179863E+009,-3.165155978640465E+001,-7.174898557883859E+001,
6.060606060606061E+009,-3.171547252095763E+001,-9.110559476199586E+001,
6.064516129032258E+009,-3.184046830592881E+001,-1.102226411420653E+002,
6.068426197458456E+009,-3.203045313009626E+001,-1.283442542308731E+002,
6.072336265884653E+009,-3.218752160874256E+001,-1.459165182976154E+002,
6.076246334310850E+009,-3.222105765825791E+001,-1.639455081460935E+002,
6.080156402737048E+009,-3.220680448302356E+001,1.779228808248690E+002,
6.084066471163245E+009,-3.221065304647476E+001,1.595030630553252E+002,
6.087976539589443E+009,-3.218556872670730E+001,1.408727517003716E+002,
6.091886608015640E+009,-3.218629269108843E+001,1.216850045674195E+002,
6.095796676441837E+009,-3.229108407412614E+001,1.023213487909421E+002,
6.099706744868035E+009,-3.247785650177757E+001,8.325914621958079E+001,
6.103616813294232E+009,-3.269663052844967E+001,6.513264891326179E+001,
6.107526881720430E+009,-3.274079904507345E+001,4.656270681712901E+001,
6.111436950146627E+009,-3.297939903453734E+001,2.791237041040055E+001,
6.115347018572825E+009,-3.299747557423424E+001,1.051090341870954E+001,
6.119257086999023E+009,-3.299102955369004E+001,-9.149733297025836E+000,
6.123167155425221E+009,-3.305830108763358E+001,-2.816399059789083E+001,
6.127077223851418E+009,-3.319953770945685E+001,-4.759386377909315E+001,
6.130987292277615E+009,-3.336595675177095E+001,-6.714368250822946E+001,
6.134897360703813E+009,-3.359624776487327E+001,-8.660366844763645E+001,
6.138807429130010E+009,-3.382963874535668E+001,-1.062373014201649E+002,
6.142717497556208E+009,-3.417624347627426E+001,-1.250747491596108E+002,
6.146627565982405E+009,-3.448284314410155E+001,-1.435750726880784E+002,
6.150537634408602E+009,-3.473482054837475E+001,-1.617856389146974E+002,
6.154447702834800E+009,-3.484266520765593E+001,1.797636686195412E+002,
6.158357771260998E+009,-3.505573115326957E+001,1.599607615798575E+002,
6.162267839687195E+009,-3.534548225466762E+001,1.409710249606471E+002,
6.166177908113392E+009,-3.565137325958060E+001,1.216125307780412E+002,
6.170087976539589E+009,-3.591330605410437E+001,1.018278374941393E+002,
6.173998044965787E+009,-3.654846040412081E+001,8.232368844183600E+001,
6.177908113391985E+009,-3.699823516977386E+001,6.576091120088447E+001,
6.181818181818182E+009,-3.718518420696928E+001,4.791013537357070E+001,
6.185728250244379E+009,-3.740852737843226E+001,2.953726603817340E+001,
6.189638318670576E+009,-3.770212389828315E+001,1.103066416926596E+001,
6.193548387096774E+009,-3.792455710709218E+001,-7.734864605687331E+000,
6.197458455522972E+009,-3.832180877123496E+001,-2.709866138184190E+001,
6.201368523949169E+009,-3.882290858268035E+001,-4.574950812982598E+001,
6.205278592375366E+009,-3.929247781061096E+001,-6.294942757694596E+001,
6.209188660801564E+009,-3.984126659469526E+001,-8.040150787544528E+001,
6.213098729227762E+009,-3.996112134219514E+001,-9.646203093692412E+001,
6.217008797653959E+009,-4.012468926194954E+001,-1.146263916754817E+002,
6.220918866080156E+009,-4.051509559889963E+001,-1.327558907176658E+002,
6.224828934506353E+009,-4.052226307643135E+001,-1.483084371269613E+002,
6.228739002932551E+009,-4.050891930724804E+001,-1.656673017788963E+002,
6.232649071358749E+009,-4.041999629985529E+001,1.765559078258584E+002,
6.236559139784946E+009,-4.028263244678269E+001,1.562355352275388E+002,
6.240469208211144E+009,-4.030268252633058E+001,1.377091955454226E+002,
6.244379276637341E+009,-4.033768844692060E+001,1.170414279066433E+002,
6.248289345063539E+009,-4.045051515294187E+001,9.692923781846936E+001,
6.252199413489737E+009,-4.049934940090854E+001,7.760347424031617E+001,
6.256109481915934E+009,-4.029536234860326E+001,5.716411955115767E+001,
6.260019550342131E+009,-4.034146050894839E+001,3.760636678293960E+001,
6.263929618768329E+009,-4.028984962624315E+001,1.481549341696320E+001,
6.267839687194526E+009,-4.033033695858902E+001,-6.796000677568204E+000,
6.271749755620724E+009,-4.054126482926649E+001,-2.753518381099244E+001,
6.275659824046921E+009,-4.040932884110934E+001,-4.845275856964139E+001,
6.279569892473118E+009,-4.021881960585142E+001,-7.082564257674130E+001,
6.283479960899316E+009,-4.029606463988081E+001,-9.496826064235999E+001,
6.287390029325514E+009,-4.039561064118867E+001,-1.175699739233738E+002,
6.291300097751711E+009,-4.062011030445216E+001,-1.408760620400621E+002,
6.295210166177908E+009,-4.095040598676049E+001,-1.622216623509789E+002,
6.299120234604105E+009,-4.079265662169978E+001,1.775649850581752E+002,
6.303030303030303E+009,-4.050918256043207E+001,1.542535624751414E+002,
6.306940371456501E+009,-4.046939969516571E+001,1.292999400046983E+002,
6.310850439882698E+009,-4.066210251792129E+001,1.061921559410220E+002,
6.314760508308895E+009,-4.068627580134962E+001,8.435227834571991E+001,
6.318670576735093E+009,-4.071701588284499E+001,6.231733042941780E+001,
6.322580645161290E+009,-4.061360736904813E+001,4.064812286697827E+001,
6.326490713587488E+009,-4.048096784564469E+001,1.701596247328644E+001,
6.330400782013685E+009,-4.061863284511304E+001,-5.778875436592494E+000,
6.334310850439882E+009,-4.079418839267660E+001,-2.620788337771901E+001,
6.338220918866080E+009,-4.036353247684863E+001,-4.726093901134227E+001,
6.342130987292278E+009,-4.029530552693670E+001,-7.144129128101115E+001,
6.346041055718475E+009,-4.075455463198096E+001,-9.173481146968310E+001,
6.349951124144672E+009,-4.039278661100690E+001,-1.109106595392601E+002,
6.353861192570869E+009,-3.998212676762390E+001,-1.331135074294447E+002,
6.357771260997068E+009,-4.001559293494637E+001,-1.568114199112187E+002,
6.361681329423266E+009,-4.019577296040089E+001,-1.792359009017514E+002,
6.365591397849463E+009,-4.054016173218820E+001,1.601220651850800E+002,
6.369501466275660E+009,-4.073182578246330E+001,1.395219385544762E+002,
6.373411534701857E+009,-4.130570093022997E+001,1.200864637229690E+002,
6.377321603128055E+009,-4.148608319768410E+001,1.045554391305681E+002,
6.381231671554253E+009,-4.078677638003807E+001,8.661452561723959E+001,
6.385141739980450E+009,-4.041874585282066E+001,6.477167335530328E+001,
6.389051808406647E+009,-4.077203755651620E+001,4.291352681026039E+001,
6.392961876832845E+009,-4.133006329332528E+001,2.160045502407508E+001,
6.396871945259043E+009,-4.202067839111452E+001,5.400139300243577E+000,
6.400782013685240E+009,-4.180741849298826E+001,-7.687101316920443E+000,
6.404692082111437E+009,-4.147990197439353E+001,-2.890304308169368E+001,
6.408602150537634E+009,-4.200905789320987E+001,-4.743817830663451E+001,
6.412512218963832E+009,-4.218764168668336E+001,-6.264801380128185E+001,
6.416422287390030E+009,-4.235223058153770E+001,-8.055799923545456E+001,
6.420332355816227E+009,-4.249900681865565E+001,-9.201803946589881E+001,
6.424242424242424E+009,-4.154943791749357E+001,-1.061383368523759E+002,
6.428152492668621E+009,-4.092223372779824E+001,-1.265661301060561E+002,
6.432062561094819E+009,-4.087000311134999E+001,-1.459399032495960E+002,
6.435972629521017E+009,-4.096646379850838E+001,-1.632442968648877E+002,
6.439882697947214E+009,-4.077009944040735E+001,-1.784841852305043E+002,
6.443792766373411E+009,-4.014158534511643E+001,1.644562623886626E+002,
6.447702834799609E+009,-3.981179322205936E+001,1.447599792118869E+002,
6.451612903225807E+009,-3.969288039019747E+001,1.261890701139926E+002,
6.455522971652004E+009,-3.956572760319154E+001,1.093185781373092E+002,
6.459433040078201E+009,-3.913424712632941E+001,9.052164037245835E+001,
6.463343108504398E+009,-3.896419144950422E+001,7.198165510394819E+001,
6.467253176930596E+009,-3.860818158929244E+001,5.427287329692301E+001,
6.471163245356794E+009,-3.826113073138808E+001,3.483137124096971E+001,
6.475073313782991E+009,-3.818989383813422E+001,1.461908931252412E+001,
6.478983382209189E+009,-3.822472317431738E+001,-3.903959075990374E+000,
6.482893450635386E+009,-3.802744058817333E+001,-2.208391596652625E+001,
6.486803519061584E+009,-3.787287124697867E+001,-3.984432803206530E+001,
6.490713587487782E+009,-3.762166920111137E+001,-5.867184714841527E+001,
6.494623655913979E+009,-3.753701205062538E+001,-7.776750280877171E+001,
6.498533724340176E+009,-3.720228746162587E+001,-9.659683624871724E+001,
6.502443792766374E+009,-3.717050654503860E+001,-1.172205987775725E+002,
6.506353861192571E+009,-3.730858877027982E+001,-1.360931704521764E+002,
6.510263929618769E+009,-3.716029479634071E+001,-1.536706383441477E+002,
6.514173998044966E+009,-3.714570282208752E+001,-1.743663260428489E+002,
6.518084066471163E+009,-3.724491596282829E+001,1.671655673231217E+002,
6.521994134897361E+009,-3.721662135836957E+001,1.492358256100341E+002,
6.525904203323559E+009,-3.725022787814444E+001,1.293436272249460E+002,
6.529814271749756E+009,-3.738514323922804E+001,1.110463710812601E+002,
6.533724340175953E+009,-3.737593108983817E+001,9.291893514044052E+001,
6.537634408602150E+009,-3.747526249250659E+001,7.505101897300048E+001,
6.541544477028348E+009,-3.740042145965924E+001,5.650305079502497E+001,
6.545454545454546E+009,-3.745459863192095E+001,3.642277066380768E+001,
6.549364613880743E+009,-3.775984247092657E+001,1.842606618490108E+001,
6.553274682306940E+009,-3.772248404120533E+001,1.366137337216504E+000,
6.557184750733138E+009,-3.774035243712768E+001,-1.683358084294348E+001,
6.561094819159335E+009,-3.769713529118977E+001,-3.519732196700520E+001,
6.565004887585533E+009,-3.784960137647136E+001,-5.485454942358375E+001,
6.568914956011730E+009,-3.807409963989845E+001,-7.263964637341208E+001,
6.572825024437927E+009,-3.810202374057226E+001,-9.085642556110706E+001,
6.576735092864125E+009,-3.839592824600229E+001,-1.080980812811370E+002,
6.580645161290323E+009,-3.851536446081181E+001,-1.249867783672863E+002,
6.584555229716520E+009,-3.845599179856888E+001,-1.427047441561121E+002,
6.588465298142717E+009,-3.836274371983663E+001,-1.607574803305105E+002,
6.592375366568914E+009,-3.825694440579983E+001,-1.796840385718335E+002,
6.596285434995112E+009,-3.826259018112238E+001,1.594066686670836E+002,
6.600195503421310E+009,-3.879739845476945E+001,1.391369368682009E+002,
6.604105571847508E+009,-3.950206732471495E+001,1.210331808013365E+002,
6.608015640273705E+009,-4.007813299365274E+001,1.056012673643880E+002,
6.611925708699902E+009,-4.028292056055538E+001,9.236348989013162E+001,
6.615835777126100E+009,-4.005561109968434E+001,7.759416415723359E+001,
6.619745845552298E+009,-3.965498028668684E+001,5.995293581913509E+001,
6.623655913978495E+009,-3.963322195419590E+001,4.056393865803299E+001,
6.627565982404692E+009,-3.974983148578293E+001,2.332453455413849E+001,
6.631476050830890E+009,-3.985721805316301E+001,4.096345497338206E+000,
6.635386119257088E+009,-4.002261734058855E+001,-1.278028429977179E+001,
6.639296187683285E+009,-4.005761358699651E+001,-3.005992530794370E+001,
6.643206256109482E+009,-4.025230875212401E+001,-4.670010411369108E+001,
6.647116324535679E+009,-4.013665405053894E+001,-6.289033564131924E+001,
6.651026392961877E+009,-3.993788924706466E+001,-8.005387165250220E+001,
6.654936461388075E+009,-3.983998683143219E+001,-9.843915366676565E+001,
6.658846529814272E+009,-3.972784648487298E+001,-1.176144246205121E+002,
6.662756598240469E+009,-3.966424782818254E+001,-1.372113677444386E+002,
6.666666666666666E+009,-4.001567903594555E+001,-1.560947769454845E+002,
6.670576735092864E+009,-3.995410951507486E+001,-1.739074576440147E+002,
6.674486803519062E+009,-4.011163853300989E+001,1.663935726837799E+002,
6.678396871945259E+009,-4.053017543745948E+001,1.481636936238845E+002,
6.682306940371456E+009,-4.068989830523532E+001,1.308715110766316E+002,
6.686217008797654E+009,-4.074343539669965E+001,1.135467634875716E+002,
6.690127077223852E+009,-4.068702771819925E+001,9.502891496311450E+001,
6.694037145650049E+009,-4.119763661179779E+001,7.506468358288856E+001,
6.697947214076246E+009,-4.139191418353305E+001,5.729992144516185E+001,
6.701857282502443E+009,-4.154568084388785E+001,4.026706320431468E+001,
6.705767350928641E+009,-4.172656378781441E+001,2.297165141036853E+001,
6.709677419354839E+009,-4.147849201935976E+001,6.020990443596606E+000,
6.713587487781036E+009,-4.158484894220420E+001,-1.573421546998345E+001,
6.717497556207233E+009,-4.219280824522129E+001,-3.566824437627412E+001,
6.721407624633431E+009,-4.261349657501257E+001,-5.271015729945142E+001,
6.725317693059629E+009,-4.319874988827167E+001,-7.068257461180137E+001,
6.729227761485827E+009,-4.329957152578255E+001,-8.575752932249500E+001,
6.733137829912024E+009,-4.359375954899723E+001,-1.045521857585571E+002,
6.737047898338221E+009,-4.378676898536905E+001,-1.194405118063883E+002,
6.740957966764419E+009,-4.384736880472154E+001,-1.354462459601462E+002,
6.744868035190616E+009,-4.359821606914652E+001,-1.542313163323692E+002,
6.748778103616814E+009,-4.402942583247349E+001,-1.746615406677865E+002,
6.752688172043011E+009,-4.447193070415074E+001,1.687715206902066E+002,
6.756598240469208E+009,-4.452959419067942E+001,1.512431092141496E+002,
6.760508308895406E+009,-4.491419928849317E+001,1.339403900006335E+002,
6.764418377321604E+009,-4.468720294103734E+001,1.197410526060899E+002,
6.768328445747801E+009,-4.425032960809418E+001,1.000053996838706E+002,
6.772238514173998E+009,-4.467773335530745E+001,7.697111574369309E+001,
6.776148582600195E+009,-4.547200914934950E+001,5.858253220427496E+001,
6.780058651026393E+009,-4.610281128011765E+001,4.314859616421344E+001,
6.783968719452591E+009,-4.630376755835353E+001,2.695540999021072E+001,
6.787878787878788E+009,-4.620481896902799E+001,1.182653350066363E+001,
6.791788856304985E+009,-4.594020569524201E+001,-6.323904416778513E+000,
6.795698924731183E+009,-4.603935819521090E+001,-2.620638625266603E+001,
6.799608993157380E+009,-4.634314538523771E+001,-4.766857055330198E+001,
6.803519061583578E+009,-4.711018053779818E+001,-6.746510694877159E+001,
6.807429130009775E+009,-4.776443337849437E+001,-8.199078966904190E+001,
6.811339198435972E+009,-4.756893648221889E+001,-9.608499794149930E+001,
6.815249266862170E+009,-4.745367693910623E+001,-1.168469116802437E+002,
6.819159335288368E+009,-4.791788341766043E+001,-1.389514144619613E+002,
6.823069403714565E+009,-4.784233000801081E+001,-1.567680231740322E+002,
6.826979472140762E+009,-4.869769287591484E+001,-1.774375146951650E+002,
6.830889540566959E+009,-4.940124831845981E+001,1.650924184726863E+002,
6.834799608993157E+009,-5.046909743588999E+001,1.495157063485933E+002,
6.838709677419355E+009,-5.087080823807744E+001,1.366291467275585E+002,
6.842619745845552E+009,-5.037859184190681E+001,1.247820906915052E+002,
6.846529814271750E+009,-5.009843405334297E+001,1.040123348965300E+002,
6.850439882697948E+009,-4.972896430005231E+001,8.465885100239078E+001,
6.854349951124145E+009,-4.965169104121513E+001,6.032024260761047E+001,
6.858260019550343E+009,-5.050683914259248E+001,3.471319663711606E+001,
6.862170087976540E+009,-5.237913760704488E+001,1.752896543258444E+001,
6.866080156402737E+009,-5.372530517747742E+001,8.164673096945052E+000,
6.869990224828935E+009,-5.256994180087845E+001,5.124831549276388E+000,
6.873900293255133E+009,-5.063375846087524E+001,-1.262417862997373E+001,
6.877810361681330E+009,-4.948274496127247E+001,-3.891624760932982E+001,
6.881720430107527E+009,-4.871502001962585E+001,-6.649263339372999E+001,
6.885630498533724E+009,-4.922305431441500E+001,-9.539243046438615E+001,
6.889540566959922E+009,-5.019193223307644E+001,-1.185318140576982E+002,
6.893450635386120E+009,-5.104077104107538E+001,-1.419040917979267E+002,
6.897360703812317E+009,-5.184822561668267E+001,-1.534747696519747E+002,
6.901270772238514E+009,-5.103146663314763E+001,-1.723353435709450E+002,
6.905180840664711E+009,-5.036063170574075E+001,1.677245067512865E+002,
6.909090909090909E+009,-4.952557407077853E+001,1.458616515478744E+002,
6.913000977517107E+009,-4.926965881085987E+001,1.217065338758794E+002,
6.916911045943304E+009,-4.885388693626972E+001,9.760758611800331E+001,
6.920821114369501E+009,-4.877128305628371E+001,7.307211426455459E+001,
6.924731182795699E+009,-4.858416153692185E+001,4.639450491702385E+001,
6.928641251221897E+009,-4.894064533723786E+001,2.760451197612808E+001,
6.932551319648094E+009,-4.802598345805939E+001,6.342952491360599E+000,
6.936461388074291E+009,-4.788533539338754E+001,-1.962806032313931E+001,
6.940371456500488E+009,-4.759040282327376E+001,-4.159689543470229E+001,
6.944281524926686E+009,-4.747471715032633E+001,-6.545837460187228E+001,
6.948191593352884E+009,-4.734802069625165E+001,-8.490443423815546E+001,
6.952101661779081E+009,-4.712573864478802E+001,-1.069462764013634E+002,
6.956011730205278E+009,-4.692107005734762E+001,-1.285602896710792E+002,
6.959921798631475E+009,-4.683719559496104E+001,-1.482564871658756E+002,
6.963831867057674E+009,-4.673636577449570E+001,-1.676394497211823E+002,
6.967741935483872E+009,-4.600677583318443E+001,1.729479034084069E+002,
6.971652003910069E+009,-4.543955248517396E+001,1.510082587084555E+002,
6.975562072336266E+009,-4.497942076087264E+001,1.276959177737910E+002,
6.979472140762464E+009,-4.490644633429739E+001,1.028127095332103E+002,
6.983382209188661E+009,-4.514335065288604E+001,8.308820663915765E+001,
6.987292277614859E+009,-4.531494789428481E+001,6.421554653648369E+001,
6.991202346041056E+009,-4.540493486515304E+001,4.628175197469352E+001,
6.995112414467253E+009,-4.483784271818361E+001,2.933540741019812E+001,
6.999022482893451E+009,-4.441859807092791E+001,9.103144808123691E+000,
7.002932551319649E+009,-4.406226104862701E+001,-1.317514554024258E+001,
7.006842619745846E+009,-4.440189188445422E+001,-3.371814795496076E+001,
7.010752688172043E+009,-4.435651100921238E+001,-5.175819248510381E+001,
7.014662756598240E+009,-4.452773368636837E+001,-6.851169772170124E+001,
7.018572825024438E+009,-4.396399709791376E+001,-8.478728526406378E+001,
7.022482893450636E+009,-4.339634082913822E+001,-1.040845116405957E+002,
7.026392961876833E+009,-4.293178138940800E+001,-1.261083059258607E+002,
7.030303030303030E+009,-4.296415195322992E+001,-1.462148088398303E+002,
7.034213098729228E+009,-4.282311117714688E+001,-1.662534761092325E+002,
7.038123167155425E+009,-4.293154864710956E+001,1.751462731937255E+002,
7.042033235581623E+009,-4.318841309981637E+001,1.560048510963441E+002,
7.045943304007820E+009,-4.295686904214429E+001,1.405278954101023E+002,
7.049853372434017E+009,-4.244582259671716E+001,1.222189596152393E+002,
7.053763440860215E+009,-4.193827004463257E+001,1.032612648458622E+002,
7.057673509286413E+009,-4.173028765580342E+001,8.184223850869488E+001,
7.061583577712610E+009,-4.158258787141814E+001,6.063302087517984E+001,
7.065493646138807E+009,-4.171342278915920E+001,3.944063056702276E+001,
7.069403714565004E+009,-4.173575785905462E+001,2.027517726783742E+001,
7.073313782991202E+009,-4.178906135291634E+001,6.323236248254004E-001,
7.077223851417400E+009,-4.181341111530456E+001,-1.813019886845131E+001,
7.081133919843597E+009,-4.181189200537996E+001,-3.700915193947463E+001,
7.085043988269795E+009,-4.149608840964944E+001,-5.796068175178946E+001,
7.088954056695993E+009,-4.172443235931219E+001,-8.039954910426313E+001,
7.092864125122190E+009,-4.227099707400076E+001,-1.006559834558372E+002,
7.096774193548388E+009,-4.278769814682868E+001,-1.177272350151230E+002,
7.100684261974585E+009,-4.284240294974568E+001,-1.346765033963811E+002,
7.104594330400782E+009,-4.301069127449124E+001,-1.522650516318108E+002,
7.108504398826980E+009,-4.307125830627812E+001,-1.712879621947194E+002,
7.112414467253178E+009,-4.334676863396084E+001,1.697214739591601E+002,
7.116324535679375E+009,-4.357425089323962E+001,1.509371528959699E+002,
7.120234604105572E+009,-4.401962960802825E+001,1.316878784458973E+002,
7.124144672531769E+009,-4.443171163891209E+001,1.145538845504294E+002,
7.128054740957967E+009,-4.495172883972359E+001,9.706824431015174E+001,
7.131964809384165E+009,-4.517627388592814E+001,8.112687821146064E+001,
7.135874877810362E+009,-4.537812516174812E+001,6.361186245806767E+001,
7.139784946236559E+009,-4.591249461877240E+001,4.714128551739441E+001,
7.143695014662756E+009,-4.609576755155224E+001,3.239203881808768E+001,
7.147605083088954E+009,-4.624947121536714E+001,1.580910527061151E+001,
7.151515151515152E+009,-4.634429709319296E+001,-6.094021254467976E-001,
7.155425219941349E+009,-4.679496230125724E+001,-1.716765517849564E+001,
7.159335288367546E+009,-4.721907576491174E+001,-2.905869231204674E+001,
7.163245356793744E+009,-4.695831775231646E+001,-4.422135852165170E+001,
7.167155425219942E+009,-4.692405768175226E+001,-5.781028253189775E+001,
7.171065493646139E+009,-4.678286303428955E+001,-7.322476375611106E+001,
7.174975562072336E+009,-4.612273913908772E+001,-9.088397463154018E+001,
7.178885630498533E+009,-4.610733292336069E+001,-1.099999580617221E+002,
7.182795698924731E+009,-4.636669038712736E+001,-1.273051087396890E+002,
7.186705767350929E+009,-4.652841356241958E+001,-1.428019499136682E+002,
7.190615835777126E+009,-4.606155649959799E+001,-1.550218240575263E+002,
7.194525904203323E+009,-4.563070276245612E+001,-1.728225208711296E+002,
7.198435972629520E+009,-4.514675127344692E+001,1.695154699814545E+002,
7.202346041055718E+009,-4.457929955744925E+001,1.479918021099903E+002,
7.206256109481916E+009,-4.476904534574419E+001,1.265575180472327E+002,
7.210166177908114E+009,-4.491813503865571E+001,1.059997186349845E+002,
7.214076246334311E+009,-4.523896665979521E+001,8.618036696462404E+001,
7.217986314760509E+009,-4.582404800849918E+001,6.936850026407588E+001,
7.221896383186706E+009,-4.594277004196175E+001,5.467186549508186E+001,
7.225806451612904E+009,-4.583653745511219E+001,3.540314179341198E+001,
7.229716520039101E+009,-4.603987415338220E+001,1.685797126985607E+001,
7.233626588465298E+009,-4.611556274942431E+001,-3.614813729269037E+000,
7.237536656891496E+009,-4.659557557352545E+001,-2.364274050219399E+001,
7.241446725317694E+009,-4.750658911445733E+001,-4.052612541206621E+001,
7.245356793743891E+009,-4.810741907168688E+001,-5.653492061505781E+001,
7.249266862170088E+009,-4.839731234640987E+001,-6.953462732293259E+001,
7.253176930596285E+009,-4.813966708608810E+001,-8.723799250654525E+001,
7.257086999022483E+009,-4.840249285794766E+001,-1.047153496198098E+002,
7.260997067448681E+009,-4.877914213156892E+001,-1.261312469099494E+002,
7.264907135874878E+009,-4.979697880376585E+001,-1.410128808789354E+002,
7.268817204301075E+009,-5.055942171633048E+001,-1.559062351296771E+002,
7.272727272727273E+009,-5.038668118397712E+001,-1.709883242897672E+002,
7.276637341153470E+009,-5.163524910706340E+001,1.767306070800463E+002,
7.280547409579668E+009,-5.158482917671802E+001,1.704348425019835E+002,
7.284457478005865E+009,-4.991337963254832E+001,1.569557934783371E+002,
7.288367546432062E+009,-4.957431823290239E+001,1.349854896020883E+002,
7.292277614858260E+009,-5.035842587741237E+001,1.128411054521227E+002,
7.296187683284458E+009,-5.140760406708352E+001,1.019462556093993E+002,
7.300097751710655E+009,-5.173645967258351E+001,8.655922982696465E+001,
7.304007820136852E+009,-5.137378083220375E+001,7.861471188483142E+001,
7.307917888563049E+009,-5.050904852439980E+001,6.466584485240730E+001,
7.311827956989247E+009,-5.013779250578212E+001,4.418074715098251E+001,
7.315738025415445E+009,-5.034296800161174E+001,2.369375669512071E+001,
7.319648093841642E+009,-5.123176533167307E+001,6.862065833769829E+000,
7.323558162267839E+009,-5.102751082918876E+001,-7.493182759434886E+000,
7.327468230694037E+009,-5.091172821744830E+001,-2.571154875668944E+001,
7.331378299120235E+009,-5.111025194490000E+001,-3.923595916606958E+001,
7.335288367546433E+009,-5.073033605420149E+001,-5.468244115364805E+001,
7.339198435972630E+009,-5.040225575846886E+001,-6.815505808051996E+001,
7.343108504398827E+009,-4.930806719661548E+001,-8.982371330885476E+001,
7.347018572825025E+009,-4.984118966015996E+001,-1.176031956932175E+002,
7.350928641251223E+009,-5.114838978175604E+001,-1.362996454315420E+002,
7.354838709677420E+009,-5.204600252258853E+001,-1.551307451495625E+002,
7.358748778103617E+009,-5.330527481967621E+001,-1.689660912804817E+002,
7.362658846529814E+009,-5.365380460538429E+001,-1.781177380922159E+002,
7.366568914956012E+009,-5.359948822839353E+001,1.680631417742535E+002,
7.370478983382210E+009,-5.375980272869388E+001,1.523456838466550E+002,
7.374389051808407E+009,-5.335786037982571E+001,1.310270312586139E+002,
7.378299120234604E+009,-5.483782000662767E+001,1.114704903544793E+002,
7.382209188660801E+009,-5.609171323857346E+001,9.338873642315599E+001,
7.386119257086999E+009,-5.752606069525564E+001,8.488219159638739E+001,
7.390029325513197E+009,-5.750168550162863E+001,7.228665400056096E+001,
7.393939393939394E+009,-6.241488641795102E+001,6.940367696861533E+001,
7.397849462365591E+009,-6.217794854515227E+001,8.011026194773147E+001,
7.401759530791789E+009,-5.909579250585846E+001,7.963583444533762E+001,
7.405669599217987E+009,-5.711871427165448E+001,6.816967436905519E+001,
7.409579667644184E+009,-5.713831209392589E+001,5.207848809383765E+001,
7.413489736070381E+009,-5.583416176836948E+001,4.190719741385477E+001,
7.417399804496578E+009,-5.411361807084231E+001,2.584548997557158E+001,
7.421309872922776E+009,-5.423927872827159E+001,9.047577601169719E+000,
7.425219941348974E+009,-5.346765607138436E+001,-2.913395828367406E-001,
7.429130009775171E+009,-5.176999040126990E+001,-1.631449106821228E+001,
7.433040078201368E+009,-5.111412948618152E+001,-3.878088887512869E+001,
7.436950146627565E+009,-5.092783953418574E+001,-5.735639946460742E+001,
7.440860215053763E+009,-4.997881199800945E+001,-7.356288722988604E+001,
7.444770283479961E+009,-4.973882540771703E+001,-9.340329739165327E+001,
7.448680351906158E+009,-4.964278764004838E+001,-1.107926723354316E+002,
7.452590420332356E+009,-4.979730438166837E+001,-1.214910282699758E+002,
7.456500488758554E+009,-4.927873606489545E+001,-1.405438061521115E+002,
7.460410557184751E+009,-4.874307394718527E+001,-1.581343993850845E+002,
7.464320625610949E+009,-4.850141580395986E+001,-1.767709774683278E+002,
7.468230694037146E+009,-4.841605099558873E+001,1.674720097162120E+002,
7.472140762463343E+009,-4.812755842847323E+001,1.539136042215697E+002,
7.476050830889541E+009,-4.746665595217394E+001,1.377665232023819E+002,
7.479960899315739E+009,-4.697312900232716E+001,1.193087445044279E+002,
7.483870967741936E+009,-4.629896065208910E+001,9.940668449619035E+001,
7.487781036168133E+009,-4.660034854716477E+001,7.963786793326362E+001,
7.491691104594330E+009,-4.664130270132800E+001,6.441240422921347E+001,
7.495601173020528E+009,-4.666871923684553E+001,4.896357422905795E+001,
7.499511241446726E+009,-4.647528856488066E+001,3.482002345735136E+001,
7.503421309872923E+009,-4.547245411538210E+001,1.963892601452550E+001,
7.507331378299120E+009,-4.494549770247861E+001,-1.529308002121413E-001,
7.511241446725318E+009,-4.475792700532469E+001,-1.925042484182692E+001,
7.515151515151515E+009,-4.459708652381313E+001,-3.658441813861584E+001,
7.519061583577713E+009,-4.445208838235147E+001,-5.455302947116962E+001,
7.522971652003910E+009,-4.440686381656846E+001,-7.310546992608346E+001,
7.526881720430107E+009,-4.414576131543905E+001,-8.900045355820537E+001,
7.530791788856305E+009,-4.397812597566165E+001,-1.057640882651942E+002,
7.534701857282503E+009,-4.389980739031461E+001,-1.231810182294054E+002,
7.538611925708700E+009,-4.338120643240171E+001,-1.381082350439409E+002,
7.542521994134897E+009,-4.277142129786750E+001,-1.583616513380113E+002,
7.546432062561094E+009,-4.246259847741676E+001,-1.791836760303523E+002,
7.550342130987292E+009,-4.264763405931228E+001,1.611536658183637E+002,
7.554252199413490E+009,-4.278426667813459E+001,1.434929991554436E+002,
7.558162267839687E+009,-4.290329631618612E+001,1.279962439857883E+002,
7.562072336265884E+009,-4.262010131429791E+001,1.119074747628735E+002,
7.565982404692082E+009,-4.226238908776372E+001,9.388588544997614E+001,
7.569892473118280E+009,-4.216274911706631E+001,7.482408057869544E+001,
7.573802541544478E+009,-4.206163185366808E+001,5.742505287813043E+001,
7.577712609970675E+009,-4.200867601528969E+001,3.954053043151342E+001,
7.581622678396872E+009,-4.180815713760366E+001,2.061100511928531E+001,
7.585532746823070E+009,-4.182414145212224E+001,2.108875373830081E+000,
7.589442815249268E+009,-4.175447011795937E+001,-1.623439647341960E+001,
7.593352883675465E+009,-4.175319411993257E+001,-3.430983268250066E+001,
7.597262952101662E+009,-4.186129312619617E+001,-5.169748556804232E+001,
7.601173020527859E+009,-4.147782366280465E+001,-6.954749951850810E+001,
7.605083088954057E+009,-4.178350260329488E+001,-8.946143887300241E+001,
7.608993157380255E+009,-4.199299028773361E+001,-1.071225877908461E+002,
7.612903225806452E+009,-4.221013684072182E+001,-1.239003251575286E+002,
7.616813294232649E+009,-4.204651272630761E+001,-1.397296649805072E+002,
7.620723362658846E+009,-4.191508196516133E+001,-1.566640451671045E+002,
7.624633431085044E+009,-4.176766297018936E+001,-1.764985537855247E+002,
7.628543499511242E+009,-4.188269408403414E+001,1.638326655009481E+002,
7.632453567937439E+009,-4.229896685450029E+001,1.451447810939353E+002,
7.636363636363636E+009,-4.284264570696009E+001,1.277286680769056E+002,
7.640273704789834E+009,-4.314924034108003E+001,1.130610166500522E+002,
7.644183773216032E+009,-4.313205436248452E+001,9.828601007465370E+001,
7.648093841642229E+009,-4.320725466455016E+001,8.156025455958537E+001,
7.652003910068426E+009,-4.337133661700881E+001,6.731181254204086E+001,
7.655913978494623E+009,-4.343674060821365E+001,5.218883938824039E+001,
7.659824046920821E+009,-4.291494780967358E+001,3.535858090792853E+001,
7.663734115347019E+009,-4.296202198702423E+001,1.495097587792706E+001,
7.667644183773216E+009,-4.339808555948996E+001,-2.708055208163300E+000,
7.671554252199413E+009,-4.373343788895632E+001,-1.684262755235788E+001,
7.675464320625610E+009,-4.381614901655944E+001,-2.963963747964804E+001,
7.679374389051808E+009,-4.359859640680769E+001,-4.478648445558120E+001,
7.683284457478006E+009,-4.314087054348783E+001,-5.902172542188967E+001,
7.687194525904203E+009,-4.271475336648534E+001,-7.556659838501336E+001,
7.691104594330401E+009,-4.238867894439140E+001,-9.428262235919216E+001,
7.695014662756599E+009,-4.226217166167128E+001,-1.120748368457365E+002,
7.698924731182797E+009,-4.223792660996560E+001,-1.286567938949577E+002,
7.702834799608994E+009,-4.188173638775492E+001,-1.438612332073983E+002,
7.706744868035191E+009,-4.162954333265634E+001,-1.631656435696537E+002,
7.710654936461388E+009,-4.145905214748703E+001,1.778241557571739E+002,
7.714565004887586E+009,-4.157503869408703E+001,1.606238260473720E+002,
7.718475073313784E+009,-4.146938238290551E+001,1.430269222658693E+002,
7.722385141739981E+009,-4.148888161740438E+001,1.270367793179184E+002,
7.726295210166178E+009,-4.121986854869803E+001,1.091770629581796E+002,
7.730205278592375E+009,-4.094427283707587E+001,9.161473105052838E+001,
7.734115347018573E+009,-4.078095389109976E+001,7.274774593293553E+001,
7.738025415444771E+009,-4.075712865651305E+001,5.248752143262806E+001,
7.741935483870968E+009,-4.097845306656355E+001,3.275380042081389E+001,
7.745845552297165E+009,-4.130591201440544E+001,1.383771233752268E+001,
7.749755620723363E+009,-4.147180663839966E+001,-2.543008788579832E+000,
7.753665689149560E+009,-4.161302807256846E+001,-2.003844378802841E+001,
7.757575757575758E+009,-4.179069394492377E+001,-3.757871326546256E+001,
7.761485826001955E+009,-4.173138921001194E+001,-5.517354487976967E+001,
7.765395894428152E+009,-4.195808512926998E+001,-7.310607252459005E+001,
7.769305962854350E+009,-4.232159139636360E+001,-9.142497198114099E+001,
7.773216031280548E+009,-4.238771563290712E+001,-1.080782913477693E+002,
7.777126099706745E+009,-4.263020544902688E+001,-1.255447039433622E+002,
7.781036168132942E+009,-4.299553091175379E+001,-1.431485337009121E+002,
7.784946236559139E+009,-4.346627995473628E+001,-1.587608609712413E+002,
7.788856304985337E+009,-4.365422427718202E+001,-1.742764132340450E+002,
7.792766373411535E+009,-4.390131745683772E+001,1.692141384179154E+002,
7.796676441837732E+009,-4.405921758047182E+001,1.534238701662752E+002,
7.800586510263929E+009,-4.431526543318740E+001,1.383882990638364E+002,
7.804496578690127E+009,-4.443734922612441E+001,1.241947909240595E+002,
7.808406647116324E+009,-4.415409015852890E+001,1.101359222157231E+002,
7.812316715542522E+009,-4.408572787082312E+001,9.349268039892738E+001,
7.816226783968720E+009,-4.387696938981865E+001,7.794437971181507E+001,
7.820136852394917E+009,-4.390350341755629E+001,5.969532628366288E+001,
7.824046920821115E+009,-4.378638789544493E+001,4.272483561649574E+001,
7.827956989247313E+009,-4.402173979520984E+001,2.436257914085093E+001,
7.831867057673510E+009,-4.438903755808073E+001,9.643920633577425E+000,
7.835777126099707E+009,-4.435978358207717E+001,-4.890137192619940E+000,
7.839687194525904E+009,-4.419701224921105E+001,-2.056780290731537E+001,
7.843597262952102E+009,-4.418312740507813E+001,-3.776685135545822E+001,
7.847507331378300E+009,-4.394391842716900E+001,-5.497722115114485E+001,
7.851417399804497E+009,-4.413665201529313E+001,-7.125755382826424E+001,
7.855327468230694E+009,-4.404365009051342E+001,-8.702969751310666E+001,
7.859237536656891E+009,-4.397947685346149E+001,-1.032423857264804E+002,
7.863147605083089E+009,-4.393950319386264E+001,-1.220867439272793E+002,
7.867057673509287E+009,-4.432418237206959E+001,-1.393008596482223E+002,
7.870967741935484E+009,-4.458184717015631E+001,-1.535974530721890E+002,
7.874877810361681E+009,-4.474652192982969E+001,-1.674521844711169E+002,
7.878787878787879E+009,-4.443562334118142E+001,1.771531759470009E+002,
7.882697947214077E+009,-4.406351043923867E+001,1.609079931359439E+002,
7.886608015640274E+009,-4.394751379112943E+001,1.440217707572701E+002,
7.890518084066471E+009,-4.407876420804695E+001,1.266340331187450E+002,
7.894428152492668E+009,-4.391819344119411E+001,1.095214754209489E+002,
7.898338220918866E+009,-4.433937739903431E+001,9.425027303027012E+001,
7.902248289345064E+009,-4.420948915623326E+001,8.073267025162615E+001,
7.906158357771261E+009,-4.407266771048953E+001,6.423810522424573E+001,
7.910068426197458E+009,-4.404834725999238E+001,5.017337030772425E+001,
7.913978494623655E+009,-4.346815677348968E+001,3.554920098882168E+001,
7.917888563049853E+009,-4.311129799747586E+001,1.840253025290764E+001,
7.921798631476051E+009,-4.286277119239290E+001,2.134476767506481E+000,
7.925708699902248E+009,-4.249724063572020E+001,-1.505831359133692E+001,
7.929618768328445E+009,-4.238776299677962E+001,-3.206501497595808E+001,
7.933528836754643E+009,-4.198781872158477E+001,-4.998751043762815E+001,
7.937438905180841E+009,-4.210058436440741E+001,-6.681578160764690E+001,
7.941348973607039E+009,-4.190361045866091E+001,-8.235575462793341E+001,
7.945259042033236E+009,-4.152717123872186E+001,-9.898801646957016E+001,
7.949169110459433E+009,-4.120267071196371E+001,-1.155043328467759E+002,
7.953079178885631E+009,-4.096733665837295E+001,-1.326264919653106E+002,
7.956989247311829E+009,-4.041366742260944E+001,-1.494272727934407E+002,
7.960899315738026E+009,-3.996653351960177E+001,-1.684205509881465E+002,
7.964809384164223E+009,-3.973147186983949E+001,1.713901004749955E+002,
7.968719452590420E+009,-3.985709561337355E+001,1.525384881756646E+002,
7.972629521016618E+009,-3.975014882314913E+001,1.350930784108946E+002,
7.976539589442816E+009,-3.967781605710470E+001,1.168442558393773E+002,
7.980449657869013E+009,-3.967063934671727E+001,9.913338687732400E+001,
7.984359726295210E+009,-3.933624606264488E+001,8.180378782682740E+001,
7.988269794721408E+009,-3.904930167677923E+001,6.252637110920509E+001,
7.992179863147605E+009,-3.897803089177334E+001,4.248250981484757E+001,
7.996089931573803E+009,-3.911439018095307E+001,2.404990513837274E+001,
8.000000000000000E+009,-3.921011923142573E+001,7.117115992386307E+000,
