% Version 1.00
%
%freq[Hz];db:Trc1_S21;ang:Trc1_S21;
4.000000000000000E+009,-2.993435615324106E+001,-1.775798453664591E+002,
4.003910068426198E+009,-3.074966952261198E+001,1.636713288820507E+002,
4.007820136852395E+009,-3.123595794107074E+001,1.449390541220560E+002,
4.011730205278593E+009,-3.216892517313791E+001,1.239099736271117E+002,
4.015640273704790E+009,-3.210158903652916E+001,1.099528565591923E+002,
4.019550342130987E+009,-3.200915724017447E+001,8.880501151928286E+001,
4.023460410557185E+009,-3.129960857801702E+001,6.505988433776915E+001,
4.027370478983382E+009,-3.125650560333117E+001,3.478217503152585E+001,
4.031280547409580E+009,-3.198067015420222E+001,6.479671209378476E+000,
4.035190615835777E+009,-3.292660705959789E+001,-2.006924168573902E+001,
4.039100684261975E+009,-3.375163930242953E+001,-4.220593812937964E+001,
4.043010752688172E+009,-3.368211306868491E+001,-6.384608689883543E+001,
4.046920821114369E+009,-3.351159808696571E+001,-8.920512041464181E+001,
4.050830889540567E+009,-3.335861172442019E+001,-1.156683311920512E+002,
4.054740957966765E+009,-3.333463181139344E+001,-1.420320451206080E+002,
4.058651026392962E+009,-3.376170580668839E+001,-1.655175807330575E+002,
4.062561094819160E+009,-3.325185282111877E+001,1.735922948978610E+002,
4.066471163245357E+009,-3.277103135024989E+001,1.488990788389958E+002,
4.070381231671554E+009,-3.267210939556600E+001,1.262759875625303E+002,
4.074291300097752E+009,-3.205118195458073E+001,1.057431774403211E+002,
4.078201368523949E+009,-3.149024565778408E+001,8.273045996398950E+001,
4.082111436950147E+009,-3.096551775847203E+001,6.144028962509116E+001,
4.086021505376344E+009,-3.032068787218514E+001,3.837242165101912E+001,
4.089931573802542E+009,-2.996566209085356E+001,1.491451768869050E+001,
4.093841642228739E+009,-2.968171751532735E+001,-7.430217621341283E+000,
4.097751710654936E+009,-2.963842083104021E+001,-3.074464139684968E+001,
4.101661779081134E+009,-2.976069394854074E+001,-4.855225963576840E+001,
4.105571847507331E+009,-2.921632506998046E+001,-6.837835099206470E+001,
4.109481915933529E+009,-2.914771498887457E+001,-8.937430684229287E+001,
4.113391984359726E+009,-2.895319347005877E+001,-1.083912860718179E+002,
4.117302052785924E+009,-2.866081073308475E+001,-1.293742326036825E+002,
4.121212121212121E+009,-2.834245463584580E+001,-1.502992455981690E+002,
4.125122189638319E+009,-2.825508467641148E+001,-1.698621611162596E+002,
4.129032258064516E+009,-2.826533708302573E+001,1.670533298636073E+002,
4.132942326490714E+009,-2.855467443506625E+001,1.475312675279431E+002,
4.136852394916911E+009,-2.883694173571575E+001,1.280782697591340E+002,
4.140762463343109E+009,-2.924418726066897E+001,1.086488657073601E+002,
4.144672531769306E+009,-2.984638221411588E+001,9.365708812125806E+001,
4.148582600195503E+009,-2.970708621429119E+001,8.075611077485793E+001,
4.152492668621701E+009,-2.902954558361621E+001,6.523419978329953E+001,
4.156402737047898E+009,-2.876973235793547E+001,4.556428338363207E+001,
4.160312805474096E+009,-2.867282501203452E+001,2.697724874647728E+001,
4.164222873900293E+009,-2.890193582472708E+001,8.145723604615819E+000,
4.168132942326491E+009,-2.884960609094544E+001,-7.930248515890038E+000,
4.172043010752688E+009,-2.903431544509144E+001,-2.457603239644654E+001,
4.175953079178886E+009,-2.856776260170283E+001,-3.782197312377524E+001,
4.179863147605083E+009,-2.787306178416677E+001,-5.551529299400691E+001,
4.183773216031281E+009,-2.755904693863709E+001,-7.413906509592668E+001,
4.187683284457478E+009,-2.743542911345782E+001,-9.332362567804593E+001,
4.191593352883676E+009,-2.709651592358672E+001,-1.105876526492665E+002,
4.195503421309873E+009,-2.684174578567389E+001,-1.302170977097793E+002,
4.199413489736071E+009,-2.649229920333490E+001,-1.481270551533991E+002,
4.203323558162268E+009,-2.622975392267650E+001,-1.681716646305356E+002,
4.207233626588465E+009,-2.616409399355284E+001,1.718606744922186E+002,
4.211143695014663E+009,-2.622862500401332E+001,1.529711696864840E+002,
4.215053763440860E+009,-2.626915330668325E+001,1.327960993068843E+002,
4.218963831867058E+009,-2.654435704088867E+001,1.138613573563582E+002,
4.222873900293255E+009,-2.665123375817242E+001,9.578743540736696E+001,
4.226783968719452E+009,-2.680844799042332E+001,7.888720135245652E+001,
4.230694037145650E+009,-2.660628096148370E+001,6.007067286271279E+001,
4.234604105571847E+009,-2.681740107215255E+001,4.076410716661653E+001,
4.238514173998045E+009,-2.700495115291201E+001,2.445641776454725E+001,
4.242424242424243E+009,-2.688412778769239E+001,6.398319830779741E+000,
4.246334310850440E+009,-2.691865343243609E+001,-1.250775708087178E+001,
4.250244379276638E+009,-2.731230750571241E+001,-3.029185281220938E+001,
4.254154447702835E+009,-2.736600937806841E+001,-4.786642724058339E+001,
4.258064516129032E+009,-2.743681076782345E+001,-6.604206652195263E+001,
4.261974584555230E+009,-2.780008812976054E+001,-8.547951458835983E+001,
4.265884652981427E+009,-2.850610457012132E+001,-1.031473010640675E+002,
4.269794721407625E+009,-2.903320572736366E+001,-1.169713174294617E+002,
4.273704789833822E+009,-2.905382374709578E+001,-1.297106504035346E+002,
4.277614858260019E+009,-2.900339873451538E+001,-1.465800732159394E+002,
4.281524926686217E+009,-2.884993181373448E+001,-1.597142388544014E+002,
4.285434995112414E+009,-2.874742658822780E+001,-1.745075695063643E+002,
4.289345063538612E+009,-2.842033768227083E+001,1.693478718316312E+002,
4.293255131964809E+009,-2.806201831222088E+001,1.527498868784610E+002,
4.297165200391007E+009,-2.792125674979220E+001,1.355586482773999E+002,
4.301075268817205E+009,-2.794947228579628E+001,1.186009618069986E+002,
4.304985337243402E+009,-2.773023418632233E+001,1.022952108475704E+002,
4.308895405669600E+009,-2.733616541559159E+001,8.478270718258791E+001,
4.312805474095797E+009,-2.734010423561390E+001,6.648126464900626E+001,
4.316715542521994E+009,-2.724754468522096E+001,4.936808260175791E+001,
4.320625610948192E+009,-2.720337575077172E+001,3.374327350868082E+001,
4.324535679374389E+009,-2.690661466090346E+001,1.854330246667195E+001,
4.328445747800587E+009,-2.639238061706973E+001,6.830665056982125E-001,
4.332355816226784E+009,-2.626883571790222E+001,-1.911997564243452E+001,
4.336265884652982E+009,-2.612549158658279E+001,-3.670800197243103E+001,
4.340175953079179E+009,-2.607842562279620E+001,-5.574567732012622E+001,
4.344086021505377E+009,-2.636024990822069E+001,-7.264621826064892E+001,
4.347996089931574E+009,-2.612641652815794E+001,-8.823993824242139E+001,
4.351906158357771E+009,-2.578219710358118E+001,-1.047977519495230E+002,
4.355816226783969E+009,-2.531390294764560E+001,-1.239661161819413E+002,
4.359726295210166E+009,-2.519386283787135E+001,-1.439382104173640E+002,
4.363636363636364E+009,-2.533334507017843E+001,-1.627801764217821E+002,
4.367546432062561E+009,-2.542871200481842E+001,-1.794671109598435E+002,
4.371456500488758E+009,-2.519499190424016E+001,1.635851617666016E+002,
4.375366568914956E+009,-2.525563647392046E+001,1.449598621461662E+002,
4.379276637341153E+009,-2.507136912584855E+001,1.283188482138086E+002,
4.383186705767351E+009,-2.478011223373667E+001,1.101030972105505E+002,
4.387096774193548E+009,-2.479893816926175E+001,9.135435067538465E+001,
4.391006842619746E+009,-2.457031847914161E+001,7.406637997111191E+001,
4.394916911045943E+009,-2.442320439484380E+001,5.706016518114635E+001,
4.398826979472141E+009,-2.418087460209292E+001,3.752239572835509E+001,
4.402737047898338E+009,-2.407145403887728E+001,1.761436919875671E+001,
4.406647116324535E+009,-2.421758832124722E+001,-2.124305080417090E+000,
4.410557184750733E+009,-2.439881371400245E+001,-1.931615747311077E+001,
4.414467253176930E+009,-2.432438095153524E+001,-3.567620377773955E+001,
4.418377321603128E+009,-2.424592239456453E+001,-5.394401860995730E+001,
4.422287390029326E+009,-2.437159456995672E+001,-7.114584742322361E+001,
4.426197458455523E+009,-2.418207693075260E+001,-8.810001056396160E+001,
4.430107526881721E+009,-2.408189821700216E+001,-1.057574677504477E+002,
4.434017595307918E+009,-2.378982302346667E+001,-1.230992575540684E+002,
4.437927663734116E+009,-2.353921202675143E+001,-1.412939187921245E+002,
4.441837732160313E+009,-2.330872435210999E+001,-1.592120418240490E+002,
4.445747800586511E+009,-2.314423610680245E+001,-1.788955646678396E+002,
4.449657869012708E+009,-2.312847816819724E+001,1.614945392261611E+002,
4.453567937438905E+009,-2.312716488862914E+001,1.430808363512425E+002,
4.457478005865103E+009,-2.302801405743018E+001,1.252973824158432E+002,
4.461388074291300E+009,-2.297968970590000E+001,1.059396513181634E+002,
4.465298142717498E+009,-2.288272450476036E+001,8.810801849274615E+001,
4.469208211143695E+009,-2.282873992252179E+001,6.948074269611530E+001,
4.473118279569893E+009,-2.274613915001225E+001,5.073491182640138E+001,
4.477028347996090E+009,-2.269147271796346E+001,3.230940427283820E+001,
4.480938416422287E+009,-2.253461940574070E+001,1.321219978961259E+001,
4.484848484848485E+009,-2.255213431159742E+001,-6.682769093248519E+000,
4.488758553274682E+009,-2.274903898157715E+001,-2.513059707310134E+001,
4.492668621700880E+009,-2.285468494323063E+001,-4.303557885427845E+001,
4.496578690127077E+009,-2.282276077222333E+001,-6.109680393733772E+001,
4.500488758553275E+009,-2.285403672569932E+001,-7.937464326517697E+001,
4.504398826979472E+009,-2.275296594699238E+001,-9.665664042839801E+001,
4.508308895405669E+009,-2.267053229245639E+001,-1.153136581709479E+002,
4.512218963831867E+009,-2.273678871063263E+001,-1.337240495131246E+002,
4.516129032258064E+009,-2.268216764632296E+001,-1.515543236613046E+002,
4.520039100684262E+009,-2.258512032017189E+001,-1.708880131720059E+002,
4.523949169110459E+009,-2.260205565475702E+001,1.712288926652293E+002,
4.527859237536657E+009,-2.252248722075357E+001,1.530061414001061E+002,
4.531769305962854E+009,-2.249454768145064E+001,1.338689234408644E+002,
4.535679374389051E+009,-2.259324283903361E+001,1.148610683939608E+002,
4.539589442815249E+009,-2.264542107613428E+001,9.630044771180684E+001,
4.543499511241447E+009,-2.261181886065560E+001,7.765449880018011E+001,
4.547409579667645E+009,-2.279027848321925E+001,5.888939089856598E+001,
4.551319648093842E+009,-2.287002378625397E+001,4.030846192797952E+001,
4.555229716520039E+009,-2.293580893039313E+001,2.235595756791759E+001,
4.559139784946237E+009,-2.298221377082204E+001,3.532088799283575E+000,
4.563049853372434E+009,-2.313204552809577E+001,-1.517419372250140E+001,
4.566959921798632E+009,-2.332699178242991E+001,-3.255133870999176E+001,
4.570869990224829E+009,-2.334072407901072E+001,-4.954261873715919E+001,
4.574780058651027E+009,-2.315582814600760E+001,-6.782877313404164E+001,
4.578690127077224E+009,-2.322703531184949E+001,-8.715866820928812E+001,
4.582600195503422E+009,-2.338403739138053E+001,-1.052716798631606E+002,
4.586510263929619E+009,-2.345637563549168E+001,-1.226671082938137E+002,
4.590420332355816E+009,-2.353598431564450E+001,-1.402337813487777E+002,
4.594330400782014E+009,-2.343143664168199E+001,-1.573448367876754E+002,
4.598240469208211E+009,-2.336888751528572E+001,-1.753219029113715E+002,
4.602150537634409E+009,-2.337946926071239E+001,1.669783315360552E+002,
4.606060606060606E+009,-2.334495108757704E+001,1.490522040559069E+002,
4.609970674486803E+009,-2.325168688301766E+001,1.309638266747166E+002,
4.613880742913001E+009,-2.309956297141632E+001,1.132376579395172E+002,
4.617790811339198E+009,-2.297286087486471E+001,9.429091178642916E+001,
4.621700879765396E+009,-2.281527814981816E+001,7.548292431108560E+001,
4.625610948191593E+009,-2.282516910427267E+001,5.641977136092213E+001,
4.629521016617791E+009,-2.278060838417201E+001,3.807903083972915E+001,
4.633431085043988E+009,-2.257044995239230E+001,1.927520175780015E+001,
4.637341153470186E+009,-2.256187111121122E+001,-2.486803988080868E-001,
4.641251221896383E+009,-2.247531312160983E+001,-1.994149325499524E+001,
4.645161290322580E+009,-2.246984794729675E+001,-3.993964680339433E+001,
4.649071358748778E+009,-2.251615045474425E+001,-5.944000861936060E+001,
4.652981427174975E+009,-2.254976738113170E+001,-7.863355698911397E+001,
4.656891495601173E+009,-2.256742874124074E+001,-9.852235456942755E+001,
4.660801564027371E+009,-2.273920179699942E+001,-1.176187424708547E+002,
4.664711632453568E+009,-2.269080845616464E+001,-1.369028531104550E+002,
4.668621700879766E+009,-2.283437057825231E+001,-1.565170826390341E+002,
4.672531769305963E+009,-2.283974575445384E+001,-1.756332462196966E+002,
4.676441837732161E+009,-2.283455604818252E+001,1.648994189661578E+002,
4.680351906158358E+009,-2.293036033805101E+001,1.447106029061135E+002,
4.684261974584556E+009,-2.288845695176109E+001,1.251773414266264E+002,
4.688172043010753E+009,-2.303814189069261E+001,1.044434028785757E+002,
4.692082111436951E+009,-2.332143400444560E+001,8.374243036224885E+001,
4.695992179863148E+009,-2.357083216443737E+001,6.448380922922500E+001,
4.699902248289345E+009,-2.368364491580709E+001,4.474719456496084E+001,
4.703812316715543E+009,-2.392319043263845E+001,2.395151718107669E+001,
4.707722385141740E+009,-2.436742908713794E+001,4.192070080895652E+000,
4.711632453567938E+009,-2.451767292613068E+001,-1.505460568537920E+001,
4.715542521994135E+009,-2.459289104384824E+001,-3.404362686368503E+001,
4.719452590420332E+009,-2.478802700793967E+001,-5.494128669782108E+001,
4.723362658846530E+009,-2.504175980131630E+001,-7.615081154128230E+001,
4.727272727272727E+009,-2.552986907529629E+001,-9.633928672660370E+001,
4.731182795698925E+009,-2.578251394665214E+001,-1.174571825136432E+002,
4.735092864125122E+009,-2.609643873980969E+001,-1.392794244963296E+002,
4.739002932551320E+009,-2.667357695676976E+001,-1.614809353168343E+002,
4.742913000977517E+009,-2.743534746107910E+001,1.778325395910456E+002,
4.746823069403714E+009,-2.802791546324750E+001,1.592305878482917E+002,
4.750733137829912E+009,-2.864119581348564E+001,1.381199431702482E+002,
4.754643206256109E+009,-2.940302031511410E+001,1.190373328830262E+002,
4.758553274682307E+009,-2.996705965501715E+001,9.855471020127601E+001,
4.762463343108504E+009,-3.076527729675739E+001,7.690426062499650E+001,
4.766373411534702E+009,-3.115968027743877E+001,5.713752730908982E+001,
4.770283479960899E+009,-3.201820808510367E+001,3.362028639819648E+001,
4.774193548387096E+009,-3.314486816384087E+001,1.307150368453996E+001,
4.778103616813294E+009,-3.407855326913265E+001,-7.698337887260752E+000,
4.782013685239492E+009,-3.504858032547563E+001,-2.765503404403810E+001,
4.785923753665690E+009,-3.578792892879540E+001,-5.030453417391239E+001,
4.789833822091887E+009,-3.689349845298833E+001,-7.270792440743261E+001,
4.793743890518084E+009,-3.831443017923311E+001,-9.836599158316031E+001,
4.797653958944282E+009,-3.951032915477505E+001,-1.184070357447565E+002,
4.801564027370479E+009,-4.003528513234091E+001,-1.452966392481396E+002,
4.805474095796677E+009,-4.147586028735660E+001,-1.762725470608819E+002,
4.809384164222874E+009,-4.254328114903232E+001,1.545172807391143E+002,
4.813294232649072E+009,-4.361960067687882E+001,1.221304351993958E+002,
4.817204301075269E+009,-4.350874246327146E+001,9.279723666124309E+001,
4.821114369501467E+009,-4.312443406167141E+001,5.782348298584438E+001,
4.825024437927664E+009,-4.291905598392825E+001,2.460812513845498E+001,
4.828934506353861E+009,-4.325933062626948E+001,-1.013000100028019E+000,
4.832844574780059E+009,-4.207111140594287E+001,-2.082327502484296E+001,
4.836754643206256E+009,-4.059593282838903E+001,-4.563508384660151E+001,
4.840664711632454E+009,-3.922672034914119E+001,-7.310742342914139E+001,
4.844574780058651E+009,-3.877122976734119E+001,-1.021408258044787E+002,
4.848484848484848E+009,-3.939106632439896E+001,-1.258890681615675E+002,
4.852394916911046E+009,-3.949518547763366E+001,-1.420946006645156E+002,
4.856304985337243E+009,-3.925455244176764E+001,-1.595780146162871E+002,
4.860215053763441E+009,-3.863261151613275E+001,-1.749676325932551E+002,
4.864125122189638E+009,-3.778564904433488E+001,1.635068256272231E+002,
4.868035190615836E+009,-3.750370903929075E+001,1.418056813482856E+002,
4.871945259042033E+009,-3.803053117319841E+001,1.231756652504383E+002,
4.875855327468231E+009,-3.772992881179861E+001,1.081310215255418E+002,
4.879765395894428E+009,-3.721871208355465E+001,9.137983263081303E+001,
4.883675464320625E+009,-3.642695353814873E+001,7.310454297750050E+001,
4.887585532746823E+009,-3.607386641556231E+001,5.079184332089266E+001,
4.891495601173020E+009,-3.643830083847139E+001,3.026687854023120E+001,
4.895405669599218E+009,-3.656155702285020E+001,1.286840168431871E+001,
4.899315738025415E+009,-3.658015683800525E+001,-7.348796965527295E+000,
4.903225806451613E+009,-3.702482699113914E+001,-2.544322381829457E+001,
4.907135874877811E+009,-3.747683966151261E+001,-4.426237030126786E+001,
4.911045943304008E+009,-3.860922892844480E+001,-6.012117892352205E+001,
4.914956011730206E+009,-3.923833777682442E+001,-7.124221924892738E+001,
4.918866080156403E+009,-3.937435260519023E+001,-8.155536692458227E+001,
4.922776148582601E+009,-3.904255977021514E+001,-9.344582810049245E+001,
4.926686217008798E+009,-3.911928287726718E+001,-1.070043099830711E+002,
4.930596285434996E+009,-3.902497964870394E+001,-1.160373874761328E+002,
4.934506353861193E+009,-3.787020442086629E+001,-1.267036589241154E+002,
4.938416422287390E+009,-3.674574893689555E+001,-1.430042139064444E+002,
4.942326490713588E+009,-3.616820398442527E+001,-1.626262109006693E+002,
4.946236559139785E+009,-3.621656161238565E+001,1.766969375079490E+002,
4.950146627565983E+009,-3.687691658782035E+001,1.625787945977236E+002,
4.954056695992180E+009,-3.661890748507290E+001,1.531760423280458E+002,
4.957966764418377E+009,-3.606368312017294E+001,1.397882053256448E+002,
4.961876832844575E+009,-3.534083588592601E+001,1.259016188399840E+002,
4.965786901270772E+009,-3.450421735205719E+001,1.105314256381209E+002,
4.969696969696970E+009,-3.401580574026512E+001,9.429803615393767E+001,
4.973607038123167E+009,-3.341758965128541E+001,7.921215491840506E+001,
4.977517106549365E+009,-3.254442933304104E+001,6.313435360015929E+001,
4.981427174975562E+009,-3.174577425801980E+001,4.541063521817200E+001,
4.985337243401759E+009,-3.103794829985840E+001,2.579142937872660E+001,
4.989247311827957E+009,-3.083298373189248E+001,6.588425296687215E+000,
4.993157380254154E+009,-3.049091016566917E+001,-1.066584765462948E+001,
4.997067448680352E+009,-3.011028536572171E+001,-2.950731362497203E+001,
5.000977517106549E+009,-3.005566839762892E+001,-4.789220861479010E+001,
5.004887585532747E+009,-2.979240350855204E+001,-6.399401262647203E+001,
5.008797653958944E+009,-2.932446455379231E+001,-8.043704974625040E+001,
5.012707722385141E+009,-2.893812530048095E+001,-9.765132741912677E+001,
5.016617790811339E+009,-2.849506596320494E+001,-1.143015452035328E+002,
5.020527859237536E+009,-2.793614842781038E+001,-1.333726359932331E+002,
5.024437927663734E+009,-2.744334054937193E+001,-1.532220286319907E+002,
5.028347996089932E+009,-2.720061532112874E+001,-1.718124169922871E+002,
5.032258064516129E+009,-2.694953786463356E+001,1.682628735971695E+002,
5.036168132942327E+009,-2.709027663830550E+001,1.485137864222591E+002,
5.040078201368524E+009,-2.728970724010014E+001,1.306521871295397E+002,
5.043988269794722E+009,-2.734283157604369E+001,1.146996062241025E+002,
5.047898338220919E+009,-2.725472946968033E+001,9.986815687054742E+001,
5.051808406647117E+009,-2.674548792066925E+001,8.414628293244434E+001,
5.055718475073314E+009,-2.635928206020833E+001,6.656775263870262E+001,
5.059628543499512E+009,-2.590817138393281E+001,4.884050756605959E+001,
5.063538611925709E+009,-2.548757175004799E+001,3.119531222203440E+001,
5.067448680351906E+009,-2.494186230324360E+001,1.259260785493506E+001,
5.071358748778104E+009,-2.460937686240684E+001,-7.963617288283299E+000,
5.075268817204301E+009,-2.459307751521271E+001,-2.808804702169222E+001,
5.079178885630499E+009,-2.476212878170244E+001,-4.706033220568211E+001,
5.083088954056696E+009,-2.486406606584111E+001,-6.558587694106763E+001,
5.086999022482893E+009,-2.490260314319965E+001,-8.196900431666427E+001,
5.090909090909091E+009,-2.478622322266238E+001,-9.779147091139500E+001,
5.094819159335288E+009,-2.448045583402165E+001,-1.139494263286503E+002,
5.098729227761486E+009,-2.420047067548048E+001,-1.314056647697785E+002,
5.102639296187683E+009,-2.383647633985423E+001,-1.484062623872048E+002,
5.106549364613881E+009,-2.344940024288454E+001,-1.676327646058768E+002,
5.110459433040078E+009,-2.315037149043468E+001,1.734926046686638E+002,
5.114369501466276E+009,-2.284304478667666E+001,1.534185469962847E+002,
5.118279569892473E+009,-2.277546823997875E+001,1.339167488173294E+002,
5.122189638318670E+009,-2.287749546889053E+001,1.146346571027257E+002,
5.126099706744868E+009,-2.306197318856164E+001,9.656671793128173E+001,
5.130009775171065E+009,-2.315039293718363E+001,7.895857917828482E+001,
5.133919843597263E+009,-2.314365642066204E+001,6.165050022009667E+001,
5.137829912023460E+009,-2.309619871991375E+001,4.416166593894197E+001,
5.141739980449657E+009,-2.292655730716216E+001,2.677089026652551E+001,
5.145650048875855E+009,-2.274321429057438E+001,7.919348568840855E+000,
5.149560117302053E+009,-2.274746889002635E+001,-1.021278542391262E+001,
5.153470185728251E+009,-2.262472379164970E+001,-2.822094279816703E+001,
5.157380254154448E+009,-2.250456646830889E+001,-4.593281241038861E+001,
5.161290322580645E+009,-2.238386377597427E+001,-6.406503957537262E+001,
5.165200391006843E+009,-2.237160485323047E+001,-8.307782590165556E+001,
5.169110459433041E+009,-2.235033312608666E+001,-1.015853948618098E+002,
5.173020527859238E+009,-2.241881758206157E+001,-1.186284382159038E+002,
5.176930596285435E+009,-2.241263623680473E+001,-1.369179075158066E+002,
5.180840664711633E+009,-2.246631154720701E+001,-1.539214390311022E+002,
5.184750733137830E+009,-2.243612874511760E+001,-1.715649530220756E+002,
5.188660801564028E+009,-2.225529894906732E+001,1.706738420014841E+002,
5.192570869990225E+009,-2.209858537611542E+001,1.534724209827058E+002,
5.196480938416422E+009,-2.189374326589867E+001,1.350135691236528E+002,
5.200391006842620E+009,-2.189000315026864E+001,1.156684786236970E+002,
5.204301075268817E+009,-2.193141657533427E+001,9.715856033319510E+001,
5.208211143695015E+009,-2.201158124798886E+001,7.905286147359047E+001,
5.212121212121212E+009,-2.202993522434531E+001,6.168481107792830E+001,
5.216031280547409E+009,-2.196191797897250E+001,4.444340282243054E+001,
5.219941348973607E+009,-2.191614705403362E+001,2.570370688136730E+001,
5.223851417399805E+009,-2.201403719054792E+001,7.569953261317839E+000,
5.227761485826002E+009,-2.206595100364590E+001,-9.588853384437034E+000,
5.231671554252199E+009,-2.187440449313065E+001,-2.671145896809321E+001,
5.235581622678397E+009,-2.172390551583050E+001,-4.496479293295014E+001,
5.239491691104594E+009,-2.172027366896469E+001,-6.346014944446720E+001,
5.243401759530792E+009,-2.168395654325052E+001,-8.156574431537885E+001,
5.247311827956989E+009,-2.157220942133920E+001,-9.976327446130706E+001,
5.251221896383186E+009,-2.152598517648461E+001,-1.187404261473350E+002,
5.255131964809384E+009,-2.161776783125232E+001,-1.377205653099310E+002,
5.259042033235581E+009,-2.176983428982019E+001,-1.566535220922283E+002,
5.262952101661779E+009,-2.189620873520949E+001,-1.745972847246784E+002,
5.266862170087977E+009,-2.200226064276525E+001,1.674866916372314E+002,
5.270772238514174E+009,-2.217966893484761E+001,1.494952614364710E+002,
5.274682306940372E+009,-2.223981796291459E+001,1.333971389786611E+002,
5.278592375366570E+009,-2.216549063169169E+001,1.165207458869727E+002,
5.282502443792767E+009,-2.209555807525159E+001,9.856699573084570E+001,
5.286412512218964E+009,-2.203327413291708E+001,8.073652479485672E+001,
5.290322580645162E+009,-2.199299619585453E+001,6.276716758802990E+001,
5.294232649071359E+009,-2.184390074702388E+001,4.399259031612005E+001,
5.298142717497557E+009,-2.181352723234721E+001,2.555998368908018E+001,
5.302052785923754E+009,-2.177230300201479E+001,6.342378380198736E+000,
5.305962854349951E+009,-2.189577967524225E+001,-1.306581196529719E+001,
5.309872922776149E+009,-2.220044844741793E+001,-3.152836053481904E+001,
5.313782991202346E+009,-2.240154401790598E+001,-4.888098897821755E+001,
5.317693059628544E+009,-2.254747299687293E+001,-6.641014756131408E+001,
5.321603128054741E+009,-2.244868714455869E+001,-8.351372315502711E+001,
5.325513196480938E+009,-2.236008185149363E+001,-1.016908254081494E+002,
5.329423264907136E+009,-2.241085277051876E+001,-1.204188059538977E+002,
5.333333333333333E+009,-2.243433761402516E+001,-1.396547388515606E+002,
5.337243401759531E+009,-2.272364265922742E+001,-1.569056729816968E+002,
5.341153470185728E+009,-2.283760205308157E+001,-1.749652823381588E+002,
5.345063538611926E+009,-2.294066768524151E+001,1.672472500945540E+002,
5.348973607038123E+009,-2.314033709069122E+001,1.488737374860049E+002,
5.352883675464321E+009,-2.327184948075067E+001,1.321731691363570E+002,
5.356793743890518E+009,-2.325380968378163E+001,1.141568247081985E+002,
5.360703812316715E+009,-2.328348543864942E+001,9.677532371861824E+001,
5.364613880742913E+009,-2.339180066361168E+001,7.883838179729892E+001,
5.368523949169110E+009,-2.351567615142449E+001,6.120759886509016E+001,
5.372434017595308E+009,-2.353663497485856E+001,4.285121652238119E+001,
5.376344086021505E+009,-2.347901631955337E+001,2.425119616454385E+001,
5.380254154447702E+009,-2.365647459905458E+001,5.897341753492507E+000,
5.384164222873900E+009,-2.370444298018850E+001,-1.151284930724949E+001,
5.388074291300098E+009,-2.385456462741797E+001,-2.944070214338206E+001,
5.391984359726296E+009,-2.409436570205098E+001,-4.703657910895988E+001,
5.395894428152493E+009,-2.409839340950333E+001,-6.422656405540538E+001,
5.399804496578690E+009,-2.385113722764083E+001,-8.172822079842216E+001,
5.403714565004888E+009,-2.393265649344293E+001,-1.011368241234693E+002,
5.407624633431086E+009,-2.405166547033466E+001,-1.190357914134320E+002,
5.411534701857283E+009,-2.404026079342582E+001,-1.369908710040245E+002,
5.415444770283480E+009,-2.396905633426774E+001,-1.547550785436795E+002,
5.419354838709678E+009,-2.399914998723309E+001,-1.733810519916945E+002,
5.423264907135875E+009,-2.382195440476239E+001,1.682506203602384E+002,
5.427174975562073E+009,-2.378275127834055E+001,1.478261187675677E+002,
5.431085043988270E+009,-2.382984038871294E+001,1.271729152853768E+002,
5.434995112414467E+009,-2.415681083864816E+001,1.076998124416265E+002,
5.438905180840665E+009,-2.441484296775929E+001,8.943018601448924E+001,
5.442815249266862E+009,-2.442445614188065E+001,7.030615780480525E+001,
5.446725317693060E+009,-2.453744882680709E+001,5.137252426016077E+001,
5.450635386119257E+009,-2.460951157097533E+001,3.223386209733687E+001,
5.454545454545454E+009,-2.476966618926075E+001,1.234491710768368E+001,
5.458455522971652E+009,-2.491846181560966E+001,-7.055834069036402E+000,
5.462365591397850E+009,-2.498983005125650E+001,-2.768471600129034E+001,
5.466275659824047E+009,-2.511962122315921E+001,-4.849394526025965E+001,
5.470185728250244E+009,-2.540211211725109E+001,-6.843621146927156E+001,
5.474095796676442E+009,-2.564050063441929E+001,-8.870519894691267E+001,
5.478005865102639E+009,-2.610374708787436E+001,-1.092452743564489E+002,
5.481915933528837E+009,-2.632346387865540E+001,-1.290756825736097E+002,
5.485826001955034E+009,-2.666118119519554E+001,-1.493924255439945E+002,
5.489736070381231E+009,-2.699830066562614E+001,-1.703850815967736E+002,
5.493646138807429E+009,-2.737937566735333E+001,1.686041663302232E+002,
5.497556207233626E+009,-2.775981895080665E+001,1.454174267505923E+002,
5.501466275659824E+009,-2.848513697648082E+001,1.249024716606514E+002,
5.505376344086021E+009,-2.909716313957370E+001,1.048042577462670E+002,
5.509286412512219E+009,-2.965805572080491E+001,8.690449036239585E+001,
5.513196480938417E+009,-2.998860328886343E+001,6.538026244807990E+001,
5.517106549364615E+009,-3.028398495790803E+001,4.223797785875722E+001,
5.521016617790812E+009,-3.090667104211597E+001,2.066417635469607E+001,
5.524926686217009E+009,-3.174031420644428E+001,-6.024292058098558E-001,
5.528836754643207E+009,-3.201452336627171E+001,-2.232445658225726E+001,
5.532746823069404E+009,-3.277732146820360E+001,-4.562563730548331E+001,
5.536656891495602E+009,-3.338468988087027E+001,-6.706466383302018E+001,
5.540566959921799E+009,-3.374673445350663E+001,-9.008228751961812E+001,
5.544477028347996E+009,-3.429684346230621E+001,-1.158793162570711E+002,
5.548387096774194E+009,-3.487255311750876E+001,-1.410643017981815E+002,
5.552297165200391E+009,-3.572771936653162E+001,-1.664592862397640E+002,
5.556207233626589E+009,-3.646275692218964E+001,1.710039196615780E+002,
5.560117302052786E+009,-3.670619970700778E+001,1.468324714357966E+002,
5.564027370478983E+009,-3.700008098019568E+001,1.200430046796023E+002,
5.567937438905181E+009,-3.749383831066631E+001,9.532735979825357E+001,
5.571847507331378E+009,-3.763508167812642E+001,7.228165347591457E+001,
5.575757575757576E+009,-3.740787137380161E+001,4.853875982864803E+001,
5.579667644183773E+009,-3.693942040924115E+001,2.315309419279754E+001,
5.583577712609971E+009,-3.670729203357641E+001,-3.347338053326880E+000,
5.587487781036168E+009,-3.671263653407838E+001,-3.032735094688050E+001,
5.591397849462366E+009,-3.706186155468497E+001,-5.531096150153805E+001,
5.595307917888563E+009,-3.755072209445778E+001,-7.838779032591950E+001,
5.599217986314760E+009,-3.794109346145201E+001,-9.848827460829982E+001,
5.603128054740958E+009,-3.830704184313460E+001,-1.168555079511341E+002,
5.607038123167155E+009,-3.833814249207924E+001,-1.334746774972414E+002,
5.610948191593353E+009,-3.812962160200232E+001,-1.486171775867055E+002,
5.614858260019550E+009,-3.743619359137516E+001,-1.650667415945203E+002,
5.618768328445747E+009,-3.689584663974731E+001,1.759652818972679E+002,
5.622678396871945E+009,-3.636838209851796E+001,1.563706549738020E+002,
5.626588465298142E+009,-3.593025784917045E+001,1.379796602901029E+002,
5.630498533724340E+009,-3.552392642254613E+001,1.166982225348516E+002,
5.634408602150538E+009,-3.580480029149206E+001,9.782657693102009E+001,
5.638318670576735E+009,-3.569234968178530E+001,8.421144371262362E+001,
5.642228739002933E+009,-3.496806991738504E+001,6.752149473769960E+001,
5.646138807429131E+009,-3.445962931874317E+001,4.917562096493317E+001,
5.650048875855328E+009,-3.400563021908688E+001,2.951713658869341E+001,
5.653958944281525E+009,-3.395773064058726E+001,1.161505871135423E+001,
5.657869012707723E+009,-3.380789015917121E+001,-4.940543995028291E+000,
5.661779081133920E+009,-3.325968024289531E+001,-1.913561577780489E+001,
5.665689149560118E+009,-3.215490072544011E+001,-3.596381502589687E+001,
5.669599217986315E+009,-3.122034436889992E+001,-5.773594648814625E+001,
5.673509286412512E+009,-3.060690269016235E+001,-7.972454637560311E+001,
5.677419354838710E+009,-3.035982534249336E+001,-1.036240220797914E+002,
5.681329423264907E+009,-3.065607977475665E+001,-1.258824172071295E+002,
5.685239491691105E+009,-3.101109721515070E+001,-1.463914763366285E+002,
5.689149560117302E+009,-3.167922266651990E+001,-1.634467781929850E+002,
5.693059628543499E+009,-3.168888140529102E+001,-1.780559768669808E+002,
5.696969696969697E+009,-3.141658658889517E+001,1.659530801077999E+002,
5.700879765395895E+009,-3.124147274867214E+001,1.485797823589182E+002,
5.704789833822092E+009,-3.123837296516103E+001,1.322127743467312E+002,
5.708699902248289E+009,-3.069538534828626E+001,1.173772387880792E+002,
5.712609970674487E+009,-2.983837029844542E+001,9.989698196521808E+001,
5.716520039100684E+009,-2.914828289201662E+001,7.811493033525339E+001,
5.720430107526882E+009,-2.886093385363381E+001,5.688412205441717E+001,
5.724340175953079E+009,-2.886710351370073E+001,3.426766147107703E+001,
5.728250244379276E+009,-2.924707623514149E+001,1.294063494123741E+001,
5.732160312805474E+009,-3.007659821038101E+001,-4.895132686985938E+000,
5.736070381231671E+009,-3.021397904498598E+001,-1.890701872039420E+001,
5.739980449657869E+009,-3.002446460320042E+001,-3.526805387066831E+001,
5.743890518084066E+009,-2.967314365503983E+001,-5.140158778503759E+001,
5.747800586510263E+009,-2.918769148855278E+001,-6.929031108281838E+001,
5.751710654936461E+009,-2.903565578069629E+001,-9.018794274853764E+001,
5.755620723362660E+009,-2.902211012229791E+001,-1.074632481955551E+002,
5.759530791788857E+009,-2.874351826309557E+001,-1.276005612095770E+002,
5.763440860215054E+009,-2.882109110240066E+001,-1.489070304078192E+002,
5.767350928641252E+009,-2.915918400765799E+001,-1.682454962645601E+002,
5.771260997067449E+009,-2.933269216884069E+001,1.739867028010978E+002,
5.775171065493647E+009,-2.968206465758213E+001,1.564540828187297E+002,
5.779081133919844E+009,-3.005616836795814E+001,1.374835641527898E+002,
5.782991202346041E+009,-2.986119784505623E+001,1.221480355846172E+002,
5.786901270772239E+009,-2.976879584158286E+001,1.055521233967238E+002,
5.790811339198436E+009,-2.982453528365199E+001,8.854343034719956E+001,
5.794721407624634E+009,-2.951139775205488E+001,7.057987531171752E+001,
5.798631476050831E+009,-2.972717150402794E+001,4.945161402457136E+001,
5.802541544477028E+009,-3.012607462001052E+001,3.218170108018901E+001,
5.806451612903226E+009,-3.014961156984086E+001,1.617562875168694E+001,
5.810361681329423E+009,-3.056451738797929E+001,-1.796880852684352E+000,
5.814271749755621E+009,-3.080821805128517E+001,-1.806896379161693E+001,
5.818181818181818E+009,-3.057078376287753E+001,-3.358373028018166E+001,
5.822091886608016E+009,-3.071899745662602E+001,-5.207548989354589E+001,
5.826001955034213E+009,-3.097065883479841E+001,-6.826877216850353E+001,
5.829912023460411E+009,-3.080676338068834E+001,-8.414899627177616E+001,
5.833822091886608E+009,-3.081348787883324E+001,-9.984197060903945E+001,
5.837732160312805E+009,-3.046456877984900E+001,-1.146574298164602E+002,
5.841642228739003E+009,-3.028238887943007E+001,-1.346330919415529E+002,
5.845552297165200E+009,-3.027421147865639E+001,-1.509267361181928E+002,
5.849462365591398E+009,-3.016268347307598E+001,-1.686198458057699E+002,
5.853372434017595E+009,-3.010444610055649E+001,1.740574231761686E+002,
5.857282502443792E+009,-3.011799463615494E+001,1.565250774715247E+002,
5.861192570869990E+009,-3.013572030892345E+001,1.379956741961101E+002,
5.865102639296187E+009,-3.018943459799481E+001,1.203429301038827E+002,
5.869012707722385E+009,-3.051084569209211E+001,1.036158536798868E+002,
5.872922776148583E+009,-3.036401642017244E+001,8.821468268976301E+001,
5.876832844574780E+009,-3.004954161188208E+001,7.046845377220187E+001,
5.880742913000978E+009,-3.036668988267048E+001,5.196476808810724E+001,
5.884652981427176E+009,-3.050165692950295E+001,3.680743798837704E+001,
5.888563049853373E+009,-3.034772760819578E+001,1.958209293762199E+001,
5.892473118279570E+009,-3.034343941856259E+001,2.585389853731604E+000,
5.896383186705768E+009,-3.045559721328279E+001,-1.315370027292700E+001,
5.900293255131965E+009,-3.054480312496680E+001,-2.919037844762909E+001,
5.904203323558163E+009,-3.034221318074526E+001,-4.416354770553085E+001,
5.908113391984360E+009,-2.982284085934820E+001,-6.017891916077444E+001,
5.912023460410557E+009,-2.947989570621124E+001,-7.868975358722604E+001,
5.915933528836755E+009,-2.944363668772981E+001,-9.692747017428299E+001,
5.919843597262952E+009,-2.935885354572466E+001,-1.150328947380420E+002,
5.923753665689150E+009,-2.951502237385994E+001,-1.338659358005641E+002,
5.927663734115347E+009,-2.977481066532791E+001,-1.493301787947407E+002,
5.931573802541544E+009,-2.973716440907230E+001,-1.637957303406247E+002,
5.935483870967742E+009,-2.961104798702334E+001,-1.784063633721527E+002,
5.939393939393940E+009,-2.925937264839371E+001,1.664723141685431E+002,
5.943304007820137E+009,-2.860960329724999E+001,1.497201319330301E+002,
5.947214076246334E+009,-2.806841893187335E+001,1.320971951920323E+002,
5.951124144672532E+009,-2.756280336707470E+001,1.130712026409354E+002,
5.955034213098729E+009,-2.746998814676306E+001,9.279640572125925E+001,
5.958944281524927E+009,-2.746372451166878E+001,7.426934852365284E+001,
5.962854349951124E+009,-2.737891912247641E+001,5.705964599556498E+001,
5.966764418377321E+009,-2.735263849143572E+001,4.061165992648614E+001,
5.970674486803519E+009,-2.705975867134657E+001,2.392835971516509E+001,
5.974584555229716E+009,-2.664944824645448E+001,5.417156924461250E+000,
5.978494623655914E+009,-2.625674910714516E+001,-1.252276978981931E+001,
5.982404692082111E+009,-2.585786439638768E+001,-3.119931878296045E+001,
5.986314760508308E+009,-2.541195272286462E+001,-5.127869776653274E+001,
5.990224828934506E+009,-2.533145132839148E+001,-7.221231083954936E+001,
5.994134897360704E+009,-2.539424325179484E+001,-9.203778665949201E+001,
5.998044965786902E+009,-2.552995129404517E+001,-1.121763523450901E+002,
6.001955034213099E+009,-2.552684906508204E+001,-1.303248953519992E+002,
6.005865102639297E+009,-2.548344459572525E+001,-1.495391771963360E+002,
6.009775171065494E+009,-2.564822898765297E+001,-1.690094252953512E+002,
6.013685239491692E+009,-2.578448423393537E+001,1.739500486348179E+002,
6.017595307917889E+009,-2.587857814668965E+001,1.567231170987908E+002,
6.021505376344086E+009,-2.577666922002465E+001,1.395825100481960E+002,
6.025415444770284E+009,-2.551256238003713E+001,1.220955358920743E+002,
6.029325513196481E+009,-2.532120425678426E+001,1.023013888447197E+002,
6.033235581622679E+009,-2.536210404537984E+001,8.331857096592192E+001,
6.037145650048876E+009,-2.537558697334283E+001,6.504116287926907E+001,
6.041055718475073E+009,-2.544611879344161E+001,4.674489818019472E+001,
6.044965786901271E+009,-2.545374707696880E+001,2.834807464001674E+001,
6.048875855327468E+009,-2.536175669677754E+001,1.044099146960766E+001,
6.052785923753666E+009,-2.531393530106440E+001,-8.888353609541460E+000,
6.056695992179863E+009,-2.540097048413701E+001,-2.718181517074514E+001,
6.060606060606061E+009,-2.538712730401990E+001,-4.352568590684258E+001,
6.064516129032258E+009,-2.528481137160658E+001,-6.141100568275148E+001,
6.068426197458456E+009,-2.500873888793283E+001,-8.048374982341503E+001,
6.072336265884653E+009,-2.495496212494674E+001,-1.000499541991785E+002,
6.076246334310850E+009,-2.501158615454569E+001,-1.188649140679091E+002,
6.080156402737048E+009,-2.495262413391080E+001,-1.385361387904512E+002,
6.084066471163245E+009,-2.491478261521124E+001,-1.571489536017836E+002,
6.087976539589443E+009,-2.497684003281479E+001,-1.763727436813186E+002,
6.091886608015640E+009,-2.501427086547610E+001,1.656264794887739E+002,
6.095796676441837E+009,-2.496916653004286E+001,1.466038228280297E+002,
6.099706744868035E+009,-2.491033015869485E+001,1.273242019517695E+002,
6.103616813294232E+009,-2.479614917119704E+001,1.087841021658736E+002,
6.107526881720430E+009,-2.479147353862874E+001,8.871376784641491E+001,
6.111436950146627E+009,-2.489376808291939E+001,6.865392393309350E+001,
6.115347018572825E+009,-2.504359577046710E+001,4.820830049628572E+001,
6.119257086999023E+009,-2.533084809130919E+001,2.772263762153583E+001,
6.123167155425221E+009,-2.585066453175337E+001,9.768402982965188E+000,
6.127077223851418E+009,-2.610056293326416E+001,-7.449814564854459E+000,
6.130987292277615E+009,-2.611512087001419E+001,-2.392479055282330E+001,
6.134897360703813E+009,-2.592221198908903E+001,-4.217299545056395E+001,
6.138807429130010E+009,-2.592398891998663E+001,-6.213276771144426E+001,
6.142717497556208E+009,-2.617425137731056E+001,-8.088828282240786E+001,
6.146627565982405E+009,-2.617430544112659E+001,-9.902304059659308E+001,
6.150537634408602E+009,-2.611752848928859E+001,-1.181445499599589E+002,
6.154447702834800E+009,-2.611353434138469E+001,-1.382564929709309E+002,
6.158357771260998E+009,-2.616955491868837E+001,-1.584400439771287E+002,
6.162267839687195E+009,-2.638558545984195E+001,-1.779462370735094E+002,
6.166177908113392E+009,-2.670466140527551E+001,1.619005478084542E+002,
6.170087976539589E+009,-2.701253705687834E+001,1.427561111602223E+002,
6.173998044965787E+009,-2.747814492340878E+001,1.250386855702550E+002,
6.177908113391985E+009,-2.764559718163071E+001,1.078043236951804E+002,
6.181818181818182E+009,-2.774731981190928E+001,8.886566361087719E+001,
6.185728250244379E+009,-2.809444244492931E+001,6.965905332722592E+001,
6.189638318670576E+009,-2.818743863727266E+001,5.319206463622939E+001,
6.193548387096774E+009,-2.799152620901505E+001,3.575849708968380E+001,
6.197458455522972E+009,-2.796499170166197E+001,1.528046337974425E+001,
6.201368523949169E+009,-2.798778339674313E+001,-4.606596515120667E+000,
6.205278592375366E+009,-2.841199120345170E+001,-2.451134173639502E+001,
6.209188660801564E+009,-2.868474635958587E+001,-4.253030996988903E+001,
6.213098729227762E+009,-2.867265586554264E+001,-6.075450685609918E+001,
6.217008797653959E+009,-2.888608532978326E+001,-7.939757392870993E+001,
6.220918866080156E+009,-2.894907291945597E+001,-9.868720737012067E+001,
6.224828934506353E+009,-2.916428349797950E+001,-1.182808789850673E+002,
6.228739002932551E+009,-2.950852974915348E+001,-1.386626154706217E+002,
6.232649071358749E+009,-2.969920035123271E+001,-1.563222302532946E+002,
6.236559139784946E+009,-2.972450724332055E+001,-1.738713942183598E+002,
6.240469208211144E+009,-2.968289952662118E+001,1.646205649350298E+002,
6.244379276637341E+009,-2.972469533013083E+001,1.458567150284256E+002,
6.248289345063539E+009,-2.995218989381907E+001,1.255691959750077E+002,
6.252199413489737E+009,-2.998122629152164E+001,1.068158340072341E+002,
6.256109481915934E+009,-3.000073842394551E+001,8.599950517540285E+001,
6.260019550342131E+009,-3.014607572074929E+001,6.538861950397477E+001,
6.263929618768329E+009,-3.009628648266194E+001,4.406358424070052E+001,
6.267839687194526E+009,-3.029902044484977E+001,1.950386767379854E+001,
6.271749755620724E+009,-3.084839739149786E+001,-3.101713982725261E+000,
6.275659824046921E+009,-3.170979022162723E+001,-2.356640171728721E+001,
6.279569892473118E+009,-3.201206344270624E+001,-4.352423896008223E+001,
6.283479960899316E+009,-3.248589042710310E+001,-6.423751396705320E+001,
6.287390029325514E+009,-3.321858428756379E+001,-8.364344965957866E+001,
6.291300097751711E+009,-3.378783181199560E+001,-1.026781182591399E+002,
6.295210166177908E+009,-3.415353558027909E+001,-1.203674067570447E+002,
6.299120234604105E+009,-3.399015624735479E+001,-1.379101190474553E+002,
6.303030303030303E+009,-3.399509742610302E+001,-1.602146644154431E+002,
6.306940371456501E+009,-3.398004329141581E+001,1.770843985299283E+002,
6.310850439882698E+009,-3.428555153801773E+001,1.535169656999048E+002,
6.314760508308895E+009,-3.476712717853363E+001,1.290229104026829E+002,
6.318670576735093E+009,-3.554941424855215E+001,1.070095339778889E+002,
6.322580645161290E+009,-3.631844873311179E+001,8.501217055761558E+001,
6.326490713587488E+009,-3.683978488686446E+001,6.499295273467044E+001,
6.330400782013685E+009,-3.739264130660349E+001,4.056024516969694E+001,
6.334310850439882E+009,-3.867147096063282E+001,1.889382987410976E+001,
6.338220918866080E+009,-4.044027204384382E+001,9.603949998221888E-001,
6.342130987292278E+009,-4.087476044409591E+001,-5.931344172219960E+000,
6.346041055718475E+009,-4.024793330680758E+001,-2.116038494026063E+001,
6.349951124144672E+009,-3.915923680453691E+001,-3.967116509048542E+001,
6.353861192570869E+009,-3.873726502303359E+001,-6.499715433987362E+001,
6.357771260997068E+009,-3.871808433492920E+001,-9.044742046848090E+001,
6.361681329423266E+009,-3.906335841626698E+001,-1.153182488369204E+002,
6.365591397849463E+009,-3.981511862747755E+001,-1.395714242986373E+002,
6.369501466275660E+009,-4.095973876492222E+001,-1.585951232514057E+002,
6.373411534701857E+009,-4.149176549645490E+001,-1.767815833719885E+002,
6.377321603128055E+009,-4.202925375217829E+001,1.662336524868616E+002,
6.381231671554253E+009,-4.219692744144836E+001,1.487640389798146E+002,
6.385141739980450E+009,-4.325510615607194E+001,1.361011267292097E+002,
6.389051808406647E+009,-4.241405297965382E+001,1.244955902065553E+002,
6.392961876832845E+009,-4.171173671925291E+001,1.090824111111353E+002,
6.396871945259043E+009,-4.068537451980347E+001,9.262261761873516E+001,
6.400782013685240E+009,-3.982156556584405E+001,7.191076429396077E+001,
6.404692082111437E+009,-3.896513671926002E+001,5.075892982181693E+001,
6.408602150537634E+009,-3.873618915753477E+001,2.893113659952602E+001,
6.412512218963832E+009,-3.852277395624523E+001,8.692146160552049E+000,
6.416422287390030E+009,-3.834133991255505E+001,-9.459356167201252E+000,
6.420332355816227E+009,-3.751061127194162E+001,-2.876273825632856E+001,
6.424242424242424E+009,-3.704114377642969E+001,-5.145776666050581E+001,
6.428152492668621E+009,-3.680408649930586E+001,-7.315573749554578E+001,
6.432062561094819E+009,-3.670705680646567E+001,-9.454415288175019E+001,
6.435972629521017E+009,-3.699905704235766E+001,-1.153949215030374E+002,
6.439882697947214E+009,-3.730521492259571E+001,-1.315334352098857E+002,
6.443792766373411E+009,-3.703249215176850E+001,-1.462673610249615E+002,
6.447702834799609E+009,-3.614556266469640E+001,-1.623304109302149E+002,
6.451612903225807E+009,-3.534158427568643E+001,1.785947602141089E+002,
6.455522971652004E+009,-3.433972297564347E+001,1.568183790926227E+002,
6.459433040078201E+009,-3.397622875109435E+001,1.314298326217438E+002,
6.463343108504398E+009,-3.428084733554471E+001,1.086901058235842E+002,
6.467253176930596E+009,-3.475469525537151E+001,8.932064628829869E+001,
6.471163245356794E+009,-3.448328520262756E+001,7.230331459371483E+001,
6.475073313782991E+009,-3.423024748602917E+001,5.190012509460606E+001,
6.478983382209189E+009,-3.416754907636876E+001,3.126762192402440E+001,
6.482893450635386E+009,-3.438881630441890E+001,1.021567299938649E+001,
6.486803519061584E+009,-3.509570032795687E+001,-8.460934244405467E+000,
6.490713587487782E+009,-3.528010188208470E+001,-2.011063829636447E+001,
6.494623655913979E+009,-3.447908398247329E+001,-3.488680986029907E+001,
6.498533724340176E+009,-3.353482411132292E+001,-5.366399175252825E+001,
6.502443792766374E+009,-3.287986763913501E+001,-7.719072814256629E+001,
6.506353861192571E+009,-3.309614287773434E+001,-1.000540129810265E+002,
6.510263929618769E+009,-3.362978386387081E+001,-1.209541961734293E+002,
6.514173998044966E+009,-3.389403012275854E+001,-1.364084063112177E+002,
6.518084066471163E+009,-3.354549898762063E+001,-1.539602825965551E+002,
6.521994134897361E+009,-3.325423234293262E+001,-1.747966498119303E+002,
6.525904203323559E+009,-3.373466678827128E+001,1.634330952105236E+002,
6.529814271749756E+009,-3.443710388801080E+001,1.455292700401761E+002,
6.533724340175953E+009,-3.470122080063440E+001,1.332939685880562E+002,
6.537634408602150E+009,-3.407550614380627E+001,1.183018633394636E+002,
6.541544477028348E+009,-3.359568321434161E+001,9.894128450944224E+001,
6.545454545454546E+009,-3.347999711519329E+001,7.783949300379959E+001,
6.549364613880743E+009,-3.393641234249636E+001,5.794614586167369E+001,
6.553274682306940E+009,-3.425224981601021E+001,4.203262046748797E+001,
6.557184750733138E+009,-3.430358684563369E+001,2.614770620504052E+001,
6.561094819159335E+009,-3.409106851569347E+001,9.882831737410353E+000,
6.565004887585533E+009,-3.387705745074709E+001,-8.933145618373406E+000,
6.568914956011730E+009,-3.419300848839480E+001,-2.743014508538128E+001,
6.572825024437927E+009,-3.431007558798954E+001,-4.314100339656514E+001,
6.576735092864125E+009,-3.417480474720724E+001,-5.876514483198890E+001,
6.580645161290323E+009,-3.367899957305757E+001,-7.537201461773952E+001,
6.584555229716520E+009,-3.357911950799293E+001,-9.527271796252674E+001,
6.588465298142717E+009,-3.368707077588184E+001,-1.141049631652298E+002,
6.592375366568914E+009,-3.386096324139751E+001,-1.326074952431849E+002,
6.596285434995112E+009,-3.414958238366756E+001,-1.489976829462819E+002,
6.600195503421310E+009,-3.434041761453153E+001,-1.655129883654557E+002,
6.604105571847508E+009,-3.440157242576873E+001,1.794305853552480E+002,
6.608015640273705E+009,-3.435656821556825E+001,1.634569527578984E+002,
6.611925708699902E+009,-3.457804009355738E+001,1.493329577416277E+002,
6.615835777126100E+009,-3.413197015230541E+001,1.384808081617020E+002,
6.619745845552298E+009,-3.299841125346111E+001,1.229946016924893E+002,
6.623655913978495E+009,-3.205026427282502E+001,1.031876717019954E+002,
6.627565982404692E+009,-3.154157063499885E+001,8.182710265393806E+001,
6.631476050830890E+009,-3.135498069604175E+001,6.068653214651671E+001,
6.635386119257088E+009,-3.115615548389678E+001,4.029559875429388E+001,
6.639296187683285E+009,-3.125384960821222E+001,1.870866680100919E+001,
6.643206256109482E+009,-3.174939375882586E+001,-1.610687878011683E+000,
6.647116324535679E+009,-3.222568822637449E+001,-1.813382452535241E+001,
6.651026392961877E+009,-3.224445987742858E+001,-3.556635690638501E+001,
6.654936461388075E+009,-3.268874507894250E+001,-5.224096753995934E+001,
6.658846529814272E+009,-3.285679253689114E+001,-6.601844247921402E+001,
6.662756598240469E+009,-3.238522069469192E+001,-7.856113760325495E+001,
6.666666666666666E+009,-3.148893565904107E+001,-9.523376831029721E+001,
6.670576735092864E+009,-3.090136987366801E+001,-1.156641482325487E+002,
6.674486803519062E+009,-3.067967534510662E+001,-1.361900022993010E+002,
6.678396871945259E+009,-3.051558554615907E+001,-1.565191068111199E+002,
6.682306940371456E+009,-3.044473191713240E+001,-1.773276109280228E+002,
6.686217008797654E+009,-3.063672345052690E+001,1.609001356842114E+002,
6.690127077223852E+009,-3.134260963489636E+001,1.414553002056125E+002,
6.694037145650049E+009,-3.184433900363258E+001,1.252194697752564E+002,
6.697947214076246E+009,-3.213174913846914E+001,1.097240456125947E+002,
6.701857282502443E+009,-3.232592423005536E+001,9.592390951941270E+001,
6.705767350928641E+009,-3.179600249746500E+001,8.224096365562606E+001,
6.709677419354839E+009,-3.104748854796057E+001,6.419998674706136E+001,
6.713587487781036E+009,-3.062967441339742E+001,4.378284886118245E+001,
6.717497556207233E+009,-3.037086511150646E+001,2.150889352093273E+001,
6.721407624633431E+009,-3.068855139108807E+001,-2.831472043692389E-001,
6.725317693059629E+009,-3.127995481618660E+001,-2.100925309640918E+001,
6.729227761485827E+009,-3.194078478390247E+001,-3.753439723097826E+001,
6.733137829912024E+009,-3.237048625976826E+001,-5.400837250565739E+001,
6.737047898338221E+009,-3.279131895818348E+001,-6.942729890957216E+001,
6.740957966764419E+009,-3.293386077152735E+001,-8.372312730805943E+001,
6.744868035190616E+009,-3.309854770702791E+001,-9.745355479652757E+001,
6.748778103616814E+009,-3.274380701146583E+001,-1.101052632042162E+002,
6.752688172043011E+009,-3.199591001092672E+001,-1.251519678477780E+002,
6.756598240469208E+009,-3.125043039954866E+001,-1.447690282515566E+002,
6.760508308895406E+009,-3.094502844930640E+001,-1.656635993736105E+002,
6.764418377321604E+009,-3.096303749743484E+001,1.725006448663906E+002,
6.768328445747801E+009,-3.150871544930655E+001,1.526895027886082E+002,
6.772238514173998E+009,-3.198779291821934E+001,1.356305382126135E+002,
6.776148582600195E+009,-3.243390088854819E+001,1.197313063157307E+002,
6.780058651026393E+009,-3.273237740416360E+001,1.053945751030791E+002,
6.783968719452591E+009,-3.278111922526880E+001,9.284644985938719E+001,
6.787878787878788E+009,-3.241114649530476E+001,8.087680071028372E+001,
6.791788856304985E+009,-3.157495642807713E+001,6.609086270714174E+001,
6.795698924731183E+009,-3.066321587296563E+001,4.851907134333138E+001,
6.799608993157380E+009,-3.008729936220837E+001,2.845655808925176E+001,
6.803519061583578E+009,-2.968474821497141E+001,7.408705919840284E+000,
6.807429130009775E+009,-2.974092573516476E+001,-1.534023001771074E+001,
6.811339198435972E+009,-3.002025802196696E+001,-3.406892252743693E+001,
6.815249266862170E+009,-3.027042201471552E+001,-5.098119036244889E+001,
6.819159335288368E+009,-3.044164147666628E+001,-6.691557392995809E+001,
6.823069403714565E+009,-3.017436374500175E+001,-8.111718004563456E+001,
6.826979472140762E+009,-2.967745763209767E+001,-9.868290200901545E+001,
6.830889540566959E+009,-2.945501568051282E+001,-1.163379891635005E+002,
6.834799608993157E+009,-2.893177665860193E+001,-1.357295265539214E+002,
6.838709677419355E+009,-2.850660693539009E+001,-1.562015689617869E+002,
6.842619745845552E+009,-2.838661463164805E+001,-1.752589383890663E+002,
6.846529814271750E+009,-2.847503554754576E+001,1.640184609213800E+002,
6.850439882697948E+009,-2.857470044478053E+001,1.461759728713041E+002,
6.854349951124145E+009,-2.845316168733354E+001,1.260788911135937E+002,
6.858260019550343E+009,-2.852764880764233E+001,1.073533398119109E+002,
6.862170087976540E+009,-2.858976385030942E+001,8.903085707354292E+001,
6.866080156402737E+009,-2.868992550892547E+001,7.229333461510453E+001,
6.869990224828935E+009,-2.836365068774789E+001,5.519182002077518E+001,
6.873900293255133E+009,-2.805343613737819E+001,3.685736658606223E+001,
6.877810361681330E+009,-2.771009945587590E+001,1.670636567362119E+001,
6.881720430107527E+009,-2.766087214513160E+001,-4.648165574937559E+000,
6.885630498533724E+009,-2.758579987262809E+001,-2.502236217053341E+001,
6.889540566959922E+009,-2.756124456340302E+001,-4.567047398049768E+001,
6.893450635386120E+009,-2.755603736654420E+001,-6.637013338989726E+001,
6.897360703812317E+009,-2.772980047529064E+001,-8.618115542975312E+001,
6.901270772238514E+009,-2.799517078871905E+001,-1.053073255760027E+002,
6.905180840664711E+009,-2.833616064027652E+001,-1.257936803128434E+002,
6.909090909090909E+009,-2.853680321867288E+001,-1.460006616925595E+002,
6.913000977517107E+009,-2.906946624239372E+001,-1.635301138863402E+002,
6.916911045943304E+009,-2.907503935825372E+001,1.797018105434713E+002,
6.920821114369501E+009,-2.913308252480766E+001,1.626074074730549E+002,
6.924731182795699E+009,-2.909322200819310E+001,1.433430474482508E+002,
6.928641251221897E+009,-2.887531959135443E+001,1.244609113763357E+002,
6.932551319648094E+009,-2.887600359347375E+001,1.039673275886056E+002,
6.936461388074291E+009,-2.888741415873718E+001,8.374823497102082E+001,
6.940371456500488E+009,-2.937299610304218E+001,6.253210745217306E+001,
6.944281524926686E+009,-2.962913809775823E+001,4.447537777052088E+001,
6.948191593352884E+009,-2.992510454607301E+001,2.597293827423080E+001,
6.952101661779081E+009,-3.043033208047507E+001,6.011066065570639E+000,
6.956011730205278E+009,-3.080232418320397E+001,-1.192703779878661E+001,
6.959921798631475E+009,-3.096189519488819E+001,-2.945196239346358E+001,
6.963831867057674E+009,-3.122127610785051E+001,-4.356861390182331E+001,
6.967741935483872E+009,-3.090315119735859E+001,-6.130092999083044E+001,
6.971652003910069E+009,-3.079866158022617E+001,-8.065740402555683E+001,
6.975562072336266E+009,-3.087219400587616E+001,-1.002367350423945E+002,
6.979472140762464E+009,-3.069476639893752E+001,-1.192235707873412E+002,
6.983382209188661E+009,-3.066045319943822E+001,-1.400560965248551E+002,
6.987292277614859E+009,-3.083155300723755E+001,-1.590107003706418E+002,
6.991202346041056E+009,-3.068254176222520E+001,-1.789627478798027E+002,
6.995112414467253E+009,-3.092131184568989E+001,1.595356643457344E+002,
6.999022482893451E+009,-3.134962136065256E+001,1.406979771730433E+002,
7.002932551319649E+009,-3.150368315849886E+001,1.216679087391246E+002,
7.006842619745846E+009,-3.137074584358012E+001,1.027932687326431E+002,
7.010752688172043E+009,-3.126316961774299E+001,8.335784316623580E+001,
7.014662756598240E+009,-3.168102459991257E+001,6.218990147682535E+001,
7.018572825024438E+009,-3.185611973561711E+001,4.247626024120705E+001,
7.022482893450636E+009,-3.196255701891078E+001,2.433518936529718E+001,
7.026392961876833E+009,-3.184334477746777E+001,5.057951888734673E+000,
7.030303030303030E+009,-3.171682196884281E+001,-1.678167901473637E+001,
7.034213098729228E+009,-3.189991392089328E+001,-3.705073904038392E+001,
7.038123167155425E+009,-3.216641518119666E+001,-5.853978214218026E+001,
7.042033235581623E+009,-3.219869313235501E+001,-7.774450963847210E+001,
7.045943304007820E+009,-3.227209951939695E+001,-9.782025781689292E+001,
7.049853372434017E+009,-3.234360791769920E+001,-1.175959367109033E+002,
7.053763440860215E+009,-3.218718303013125E+001,-1.381737454641545E+002,
7.057673509286413E+009,-3.201201528953015E+001,-1.603391545313347E+002,
7.061583577712610E+009,-3.223658154370997E+001,1.769176071708630E+002,
7.065493646138807E+009,-3.257867958701239E+001,1.564798839623254E+002,
7.069403714565004E+009,-3.245534668195904E+001,1.380495416612036E+002,
7.073313782991202E+009,-3.210710253950897E+001,1.153649815200797E+002,
7.077223851417400E+009,-3.230597436944310E+001,9.179491421208854E+001,
7.081133919843597E+009,-3.269797661854499E+001,7.105158198372169E+001,
7.085043988269795E+009,-3.288094510618698E+001,5.146182783557943E+001,
7.088954056695993E+009,-3.261685043366950E+001,3.198390426762108E+001,
7.092864125122190E+009,-3.235713636235867E+001,1.051498743140678E+001,
7.096774193548388E+009,-3.226503680331187E+001,-1.153015228260840E+001,
7.100684261974585E+009,-3.198935370983274E+001,-3.326173995100326E+001,
7.104594330400782E+009,-3.201251925987470E+001,-5.625931331935737E+001,
7.108504398826980E+009,-3.198696854602521E+001,-7.842676416695312E+001,
7.112414467253178E+009,-3.196003930323917E+001,-1.012106111071372E+002,
7.116324535679375E+009,-3.212158900525709E+001,-1.238521663324632E+002,
7.120234604105572E+009,-3.244468470257075E+001,-1.455327627892045E+002,
7.124144672531769E+009,-3.254670088626009E+001,-1.655135932936432E+002,
7.128054740957967E+009,-3.271502742230741E+001,1.733932730026348E+002,
7.131964809384165E+009,-3.278294257168722E+001,1.536154726998179E+002,
7.135874877810362E+009,-3.292568209045528E+001,1.328588892362449E+002,
7.139784946236559E+009,-3.317895723381022E+001,1.147299626359845E+002,
7.143695014662756E+009,-3.300101207422169E+001,9.723463205699821E+001,
7.147605083088954E+009,-3.271384178163643E+001,7.780559472114932E+001,
7.151515151515152E+009,-3.246877130418397E+001,5.793927167443124E+001,
7.155425219941349E+009,-3.215637358412499E+001,3.719801181778983E+001,
7.159335288367546E+009,-3.205969329338609E+001,1.611050097804516E+001,
7.163245356793744E+009,-3.205658917543298E+001,-4.066159350278853E+000,
7.167155425219942E+009,-3.206647521510169E+001,-2.410338818408468E+001,
7.171065493646139E+009,-3.196358777752378E+001,-4.432883273963172E+001,
7.174975562072336E+009,-3.199126102969672E+001,-6.519763076309859E+001,
7.178885630498533E+009,-3.224975299735401E+001,-8.531144935858714E+001,
7.182795698924731E+009,-3.252533231211722E+001,-1.037653536046713E+002,
7.186705767350929E+009,-3.245993589768582E+001,-1.202183094424284E+002,
7.190615835777126E+009,-3.220690918143025E+001,-1.382369987721259E+002,
7.194525904203323E+009,-3.193066657656011E+001,-1.568512473370452E+002,
7.198435972629520E+009,-3.164509684440498E+001,-1.762386396059596E+002,
7.202346041055718E+009,-3.135711164505710E+001,1.633076198948448E+002,
7.206256109481916E+009,-3.146409420433758E+001,1.420271607131229E+002,
7.210166177908114E+009,-3.169114143668457E+001,1.229942587477252E+002,
7.214076246334311E+009,-3.177160696232500E+001,1.049440728801067E+002,
7.217986314760509E+009,-3.177324512454424E+001,8.694740023839151E+001,
7.221896383186706E+009,-3.162056444639727E+001,6.918128421332398E+001,
7.225806451612904E+009,-3.146039762618582E+001,5.021324793806707E+001,
7.229716520039101E+009,-3.138606419139968E+001,3.116527883842236E+001,
7.233626588465298E+009,-3.135108040340451E+001,1.198332141189660E+001,
7.237536656891496E+009,-3.150305626917817E+001,-6.672970075053424E+000,
7.241446725317694E+009,-3.146632130715830E+001,-2.444870775466977E+001,
7.245356793743891E+009,-3.147406279215371E+001,-4.269659500216358E+001,
7.249266862170088E+009,-3.141915819721042E+001,-6.024074395279979E+001,
7.253176930596285E+009,-3.130020761795858E+001,-7.845623760640821E+001,
7.257086999022483E+009,-3.128446959712499E+001,-9.652301479737139E+001,
7.260997067448681E+009,-3.108085149628682E+001,-1.134520626156253E+002,
7.264907135874878E+009,-3.087554244470790E+001,-1.328316084433156E+002,
7.268817204301075E+009,-3.079336987434958E+001,-1.517081439257397E+002,
7.272727272727273E+009,-3.072263836411168E+001,-1.697291708347361E+002,
7.276637341153470E+009,-3.064460635202516E+001,1.707463582042585E+002,
7.280547409579668E+009,-3.071351576731112E+001,1.522756351844150E+002,
7.284457478005865E+009,-3.081577541952828E+001,1.337398081599767E+002,
7.288367546432062E+009,-3.087129844666082E+001,1.158698439726781E+002,
7.292277614858260E+009,-3.096549896346504E+001,9.912857850173747E+001,
7.296187683284458E+009,-3.077224405398890E+001,8.211160360080983E+001,
7.300097751710655E+009,-3.066126503464854E+001,6.428159930688089E+001,
7.304007820136852E+009,-3.049368116331528E+001,4.706194524135965E+001,
7.307917888563049E+009,-3.043696339723753E+001,2.838945012820669E+001,
7.311827956989247E+009,-3.038847960828826E+001,1.038137523956562E+001,
7.315738025415445E+009,-3.021480350049650E+001,-8.313139944681790E+000,
7.319648093841642E+009,-3.032976889876868E+001,-2.759353095906158E+001,
7.323558162267839E+009,-3.029216201247696E+001,-4.497502383190622E+001,
7.327468230694037E+009,-3.023164707687006E+001,-6.304558371996354E+001,
7.331378299120235E+009,-3.020764727757276E+001,-8.168134226388405E+001,
7.335288367546433E+009,-3.027301150124858E+001,-9.959742853906123E+001,
7.339198435972630E+009,-3.036616474712757E+001,-1.161854362736936E+002,
7.343108504398827E+009,-3.020724645361539E+001,-1.327461671755545E+002,
7.347018572825025E+009,-2.975648174586287E+001,-1.503246023951609E+002,
7.350928641251223E+009,-2.957779864154409E+001,-1.701664887111863E+002,
7.354838709677420E+009,-2.961461819232394E+001,1.707391226340137E+002,
7.358748778103617E+009,-2.959741648213001E+001,1.522924803527946E+002,
7.362658846529814E+009,-2.963427257075304E+001,1.333264221499477E+002,
7.366568914956012E+009,-2.976207124770681E+001,1.146027737554151E+002,
7.370478983382210E+009,-2.994466640072441E+001,9.724324993621737E+001,
7.374389051808407E+009,-2.999984283005243E+001,8.026753456422742E+001,
7.378299120234604E+009,-2.994438199692506E+001,6.313632000499305E+001,
7.382209188660801E+009,-2.998202274439545E+001,4.601133512994831E+001,
7.386119257086999E+009,-2.984734007006630E+001,2.941807884519063E+001,
7.390029325513197E+009,-2.957490466384667E+001,1.220169735425632E+001,
7.393939393939394E+009,-2.931288129992462E+001,-5.942513998999212E+000,
7.397849462365591E+009,-2.912760150813777E+001,-2.581279529446525E+001,
7.401759530791789E+009,-2.897579162698357E+001,-4.432316401177923E+001,
7.405669599217987E+009,-2.882479846270600E+001,-6.460804033646399E+001,
7.409579667644184E+009,-2.902227515072965E+001,-8.464354199893576E+001,
7.413489736070381E+009,-2.928863841091605E+001,-1.025358714445244E+002,
7.417399804496578E+009,-2.921804455447149E+001,-1.216989838574913E+002,
7.421309872922776E+009,-2.961263624616589E+001,-1.401807463348602E+002,
7.425219941348974E+009,-2.997983739194279E+001,-1.555204652984372E+002,
7.429130009775171E+009,-2.989027348582350E+001,-1.718221845442047E+002,
7.433040078201368E+009,-2.956688495784685E+001,1.718749857450445E+002,
7.436950146627565E+009,-2.918561918251636E+001,1.527770633020206E+002,
7.440860215053763E+009,-2.900814561071332E+001,1.322955148235830E+002,
7.444770283479961E+009,-2.899254436127496E+001,1.118281602125826E+002,
7.448680351906158E+009,-2.932422991930807E+001,9.165745915925163E+001,
7.452590420332356E+009,-2.984131826439467E+001,7.187834961346174E+001,
7.456500488758554E+009,-3.043715062152042E+001,5.438424979238079E+001,
7.460410557184751E+009,-3.074179127306594E+001,3.935754014073128E+001,
7.464320625610949E+009,-3.070782919757048E+001,2.239569435330197E+001,
7.468230694037146E+009,-3.099363270247110E+001,6.099458333328763E+000,
7.472140762463343E+009,-3.099734105663166E+001,-8.114937491992235E+000,
7.476050830889541E+009,-3.088821721859176E+001,-2.420330806299876E+001,
7.479960899315739E+009,-3.048308992521966E+001,-4.193870949072366E+001,
7.483870967741936E+009,-3.006613043343288E+001,-6.001005766646044E+001,
7.487781036168133E+009,-2.992094819418701E+001,-7.904593390866300E+001,
7.491691104594330E+009,-2.996093264486103E+001,-9.928880525251680E+001,
7.495601173020528E+009,-3.062291164448861E+001,-1.186156195677211E+002,
7.499511241446726E+009,-3.084730311255645E+001,-1.342789076461380E+002,
7.503421309872923E+009,-3.065446821036147E+001,-1.503500918336970E+002,
7.507331378299120E+009,-3.056070925824353E+001,-1.681986959070653E+002,
7.511241446725318E+009,-3.077486932045010E+001,1.754286468881162E+002,
7.515151515151515E+009,-3.103523899235447E+001,1.593780866457004E+002,
7.519061583577713E+009,-3.049664282810515E+001,1.442352897478296E+002,
7.522971652003910E+009,-2.993472544405092E+001,1.258719583151238E+002,
7.526881720430107E+009,-2.950981990333182E+001,1.049045021291037E+002,
7.530791788856305E+009,-2.960831149514711E+001,8.504949237217342E+001,
7.534701857282503E+009,-2.964316052650687E+001,6.624535715690847E+001,
7.538611925708700E+009,-2.982972982556062E+001,4.791463521470858E+001,
7.542521994134897E+009,-3.006871651495313E+001,3.005022101903419E+001,
7.546432062561094E+009,-3.001610455884009E+001,1.274796404006963E+001,
7.550342130987292E+009,-2.977744028150328E+001,-5.440964119746059E+000,
7.554252199413490E+009,-2.972781411216711E+001,-2.330901285022769E+001,
7.558162267839687E+009,-2.985541679676958E+001,-4.135865851752270E+001,
7.562072336265884E+009,-2.969598711415955E+001,-5.963824333388461E+001,
7.565982404692082E+009,-2.922369042153605E+001,-7.911198661497633E+001,
7.569892473118280E+009,-2.923529473437843E+001,-9.964880675032747E+001,
7.573802541544478E+009,-2.960052745776683E+001,-1.197659909022087E+002,
7.577712609970675E+009,-2.978331222984356E+001,-1.377450241900149E+002,
7.581622678396872E+009,-2.997764691235013E+001,-1.573321460688079E+002,
7.585532746823070E+009,-3.033173368606924E+001,-1.760133796182936E+002,
7.589442815249268E+009,-3.053883135496300E+001,1.683889397727685E+002,
7.593352883675465E+009,-3.057283518159240E+001,1.518682233861309E+002,
7.597262952101662E+009,-3.032394039255059E+001,1.347747651735458E+002,
7.601173020527859E+009,-3.025316482222981E+001,1.184585562994414E+002,
7.605083088954057E+009,-2.988192509895703E+001,1.007828633858423E+002,
7.608993157380255E+009,-2.966707428009067E+001,8.169128849904398E+001,
7.612903225806452E+009,-2.949910116866909E+001,5.934590870746986E+001,
7.616813294232649E+009,-2.935776079365408E+001,3.815354457305239E+001,
7.620723362658846E+009,-2.974716376326739E+001,1.673500926660842E+001,
7.624633431085044E+009,-3.042805478811708E+001,-3.948234326051459E+000,
7.628543499511242E+009,-3.091352609172400E+001,-2.098974294629590E+001,
7.632453567937439E+009,-3.108871748607399E+001,-3.745022205675718E+001,
7.636363636363636E+009,-3.100606374470927E+001,-5.377289102905611E+001,
7.640273704789834E+009,-3.116380532833212E+001,-6.957485963461919E+001,
7.644183773216032E+009,-3.106361881007692E+001,-8.697305786123275E+001,
7.648093841642229E+009,-3.068958581719351E+001,-1.046753127788840E+002,
7.652003910068426E+009,-3.016910366060069E+001,-1.229791302705810E+002,
7.655913978494623E+009,-3.016341349682828E+001,-1.441049777501420E+002,
7.659824046920821E+009,-3.002428249441780E+001,-1.636784071554849E+002,
7.663734115347019E+009,-3.005447954299376E+001,1.744764298771642E+002,
7.667644183773216E+009,-3.040948592938450E+001,1.528132612218969E+002,
7.671554252199413E+009,-3.101634149702477E+001,1.348677587318281E+002,
7.675464320625610E+009,-3.117886446669315E+001,1.175238813406269E+002,
7.679374389051808E+009,-3.120752410319066E+001,1.002398754311608E+002,
7.683284457478006E+009,-3.124991475607528E+001,7.898182367153713E+001,
7.687194525904203E+009,-3.176040141976409E+001,5.942601730617707E+001,
7.691104594330401E+009,-3.197764296516133E+001,4.305038987921604E+001,
7.695014662756599E+009,-3.180154620623632E+001,2.541391143641696E+001,
7.698924731182797E+009,-3.163772995394153E+001,5.305589481408207E+000,
7.702834799608994E+009,-3.175778054886704E+001,-1.551325880399309E+001,
7.706744868035191E+009,-3.215497920778562E+001,-3.686599421649731E+001,
7.710654936461388E+009,-3.275286839533246E+001,-5.492325137323584E+001,
7.714565004887586E+009,-3.314268747963871E+001,-7.104258296730016E+001,
7.718475073313784E+009,-3.315532329761283E+001,-8.620509165945326E+001,
7.722385141739981E+009,-3.290335630716876E+001,-1.028508349921646E+002,
7.726295210166178E+009,-3.258339789086882E+001,-1.217372207035188E+002,
7.730205278592375E+009,-3.245442681272468E+001,-1.412430585713781E+002,
7.734115347018573E+009,-3.241954422328043E+001,-1.610852838976666E+002,
7.738025415444771E+009,-3.222283192613896E+001,1.784535783440984E+002,
7.741935483870968E+009,-3.236627272597138E+001,1.574209007239346E+002,
7.745845552297165E+009,-3.266703716544632E+001,1.382991564758417E+002,
7.749755620723363E+009,-3.271356113433699E+001,1.189150161895832E+002,
7.753665689149560E+009,-3.297944600360546E+001,9.979768504025037E+001,
7.757575757575758E+009,-3.317561204346213E+001,8.171534701179931E+001,
7.761485826001955E+009,-3.313225098012891E+001,6.447945997093741E+001,
7.765395894428152E+009,-3.285878444505070E+001,4.638272883939568E+001,
7.769305962854350E+009,-3.244394845946352E+001,2.723080377907691E+001,
7.773216031280548E+009,-3.208692382177603E+001,7.476640004736846E+000,
7.777126099706745E+009,-3.165826451039122E+001,-1.448613608880333E+001,
7.781036168132942E+009,-3.138561181491764E+001,-3.773886966958663E+001,
7.784946236559139E+009,-3.154487088232910E+001,-6.139995214940172E+001,
7.788856304985337E+009,-3.186719176521878E+001,-8.337214021756073E+001,
7.792766373411535E+009,-3.226342549834106E+001,-1.046133312995439E+002,
7.796676441837732E+009,-3.260540046892669E+001,-1.253733096108462E+002,
7.800586510263929E+009,-3.305840794840226E+001,-1.448126124552574E+002,
7.804496578690127E+009,-3.337712427603189E+001,-1.623293384063345E+002,
7.808406647116324E+009,-3.334519030598442E+001,-1.790589364220977E+002,
7.812316715542522E+009,-3.315995208872353E+001,1.620094031999629E+002,
7.816226783968720E+009,-3.288990507479670E+001,1.436359480131949E+002,
7.820136852394917E+009,-3.227797604495391E+001,1.236056023524305E+002,
7.824046920821115E+009,-3.178026333596003E+001,1.002156508024767E+002,
7.827956989247313E+009,-3.169419322327641E+001,7.584943285978974E+001,
7.831867057673510E+009,-3.205914322842688E+001,5.187946088321301E+001,
7.835777126099707E+009,-3.266272401525386E+001,3.121578400607218E+001,
7.839687194525904E+009,-3.289093365518733E+001,1.225629994393535E+001,
7.843597262952102E+009,-3.286895047415341E+001,-7.308993714915466E+000,
7.847507331378300E+009,-3.311702841709736E+001,-2.822519326003049E+001,
7.851417399804497E+009,-3.336550256639129E+001,-4.605985957760258E+001,
7.855327468230694E+009,-3.326148746891448E+001,-6.397597501663559E+001,
7.859237536656891E+009,-3.294632958861965E+001,-8.341650714780613E+001,
7.863147605083089E+009,-3.261099695438196E+001,-1.027042026882843E+002,
7.867057673509287E+009,-3.230114948422464E+001,-1.252445344779832E+002,
7.870967741935484E+009,-3.239739218233450E+001,-1.479614427289714E+002,
7.874877810361681E+009,-3.269988035361561E+001,-1.694484536307564E+002,
7.878787878787879E+009,-3.300423081201779E+001,1.711737698320645E+002,
7.882697947214077E+009,-3.328873836110648E+001,1.515009109894461E+002,
7.886608015640274E+009,-3.362857078910922E+001,1.338072189684280E+002,
7.890518084066471E+009,-3.364744501979182E+001,1.174333711580133E+002,
7.894428152492668E+009,-3.338102200515485E+001,1.002672672325519E+002,
7.898338220918866E+009,-3.314548440759766E+001,8.224727871893492E+001,
7.902248289345064E+009,-3.285854862720620E+001,6.510469875138985E+001,
7.906158357771261E+009,-3.215566511930882E+001,4.571281647310429E+001,
7.910068426197458E+009,-3.170222335340190E+001,2.398853973080884E+001,
7.913978494623655E+009,-3.148491058068279E+001,1.570638454197737E+000,
7.917888563049853E+009,-3.155390456200324E+001,-2.016719708535932E+001,
7.921798631476051E+009,-3.176390480165530E+001,-4.101636648862645E+001,
7.925708699902248E+009,-3.203786922369937E+001,-6.072323392071001E+001,
7.929618768328445E+009,-3.227580239929547E+001,-7.842132189635285E+001,
7.933528836754643E+009,-3.210349818092169E+001,-9.557813970591688E+001,
7.937438905180841E+009,-3.188767862216799E+001,-1.142348407983171E+002,
7.941348973607039E+009,-3.180659800518250E+001,-1.339343951774592E+002,
7.945259042033236E+009,-3.170117508786785E+001,-1.518500088396117E+002,
7.949169110459433E+009,-3.139482232263876E+001,-1.706315306310866E+002,
7.953079178885631E+009,-3.112101323731625E+001,1.696787422933772E+002,
7.956989247311829E+009,-3.083764454539021E+001,1.488121811680891E+002,
7.960899315738026E+009,-3.074090930403939E+001,1.276826472638128E+002,
7.964809384164223E+009,-3.093998053203067E+001,1.059366758077075E+002,
7.968719452590420E+009,-3.133818024536529E+001,8.541436718565585E+001,
7.972629521016618E+009,-3.178710914543805E+001,6.712889848854609E+001,
7.976539589442816E+009,-3.206311093525520E+001,5.062713753960604E+001,
7.980449657869013E+009,-3.210727422267715E+001,3.448665009553526E+001,
7.984359726295210E+009,-3.198081319156723E+001,1.813564048057394E+001,
7.988269794721408E+009,-3.176673535527918E+001,1.999266165259567E+000,
7.992179863147605E+009,-3.109885462979443E+001,-1.538405750388957E+001,
7.996089931573803E+009,-3.059511317873678E+001,-3.581498715876776E+001,
8.000000000000000E+009,-3.040179083142359E+001,-5.737245589947876E+001,
