% Version 1.00
%
%freq[Hz];db:Trc1_S21;ang:Trc1_S21;
4.000000000000000E+009,-2.907673589672876E+001,-1.777669841577974E+002,
4.003910068426198E+009,-2.962555428059361E+001,1.628453363502490E+002,
4.007820136852395E+009,-3.017617005460323E+001,1.426967937775105E+002,
4.011730205278593E+009,-3.097718110485787E+001,1.253259813576599E+002,
4.015640273704790E+009,-3.118249009337240E+001,1.103191100307575E+002,
4.019550342130987E+009,-3.078214762334187E+001,8.784360160450380E+001,
4.023460410557185E+009,-3.040631533749379E+001,6.472919756034746E+001,
4.027370478983382E+009,-3.021307463017028E+001,3.489951826187514E+001,
4.031280547409580E+009,-3.098279310834925E+001,5.147283485656537E+000,
4.035190615835777E+009,-3.226171870811841E+001,-1.777986646104750E+001,
4.039100684261975E+009,-3.332735080710173E+001,-4.076760128543511E+001,
4.043010752688172E+009,-3.356771898208828E+001,-6.088123265755629E+001,
4.046920821114369E+009,-3.361953193905238E+001,-8.351119864969785E+001,
4.050830889540567E+009,-3.348878715511598E+001,-1.063899196948901E+002,
4.054740957966765E+009,-3.332795258304947E+001,-1.322190130514661E+002,
4.058651026392962E+009,-3.369775766509945E+001,-1.543501440672967E+002,
4.062561094819160E+009,-3.301731527838651E+001,-1.759044261561066E+002,
4.066471163245357E+009,-3.231066776375147E+001,1.590131234063096E+002,
4.070381231671554E+009,-3.216477381100194E+001,1.344774112294293E+002,
4.074291300097752E+009,-3.153972113775999E+001,1.117570862683426E+002,
4.078201368523949E+009,-3.114848067839029E+001,8.682033806432794E+001,
4.082111436950147E+009,-3.102050141837469E+001,6.501056486198993E+001,
4.086021505376344E+009,-3.058502608810817E+001,4.312806380747865E+001,
4.089931573802542E+009,-3.019338446398541E+001,2.039059103325563E+001,
4.093841642228739E+009,-2.976448477260904E+001,-2.286635014298259E+000,
4.097751710654936E+009,-2.964643407384705E+001,-2.438764167689373E+001,
4.101661779081134E+009,-2.956609466079959E+001,-4.308617884538268E+001,
4.105571847507331E+009,-2.894349074895243E+001,-6.386610593221484E+001,
4.109481915933529E+009,-2.866798978815589E+001,-8.676056659484202E+001,
4.113391984359726E+009,-2.843162076314551E+001,-1.082427990607985E+002,
4.117302052785924E+009,-2.835458146089859E+001,-1.294459323399144E+002,
4.121212121212121E+009,-2.832625117738986E+001,-1.498765533293518E+002,
4.125122189638319E+009,-2.828797818724882E+001,-1.706709780234765E+002,
4.129032258064516E+009,-2.838996324869522E+001,1.677789122449211E+002,
4.132942326490714E+009,-2.878872304312827E+001,1.489596026323897E+002,
4.136852394916911E+009,-2.883460607446011E+001,1.301015274294708E+002,
4.140762463343109E+009,-2.937560068489919E+001,1.096339761478788E+002,
4.144672531769306E+009,-2.970467277112937E+001,9.619236718925758E+001,
4.148582600195503E+009,-2.943574431609892E+001,8.232644546475142E+001,
4.152492668621701E+009,-2.880854119434070E+001,6.423613875722600E+001,
4.156402737047898E+009,-2.861030186061852E+001,4.531622155887570E+001,
4.160312805474096E+009,-2.850551986010935E+001,2.584380491665836E+001,
4.164222873900293E+009,-2.876440664517855E+001,6.571341703499245E+000,
4.168132942326491E+009,-2.871299602585581E+001,-8.193944878847621E+000,
4.172043010752688E+009,-2.891475674160173E+001,-2.497805810223976E+001,
4.175953079178886E+009,-2.844122826010803E+001,-4.067873734358850E+001,
4.179863147605083E+009,-2.814037194588563E+001,-5.785943000120530E+001,
4.183773216031281E+009,-2.768330401428080E+001,-7.608609186165026E+001,
4.187683284457478E+009,-2.738974389264692E+001,-9.504119578465586E+001,
4.191593352883676E+009,-2.708541678476446E+001,-1.138443922099543E+002,
4.195503421309873E+009,-2.688004445998466E+001,-1.310735114902127E+002,
4.199413489736071E+009,-2.651975479473850E+001,-1.503419180092695E+002,
4.203323558162268E+009,-2.636681429690540E+001,-1.694645605238688E+002,
4.207233626588465E+009,-2.635479491229646E+001,1.706616517135728E+002,
4.211143695014663E+009,-2.617224057543656E+001,1.516300241860578E+002,
4.215053763440860E+009,-2.625827141574297E+001,1.311679080321137E+002,
4.218963831867058E+009,-2.647068851383779E+001,1.120552128612747E+002,
4.222873900293255E+009,-2.662161403259275E+001,9.382319145315441E+001,
4.226783968719452E+009,-2.679127179236360E+001,7.499814155300142E+001,
4.230694037145650E+009,-2.679925792532907E+001,5.611864730118078E+001,
4.234604105571847E+009,-2.705175446533932E+001,3.814030405672476E+001,
4.238514173998045E+009,-2.735633876196550E+001,2.140573363437827E+001,
4.242424242424243E+009,-2.724565338951850E+001,4.147064668291444E+000,
4.246334310850440E+009,-2.720276625378394E+001,-1.529825108693518E+001,
4.250244379276638E+009,-2.746089573828662E+001,-3.239434930261843E+001,
4.254154447702835E+009,-2.750713493732352E+001,-4.892777686464468E+001,
4.258064516129032E+009,-2.753899608427676E+001,-6.731819616741309E+001,
4.261974584555230E+009,-2.774262025925329E+001,-8.778037959201916E+001,
4.265884652981427E+009,-2.867676354905608E+001,-1.063468731010577E+002,
4.269794721407625E+009,-2.928729919254364E+001,-1.195422307883477E+002,
4.273704789833822E+009,-2.930192482459077E+001,-1.330166675039062E+002,
4.277614858260019E+009,-2.914495407687468E+001,-1.485702651714015E+002,
4.281524926686217E+009,-2.914991159581012E+001,-1.629055853589820E+002,
4.285434995112414E+009,-2.898122755664335E+001,-1.785061498739536E+002,
4.289345063538612E+009,-2.879526207613957E+001,1.656451292979178E+002,
4.293255131964809E+009,-2.839235503539727E+001,1.490798942737106E+002,
4.297165200391007E+009,-2.827574013674285E+001,1.313109343187243E+002,
4.301075268817205E+009,-2.813315934417321E+001,1.140686225643182E+002,
4.304985337243402E+009,-2.814301405064600E+001,9.862601853582696E+001,
4.308895405669600E+009,-2.787644618697760E+001,8.081648802711094E+001,
4.312805474095797E+009,-2.791657197031827E+001,6.382424020165745E+001,
4.316715542521994E+009,-2.790595788760825E+001,4.589585199901486E+001,
4.320625610948192E+009,-2.796878077087372E+001,3.110949207738288E+001,
4.324535679374389E+009,-2.769375546520946E+001,1.659068121444892E+001,
4.328445747800587E+009,-2.703296286510398E+001,-9.407143670228035E-001,
4.332355816226784E+009,-2.674561216669576E+001,-2.066256632976664E+001,
4.336265884652982E+009,-2.667024779281766E+001,-3.854595801368298E+001,
4.340175953079179E+009,-2.686914350470376E+001,-5.719853171086300E+001,
4.344086021505377E+009,-2.704191665326464E+001,-7.337899922067804E+001,
4.347996089931574E+009,-2.682405272532012E+001,-8.854187539559008E+001,
4.351906158357771E+009,-2.629664693256272E+001,-1.044676288654735E+002,
4.355816226783969E+009,-2.577025023618163E+001,-1.234489496934401E+002,
4.359726295210166E+009,-2.559114499818067E+001,-1.439118893590110E+002,
4.363636363636364E+009,-2.574429455561794E+001,-1.626612708165303E+002,
4.367546432062561E+009,-2.587740129539468E+001,-1.788845921068361E+002,
4.371456500488758E+009,-2.550325367028000E+001,1.637937719999466E+002,
4.375366568914956E+009,-2.540311529768143E+001,1.453370454960661E+002,
4.379276637341153E+009,-2.524939807870068E+001,1.279322305407283E+002,
4.383186705767351E+009,-2.503997998072679E+001,1.098061473408286E+002,
4.387096774193548E+009,-2.495011283226187E+001,9.234602216914210E+001,
4.391006842619746E+009,-2.478789080317629E+001,7.457942030741621E+001,
4.394916911045943E+009,-2.446111179025185E+001,5.765801579789705E+001,
4.398826979472141E+009,-2.412770659066784E+001,3.784166713200368E+001,
4.402737047898338E+009,-2.402462708446450E+001,1.761719481508860E+001,
4.406647116324535E+009,-2.419796767755967E+001,-2.560892570714965E+000,
4.410557184750733E+009,-2.442573745763442E+001,-1.951189718250780E+001,
4.414467253176930E+009,-2.417175912964473E+001,-3.686447050600958E+001,
4.418377321603128E+009,-2.412939979859699E+001,-5.583880243279460E+001,
4.422287390029326E+009,-2.430172701247842E+001,-7.383159552366706E+001,
4.426197458455523E+009,-2.422873303332982E+001,-9.118688178186466E+001,
4.430107526881721E+009,-2.425834668427329E+001,-1.070497204876484E+002,
4.434017595307918E+009,-2.383852819158964E+001,-1.236700987308831E+002,
4.437927663734116E+009,-2.350185124858055E+001,-1.426328541565266E+002,
4.441837732160313E+009,-2.336155983161472E+001,-1.608131366129618E+002,
4.445747800586511E+009,-2.317492155280112E+001,1.790431657959067E+002,
4.449657869012708E+009,-2.309290816265993E+001,1.593231076073179E+002,
4.453567937438905E+009,-2.309501467669833E+001,1.408354177964544E+002,
4.457478005865103E+009,-2.305446749836584E+001,1.224155418092236E+002,
4.461388074291300E+009,-2.306526962917047E+001,1.037502014574048E+002,
4.465298142717498E+009,-2.289281026508423E+001,8.541650781807778E+001,
4.469208211143695E+009,-2.287594649625044E+001,6.585702822858795E+001,
4.473118279569893E+009,-2.293596424460927E+001,4.687264951341030E+001,
4.477028347996090E+009,-2.290421376683824E+001,2.863020572098618E+001,
4.480938416422287E+009,-2.287322227025867E+001,1.006159878043279E+001,
4.484848484848485E+009,-2.291002581470351E+001,-8.581976082961383E+000,
4.488758553274682E+009,-2.304924034980057E+001,-2.726026331518228E+001,
4.492668621700880E+009,-2.304494298540011E+001,-4.507944720970441E+001,
4.496578690127077E+009,-2.305863932564476E+001,-6.305123877193610E+001,
4.500488758553275E+009,-2.303867673780225E+001,-8.099165850666591E+001,
4.504398826979472E+009,-2.287807082275011E+001,-9.871827671023409E+001,
4.508308895405669E+009,-2.285912086637202E+001,-1.176445370329613E+002,
4.512218963831867E+009,-2.292142790208513E+001,-1.360591259028827E+002,
4.516129032258064E+009,-2.301499553539023E+001,-1.534068501941601E+002,
4.520039100684262E+009,-2.299841842693672E+001,-1.713998634036041E+002,
4.523949169110459E+009,-2.290353444379872E+001,1.712081984924986E+002,
4.527859237536657E+009,-2.267134228086666E+001,1.526071359578117E+002,
4.531769305962854E+009,-2.261026618025412E+001,1.331028744592295E+002,
4.535679374389051E+009,-2.264111865535055E+001,1.137881384317729E+002,
4.539589442815249E+009,-2.271963399280763E+001,9.514738129674481E+001,
4.543499511241447E+009,-2.271296875039723E+001,7.570909362307646E+001,
4.547409579667645E+009,-2.292603831681534E+001,5.680317914330048E+001,
4.551319648093842E+009,-2.310323736356672E+001,3.903382041209103E+001,
4.555229716520039E+009,-2.316925122487277E+001,2.180103567982107E+001,
4.559139784946237E+009,-2.320281560087452E+001,3.318085726476145E+000,
4.563049853372434E+009,-2.328202115258453E+001,-1.514368046414000E+001,
4.566959921798632E+009,-2.341714088013720E+001,-3.288229315197558E+001,
4.570869990224829E+009,-2.334805463996604E+001,-5.027524425402416E+001,
4.574780058651027E+009,-2.325329478630378E+001,-6.816828061681355E+001,
4.578690127077224E+009,-2.320362742357830E+001,-8.773985458956000E+001,
4.582600195503422E+009,-2.340774888849547E+001,-1.062423767046886E+002,
4.586510263929619E+009,-2.350450623797795E+001,-1.234350773909236E+002,
4.590420332355816E+009,-2.361252732993432E+001,-1.406518204365095E+002,
4.594330400782014E+009,-2.360016161507314E+001,-1.582248660250352E+002,
4.598240469208211E+009,-2.355982666232274E+001,-1.757207733388824E+002,
4.602150537634409E+009,-2.346764883216940E+001,1.669182941790922E+002,
4.606060606060606E+009,-2.338660489144242E+001,1.496231503557326E+002,
4.609970674486803E+009,-2.326141553822967E+001,1.311217898613421E+002,
4.613880742913001E+009,-2.306892299818093E+001,1.129541494540674E+002,
4.617790811339198E+009,-2.293362986918883E+001,9.450599206832020E+001,
4.621700879765396E+009,-2.278064619518160E+001,7.571577607900454E+001,
4.625610948191593E+009,-2.274831546251046E+001,5.664101677253743E+001,
4.629521016617791E+009,-2.270608422952324E+001,3.823771623469637E+001,
4.633431085043988E+009,-2.247957844388361E+001,1.947889640406432E+001,
4.637341153470186E+009,-2.249580840906093E+001,3.466842858424014E-001,
4.641251221896383E+009,-2.244645811405142E+001,-1.889725486930336E+001,
4.645161290322580E+009,-2.232473822569493E+001,-3.863900363738570E+001,
4.649071358748778E+009,-2.223573191916806E+001,-5.850854844807578E+001,
4.652981427174975E+009,-2.226769858924964E+001,-7.833453660933648E+001,
4.656891495601173E+009,-2.243859644995476E+001,-9.861526154335039E+001,
4.660801564027371E+009,-2.254359592044956E+001,-1.173498415487353E+002,
4.664711632453568E+009,-2.250137226155687E+001,-1.360198600379883E+002,
4.668621700879766E+009,-2.252074535724399E+001,-1.555466562851420E+002,
4.672531769305963E+009,-2.253224603550465E+001,-1.753661538462049E+002,
4.676441837732161E+009,-2.249398547374786E+001,1.644897613538091E+002,
4.680351906158358E+009,-2.266277742415188E+001,1.452617782635592E+002,
4.684261974584556E+009,-2.261936735310560E+001,1.262609037960809E+002,
4.688172043010753E+009,-2.262044973766318E+001,1.055308978141778E+002,
4.692082111436951E+009,-2.284074563968634E+001,8.505540822478865E+001,
4.695992179863148E+009,-2.314157967731369E+001,6.507655825402503E+001,
4.699902248289345E+009,-2.320488938271322E+001,4.525055252451566E+001,
4.703812316715543E+009,-2.350053557525343E+001,2.397423244968175E+001,
4.707722385141740E+009,-2.386846428827479E+001,4.320366868905280E+000,
4.711632453567938E+009,-2.407744820166177E+001,-1.429334502327115E+001,
4.715542521994135E+009,-2.411840889998214E+001,-3.334250455990419E+001,
4.719452590420332E+009,-2.422423882353323E+001,-5.400404056845453E+001,
4.723362658846530E+009,-2.444092360817366E+001,-7.498759067151893E+001,
4.727272727272727E+009,-2.466642487503858E+001,-9.549440689038650E+001,
4.731182795698925E+009,-2.491626902563537E+001,-1.177121562263035E+002,
4.735092864125122E+009,-2.518097748337695E+001,-1.397896163943142E+002,
4.739002932551320E+009,-2.584184958486242E+001,-1.626494540331491E+002,
4.742913000977517E+009,-2.663134191219825E+001,1.770677145109536E+002,
4.746823069403714E+009,-2.728459822063381E+001,1.554787690397005E+002,
4.750733137829912E+009,-2.799809198059247E+001,1.347437031816239E+002,
4.754643206256109E+009,-2.870907578893492E+001,1.150365054521650E+002,
4.758553274682307E+009,-2.954129672264087E+001,9.566440273837419E+001,
4.762463343108504E+009,-3.003989030920357E+001,7.602594332632182E+001,
4.766373411534702E+009,-3.063657657332122E+001,5.530369304680690E+001,
4.770283479960899E+009,-3.115662301480385E+001,3.300051561198327E+001,
4.774193548387096E+009,-3.218810758943241E+001,1.187043045621502E+001,
4.778103616813294E+009,-3.303738500589972E+001,-1.028074716239246E+001,
4.782013685239492E+009,-3.415191777185407E+001,-3.223765690777679E+001,
4.785923753665690E+009,-3.530848943859952E+001,-5.375269286165413E+001,
4.789833822091887E+009,-3.630996646578466E+001,-7.634582509203321E+001,
4.793743890518084E+009,-3.793470007258460E+001,-1.003795502852997E+002,
4.797653958944282E+009,-3.939538124038937E+001,-1.210832842507179E+002,
4.801564027370479E+009,-4.032098335400046E+001,-1.459920360760298E+002,
4.805474095796677E+009,-4.192384381733893E+001,-1.747360003925000E+002,
4.809384164222874E+009,-4.327457547149234E+001,1.564181813727241E+002,
4.813294232649072E+009,-4.480685642875670E+001,1.275782680488939E+002,
4.817204301075269E+009,-4.465863758700037E+001,9.815146244213020E+001,
4.821114369501467E+009,-4.380187260628237E+001,6.196628894238323E+001,
4.825024437927664E+009,-4.364866223457349E+001,2.463288175069847E+001,
4.828934506353861E+009,-4.409081787842404E+001,-6.774060049407256E+000,
4.832844574780059E+009,-4.313907092014798E+001,-2.760940867331512E+001,
4.836754643206256E+009,-4.211560827374576E+001,-5.262127396449203E+001,
4.840664711632454E+009,-4.059887450526391E+001,-7.567713484265831E+001,
4.844574780058651E+009,-3.964104466490448E+001,-1.081709483320634E+002,
4.848484848484848E+009,-4.074678842653155E+001,-1.312347538696888E+002,
4.852394916911046E+009,-4.120657194501617E+001,-1.477119514444145E+002,
4.856304985337243E+009,-4.112415858004347E+001,-1.615632597016396E+002,
4.860215053763441E+009,-4.018058879831742E+001,-1.715334503314866E+002,
4.864125122189638E+009,-3.874220916937138E+001,1.655166102890418E+002,
4.868035190615836E+009,-3.853302392098624E+001,1.460122244263215E+002,
4.871945259042033E+009,-3.841073382532511E+001,1.276981329338066E+002,
4.875855327468231E+009,-3.810405235018267E+001,1.116541560752190E+002,
4.879765395894428E+009,-3.714513602118495E+001,9.603121359685557E+001,
4.883675464320625E+009,-3.615404750857901E+001,7.316642920187478E+001,
4.887585532746823E+009,-3.609653385716427E+001,5.011984501380940E+001,
4.891495601173020E+009,-3.635405756629044E+001,3.004771320522372E+001,
4.895405669599218E+009,-3.658282351361426E+001,1.106338171391187E+001,
4.899315738025415E+009,-3.708416746789487E+001,-7.947548821763903E+000,
4.903225806451613E+009,-3.723306509963687E+001,-2.167439342290481E+001,
4.907135874877811E+009,-3.714348966491468E+001,-4.014633726617850E+001,
4.911045943304008E+009,-3.778863395940631E+001,-5.908359426315906E+001,
4.914956011730206E+009,-3.843333306669989E+001,-7.369678978710168E+001,
4.918866080156403E+009,-3.876443751736115E+001,-8.582701698137939E+001,
4.922776148582601E+009,-3.857737982932198E+001,-9.646276603266914E+001,
4.926686217008798E+009,-3.874802494877088E+001,-1.120147513492891E+002,
4.930596285434996E+009,-3.878479261662159E+001,-1.219047422258202E+002,
4.934506353861193E+009,-3.805563984317570E+001,-1.326483450074817E+002,
4.938416422287390E+009,-3.698207379227202E+001,-1.486271962094968E+002,
4.942326490713588E+009,-3.665125755363307E+001,-1.677810075640442E+002,
4.946236559139785E+009,-3.687805236127328E+001,1.758561108363349E+002,
4.950146627565983E+009,-3.701280191300854E+001,1.616740211251112E+002,
4.954056695992180E+009,-3.695250047365514E+001,1.519801651060527E+002,
4.957966764418377E+009,-3.603022085407076E+001,1.390488406013450E+002,
4.961876832844575E+009,-3.548976724835229E+001,1.239866723682980E+002,
4.965786901270772E+009,-3.489834584495941E+001,1.112756459311035E+002,
4.969696969696970E+009,-3.392214127430614E+001,9.682747293384138E+001,
4.973607038123167E+009,-3.285092680413010E+001,8.041067714442009E+001,
4.977517106549365E+009,-3.193972878966358E+001,6.157821243789761E+001,
4.981427174975562E+009,-3.128373913932288E+001,4.233069334991247E+001,
4.985337243401759E+009,-3.075351170411881E+001,2.307023671130965E+001,
4.989247311827957E+009,-3.061776485924672E+001,2.373642907999235E+000,
4.993157380254154E+009,-3.027859637366217E+001,-1.454862884010178E+001,
4.997067448680352E+009,-2.999364009232519E+001,-3.227241315560062E+001,
5.000977517106549E+009,-2.995543984075327E+001,-5.106915614620379E+001,
5.004887585532747E+009,-2.964560931588330E+001,-6.607895969682072E+001,
5.008797653958944E+009,-2.934930086633250E+001,-8.194371134139678E+001,
5.012707722385141E+009,-2.885741578792495E+001,-1.001628959696269E+002,
5.016617790811339E+009,-2.851154000075617E+001,-1.166129358699040E+002,
5.020527859237536E+009,-2.789562346012003E+001,-1.348391724128651E+002,
5.024437927663734E+009,-2.745079044096663E+001,-1.543579453465390E+002,
5.028347996089932E+009,-2.703946230955572E+001,-1.743153205685711E+002,
5.032258064516129E+009,-2.699266159480480E+001,1.655549814591979E+002,
5.036168132942327E+009,-2.696170150097522E+001,1.461136601128540E+002,
5.040078201368524E+009,-2.713887230071753E+001,1.287601246888496E+002,
5.043988269794722E+009,-2.729546742521576E+001,1.128793626661233E+002,
5.047898338220919E+009,-2.715482597482746E+001,9.763076801203293E+001,
5.051808406647117E+009,-2.670484395217656E+001,8.205877657386843E+001,
5.055718475073314E+009,-2.612720535799822E+001,6.465038233288077E+001,
5.059628543499512E+009,-2.566605868258532E+001,4.701404957342781E+001,
5.063538611925709E+009,-2.522513137084034E+001,2.874896931318300E+001,
5.067448680351906E+009,-2.476298560752741E+001,9.718249131987891E+000,
5.071358748778104E+009,-2.439946283697157E+001,-1.117341236937081E+001,
5.075268817204301E+009,-2.436934199764166E+001,-3.125907121382830E+001,
5.079178885630499E+009,-2.461325715813567E+001,-5.042359217652846E+001,
5.083088954056696E+009,-2.481739793424617E+001,-6.939515051156424E+001,
5.086999022482893E+009,-2.500857812641178E+001,-8.525242746242964E+001,
5.090909090909091E+009,-2.487419148603698E+001,-1.010394779957926E+002,
5.094819159335288E+009,-2.450705626276008E+001,-1.171038785922628E+002,
5.098729227761486E+009,-2.418227239533092E+001,-1.347014743595362E+002,
5.102639296187683E+009,-2.385653609645989E+001,-1.525213864830701E+002,
5.106549364613881E+009,-2.349503085958017E+001,-1.707154897980655E+002,
5.110459433040078E+009,-2.323007107299242E+001,1.704903317596291E+002,
5.114369501466276E+009,-2.297142651730980E+001,1.506502469108463E+002,
5.118279569892473E+009,-2.288167604756276E+001,1.306496343119067E+002,
5.122189638318670E+009,-2.301954984862171E+001,1.115483672708937E+002,
5.126099706744868E+009,-2.309033213245911E+001,9.326129473384467E+001,
5.130009775171065E+009,-2.327744594503972E+001,7.515885906088583E+001,
5.133919843597263E+009,-2.330603917827125E+001,5.794546318787295E+001,
5.137829912023460E+009,-2.331896642747166E+001,4.088251474599679E+001,
5.141739980449657E+009,-2.306286293366755E+001,2.336038072525712E+001,
5.145650048875855E+009,-2.297288787983223E+001,4.634659728925843E+000,
5.149560117302053E+009,-2.295402850561516E+001,-1.254068840553888E+001,
5.153470185728251E+009,-2.281284389184641E+001,-2.982733262217197E+001,
5.157380254154448E+009,-2.267625400294460E+001,-4.783433187947301E+001,
5.161290322580645E+009,-2.255209655408056E+001,-6.563866066381242E+001,
5.165200391006843E+009,-2.242666133023508E+001,-8.460562231455600E+001,
5.169110459433041E+009,-2.248582323112053E+001,-1.033291385309943E+002,
5.173020527859238E+009,-2.257136712082776E+001,-1.210353158731566E+002,
5.176930596285435E+009,-2.257216824505927E+001,-1.384726852646835E+002,
5.180840664711633E+009,-2.258069792593248E+001,-1.560119254111145E+002,
5.184750733137830E+009,-2.246732776884623E+001,-1.733052507114929E+002,
5.188660801564028E+009,-2.229947173997196E+001,1.688328697145687E+002,
5.192570869990225E+009,-2.221664510300508E+001,1.512902451030231E+002,
5.196480938416422E+009,-2.202919519437038E+001,1.328353556928693E+002,
5.200391006842620E+009,-2.204424133975716E+001,1.137758640488442E+002,
5.204301075268817E+009,-2.201832479408665E+001,9.575779035844809E+001,
5.208211143695015E+009,-2.211564188040926E+001,7.644684831960819E+001,
5.212121212121212E+009,-2.223629923405929E+001,5.945378998427603E+001,
5.216031280547409E+009,-2.219525408991670E+001,4.195704765630870E+001,
5.219941348973607E+009,-2.215858479616705E+001,2.414162004192679E+001,
5.223851417399805E+009,-2.226748966503750E+001,6.400743752725695E+000,
5.227761485826002E+009,-2.231970047668991E+001,-1.041938129544810E+001,
5.231671554252199E+009,-2.217190300848281E+001,-2.720826373047440E+001,
5.235581622678397E+009,-2.197270615045269E+001,-4.522547987276140E+001,
5.239491691104594E+009,-2.186792946305985E+001,-6.309284959635168E+001,
5.243401759530792E+009,-2.173836209542968E+001,-8.131794604736008E+001,
5.247311827956989E+009,-2.166240795418131E+001,-1.001342575443920E+002,
5.251221896383186E+009,-2.156920475645880E+001,-1.194382252720369E+002,
5.255131964809384E+009,-2.162818554137705E+001,-1.386594856345270E+002,
5.259042033235581E+009,-2.182291406226288E+001,-1.573049555693212E+002,
5.262952101661779E+009,-2.205152492270097E+001,-1.752194045981937E+002,
5.266862170087977E+009,-2.210398354044406E+001,1.669011523135304E+002,
5.270772238514174E+009,-2.234888042795831E+001,1.490412914642640E+002,
5.274682306940372E+009,-2.251977598465524E+001,1.328942879265213E+002,
5.278592375366570E+009,-2.240390103714715E+001,1.174825990912121E+002,
5.282502443792767E+009,-2.213183380693731E+001,9.923494118413106E+001,
5.286412512218964E+009,-2.196974250810871E+001,8.120764899796406E+001,
5.290322580645162E+009,-2.179521876606634E+001,6.302682873804189E+001,
5.294232649071359E+009,-2.169533202257053E+001,4.403458555854230E+001,
5.298142717497557E+009,-2.166214135716936E+001,2.515361877241865E+001,
5.302052785923754E+009,-2.161021355237171E+001,5.398142441074991E+000,
5.305962854349951E+009,-2.177770874695112E+001,-1.396255304467783E+001,
5.309872922776149E+009,-2.215034858591197E+001,-3.278145828249429E+001,
5.313782991202346E+009,-2.235837853962500E+001,-4.947434931426854E+001,
5.317693059628544E+009,-2.245203409854792E+001,-6.657666348726343E+001,
5.321603128054741E+009,-2.231050573751924E+001,-8.339160528012174E+001,
5.325513196480938E+009,-2.223790977227513E+001,-1.017719136297888E+002,
5.329423264907136E+009,-2.227132761831209E+001,-1.204265338831930E+002,
5.333333333333333E+009,-2.236131219647088E+001,-1.393027299912980E+002,
5.337243401759531E+009,-2.247691343603001E+001,-1.575121207484013E+002,
5.341153470185728E+009,-2.259302716725361E+001,-1.751419612888163E+002,
5.345063538611926E+009,-2.265113614636568E+001,1.663498281483460E+002,
5.348973607038123E+009,-2.297639421745256E+001,1.481294236708471E+002,
5.352883675464321E+009,-2.312014939114986E+001,1.312508855522709E+002,
5.356793743890518E+009,-2.315209769096392E+001,1.132761104302337E+002,
5.360703812316715E+009,-2.331815405737135E+001,9.541136272918965E+001,
5.364613880742913E+009,-2.336615551391947E+001,7.758382086527433E+001,
5.368523949169110E+009,-2.345336988383567E+001,6.102553371950544E+001,
5.372434017595308E+009,-2.328104555431873E+001,4.359042678742704E+001,
5.376344086021505E+009,-2.325874117689547E+001,2.420849693418818E+001,
5.380254154447702E+009,-2.348985785160577E+001,5.974706811454705E+000,
5.384164222873900E+009,-2.353454899368311E+001,-1.198663207089494E+001,
5.388074291300098E+009,-2.361847609502603E+001,-3.124330823709188E+001,
5.391984359726296E+009,-2.398117219260988E+001,-4.825867146532459E+001,
5.395894428152493E+009,-2.394261107040313E+001,-6.476870917423324E+001,
5.399804496578690E+009,-2.382155768054535E+001,-8.183188212081362E+001,
5.403714565004888E+009,-2.387828150384775E+001,-1.006515689245875E+002,
5.407624633431086E+009,-2.382110114650852E+001,-1.186685964030395E+002,
5.411534701857283E+009,-2.385299131801613E+001,-1.361449733593924E+002,
5.415444770283480E+009,-2.380410728073592E+001,-1.543948332602546E+002,
5.419354838709678E+009,-2.366611090465916E+001,-1.729714437513854E+002,
5.423264907135875E+009,-2.355496029616725E+001,1.688101680148066E+002,
5.427174975562073E+009,-2.334843091938054E+001,1.477658506556422E+002,
5.431085043988270E+009,-2.345050915435639E+001,1.266205785407197E+002,
5.434995112414467E+009,-2.388729425775706E+001,1.072430040929140E+002,
5.438905180840665E+009,-2.410941966835727E+001,8.932511049811481E+001,
5.442815249266862E+009,-2.420502335463208E+001,7.075178212859915E+001,
5.446725317693060E+009,-2.427431135996459E+001,5.164673051643426E+001,
5.450635386119257E+009,-2.424484159104636E+001,3.244610114363535E+001,
5.454545454545454E+009,-2.431655985477904E+001,1.281382547169028E+001,
5.458455522971652E+009,-2.443159734297192E+001,-6.957813182802449E+000,
5.462365591397850E+009,-2.448667052466633E+001,-2.695927646472206E+001,
5.466275659824047E+009,-2.462871441454210E+001,-4.696304881639029E+001,
5.470185728250244E+009,-2.492100258592817E+001,-6.750203659442617E+001,
5.474095796676442E+009,-2.520211369935323E+001,-8.903062303079457E+001,
5.478005865102639E+009,-2.561411989462367E+001,-1.094779650877782E+002,
5.481915933528837E+009,-2.595981625622667E+001,-1.288515011646291E+002,
5.485826001955034E+009,-2.622241317923313E+001,-1.487604148582940E+002,
5.489736070381231E+009,-2.644967201516787E+001,-1.689372346178423E+002,
5.493646138807429E+009,-2.670238261690012E+001,1.697957126459545E+002,
5.497556207233626E+009,-2.712873151528396E+001,1.476297097475266E+002,
5.501466275659824E+009,-2.795759802392294E+001,1.265766324633776E+002,
5.505376344086021E+009,-2.859526937575618E+001,1.072066222850101E+002,
5.509286412512219E+009,-2.899835132832300E+001,8.748218538058984E+001,
5.513196480938417E+009,-2.923512675322005E+001,6.684928878632759E+001,
5.517106549364615E+009,-2.985784280911387E+001,4.430503437777318E+001,
5.521016617790812E+009,-3.024517150622323E+001,2.238403810345038E+001,
5.524926686217009E+009,-3.096700036545024E+001,1.580294122593927E+000,
5.528836754643207E+009,-3.136045015364240E+001,-1.861569049706311E+001,
5.532746823069404E+009,-3.218611371987574E+001,-4.315329793225308E+001,
5.536656891495602E+009,-3.270548425738474E+001,-6.200492744723626E+001,
5.540566959921799E+009,-3.325662263294697E+001,-8.434150401183362E+001,
5.544477028347996E+009,-3.361224155928389E+001,-1.090452561512022E+002,
5.548387096774194E+009,-3.408293564997226E+001,-1.338680131772642E+002,
5.552297165200391E+009,-3.488631102186939E+001,-1.595101016095450E+002,
5.556207233626589E+009,-3.561852790945077E+001,1.773651057253976E+002,
5.560117302052786E+009,-3.589587989343456E+001,1.520523738141952E+002,
5.564027370478983E+009,-3.644130027570543E+001,1.247833161656629E+002,
5.567937438905181E+009,-3.730605346934604E+001,9.955104681750203E+001,
5.571847507331378E+009,-3.772999861764908E+001,7.604571540800305E+001,
5.575757575757576E+009,-3.788827038616909E+001,5.350574784867427E+001,
5.579667644183773E+009,-3.765275430164536E+001,2.915846525201770E+001,
5.583577712609971E+009,-3.716657487067549E+001,3.971638972083791E+000,
5.587487781036168E+009,-3.703397471340519E+001,-2.384383279196539E+001,
5.591397849462366E+009,-3.720400515035708E+001,-5.043408259886226E+001,
5.595307917888563E+009,-3.762904037683043E+001,-7.545996205916907E+001,
5.599217986314760E+009,-3.824441227731119E+001,-9.726347769956092E+001,
5.603128054740958E+009,-3.877994797589875E+001,-1.148037742863374E+002,
5.607038123167155E+009,-3.846689185219583E+001,-1.310592450367866E+002,
5.610948191593353E+009,-3.823657853287933E+001,-1.491935839470478E+002,
5.614858260019550E+009,-3.758676133366376E+001,-1.655750630421130E+002,
5.618768328445747E+009,-3.689318788072829E+001,1.752376296609448E+002,
5.622678396871945E+009,-3.645434769399500E+001,1.535435692775502E+002,
5.626588465298142E+009,-3.617776788032573E+001,1.357845515679556E+002,
5.630498533724340E+009,-3.574792677169582E+001,1.133152753883448E+002,
5.634408602150538E+009,-3.617255420118653E+001,9.466646548682424E+001,
5.638318670576735E+009,-3.604911406896821E+001,8.011205978117634E+001,
5.642228739002933E+009,-3.546222482997381E+001,6.430673562925685E+001,
5.646138807429131E+009,-3.483497483321925E+001,4.612889471472954E+001,
5.650048875855328E+009,-3.436178985623916E+001,2.550302049009270E+001,
5.653958944281525E+009,-3.440920151323583E+001,7.612071797041211E+000,
5.657869012707723E+009,-3.435593362645449E+001,-9.059028308685106E+000,
5.661779081133920E+009,-3.380182095835561E+001,-2.183713334767296E+001,
5.665689149560118E+009,-3.260334656243225E+001,-3.825966454784542E+001,
5.669599217986315E+009,-3.159352836060048E+001,-6.028512728114966E+001,
5.673509286412512E+009,-3.091245701551130E+001,-8.230810034251165E+001,
5.677419354838710E+009,-3.067885421094960E+001,-1.069126767816337E+002,
5.681329423264907E+009,-3.096702213857813E+001,-1.293243174226975E+002,
5.685239491691105E+009,-3.134522215733919E+001,-1.503494993375152E+002,
5.689149560117302E+009,-3.212259367658132E+001,-1.682987971889186E+002,
5.693059628543499E+009,-3.230589152682232E+001,1.776511259546579E+002,
5.696969696969697E+009,-3.224763484085732E+001,1.631077934230367E+002,
5.700879765395895E+009,-3.183039436761305E+001,1.475035913968361E+002,
5.704789833822092E+009,-3.167020739927237E+001,1.310321380983205E+002,
5.708699902248289E+009,-3.100276582947254E+001,1.158252229919056E+002,
5.712609970674487E+009,-3.011116524739499E+001,9.759532657146848E+001,
5.716520039100684E+009,-2.947098468321923E+001,7.682175236745282E+001,
5.720430107526882E+009,-2.909445880837033E+001,5.456156542691314E+001,
5.724340175953079E+009,-2.906094729885872E+001,3.240533634217607E+001,
5.728250244379276E+009,-2.953228199835367E+001,9.365302052463653E+000,
5.732160312805474E+009,-3.046349729681932E+001,-7.607282891062906E+000,
5.736070381231671E+009,-3.054420132300711E+001,-2.212958852242653E+001,
5.739980449657869E+009,-3.053793089991179E+001,-3.719602317005760E+001,
5.743890518084066E+009,-2.998354930129936E+001,-5.392818933858291E+001,
5.747800586510263E+009,-2.966564444360321E+001,-7.191164361981846E+001,
5.751710654936461E+009,-2.965999959046915E+001,-9.132300535856751E+001,
5.755620723362660E+009,-2.930140115584360E+001,-1.089582555716199E+002,
5.759530791788857E+009,-2.904424453876073E+001,-1.282933744403821E+002,
5.763440860215054E+009,-2.903126792518238E+001,-1.488176832357463E+002,
5.767350928641252E+009,-2.907546301939345E+001,-1.691828200799150E+002,
5.771260997067449E+009,-2.918319830638528E+001,1.728393348431575E+002,
5.775171065493647E+009,-2.957220730283035E+001,1.542835748167320E+002,
5.779081133919844E+009,-2.927684529098361E+001,1.383038121037695E+002,
5.782991202346041E+009,-2.979303740716004E+001,1.187553805056892E+002,
5.786901270772239E+009,-3.002056777790821E+001,1.022763170334310E+002,
5.790811339198436E+009,-2.989508809987890E+001,8.688832073302629E+001,
5.794721407624634E+009,-2.955689567760496E+001,6.785302918611062E+001,
5.798631476050831E+009,-2.966673520225192E+001,4.789306629357216E+001,
5.802541544477028E+009,-3.000524090457939E+001,2.942088322852273E+001,
5.806451612903226E+009,-3.008398302312028E+001,1.118047624646779E+001,
5.810361681329423E+009,-3.046043833883614E+001,-5.709390469480818E+000,
5.814271749755621E+009,-3.071367498637060E+001,-2.211201273477972E+001,
5.818181818181818E+009,-3.075674931316403E+001,-3.832462937607318E+001,
5.822091886608016E+009,-3.089438934069162E+001,-5.588005382988898E+001,
5.826001955034213E+009,-3.090313328516784E+001,-7.071227003815014E+001,
5.829912023460411E+009,-3.088157424166455E+001,-8.719658954440637E+001,
5.833822091886608E+009,-3.092570115238428E+001,-1.006828945690860E+002,
5.837732160312805E+009,-3.064545686935664E+001,-1.184227239612039E+002,
5.841642228739003E+009,-3.040120482915365E+001,-1.358768495248376E+002,
5.845552297165200E+009,-3.044049806740325E+001,-1.530172230164267E+002,
5.849462365591398E+009,-3.025350236822959E+001,-1.702738478947700E+002,
5.853372434017595E+009,-3.018643358541594E+001,1.702236482337628E+002,
5.857282502443792E+009,-3.003172210690361E+001,1.526959574022781E+002,
5.861192570869990E+009,-3.021808727503574E+001,1.348298051457344E+002,
5.865102639296187E+009,-3.033665651665257E+001,1.172518910404917E+002,
5.869012707722385E+009,-3.070112621191506E+001,1.013093796959542E+002,
5.872922776148583E+009,-3.050527833302164E+001,8.641951610170636E+001,
5.876832844574780E+009,-3.020703760000831E+001,6.840149493670620E+001,
5.880742913000978E+009,-3.037053265660508E+001,5.047004210415260E+001,
5.884652981427176E+009,-3.030908936416988E+001,3.584949142986972E+001,
5.888563049853373E+009,-3.008213999484608E+001,1.845370104595555E+001,
5.892473118279570E+009,-3.019556183521380E+001,1.996162881057971E+000,
5.896383186705768E+009,-3.020034976310825E+001,-1.663185991587356E+001,
5.900293255131965E+009,-3.018902262703760E+001,-3.301334303503334E+001,
5.904203323558163E+009,-3.015193232795712E+001,-4.950544735733945E+001,
5.908113391984360E+009,-2.983832798586555E+001,-6.556011531103505E+001,
5.912023460410557E+009,-2.951151562414418E+001,-8.365681243209561E+001,
5.915933528836755E+009,-2.943807929834158E+001,-1.016781261301170E+002,
5.919843597262952E+009,-2.959112604149827E+001,-1.195796011520897E+002,
5.923753665689150E+009,-2.969502649028953E+001,-1.376492334072564E+002,
5.927663734115347E+009,-2.989588973660767E+001,-1.527624447111378E+002,
5.931573802541544E+009,-2.964077058477001E+001,-1.680519118783043E+002,
5.935483870967742E+009,-2.940131172161458E+001,1.769670642772660E+002,
5.939393939393940E+009,-2.944763775817769E+001,1.597567655161776E+002,
5.943304007820137E+009,-2.891315633738646E+001,1.443810914064185E+002,
5.947214076246334E+009,-2.852054810167089E+001,1.267764562300031E+002,
5.951124144672532E+009,-2.798501140487073E+001,1.085744341231167E+002,
5.955034213098729E+009,-2.770146290808949E+001,8.886586192232791E+001,
5.958944281524927E+009,-2.791904747105251E+001,7.055373765330455E+001,
5.962854349951124E+009,-2.785768487995757E+001,5.362991466700107E+001,
5.966764418377321E+009,-2.769270054933522E+001,3.704872621739630E+001,
5.970674486803519E+009,-2.723256067797929E+001,2.067895414706479E+001,
5.974584555229716E+009,-2.689982143304104E+001,3.413593445381009E+000,
5.978494623655914E+009,-2.658850893257623E+001,-1.472829047172208E+001,
5.982404692082111E+009,-2.617085007454689E+001,-3.374658285866709E+001,
5.986314760508308E+009,-2.581218196124622E+001,-5.336100485789316E+001,
5.990224828934506E+009,-2.550821028477983E+001,-7.338601875646585E+001,
5.994134897360704E+009,-2.552560907110956E+001,-9.387138145179650E+001,
5.998044965786902E+009,-2.561556130231489E+001,-1.138146329330974E+002,
6.001955034213099E+009,-2.566765598226600E+001,-1.326047209464823E+002,
6.005865102639297E+009,-2.559167714026404E+001,-1.514416311621081E+002,
6.009775171065494E+009,-2.576827947111302E+001,-1.700305251707946E+002,
6.013685239491692E+009,-2.585411566710628E+001,1.730653808198397E+002,
6.017595307917889E+009,-2.588425068109893E+001,1.549478225006457E+002,
6.021505376344086E+009,-2.584533855793255E+001,1.383981086614762E+002,
6.025415444770284E+009,-2.553498674163249E+001,1.206088622425719E+002,
6.029325513196481E+009,-2.522972123423853E+001,1.009980594664707E+002,
6.033235581622679E+009,-2.527059197900098E+001,8.067342203686320E+001,
6.037145650048876E+009,-2.540368303386473E+001,6.250883922842971E+001,
6.041055718475073E+009,-2.539786311461962E+001,4.450848898172244E+001,
6.044965786901271E+009,-2.551814307677638E+001,2.626484057840246E+001,
6.048875855327468E+009,-2.545150426645246E+001,8.729174813886456E+000,
6.052785923753666E+009,-2.532932655374746E+001,-1.047195522207632E+001,
6.056695992179863E+009,-2.541176540849819E+001,-2.900441885870239E+001,
6.060606060606061E+009,-2.543672018512218E+001,-4.595465788135520E+001,
6.064516129032258E+009,-2.530701830537166E+001,-6.337995469681628E+001,
6.068426197458456E+009,-2.499094838311687E+001,-8.180417798940482E+001,
6.072336265884653E+009,-2.481504673333707E+001,-1.016591030690487E+002,
6.076246334310850E+009,-2.489376713648747E+001,-1.211634492202509E+002,
6.080156402737048E+009,-2.491116108477769E+001,-1.404922690425348E+002,
6.084066471163245E+009,-2.489390837834175E+001,-1.592522221918752E+002,
6.087976539589443E+009,-2.493147151814944E+001,-1.774085291557314E+002,
6.091886608015640E+009,-2.487596181189662E+001,1.636769852746236E+002,
6.095796676441837E+009,-2.490167137987477E+001,1.449877838435846E+002,
6.099706744868035E+009,-2.481747218862865E+001,1.259292270004648E+002,
6.103616813294232E+009,-2.488451937790821E+001,1.064545959345782E+002,
6.107526881720430E+009,-2.470845108020189E+001,8.689729782380819E+001,
6.111436950146627E+009,-2.466263101692281E+001,6.652432862787295E+001,
6.115347018572825E+009,-2.486785078402128E+001,4.587220700915484E+001,
6.119257086999023E+009,-2.522927611217592E+001,2.547539090227769E+001,
6.123167155425221E+009,-2.580091405694725E+001,6.841623823886014E+000,
6.127077223851418E+009,-2.615608788766501E+001,-9.368049105063609E+000,
6.130987292277615E+009,-2.615290302929870E+001,-2.564757713979746E+001,
6.134897360703813E+009,-2.590275383744326E+001,-4.263295874755718E+001,
6.138807429130010E+009,-2.589147236042833E+001,-6.319177656000245E+001,
6.142717497556208E+009,-2.620032149960672E+001,-8.283349823664288E+001,
6.146627565982405E+009,-2.619936721009427E+001,-1.000227831180476E+002,
6.150537634408602E+009,-2.604303643638509E+001,-1.191472436244387E+002,
6.154447702834800E+009,-2.601878684567179E+001,-1.386796651936843E+002,
6.158357771260998E+009,-2.600421947809180E+001,-1.591570513640322E+002,
6.162267839687195E+009,-2.617851152133922E+001,1.797015126809508E+002,
6.166177908113392E+009,-2.663399172846292E+001,1.601467532389592E+002,
6.170087976539589E+009,-2.698813956060336E+001,1.412397197477256E+002,
6.173998044965787E+009,-2.748642177494770E+001,1.228949742207357E+002,
6.177908113391985E+009,-2.784783142549016E+001,1.067537416705326E+002,
6.181818181818182E+009,-2.776636522236970E+001,8.908648935813210E+001,
6.185728250244379E+009,-2.811450119613966E+001,7.142811305853815E+001,
6.189638318670576E+009,-2.819194884996946E+001,5.501939844768051E+001,
6.193548387096774E+009,-2.794563495377989E+001,3.830549970155490E+001,
6.197458455522972E+009,-2.756768395953185E+001,1.823006495306796E+001,
6.201368523949169E+009,-2.767790650636339E+001,-3.596300096288189E+000,
6.205278592375366E+009,-2.811061943528094E+001,-2.370502786531597E+001,
6.209188660801564E+009,-2.834276682164879E+001,-4.150729973627816E+001,
6.213098729227762E+009,-2.847438176479930E+001,-5.958163281352225E+001,
6.217008797653959E+009,-2.851110074087810E+001,-7.860552627543780E+001,
6.220918866080156E+009,-2.861766089974483E+001,-9.808810174214992E+001,
6.224828934506353E+009,-2.861318979138005E+001,-1.176455802744223E+002,
6.228739002932551E+009,-2.894320159017272E+001,-1.375028222193255E+002,
6.232649071358749E+009,-2.912003924329063E+001,-1.553920211551292E+002,
6.236559139784946E+009,-2.913590477244730E+001,-1.735150855471577E+002,
6.240469208211144E+009,-2.899495639203590E+001,1.656725020303504E+002,
6.244379276637341E+009,-2.942817822679820E+001,1.445332275823207E+002,
6.248289345063539E+009,-2.968261131556155E+001,1.253495463075936E+002,
6.252199413489737E+009,-2.960462269189751E+001,1.073393479367887E+002,
6.256109481915934E+009,-2.952939314145910E+001,8.796008832070132E+001,
6.260019550342131E+009,-2.961318802267599E+001,6.521284482768705E+001,
6.263929618768329E+009,-2.956866117280092E+001,4.562968378060548E+001,
6.267839687194526E+009,-2.966990956336079E+001,2.046076029641889E+001,
6.271749755620724E+009,-3.041995297618738E+001,-2.147080568842640E+000,
6.275659824046921E+009,-3.109950002192461E+001,-2.136686698688121E+001,
6.279569892473118E+009,-3.132073714167538E+001,-4.168916952114969E+001,
6.283479960899316E+009,-3.188219940121058E+001,-6.364752485149935E+001,
6.287390029325514E+009,-3.272248340300332E+001,-8.335959208115978E+001,
6.291300097751711E+009,-3.320728993576353E+001,-1.018344589433876E+002,
6.295210166177908E+009,-3.364978832013738E+001,-1.203081849225955E+002,
6.299120234604105E+009,-3.364550513291172E+001,-1.371113490901271E+002,
6.303030303030303E+009,-3.353929261115199E+001,-1.582788329467046E+002,
6.306940371456501E+009,-3.356765552433092E+001,1.788215250630483E+002,
6.310850439882698E+009,-3.386131344594677E+001,1.548820295994441E+002,
6.314760508308895E+009,-3.448347563207344E+001,1.307892824944973E+002,
6.318670576735093E+009,-3.533509813778514E+001,1.091221033842444E+002,
6.322580645161290E+009,-3.619898465427546E+001,8.855919313880004E+001,
6.326490713587488E+009,-3.669043436561793E+001,6.896384002904411E+001,
6.330400782013685E+009,-3.734484092291771E+001,4.507141640391983E+001,
6.334310850439882E+009,-3.857028097844055E+001,2.427049579463312E+001,
6.338220918866080E+009,-4.031897433711986E+001,7.585976704280594E+000,
6.342130987292278E+009,-4.059399231411603E+001,8.153384906238566E-001,
6.346041055718475E+009,-3.964893716675157E+001,-1.568574627985971E+001,
6.349951124144672E+009,-3.891884141193867E+001,-3.630592172247025E+001,
6.353861192570869E+009,-3.861450386094096E+001,-6.140633484897871E+001,
6.357771260997068E+009,-3.874197468834340E+001,-8.579470784546608E+001,
6.361681329423266E+009,-3.899444370077435E+001,-1.103612944943432E+002,
6.365591397849463E+009,-3.979273136614219E+001,-1.346662451067008E+002,
6.369501466275660E+009,-4.084979391133793E+001,-1.535489797305448E+002,
6.373411534701857E+009,-4.135633396870841E+001,-1.726076258494218E+002,
6.377321603128055E+009,-4.214107968238287E+001,1.705573020967941E+002,
6.381231671554253E+009,-4.226213593503684E+001,1.496562284013431E+002,
6.385141739980450E+009,-4.373984894433683E+001,1.378856139938291E+002,
6.389051808406647E+009,-4.318183620491668E+001,1.284987897380108E+002,
6.392961876832845E+009,-4.235763380900765E+001,1.167723464632987E+002,
6.396871945259043E+009,-4.074789798380994E+001,9.916930221913748E+001,
6.400782013685240E+009,-3.963905549628548E+001,7.739591707664630E+001,
6.404692082111437E+009,-3.868568879183854E+001,5.474394076245363E+001,
6.408602150537634E+009,-3.859170122408895E+001,3.083351194577743E+001,
6.412512218963832E+009,-3.848466626899845E+001,1.044266490257778E+001,
6.416422287390030E+009,-3.833128092908875E+001,-8.009174529318226E+000,
6.420332355816227E+009,-3.748452032602643E+001,-2.793147519312190E+001,
6.424242424242424E+009,-3.706466664750379E+001,-4.939617784064794E+001,
6.428152492668621E+009,-3.686149331798728E+001,-7.216770960463656E+001,
6.432062561094819E+009,-3.669787866112494E+001,-9.340176018006287E+001,
6.435972629521017E+009,-3.697193122042401E+001,-1.147574578025193E+002,
6.439882697947214E+009,-3.695396936200807E+001,-1.313826703397280E+002,
6.443792766373411E+009,-3.664654974080394E+001,-1.483219859185281E+002,
6.447702834799609E+009,-3.601725435434697E+001,-1.664382318976080E+002,
6.451612903225807E+009,-3.541587037117262E+001,1.740673420702825E+002,
6.455522971652004E+009,-3.465036095146385E+001,1.521632744806037E+002,
6.459433040078201E+009,-3.433952104023046E+001,1.274228124747838E+002,
6.463343108504398E+009,-3.466431962396813E+001,1.044691981817367E+002,
6.467253176930596E+009,-3.517871833502661E+001,8.462476298024387E+001,
6.471163245356794E+009,-3.501667101973163E+001,6.869039172721517E+001,
6.475073313782991E+009,-3.469839415004626E+001,4.830899639118469E+001,
6.478983382209189E+009,-3.473563313903310E+001,2.777565507540726E+001,
6.482893450635386E+009,-3.501532676725253E+001,6.785088545015416E+000,
6.486803519061584E+009,-3.577316445878274E+001,-1.148686577296963E+001,
6.490713587487782E+009,-3.596326082996747E+001,-2.248344748512655E+001,
6.494623655913979E+009,-3.514441375002419E+001,-3.757573425647345E+001,
6.498533724340176E+009,-3.436812235193073E+001,-5.618244308128883E+001,
6.502443792766374E+009,-3.379465801824719E+001,-7.813013023198052E+001,
6.506353861192571E+009,-3.391388509216291E+001,-9.976861530365241E+001,
6.510263929618769E+009,-3.425609292602708E+001,-1.202299652290843E+002,
6.514173998044966E+009,-3.438224897062946E+001,-1.345947098981344E+002,
6.518084066471163E+009,-3.390745179809230E+001,-1.522306931201178E+002,
6.521994134897361E+009,-3.353857532879778E+001,-1.731396739599702E+002,
6.525904203323559E+009,-3.383488512071968E+001,1.658762652487973E+002,
6.529814271749756E+009,-3.436224259608024E+001,1.479322972615082E+002,
6.533724340175953E+009,-3.444946783249898E+001,1.353945996055089E+002,
6.537634408602150E+009,-3.361222057662135E+001,1.186313317486707E+002,
6.541544477028348E+009,-3.319352863292991E+001,9.768740137026173E+001,
6.545454545454546E+009,-3.304761751786761E+001,7.632444608418703E+001,
6.549364613880743E+009,-3.345642070413139E+001,5.530487307524400E+001,
6.553274682306940E+009,-3.383159244847924E+001,3.817429873816937E+001,
6.557184750733138E+009,-3.388953449178079E+001,2.201800578642485E+001,
6.561094819159335E+009,-3.381882172018879E+001,5.672180165108957E+000,
6.565004887585533E+009,-3.353777803910521E+001,-1.352377642186304E+001,
6.568914956011730E+009,-3.381048835341451E+001,-3.306131612129005E+001,
6.572825024437927E+009,-3.402759908076896E+001,-5.017766587133200E+001,
6.576735092864125E+009,-3.406265325317540E+001,-6.689999038207289E+001,
6.580645161290323E+009,-3.391984340603032E+001,-8.362894389604432E+001,
6.584555229716520E+009,-3.402120213097732E+001,-1.029924740779332E+002,
6.588465298142717E+009,-3.419553772977505E+001,-1.190610350935130E+002,
6.592375366568914E+009,-3.415711458942781E+001,-1.370442485464694E+002,
6.596285434995112E+009,-3.441613882556720E+001,-1.550127846083288E+002,
6.600195503421310E+009,-3.472683298374415E+001,-1.715008016077462E+002,
6.604105571847508E+009,-3.489365247659481E+001,1.742543860485529E+002,
6.608015640273705E+009,-3.485878518995990E+001,1.590371168991051E+002,
6.611925708699902E+009,-3.503784845381113E+001,1.451579301964525E+002,
6.615835777126100E+009,-3.462465050381203E+001,1.338230137248307E+002,
6.619745845552298E+009,-3.357213407017699E+001,1.199153643004257E+002,
6.623655913978495E+009,-3.244207478232272E+001,9.999809973544676E+001,
6.627565982404692E+009,-3.189797908411839E+001,7.864564222305721E+001,
6.631476050830890E+009,-3.170790502063454E+001,5.745585771897162E+001,
6.635386119257088E+009,-3.147560791244237E+001,3.691680093629728E+001,
6.639296187683285E+009,-3.151213571056121E+001,1.551955490979036E+001,
6.643206256109482E+009,-3.191349543630857E+001,-5.680664900201372E+000,
6.647116324535679E+009,-3.254419579156591E+001,-2.257120203419505E+001,
6.651026392961877E+009,-3.262382531371402E+001,-3.961675566914067E+001,
6.654936461388075E+009,-3.314622123357936E+001,-5.612015242573754E+001,
6.658846529814272E+009,-3.328189917953458E+001,-6.844423667838352E+001,
6.662756598240469E+009,-3.275699135916604E+001,-8.137152943406412E+001,
6.666666666666666E+009,-3.183180455100887E+001,-9.788740057544581E+001,
6.670576735092864E+009,-3.105612841410581E+001,-1.184859089226441E+002,
6.674486803519062E+009,-3.081695887611200E+001,-1.402666283998410E+002,
6.678396871945259E+009,-3.079408402316549E+001,-1.613678077723577E+002,
6.682306940371456E+009,-3.084997974600506E+001,1.782668264466404E+002,
6.686217008797654E+009,-3.101631142808090E+001,1.566823042457998E+002,
6.690127077223852E+009,-3.180631802624158E+001,1.370870538851173E+002,
6.694037145650049E+009,-3.235124158013439E+001,1.210550236600892E+002,
6.697947214076246E+009,-3.264276607232360E+001,1.064633922093328E+002,
6.701857282502443E+009,-3.285256825222086E+001,9.335097930489289E+001,
6.705767350928641E+009,-3.214986154895299E+001,7.962063414650488E+001,
6.709677419354839E+009,-3.147038498789264E+001,6.112214607825731E+001,
6.713587487781036E+009,-3.104682970336075E+001,4.069898932180583E+001,
6.717497556207233E+009,-3.079070549205431E+001,1.835995888677050E+001,
6.721407624633431E+009,-3.119344422443232E+001,-3.831782706519231E+000,
6.725317693059629E+009,-3.194765935538714E+001,-2.384527576399440E+001,
6.729227761485827E+009,-3.263032882255135E+001,-4.011150991779349E+001,
6.733137829912024E+009,-3.313056662035946E+001,-5.531033680824805E+001,
6.737047898338221E+009,-3.342668561388117E+001,-6.910935654619378E+001,
6.740957966764419E+009,-3.335120333846103E+001,-8.318819741940675E+001,
6.744868035190616E+009,-3.333893766963562E+001,-9.726075382589421E+001,
6.748778103616814E+009,-3.301392166252646E+001,-1.104387682357943E+002,
6.752688172043011E+009,-3.223660776514105E+001,-1.258518029112571E+002,
6.756598240469208E+009,-3.150749254002310E+001,-1.451215032659342E+002,
6.760508308895406E+009,-3.114382155311912E+001,-1.662269459789550E+002,
6.764418377321604E+009,-3.109913235465966E+001,1.721940626555819E+002,
6.768328445747801E+009,-3.160704510562750E+001,1.517079658747474E+002,
6.772238514173998E+009,-3.217676183882077E+001,1.348194668678235E+002,
6.776148582600195E+009,-3.267283975839213E+001,1.197909658419196E+002,
6.780058651026393E+009,-3.275041699486042E+001,1.064995850347929E+002,
6.783968719452591E+009,-3.266148560109439E+001,9.262146745718445E+001,
6.787878787878788E+009,-3.216997689673870E+001,7.926341535048557E+001,
6.791788856304985E+009,-3.140205375822538E+001,6.402705213044501E+001,
6.795698924731183E+009,-3.056172994887776E+001,4.517388532773430E+001,
6.799608993157380E+009,-3.010366292395333E+001,2.510458241666261E+001,
6.803519061583578E+009,-2.978395224511384E+001,3.693175058400935E+000,
6.807429130009775E+009,-2.993842873838625E+001,-1.822833272348768E+001,
6.811339198435972E+009,-3.036535755562091E+001,-3.652334686386825E+001,
6.815249266862170E+009,-3.058573387998201E+001,-5.340662522821323E+001,
6.819159335288368E+009,-3.079037847589352E+001,-6.885463251062463E+001,
6.823069403714565E+009,-3.053936826542469E+001,-8.304463371905938E+001,
6.826979472140762E+009,-3.007853069333173E+001,-1.003252600697874E+002,
6.830889540566959E+009,-2.969526964676984E+001,-1.175621885275644E+002,
6.834799608993157E+009,-2.923730574846724E+001,-1.353322312080281E+002,
6.838709677419355E+009,-2.884877455451692E+001,-1.558795116546424E+002,
6.842619745845552E+009,-2.878846919414479E+001,-1.760324340616020E+002,
6.846529814271750E+009,-2.860767641420534E+001,1.641801599460188E+002,
6.850439882697948E+009,-2.860018546789710E+001,1.449545755071566E+002,
6.854349951124145E+009,-2.855574876624782E+001,1.259106931841409E+002,
6.858260019550343E+009,-2.864894090767361E+001,1.070153240059826E+002,
6.862170087976540E+009,-2.868059881254449E+001,8.913788356931605E+001,
6.866080156402737E+009,-2.875177686183108E+001,7.162319282497478E+001,
6.869990224828935E+009,-2.847447338537740E+001,5.518840494475338E+001,
6.873900293255133E+009,-2.810009085721599E+001,3.785256367438549E+001,
6.877810361681330E+009,-2.757875179056347E+001,1.789065635340983E+001,
6.881720430107527E+009,-2.744965285185571E+001,-3.839012416596138E+000,
6.885630498533724E+009,-2.742652719407000E+001,-2.432973176863139E+001,
6.889540566959922E+009,-2.753398867319252E+001,-4.439925794131155E+001,
6.893450635386120E+009,-2.757939408164517E+001,-6.584526953592375E+001,
6.897360703812317E+009,-2.784482977238923E+001,-8.548864493231432E+001,
6.901270772238514E+009,-2.791827966417716E+001,-1.049571329080708E+002,
6.905180840664711E+009,-2.810099862947306E+001,-1.248692077634176E+002,
6.909090909090909E+009,-2.847073542188862E+001,-1.444859657297523E+002,
6.913000977517107E+009,-2.899037224277890E+001,-1.626049699587850E+002,
6.916911045943304E+009,-2.894191206908326E+001,1.791410761258731E+002,
6.920821114369501E+009,-2.881781922733025E+001,1.625299884131992E+002,
6.924731182795699E+009,-2.876791920957257E+001,1.446233765726718E+002,
6.928641251221897E+009,-2.866062639302428E+001,1.251849050378956E+002,
6.932551319648094E+009,-2.861124000346296E+001,1.054187208878752E+002,
6.936461388074291E+009,-2.871047213798661E+001,8.487972110495113E+001,
6.940371456500488E+009,-2.905133061413460E+001,6.346240771871733E+001,
6.944281524926686E+009,-2.940381229133257E+001,4.519947495278895E+001,
6.948191593352884E+009,-2.953995225220635E+001,2.598987088518599E+001,
6.952101661779081E+009,-2.989503816458503E+001,6.746620307459055E+000,
6.956011730205278E+009,-3.025363713169932E+001,-1.222602756156586E+001,
6.959921798631475E+009,-3.068488477398242E+001,-2.812517915752228E+001,
6.963831867057674E+009,-3.056990073214676E+001,-4.375622149688797E+001,
6.967741935483872E+009,-3.025936038061104E+001,-6.169646071474445E+001,
6.971652003910069E+009,-3.000102099026323E+001,-8.170199617071408E+001,
6.975562072336266E+009,-3.015814894307968E+001,-1.010561878061617E+002,
6.979472140762464E+009,-3.016437224006589E+001,-1.201220723327679E+002,
6.983382209188661E+009,-3.013096214253809E+001,-1.397002461904939E+002,
6.987292277614859E+009,-3.006434198244490E+001,-1.602558412660757E+002,
6.991202346041056E+009,-3.029834668494114E+001,1.796408001959553E+002,
6.995112414467253E+009,-3.045207684427762E+001,1.581177579957543E+002,
6.999022482893451E+009,-3.094706202843374E+001,1.384406144045768E+002,
7.002932551319649E+009,-3.098379591006422E+001,1.213905321330995E+002,
7.006842619745846E+009,-3.101222896868821E+001,1.021522630027900E+002,
7.010752688172043E+009,-3.082050629604915E+001,8.126486083256617E+001,
7.014662756598240E+009,-3.097866503273593E+001,6.063243814918603E+001,
7.018572825024438E+009,-3.115948442462786E+001,3.965827889798870E+001,
7.022482893450636E+009,-3.144285103846174E+001,2.239817941780273E+001,
7.026392961876833E+009,-3.153408090319694E+001,3.713766434810644E+000,
7.030303030303030E+009,-3.129883112382547E+001,-1.740291551295131E+001,
7.034213098729228E+009,-3.143398670238862E+001,-3.940903082881491E+001,
7.038123167155425E+009,-3.164893847390934E+001,-6.049791428403838E+001,
7.042033235581623E+009,-3.188428198701459E+001,-8.012273571083968E+001,
7.045943304007820E+009,-3.212916648185096E+001,-1.002666723790381E+002,
7.049853372434017E+009,-3.199228530321110E+001,-1.195183243937996E+002,
7.053763440860215E+009,-3.207648555058221E+001,-1.403105438241750E+002,
7.057673509286413E+009,-3.187249239093400E+001,-1.621141424814408E+002,
7.061583577712610E+009,-3.241523379886100E+001,1.751622203243406E+002,
7.065493646138807E+009,-3.275699699444075E+001,1.551815316872291E+002,
7.069403714565004E+009,-3.273498706687268E+001,1.374823773467300E+002,
7.073313782991202E+009,-3.240195826362778E+001,1.162434447546549E+002,
7.077223851417400E+009,-3.246815785495775E+001,9.333993023065423E+001,
7.081133919843597E+009,-3.278197953377593E+001,7.211224940100370E+001,
7.085043988269795E+009,-3.293622627021912E+001,5.279894419040289E+001,
7.088954056695993E+009,-3.280294658360216E+001,3.292140607376527E+001,
7.092864125122190E+009,-3.255479739926509E+001,1.188294483303036E+001,
7.096774193548388E+009,-3.248558462975633E+001,-9.528706808284316E+000,
7.100684261974585E+009,-3.216108002194756E+001,-3.154126224491458E+001,
7.104594330400782E+009,-3.215981448338494E+001,-5.483344373703641E+001,
7.108504398826980E+009,-3.227033326137141E+001,-7.700053963104132E+001,
7.112414467253178E+009,-3.233541382827848E+001,-9.962197634305240E+001,
7.116324535679375E+009,-3.261661414968929E+001,-1.215121873423230E+002,
7.120234604105572E+009,-3.283904313870635E+001,-1.421543793351391E+002,
7.124144672531769E+009,-3.282525258215091E+001,-1.626508070487737E+002,
7.128054740957967E+009,-3.306590434011170E+001,1.765744415183954E+002,
7.131964809384165E+009,-3.301668547029759E+001,1.568920986920639E+002,
7.135874877810362E+009,-3.308616352827119E+001,1.358168579671072E+002,
7.139784946236559E+009,-3.335312648136715E+001,1.173734660236547E+002,
7.143695014662756E+009,-3.315636978244004E+001,9.903061171467432E+001,
7.147605083088954E+009,-3.296807012739640E+001,7.928698539954769E+001,
7.151515151515152E+009,-3.273785248352615E+001,5.992020553417468E+001,
7.155425219941349E+009,-3.247783006518924E+001,4.001111467403518E+001,
7.159335288367546E+009,-3.225680220172078E+001,1.878610562427001E+001,
7.163245356793744E+009,-3.212713929901219E+001,-2.090165862264865E+000,
7.167155425219942E+009,-3.211314928649104E+001,-2.277838592036976E+001,
7.171065493646139E+009,-3.201533281374468E+001,-4.353162653315519E+001,
7.174975562072336E+009,-3.213821527681466E+001,-6.447503353469949E+001,
7.178885630498533E+009,-3.240152042238688E+001,-8.452252893342933E+001,
7.182795698924731E+009,-3.266443048929139E+001,-1.031602238927641E+002,
7.186705767350929E+009,-3.255752486067028E+001,-1.204743872688248E+002,
7.190615835777126E+009,-3.234045888981321E+001,-1.390292465630392E+002,
7.194525904203323E+009,-3.216694723602299E+001,-1.579450742529526E+002,
7.198435972629520E+009,-3.198840213905474E+001,-1.770394925840107E+002,
7.202346041055718E+009,-3.183206081897138E+001,1.628916355178345E+002,
7.206256109481916E+009,-3.184468547481933E+001,1.418628057555388E+002,
7.210166177908114E+009,-3.203612782938073E+001,1.232472113172644E+002,
7.214076246334311E+009,-3.211425405279984E+001,1.053978167445012E+002,
7.217986314760509E+009,-3.207942717804635E+001,8.724398827734652E+001,
7.221896383186706E+009,-3.190701478226855E+001,6.965902506324619E+001,
7.225806451612904E+009,-3.161914674289087E+001,5.016682811445789E+001,
7.229716520039101E+009,-3.159882258746059E+001,3.042372161266763E+001,
7.233626588465298E+009,-3.166873658126236E+001,1.110910693206889E+001,
7.237536656891496E+009,-3.182739445717643E+001,-7.024512970665914E+000,
7.241446725317694E+009,-3.182936602558662E+001,-2.451428296044950E+001,
7.245356793743891E+009,-3.175215368098919E+001,-4.247733587292584E+001,
7.249266862170088E+009,-3.163323933231810E+001,-6.048281411362174E+001,
7.253176930596285E+009,-3.158654086929087E+001,-7.786443941029859E+001,
7.257086999022483E+009,-3.141794312285754E+001,-9.555246396550760E+001,
7.260997067448681E+009,-3.112747773457701E+001,-1.136843177105530E+002,
7.264907135874878E+009,-3.091628180586021E+001,-1.329248498260687E+002,
7.268817204301075E+009,-3.080579232199740E+001,-1.526496914465271E+002,
7.272727272727273E+009,-3.077689505844868E+001,-1.715266210228691E+002,
7.276637341153470E+009,-3.083502664766025E+001,1.693235897058310E+002,
7.280547409579668E+009,-3.088158979017513E+001,1.513030772276319E+002,
7.284457478005865E+009,-3.099386186569335E+001,1.325095736292311E+002,
7.288367546432062E+009,-3.104780915981410E+001,1.151241833115872E+002,
7.292277614858260E+009,-3.107760164403110E+001,9.831989553665439E+001,
7.296187683284458E+009,-3.083662354602256E+001,8.106504140860504E+001,
7.300097751710655E+009,-3.063735011222353E+001,6.272550657342518E+001,
7.304007820136852E+009,-3.045678497367565E+001,4.406041076165958E+001,
7.307917888563049E+009,-3.053001694326862E+001,2.502536362046946E+001,
7.311827956989247E+009,-3.060031071149119E+001,7.265423557099078E+000,
7.315738025415445E+009,-3.056585733667335E+001,-1.114912619742895E+001,
7.319648093841642E+009,-3.066783755183143E+001,-3.001723841436181E+001,
7.323558162267839E+009,-3.066483470241594E+001,-4.717477644028592E+001,
7.327468230694037E+009,-3.058208789643316E+001,-6.487872490718878E+001,
7.331378299120235E+009,-3.054953604574074E+001,-8.325245722313262E+001,
7.335288367546433E+009,-3.067047874548823E+001,-1.011959762883468E+002,
7.339198435972630E+009,-3.078439494022771E+001,-1.169661263635570E+002,
7.343108504398827E+009,-3.048698272705698E+001,-1.331394953198059E+002,
7.347018572825025E+009,-3.001512335342138E+001,-1.513189757974628E+002,
7.350928641251223E+009,-2.980882396401504E+001,-1.712645265027959E+002,
7.354838709677420E+009,-2.984888777912043E+001,1.695956008567344E+002,
7.358748778103617E+009,-2.987859398275236E+001,1.513728766962989E+002,
7.362658846529814E+009,-2.983320456702754E+001,1.329822262863666E+002,
7.366568914956012E+009,-2.983809392185515E+001,1.141121738208014E+002,
7.370478983382210E+009,-2.999874918127956E+001,9.656915439157338E+001,
7.374389051808407E+009,-2.996715522212091E+001,7.912327300744435E+001,
7.378299120234604E+009,-2.993916797165958E+001,6.137888774383234E+001,
7.382209188660801E+009,-3.001797628363748E+001,4.377271136631531E+001,
7.386119257086999E+009,-2.988326912514992E+001,2.720723130984846E+001,
7.390029325513197E+009,-2.956598287304186E+001,9.149388326829737E+000,
7.393939393939394E+009,-2.937585316180106E+001,-9.604252424264812E+000,
7.397849462365591E+009,-2.931495213165926E+001,-2.870770065531787E+001,
7.401759530791789E+009,-2.919618442356218E+001,-4.702352513018816E+001,
7.405669599217987E+009,-2.912166024127701E+001,-6.736893531111495E+001,
7.409579667644184E+009,-2.917446168079880E+001,-8.731900124613763E+001,
7.413489736070381E+009,-2.949710272200860E+001,-1.048897090952187E+002,
7.417399804496578E+009,-2.948187126461692E+001,-1.228448277382186E+002,
7.421309872922776E+009,-2.986191773374020E+001,-1.421880461030178E+002,
7.425219941348974E+009,-3.027308335361105E+001,-1.587176253928303E+002,
7.429130009775171E+009,-3.017114389499579E+001,-1.736269299553519E+002,
7.433040078201368E+009,-3.003160205633996E+001,1.704285346260750E+002,
7.436950146627565E+009,-2.948211043278200E+001,1.516194670123633E+002,
7.440860215053763E+009,-2.942618387461191E+001,1.310934427686004E+002,
7.444770283479961E+009,-2.936879361757864E+001,1.097777812959799E+002,
7.448680351906158E+009,-2.963682881318179E+001,8.875950411125363E+001,
7.452590420332356E+009,-3.019674699550576E+001,7.109677127541879E+001,
7.456500488758554E+009,-3.094116310932718E+001,5.310894396139080E+001,
7.460410557184751E+009,-3.117668525366760E+001,3.861183862297951E+001,
7.464320625610949E+009,-3.133804658351642E+001,2.103060702002739E+001,
7.468230694037146E+009,-3.160932751938694E+001,4.663773934924273E+000,
7.472140762463343E+009,-3.146718851389888E+001,-8.751458926092996E+000,
7.476050830889541E+009,-3.094566076993071E+001,-2.427663153064681E+001,
7.479960899315739E+009,-3.051469023124524E+001,-4.171053751939291E+001,
7.483870967741936E+009,-3.044041251246417E+001,-6.062772449553408E+001,
7.487781036168133E+009,-3.019909273914555E+001,-7.994554487913194E+001,
7.491691104594330E+009,-3.045374952028916E+001,-9.983335931094776E+001,
7.495601173020528E+009,-3.090319513361599E+001,-1.196818956213459E+002,
7.499511241446726E+009,-3.109697473041773E+001,-1.361455996388513E+002,
7.503421309872923E+009,-3.101424176521893E+001,-1.513081598286099E+002,
7.507331378299120E+009,-3.103291004757223E+001,-1.683079576293855E+002,
7.511241446725318E+009,-3.111867776648909E+001,1.746693883132604E+002,
7.515151515151515E+009,-3.112436509437261E+001,1.610177947383819E+002,
7.519061583577713E+009,-3.066073044165991E+001,1.436599877362098E+002,
7.522971652003910E+009,-3.008871226897632E+001,1.240828405335288E+002,
7.526881720430107E+009,-2.999207810096776E+001,1.034698626455642E+002,
7.530791788856305E+009,-3.000577415540910E+001,8.360234231964444E+001,
7.534701857282503E+009,-3.018396582818937E+001,6.570417348039307E+001,
7.538611925708700E+009,-3.048794162426883E+001,4.803246572032403E+001,
7.542521994134897E+009,-3.040260415510363E+001,3.108081640966448E+001,
7.546432062561094E+009,-3.024079829266292E+001,1.437728869544101E+001,
7.550342130987292E+009,-3.007374821286172E+001,-5.206507145131597E+000,
7.554252199413490E+009,-3.015989135213911E+001,-2.275847054834835E+001,
7.558162267839687E+009,-3.021445001810679E+001,-3.972455364886200E+001,
7.562072336265884E+009,-2.980893103935336E+001,-5.779584675851049E+001,
7.565982404692082E+009,-2.942437283339890E+001,-7.905112562124887E+001,
7.569892473118280E+009,-2.958053849066628E+001,-9.877321093210622E+001,
7.573802541544478E+009,-2.978810821924716E+001,-1.184444858045936E+002,
7.577712609970675E+009,-2.992817895667836E+001,-1.380308099467910E+002,
7.581622678396872E+009,-3.000651577080626E+001,-1.559047510487698E+002,
7.585532746823070E+009,-3.056445103754790E+001,-1.742779049306955E+002,
7.589442815249268E+009,-3.056488547386373E+001,1.702970581774276E+002,
7.593352883675465E+009,-3.055840252637637E+001,1.542012818943375E+002,
7.597262952101662E+009,-3.032847709351244E+001,1.375494950910207E+002,
7.601173020527859E+009,-3.020242943692990E+001,1.191998411437297E+002,
7.605083088954057E+009,-2.977326615532958E+001,1.009569930370163E+002,
7.608993157380255E+009,-2.926324306944337E+001,8.039096032820038E+001,
7.612903225806452E+009,-2.941585292601438E+001,5.910139733388731E+001,
7.616813294232649E+009,-2.934411693147879E+001,3.711673106012545E+001,
7.620723362658846E+009,-2.953528550236363E+001,1.601077919895687E+001,
7.624633431085044E+009,-3.029411811432728E+001,-3.500655695282492E+000,
7.628543499511242E+009,-3.081764290629329E+001,-1.895661831884144E+001,
7.632453567937439E+009,-3.102890236969447E+001,-3.576803992968080E+001,
7.636363636363636E+009,-3.091943855878760E+001,-5.229392688916310E+001,
7.640273704789834E+009,-3.086957243240101E+001,-6.958163715498874E+001,
7.644183773216032E+009,-3.078708346225401E+001,-8.819178333275353E+001,
7.648093841642229E+009,-3.053854986002370E+001,-1.045031977878080E+002,
7.652003910068426E+009,-3.028927793877355E+001,-1.250158451773260E+002,
7.655913978494623E+009,-3.020748704895006E+001,-1.452269724053163E+002,
7.659824046920821E+009,-3.008041782163911E+001,-1.650767999373194E+002,
7.663734115347019E+009,-3.030090276159140E+001,1.739280686036591E+002,
7.667644183773216E+009,-3.081967576736282E+001,1.536037633079618E+002,
7.671554252199413E+009,-3.107876022029027E+001,1.348574701728195E+002,
7.675464320625610E+009,-3.153054655881921E+001,1.178520073925874E+002,
7.679374389051808E+009,-3.151174818135933E+001,1.011873550836205E+002,
7.683284457478006E+009,-3.107553760598563E+001,7.996975362601246E+001,
7.687194525904203E+009,-3.184678721623026E+001,6.083344566551396E+001,
7.691104594330401E+009,-3.204126729109996E+001,4.521726864214250E+001,
7.695014662756599E+009,-3.174516254985857E+001,2.772354511984638E+001,
7.698924731182797E+009,-3.158128429526384E+001,7.357098726111591E+000,
7.702834799608994E+009,-3.161203795623714E+001,-1.318180424636705E+001,
7.706744868035191E+009,-3.194969157968929E+001,-3.439376438679645E+001,
7.710654936461388E+009,-3.252769020541132E+001,-5.199914308498716E+001,
7.714565004887586E+009,-3.286006847542848E+001,-6.795300495288413E+001,
7.718475073313784E+009,-3.282013404606290E+001,-8.345512914038017E+001,
7.722385141739981E+009,-3.244557154276198E+001,-1.003133531708047E+002,
7.726295210166178E+009,-3.203034803612510E+001,-1.196862119306785E+002,
7.730205278592375E+009,-3.187122477113659E+001,-1.397523572422735E+002,
7.734115347018573E+009,-3.176911038245674E+001,-1.596215133669672E+002,
7.738025415444771E+009,-3.162504660277539E+001,1.795826038755910E+002,
7.741935483870968E+009,-3.184468522284249E+001,1.578891062689846E+002,
7.745845552297165E+009,-3.205088199878091E+001,1.389182381124637E+002,
7.749755620723363E+009,-3.217021652837775E+001,1.189115101070814E+002,
7.753665689149560E+009,-3.242283087677683E+001,1.000886369549221E+002,
7.757575757575758E+009,-3.258322997397535E+001,8.218726315452287E+001,
7.761485826001955E+009,-3.241307489893759E+001,6.463489776197369E+001,
7.765395894428152E+009,-3.217761725200774E+001,4.586478813104294E+001,
7.769305962854350E+009,-3.182383435046771E+001,2.619592279872684E+001,
7.773216031280548E+009,-3.154309614420288E+001,5.850585896740872E+000,
7.777126099706745E+009,-3.108940386772030E+001,-1.578567195172248E+001,
7.781036168132942E+009,-3.091700521832541E+001,-3.969918868400723E+001,
7.784946236559139E+009,-3.114952517484591E+001,-6.324576427493157E+001,
7.788856304985337E+009,-3.151458625915606E+001,-8.534585800574611E+001,
7.792766373411535E+009,-3.192668329698027E+001,-1.064719199007053E+002,
7.796676441837732E+009,-3.234561058717872E+001,-1.268587536854955E+002,
7.800586510263929E+009,-3.273248591262273E+001,-1.461478227282680E+002,
7.804496578690127E+009,-3.309270441852621E+001,-1.639130030887689E+002,
7.808406647116324E+009,-3.303207212282717E+001,1.795139394127239E+002,
7.812316715542522E+009,-3.292569195131206E+001,1.608093358520468E+002,
7.816226783968720E+009,-3.255243532792812E+001,1.423279691396242E+002,
7.820136852394917E+009,-3.193140508532446E+001,1.216782863791514E+002,
7.824046920821115E+009,-3.151316966519984E+001,9.866671584565914E+001,
7.827956989247313E+009,-3.150612376222711E+001,7.398208014660301E+001,
7.831867057673510E+009,-3.183398295505974E+001,5.035002531271004E+001,
7.835777126099707E+009,-3.243201337548931E+001,2.873994333483017E+001,
7.839687194525904E+009,-3.281943425531929E+001,1.058485845331954E+001,
7.843597262952102E+009,-3.286897901549838E+001,-8.712631411631435E+000,
7.847507331378300E+009,-3.304880878741504E+001,-2.871617783537995E+001,
7.851417399804497E+009,-3.325579565529224E+001,-4.749473211055204E+001,
7.855327468230694E+009,-3.310898748932836E+001,-6.526734639678502E+001,
7.859237536656891E+009,-3.295294583212463E+001,-8.440931056353577E+001,
7.863147605083089E+009,-3.263409733599283E+001,-1.035774262179491E+002,
7.867057673509287E+009,-3.230561656640108E+001,-1.253331469937742E+002,
7.870967741935484E+009,-3.228152484321923E+001,-1.474392790528654E+002,
7.874877810361681E+009,-3.253380473182053E+001,-1.686664861287187E+002,
7.878787878787879E+009,-3.272629425150383E+001,1.713499580769120E+002,
7.882697947214077E+009,-3.298117632314405E+001,1.512096229317025E+002,
7.886608015640274E+009,-3.330893756923889E+001,1.336637146119245E+002,
7.890518084066471E+009,-3.337644459565141E+001,1.166501479236934E+002,
7.894428152492668E+009,-3.311727581769861E+001,1.000166460803974E+002,
7.898338220918866E+009,-3.276330920227274E+001,8.161819016249696E+001,
7.902248289345064E+009,-3.241134275344002E+001,6.326987830277249E+001,
7.906158357771261E+009,-3.183230204887607E+001,4.319012402592730E+001,
7.910068426197458E+009,-3.142633322730711E+001,2.147648017217902E+001,
7.913978494623655E+009,-3.128401855672127E+001,-8.739604697388391E-001,
7.917888563049853E+009,-3.138645721795512E+001,-2.274802650315488E+001,
7.921798631476051E+009,-3.162218184260671E+001,-4.309389072400924E+001,
7.925708699902248E+009,-3.191544128129550E+001,-6.315833162654555E+001,
7.929618768328445E+009,-3.210022721174815E+001,-8.089650554037593E+001,
7.933528836754643E+009,-3.204499660042548E+001,-9.825050691485781E+001,
7.937438905180841E+009,-3.183243205260990E+001,-1.167458635326430E+002,
7.941348973607039E+009,-3.177315454359317E+001,-1.364024420049636E+002,
7.945259042033236E+009,-3.177948252582261E+001,-1.539780069302067E+002,
7.949169110459433E+009,-3.142856176706593E+001,-1.722446353331295E+002,
7.953079178885631E+009,-3.113639591822728E+001,1.682791924678387E+002,
7.956989247311829E+009,-3.085144985008702E+001,1.472895853940759E+002,
7.960899315738026E+009,-3.083597975572047E+001,1.257443855387571E+002,
7.964809384164223E+009,-3.094447917503434E+001,1.047122663073008E+002,
7.968719452590420E+009,-3.128359672162015E+001,8.400203748672548E+001,
7.972629521016618E+009,-3.180644772625612E+001,6.580580350738295E+001,
7.976539589442816E+009,-3.210529976209919E+001,4.972676442606904E+001,
7.980449657869013E+009,-3.207108158540548E+001,3.361791965549157E+001,
7.984359726295210E+009,-3.189163260044434E+001,1.741707036025605E+001,
7.988269794721408E+009,-3.158497652670251E+001,9.167255843865224E-001,
7.992179863147605E+009,-3.098927619688789E+001,-1.639649245148195E+001,
7.996089931573803E+009,-3.042141840844703E+001,-3.730984825089879E+001,
8.000000000000000E+009,-3.033477172207469E+001,-5.883771819357779E+001,
