% Version 1.00
%
%freq[Hz];db:Trc1_S21;ang:Trc1_S21;
4.000000000000000E+009,-3.045031737237700E+001,1.758816977537776E+002,
4.003910068426198E+009,-3.113647516439262E+001,1.565852105969071E+002,
4.007820136852395E+009,-3.194607606698185E+001,1.367460979912219E+002,
4.011730205278593E+009,-3.306729167330740E+001,1.155972010780163E+002,
4.015640273704790E+009,-3.315266601868665E+001,1.020804415402214E+002,
4.019550342130987E+009,-3.260704974246259E+001,8.085112384698223E+001,
4.023460410557185E+009,-3.199991565643843E+001,5.674956479793323E+001,
4.027370478983382E+009,-3.186726946231310E+001,2.599954474290981E+001,
4.031280547409580E+009,-3.247462309983682E+001,-4.312743980424155E+000,
4.035190615835777E+009,-3.358350669181321E+001,-3.175257389338550E+001,
4.039100684261975E+009,-3.468720155458697E+001,-5.404115611330715E+001,
4.043010752688172E+009,-3.476668536630646E+001,-7.369585481977043E+001,
4.046920821114369E+009,-3.437346942981476E+001,-9.623712814123843E+001,
4.050830889540567E+009,-3.392926232229983E+001,-1.206131066820206E+002,
4.054740957966765E+009,-3.353064366909425E+001,-1.460595284316486E+002,
4.058651026392962E+009,-3.372460429083063E+001,-1.694943668666985E+002,
4.062561094819160E+009,-3.301096799188162E+001,1.696008138585841E+002,
4.066471163245357E+009,-3.245690538914829E+001,1.442686402480321E+002,
4.070381231671554E+009,-3.246811192984883E+001,1.219708163690068E+002,
4.074291300097752E+009,-3.185717923379772E+001,1.021764140652005E+002,
4.078201368523949E+009,-3.121836688641171E+001,7.945689805194661E+001,
4.082111436950147E+009,-3.072149914695160E+001,5.814711293503060E+001,
4.086021505376344E+009,-3.024343376730612E+001,3.524740120314691E+001,
4.089931573802542E+009,-2.991740164806643E+001,1.267369490518017E+001,
4.093841642228739E+009,-2.953433466821892E+001,-7.652898222842858E+000,
4.097751710654936E+009,-2.974717799444960E+001,-2.984935151330825E+001,
4.101661779081134E+009,-2.964066094070775E+001,-4.731570154752299E+001,
4.105571847507331E+009,-2.897086337971066E+001,-6.789270560859109E+001,
4.109481915933529E+009,-2.886345774537652E+001,-8.904339430820198E+001,
4.113391984359726E+009,-2.862941623985725E+001,-1.083105520105093E+002,
4.117302052785924E+009,-2.846634614973929E+001,-1.280135645199565E+002,
4.121212121212121E+009,-2.823605072406021E+001,-1.475223067848261E+002,
4.125122189638319E+009,-2.789240419077424E+001,-1.687319301011843E+002,
4.129032258064516E+009,-2.771556349365591E+001,1.688485021035971E+002,
4.132942326490714E+009,-2.810365525948247E+001,1.496098543687796E+002,
4.136852394916911E+009,-2.826263862018541E+001,1.300678304537057E+002,
4.140762463343109E+009,-2.870124058511069E+001,1.114646111993737E+002,
4.144672531769306E+009,-2.922273745801903E+001,9.579145799266661E+001,
4.148582600195503E+009,-2.919318003640377E+001,8.239896868439486E+001,
4.152492668621701E+009,-2.835846027258114E+001,6.653147441523129E+001,
4.156402737047898E+009,-2.811391411010827E+001,4.642610889228347E+001,
4.160312805474096E+009,-2.816607654759171E+001,2.687991564320981E+001,
4.164222873900293E+009,-2.823431587132486E+001,9.253961514335309E+000,
4.168132942326491E+009,-2.821459021673807E+001,-7.306505549729799E+000,
4.172043010752688E+009,-2.815862355574796E+001,-2.341307476950597E+001,
4.175953079178886E+009,-2.796501146166833E+001,-3.878632947917901E+001,
4.179863147605083E+009,-2.752616742325993E+001,-5.592964174490663E+001,
4.183773216031281E+009,-2.702289151993715E+001,-7.427363408108344E+001,
4.187683284457478E+009,-2.679517192372069E+001,-9.299133494719004E+001,
4.191593352883676E+009,-2.657619602512519E+001,-1.113287223426178E+002,
4.195503421309873E+009,-2.629819564810084E+001,-1.295685657407600E+002,
4.199413489736071E+009,-2.592897185380843E+001,-1.483650569015494E+002,
4.203323558162268E+009,-2.566361304704772E+001,-1.679878573804465E+002,
4.207233626588465E+009,-2.563082150974838E+001,1.717347222775645E+002,
4.211143695014663E+009,-2.555990362647719E+001,1.518842217503713E+002,
4.215053763440860E+009,-2.569064205854007E+001,1.317725865022020E+002,
4.218963831867058E+009,-2.604661140299054E+001,1.139962341317223E+002,
4.222873900293255E+009,-2.601085762336842E+001,9.540531257405719E+001,
4.226783968719452E+009,-2.611729598781194E+001,7.795566288586802E+001,
4.230694037145650E+009,-2.632644794784209E+001,5.888093059272208E+001,
4.234604105571847E+009,-2.631904642981820E+001,3.994825500950283E+001,
4.238514173998045E+009,-2.656599871134610E+001,2.281648436434594E+001,
4.242424242424243E+009,-2.652304062176903E+001,5.106697621762500E+000,
4.246334310850440E+009,-2.641082184992348E+001,-1.395795265470302E+001,
4.250244379276638E+009,-2.669615360070804E+001,-3.326650046578595E+001,
4.254154447702835E+009,-2.682718496444597E+001,-5.137124986587008E+001,
4.258064516129032E+009,-2.708323138331771E+001,-7.069231654029771E+001,
4.261974584555230E+009,-2.748038015433595E+001,-9.050049811392876E+001,
4.265884652981427E+009,-2.842091321159627E+001,-1.071077064816609E+002,
4.269794721407625E+009,-2.905454230807883E+001,-1.209883520237188E+002,
4.273704789833822E+009,-2.913840488326078E+001,-1.341984489300735E+002,
4.277614858260019E+009,-2.940575508644308E+001,-1.498156429596543E+002,
4.281524926686217E+009,-2.924729018055318E+001,-1.615196979217458E+002,
4.285434995112414E+009,-2.893472835033655E+001,-1.764428423243945E+002,
4.289345063538612E+009,-2.867584374748946E+001,1.678343596062125E+002,
4.293255131964809E+009,-2.829684183769113E+001,1.518293029829852E+002,
4.297165200391007E+009,-2.823289488474424E+001,1.337967194734078E+002,
4.301075268817205E+009,-2.808077697029343E+001,1.172660679724618E+002,
4.304985337243402E+009,-2.806264597514152E+001,1.017402665298649E+002,
4.308895405669600E+009,-2.770539261407457E+001,8.475293629030571E+001,
4.312805474095797E+009,-2.781827808245843E+001,6.714490826680725E+001,
4.316715542521994E+009,-2.766504630852730E+001,5.025031538027995E+001,
4.320625610948192E+009,-2.770777764654543E+001,3.474150780527079E+001,
4.324535679374389E+009,-2.744992597020449E+001,1.972564365745874E+001,
4.328445747800587E+009,-2.671167248762891E+001,2.501182141852112E+000,
4.332355816226784E+009,-2.660149440286103E+001,-1.679837160090962E+001,
4.336265884652982E+009,-2.635312930537075E+001,-3.593689631853707E+001,
4.340175953079179E+009,-2.645497223637570E+001,-5.440436456815372E+001,
4.344086021505377E+009,-2.676334192805751E+001,-6.996180200795148E+001,
4.347996089931574E+009,-2.638104858527603E+001,-8.429547353516448E+001,
4.351906158357771E+009,-2.589280095692686E+001,-1.017678813355131E+002,
4.355816226783969E+009,-2.552043288452479E+001,-1.202236604305955E+002,
4.359726295210166E+009,-2.520494150084438E+001,-1.395627676062079E+002,
4.363636363636364E+009,-2.522658572780318E+001,-1.583326758846307E+002,
4.367546432062561E+009,-2.528017790970296E+001,-1.756740524379708E+002,
4.371456500488758E+009,-2.499249275256516E+001,1.675056636459300E+002,
4.375366568914956E+009,-2.494757081906921E+001,1.485658720260851E+002,
4.379276637341153E+009,-2.476155901822867E+001,1.305547653986170E+002,
4.383186705767351E+009,-2.463519369929270E+001,1.119296226076455E+002,
4.387096774193548E+009,-2.464541641769403E+001,9.345138597830891E+001,
4.391006842619746E+009,-2.447193208469703E+001,7.551272287178615E+001,
4.394916911045943E+009,-2.428620807713688E+001,5.926782320115058E+001,
4.398826979472141E+009,-2.397537860608431E+001,4.007769214294144E+001,
4.402737047898338E+009,-2.375708173279645E+001,2.058583932026446E+001,
4.406647116324535E+009,-2.386304534234356E+001,6.947631812612400E-001,
4.410557184750733E+009,-2.404601532543341E+001,-1.706293679285345E+001,
4.414467253176930E+009,-2.400235453361417E+001,-3.449167314969747E+001,
4.418377321603128E+009,-2.397047762496735E+001,-5.294310060708381E+001,
4.422287390029326E+009,-2.405466438992547E+001,-6.993121757702473E+001,
4.426197458455523E+009,-2.377269522218284E+001,-8.688902909918492E+001,
4.430107526881721E+009,-2.373069615168884E+001,-1.045269370214841E+002,
4.434017595307918E+009,-2.349797930533708E+001,-1.215631519240182E+002,
4.437927663734116E+009,-2.323653124400498E+001,-1.399850019873344E+002,
4.441837732160313E+009,-2.302232856892600E+001,-1.588105735754247E+002,
4.445747800586511E+009,-2.283144870898337E+001,-1.785225023847485E+002,
4.449657869012708E+009,-2.286499350374295E+001,1.620471990757540E+002,
4.453567937438905E+009,-2.285614514925724E+001,1.433577034330361E+002,
4.457478005865103E+009,-2.282210381591300E+001,1.251309774571896E+002,
4.461388074291300E+009,-2.280498601240276E+001,1.071905340737516E+002,
4.465298142717498E+009,-2.262609540879150E+001,8.848544881663869E+001,
4.469208211143695E+009,-2.261337589787565E+001,6.885623463740936E+001,
4.473118279569893E+009,-2.267053819745188E+001,5.049108765312816E+001,
4.477028347996090E+009,-2.253967329044730E+001,3.210064523441229E+001,
4.480938416422287E+009,-2.255082401374585E+001,1.243575793939674E+001,
4.484848484848485E+009,-2.267719270090364E+001,-6.919196562580516E+000,
4.488758553274682E+009,-2.273840946498427E+001,-2.490066395024815E+001,
4.492668621700880E+009,-2.275631349901928E+001,-4.320190874139299E+001,
4.496578690127077E+009,-2.280766198030721E+001,-6.138452216727588E+001,
4.500488758553275E+009,-2.285250862718144E+001,-7.955419958464556E+001,
4.504398826979472E+009,-2.278560694584861E+001,-9.705337997663386E+001,
4.508308895405669E+009,-2.263962272861214E+001,-1.155553890024097E+002,
4.512218963831867E+009,-2.281999548827836E+001,-1.347466541554295E+002,
4.516129032258064E+009,-2.284815091599430E+001,-1.516481765388282E+002,
4.520039100684262E+009,-2.282966478376651E+001,-1.696619824371199E+002,
4.523949169110459E+009,-2.275452666604042E+001,1.729386253119432E+002,
4.527859237536657E+009,-2.262122233825547E+001,1.545762798369991E+002,
4.531769305962854E+009,-2.245795564779592E+001,1.353307066503340E+002,
4.535679374389051E+009,-2.252581739691365E+001,1.156474230301646E+002,
4.539589442815249E+009,-2.259605727374105E+001,9.715896923020519E+001,
4.543499511241447E+009,-2.250881627996200E+001,7.792204388195175E+001,
4.547409579667645E+009,-2.286580946239877E+001,5.892162843728552E+001,
4.551319648093842E+009,-2.308626410095634E+001,4.103639171570514E+001,
4.555229716520039E+009,-2.313049340661682E+001,2.322180449183210E+001,
4.559139784946237E+009,-2.312513729015574E+001,5.819550577119923E+000,
4.563049853372434E+009,-2.325158395073775E+001,-1.228322718310982E+001,
4.566959921798632E+009,-2.326687678145914E+001,-2.966100323688395E+001,
4.570869990224829E+009,-2.313450274988227E+001,-4.711084109566728E+001,
4.574780058651027E+009,-2.288233608610233E+001,-6.637970532650566E+001,
4.578690127077224E+009,-2.295266809039747E+001,-8.600265848120698E+001,
4.582600195503422E+009,-2.312189347292679E+001,-1.046907923151504E+002,
4.586510263929619E+009,-2.335049269209569E+001,-1.225238200392544E+002,
4.590420332355816E+009,-2.324869707081290E+001,-1.394346366436186E+002,
4.594330400782014E+009,-2.335740433444580E+001,-1.577290031702852E+002,
4.598240469208211E+009,-2.337239096221124E+001,-1.753937960485627E+002,
4.602150537634409E+009,-2.339240425169563E+001,1.673443974848438E+002,
4.606060606060606E+009,-2.327602243635127E+001,1.499768050876016E+002,
4.609970674486803E+009,-2.317040622239956E+001,1.319581963535957E+002,
4.613880742913001E+009,-2.297699100110587E+001,1.135927962670769E+002,
4.617790811339198E+009,-2.276952176162298E+001,9.471065437796192E+001,
4.621700879765396E+009,-2.271151056029213E+001,7.546484254413196E+001,
4.625610948191593E+009,-2.266630352598047E+001,5.551105514310924E+001,
4.629521016617791E+009,-2.274873763091978E+001,3.689193589407811E+001,
4.633431085043988E+009,-2.256248735392538E+001,1.828277606034144E+001,
4.637341153470186E+009,-2.250331324446705E+001,-1.231648608485852E+000,
4.641251221896383E+009,-2.252658742669879E+001,-2.032239264441842E+001,
4.645161290322580E+009,-2.240571384934340E+001,-3.994296069927807E+001,
4.649071358748778E+009,-2.247257708125294E+001,-6.020202040363149E+001,
4.652981427174975E+009,-2.252326410784642E+001,-7.955768698375707E+001,
4.656891495601173E+009,-2.258203621596410E+001,-9.933302379352698E+001,
4.660801564027371E+009,-2.269547007273303E+001,-1.190303863251754E+002,
4.664711632453568E+009,-2.263506539702244E+001,-1.382918931173951E+002,
4.668621700879766E+009,-2.272279517496532E+001,-1.588070891589608E+002,
4.672531769305963E+009,-2.289995162476227E+001,-1.783897504295076E+002,
4.676441837732161E+009,-2.300878815603400E+001,1.620914138126774E+002,
4.680351906158358E+009,-2.322862279219864E+001,1.426153699767106E+002,
4.684261974584556E+009,-2.324997294860037E+001,1.231365757627450E+002,
4.688172043010753E+009,-2.335782345826963E+001,1.020608220695712E+002,
4.692082111436951E+009,-2.367977617021776E+001,8.194053209095719E+001,
4.695992179863148E+009,-2.390524379390183E+001,6.291520090636284E+001,
4.699902248289345E+009,-2.401393055718139E+001,4.308412109057924E+001,
4.703812316715543E+009,-2.416671273763628E+001,2.243394331286967E+001,
4.707722385141740E+009,-2.454681392493743E+001,2.338660562395142E+000,
4.711632453567938E+009,-2.483174358662122E+001,-1.724481059491096E+001,
4.715542521994135E+009,-2.493329002729796E+001,-3.727336182603992E+001,
4.719452590420332E+009,-2.526127831778894E+001,-5.779105654719906E+001,
4.723362658846530E+009,-2.549009107366670E+001,-7.825497411679162E+001,
4.727272727272727E+009,-2.581510331264501E+001,-9.897643014756558E+001,
4.731182795698925E+009,-2.611749289247901E+001,-1.208318272595788E+002,
4.735092864125122E+009,-2.658188042692418E+001,-1.425479859982555E+002,
4.739002932551320E+009,-2.716212815844044E+001,-1.644758198791780E+002,
4.742913000977517E+009,-2.791806765863538E+001,1.746063214311478E+002,
4.746823069403714E+009,-2.841136318047534E+001,1.557432971708791E+002,
4.750733137829912E+009,-2.903115963906540E+001,1.342695645089654E+002,
4.754643206256109E+009,-2.957606065433723E+001,1.122320163668095E+002,
4.758553274682307E+009,-3.064514457224529E+001,9.163816285303984E+001,
4.762463343108504E+009,-3.136152245728400E+001,7.079226745754841E+001,
4.766373411534702E+009,-3.220765390804804E+001,4.844577456335603E+001,
4.770283479960899E+009,-3.309113377759105E+001,2.756539155513299E+001,
4.774193548387096E+009,-3.417574089855969E+001,6.434724660264006E+000,
4.778103616813294E+009,-3.515715793683316E+001,-1.457850779200852E+001,
4.782013685239492E+009,-3.615602601864234E+001,-3.570050564770137E+001,
4.785923753665690E+009,-3.697356046043075E+001,-5.793756230907913E+001,
4.789833822091887E+009,-3.773370553796548E+001,-8.313369638998319E+001,
4.793743890518084E+009,-3.927133186999011E+001,-1.115843128995712E+002,
4.797653958944282E+009,-4.061036777998992E+001,-1.344561241284433E+002,
4.801564027370479E+009,-4.119773511879400E+001,-1.621268062777717E+002,
4.805474095796677E+009,-4.174552884454216E+001,1.669932291551993E+002,
4.809384164222874E+009,-4.204085274488590E+001,1.349071865481212E+002,
4.813294232649072E+009,-4.242224123181356E+001,1.014952151963642E+002,
4.817204301075269E+009,-4.240104468171383E+001,7.359408601727998E+001,
4.821114369501467E+009,-4.167716242305423E+001,4.282157872243975E+001,
4.825024437927664E+009,-4.125752067252611E+001,1.468213982571136E+001,
4.828934506353861E+009,-4.125801909268154E+001,-1.178738259945862E+001,
4.832844574780059E+009,-4.055590036279391E+001,-2.997914854453430E+001,
4.836754643206256E+009,-3.951709388851626E+001,-5.219656297210505E+001,
4.840664711632454E+009,-3.831715662072944E+001,-7.571614979993518E+001,
4.844574780058651E+009,-3.792985394905720E+001,-1.054283639329565E+002,
4.848484848484848E+009,-3.860921912624424E+001,-1.266076442442973E+002,
4.852394916911046E+009,-3.864938164852749E+001,-1.448338207925479E+002,
4.856304985337243E+009,-3.886984113279471E+001,-1.620372065766334E+002,
4.860215053763441E+009,-3.837610822183415E+001,-1.752559131799214E+002,
4.864125122189638E+009,-3.738005120850516E+001,1.639853323334328E+002,
4.868035190615836E+009,-3.710979676958122E+001,1.427679655977030E+002,
4.871945259042033E+009,-3.761204370794648E+001,1.229389320150624E+002,
4.875855327468231E+009,-3.760413183559413E+001,1.098756013167082E+002,
4.879765395894428E+009,-3.680563673962416E+001,9.409509857829174E+001,
4.883675464320625E+009,-3.615098646449395E+001,7.375151457965785E+001,
4.887585532746823E+009,-3.603565366452386E+001,5.224847449760048E+001,
4.891495601173020E+009,-3.629413574789565E+001,3.236993767411554E+001,
4.895405669599218E+009,-3.656209692253312E+001,1.349058024995361E+001,
4.899315738025415E+009,-3.718643683950508E+001,-4.737104688829547E+000,
4.903225806451613E+009,-3.750631061278894E+001,-1.864747168751556E+001,
4.907135874877811E+009,-3.759242354266672E+001,-3.437853983470595E+001,
4.911045943304008E+009,-3.803290159680910E+001,-4.839729910101756E+001,
4.914956011730206E+009,-3.808464540975580E+001,-6.237155678917266E+001,
4.918866080156403E+009,-3.808126197239859E+001,-7.663123119928997E+001,
4.922776148582601E+009,-3.794648806568473E+001,-8.918933054405929E+001,
4.926686217008798E+009,-3.807173469849276E+001,-1.036731142710346E+002,
4.930596285434996E+009,-3.763968931573754E+001,-1.127345303743029E+002,
4.934506353861193E+009,-3.658940625410885E+001,-1.271289157180846E+002,
4.938416422287390E+009,-3.571654232405960E+001,-1.448580530280935E+002,
4.942326490713588E+009,-3.540438065471641E+001,-1.655602516448701E+002,
4.946236559139785E+009,-3.568421439558735E+001,1.757939059818230E+002,
4.950146627565983E+009,-3.623905210110983E+001,1.615638995869285E+002,
4.954056695992180E+009,-3.637654124960383E+001,1.516968281234513E+002,
4.957966764418377E+009,-3.557506572256722E+001,1.398391888052059E+002,
4.961876832844575E+009,-3.491432164757201E+001,1.246926538625515E+002,
4.965786901270772E+009,-3.436588064178245E+001,1.102492167791088E+002,
4.969696969696970E+009,-3.362527048087922E+001,9.506623323147159E+001,
4.973607038123167E+009,-3.285840887927194E+001,7.982545444628939E+001,
4.977517106549365E+009,-3.196824451736227E+001,6.248209194133870E+001,
4.981427174975562E+009,-3.113464748834844E+001,4.397046368848969E+001,
4.985337243401759E+009,-3.062809639498067E+001,2.326913428119700E+001,
4.989247311827957E+009,-3.044301940999451E+001,3.603851780679720E+000,
4.993157380254154E+009,-3.025310954042535E+001,-1.333880532518588E+001,
4.997067448680352E+009,-2.996680570918642E+001,-3.165409402218392E+001,
5.000977517106549E+009,-2.995228614315639E+001,-4.934360566393578E+001,
5.004887585532747E+009,-2.975775139303447E+001,-6.583087930288383E+001,
5.008797653958944E+009,-2.923680161887189E+001,-8.132769693085733E+001,
5.012707722385141E+009,-2.887136435631739E+001,-9.902497466713561E+001,
5.016617790811339E+009,-2.852986583473214E+001,-1.156424969626716E+002,
5.020527859237536E+009,-2.800982174459438E+001,-1.326865250385540E+002,
5.024437927663734E+009,-2.746355577753885E+001,-1.527147648311257E+002,
5.028347996089932E+009,-2.711007196101156E+001,-1.728598900750237E+002,
5.032258064516129E+009,-2.699379181685816E+001,1.659186369272744E+002,
5.036168132942327E+009,-2.705625296196970E+001,1.468022909817716E+002,
5.040078201368524E+009,-2.742328439116923E+001,1.280978299901378E+002,
5.043988269794722E+009,-2.754112115725404E+001,1.135000727641907E+002,
5.047898338220919E+009,-2.758558327251393E+001,9.856541056545916E+001,
5.051808406647117E+009,-2.702653771058230E+001,8.571811303514183E+001,
5.055718475073314E+009,-2.649428724643713E+001,6.821501107135268E+001,
5.059628543499512E+009,-2.602430518901966E+001,5.056693899799230E+001,
5.063538611925709E+009,-2.551955500674835E+001,3.219186288820334E+001,
5.067448680351906E+009,-2.505893293259810E+001,1.307586780743465E+001,
5.071358748778104E+009,-2.468366551091948E+001,-7.530964830604122E+000,
5.075268817204301E+009,-2.474440174514030E+001,-2.755433711860702E+001,
5.079178885630499E+009,-2.474251531165477E+001,-4.594960378604603E+001,
5.083088954056696E+009,-2.493603173864723E+001,-6.424594788401804E+001,
5.086999022482893E+009,-2.505577736349984E+001,-8.107399366767172E+001,
5.090909090909091E+009,-2.501463779854504E+001,-9.607925802879959E+001,
5.094819159335288E+009,-2.464772526714620E+001,-1.120850793702872E+002,
5.098729227761486E+009,-2.426580417967412E+001,-1.295565864380079E+002,
5.102639296187683E+009,-2.385903997196450E+001,-1.468195811344559E+002,
5.106549364613881E+009,-2.346677760982692E+001,-1.654579462110200E+002,
5.110459433040078E+009,-2.310721445585528E+001,1.750118451562737E+002,
5.114369501466276E+009,-2.287493274309940E+001,1.549071120589524E+002,
5.118279569892473E+009,-2.284073254764693E+001,1.348590314468938E+002,
5.122189638318670E+009,-2.292664693223566E+001,1.157519598509501E+002,
5.126099706744868E+009,-2.301370699362007E+001,9.719791727610793E+001,
5.130009775171065E+009,-2.311075334527934E+001,7.967768723240667E+001,
5.133919843597263E+009,-2.311267490724861E+001,6.286089610786265E+001,
5.137829912023460E+009,-2.304937822781614E+001,4.504365367153404E+001,
5.141739980449657E+009,-2.285745718577747E+001,2.743321334372114E+001,
5.145650048875855E+009,-2.264292616590368E+001,8.914179812400693E+000,
5.149560117302053E+009,-2.264904465544833E+001,-9.108148633517299E+000,
5.153470185728251E+009,-2.261499876563180E+001,-2.739643681726224E+001,
5.157380254154448E+009,-2.245725803965495E+001,-4.488764279567931E+001,
5.161290322580645E+009,-2.236986006786458E+001,-6.338553158908094E+001,
5.165200391006843E+009,-2.233990956220295E+001,-8.190922476422428E+001,
5.169110459433041E+009,-2.241230154809956E+001,-1.003705146097961E+002,
5.173020527859238E+009,-2.246690665968711E+001,-1.177552668629821E+002,
5.176930596285435E+009,-2.242382075860359E+001,-1.352735079490956E+002,
5.180840664711633E+009,-2.238033688178312E+001,-1.535758855253404E+002,
5.184750733137830E+009,-2.229261172060521E+001,-1.703802877186480E+002,
5.188660801564028E+009,-2.219895555356597E+001,1.715439109344344E+002,
5.192570869990225E+009,-2.210298020096117E+001,1.541202698820169E+002,
5.196480938416422E+009,-2.185551216476647E+001,1.360162049323719E+002,
5.200391006842620E+009,-2.193046704548232E+001,1.167426812834204E+002,
5.204301075268817E+009,-2.184362595823787E+001,9.772915291991667E+001,
5.208211143695015E+009,-2.206308014488952E+001,7.937867964878936E+001,
5.212121212121212E+009,-2.212962307899095E+001,6.206414117816330E+001,
5.216031280547409E+009,-2.207876425514504E+001,4.473893412604189E+001,
5.219941348973607E+009,-2.212545838432833E+001,2.704778681947386E+001,
5.223851417399805E+009,-2.208588049397250E+001,9.366132155036921E+000,
5.227761485826002E+009,-2.212994795884418E+001,-8.401703123054189E+000,
5.231671554252199E+009,-2.198863415057425E+001,-2.547544908559824E+001,
5.235581622678397E+009,-2.175236740403708E+001,-4.320956030791079E+001,
5.239491691104594E+009,-2.166382518895846E+001,-6.201312678290508E+001,
5.243401759530792E+009,-2.163244686282609E+001,-8.058978239147558E+001,
5.247311827956989E+009,-2.159532931778818E+001,-9.884212559972815E+001,
5.251221896383186E+009,-2.161193025938473E+001,-1.177460551429756E+002,
5.255131964809384E+009,-2.170963807432390E+001,-1.365116530514538E+002,
5.259042033235581E+009,-2.186943683792102E+001,-1.549233949430843E+002,
5.262952101661779E+009,-2.197882639071189E+001,-1.727704667810522E+002,
5.266862170087977E+009,-2.198446931420745E+001,1.696681838184460E+002,
5.270772238514174E+009,-2.212319785756176E+001,1.516016955967374E+002,
5.274682306940372E+009,-2.225772120320038E+001,1.351460571498060E+002,
5.278592375366570E+009,-2.214141654388603E+001,1.185819707920236E+002,
5.282502443792767E+009,-2.198495135796399E+001,1.005777073798508E+002,
5.286412512218964E+009,-2.194199959552470E+001,8.257832674971021E+001,
5.290322580645162E+009,-2.183988873025682E+001,6.361644406794787E+001,
5.294232649071359E+009,-2.177181462049351E+001,4.539569685838712E+001,
5.298142717497557E+009,-2.171329126479591E+001,2.705183264634141E+001,
5.302052785923754E+009,-2.170493074660426E+001,7.399497201357439E+000,
5.305962854349951E+009,-2.178885644128302E+001,-1.153544159639453E+001,
5.309872922776149E+009,-2.202250758448340E+001,-3.059457767357789E+001,
5.313782991202346E+009,-2.224609349936396E+001,-4.754955363860989E+001,
5.317693059628544E+009,-2.237839282756890E+001,-6.483686826973751E+001,
5.321603128054741E+009,-2.224197777357481E+001,-8.184653787440294E+001,
5.325513196480938E+009,-2.217778897397554E+001,-1.000771755208649E+002,
5.329423264907136E+009,-2.216498092110310E+001,-1.188928303801939E+002,
5.333333333333333E+009,-2.230130592351385E+001,-1.381046786239458E+002,
5.337243401759531E+009,-2.249675686010394E+001,-1.563679534010833E+002,
5.341153470185728E+009,-2.264609315302636E+001,-1.742419999338928E+002,
5.345063538611926E+009,-2.265009241288349E+001,1.673806374677119E+002,
5.348973607038123E+009,-2.285070771928085E+001,1.492102539541967E+002,
5.352883675464321E+009,-2.301858085529849E+001,1.320595108673657E+002,
5.356793743890518E+009,-2.303455276050622E+001,1.143807022312347E+002,
5.360703812316715E+009,-2.295050886258233E+001,9.583974997076705E+001,
5.364613880742913E+009,-2.319397136700874E+001,7.724465037253410E+001,
5.368523949169110E+009,-2.335976866882083E+001,6.003089758164306E+001,
5.372434017595308E+009,-2.330470594449358E+001,4.231417834023412E+001,
5.376344086021505E+009,-2.337436728090581E+001,2.346009605236587E+001,
5.380254154447702E+009,-2.357189777091172E+001,5.273965315318995E+000,
5.384164222873900E+009,-2.363365887360564E+001,-1.247788286996755E+001,
5.388074291300098E+009,-2.367956838581495E+001,-3.031127876230715E+001,
5.391984359726296E+009,-2.402820387963227E+001,-4.819506455356380E+001,
5.395894428152493E+009,-2.400417364378448E+001,-6.520274877425926E+001,
5.399804496578690E+009,-2.384972253768193E+001,-8.339419926301211E+001,
5.403714565004888E+009,-2.395925309645463E+001,-1.028877467964020E+002,
5.407624633431086E+009,-2.402521376220210E+001,-1.209010734266343E+002,
5.411534701857283E+009,-2.409103091155330E+001,-1.387527976966442E+002,
5.415444770283480E+009,-2.413988196042861E+001,-1.565972018495311E+002,
5.419354838709678E+009,-2.418231382507453E+001,-1.748745259154288E+002,
5.423264907135875E+009,-2.403934095933495E+001,1.665289388312758E+002,
5.427174975562073E+009,-2.385150260609690E+001,1.470455434693062E+002,
5.431085043988270E+009,-2.402668008153616E+001,1.259046915327572E+002,
5.434995112414467E+009,-2.432402946727612E+001,1.067425401969144E+002,
5.438905180840665E+009,-2.458334730427009E+001,8.823945178845555E+001,
5.442815249266862E+009,-2.465185561929719E+001,6.952084546966135E+001,
5.446725317693060E+009,-2.477348142170182E+001,5.023238801656194E+001,
5.450635386119257E+009,-2.483768944743424E+001,3.068593466657219E+001,
5.454545454545454E+009,-2.503188939700465E+001,1.071072463440812E+001,
5.458455522971652E+009,-2.519699255621301E+001,-8.678771661686954E+000,
5.462365591397850E+009,-2.527186077562535E+001,-2.867461384688419E+001,
5.466275659824047E+009,-2.541368494324614E+001,-4.880509890974727E+001,
5.470185728250244E+009,-2.562680259706636E+001,-6.990717769691034E+001,
5.474095796676442E+009,-2.591630712356449E+001,-8.986504043956995E+001,
5.478005865102639E+009,-2.638888669432483E+001,-1.108989195822952E+002,
5.481915933528837E+009,-2.654542508822078E+001,-1.307899689045666E+002,
5.485826001955034E+009,-2.692592902032213E+001,-1.527375727580254E+002,
5.489736070381231E+009,-2.732542192663063E+001,-1.725890334500559E+002,
5.493646138807429E+009,-2.778303759949095E+001,1.656490851197419E+002,
5.497556207233626E+009,-2.825457339417081E+001,1.432039620003700E+002,
5.501466275659824E+009,-2.913709419110550E+001,1.229484602650816E+002,
5.505376344086021E+009,-2.989176856156965E+001,1.040423716743398E+002,
5.509286412512219E+009,-3.017476862483631E+001,8.529541442024718E+001,
5.513196480938417E+009,-3.038244109698535E+001,6.372083917219652E+001,
5.517106549364615E+009,-3.073682662890726E+001,4.059639280207097E+001,
5.521016617790812E+009,-3.145765329710713E+001,1.764122332653117E+001,
5.524926686217009E+009,-3.204898719550472E+001,-4.278607876165214E+000,
5.528836754643207E+009,-3.249330686619403E+001,-2.759737531493691E+001,
5.532746823069404E+009,-3.323828478311334E+001,-5.078693854357677E+001,
5.536656891495602E+009,-3.400735374342013E+001,-7.213326275205665E+001,
5.540566959921799E+009,-3.433180584684435E+001,-9.440483101000091E+001,
5.544477028347996E+009,-3.475322535983209E+001,-1.207296401900744E+002,
5.548387096774194E+009,-3.538491575621318E+001,-1.457230938908256E+002,
5.552297165200391E+009,-3.613571633485407E+001,-1.707831022805183E+002,
5.556207233626589E+009,-3.670722746992956E+001,1.671178883659871E+002,
5.560117302052786E+009,-3.666189648052452E+001,1.428748847338274E+002,
5.564027370478983E+009,-3.675339744753823E+001,1.161733774498484E+002,
5.567937438905181E+009,-3.711519764608019E+001,9.111939655047110E+001,
5.571847507331378E+009,-3.732710509711946E+001,6.688382995916828E+001,
5.575757575757576E+009,-3.706277478568109E+001,4.387605555543053E+001,
5.579667644183773E+009,-3.669677598531008E+001,1.919044138918813E+001,
5.583577712609971E+009,-3.639377988874179E+001,-5.257944882971127E+000,
5.587487781036168E+009,-3.607388385491923E+001,-3.135771223782640E+001,
5.591397849462366E+009,-3.635783169047223E+001,-5.775339157940981E+001,
5.595307917888563E+009,-3.703807704291323E+001,-8.039360381800687E+001,
5.599217986314760E+009,-3.734859305635610E+001,-1.003109836211880E+002,
5.603128054740958E+009,-3.788244465750297E+001,-1.171351212719422E+002,
5.607038123167155E+009,-3.767129451412864E+001,-1.332232270898497E+002,
5.610948191593353E+009,-3.746744594498591E+001,-1.496382452865060E+002,
5.614858260019550E+009,-3.678790355278884E+001,-1.651611658194269E+002,
5.618768328445747E+009,-3.620002087178313E+001,1.756740055568739E+002,
5.622678396871945E+009,-3.580011846873908E+001,1.554397601507988E+002,
5.626588465298142E+009,-3.551106503543237E+001,1.371608321609754E+002,
5.630498533724340E+009,-3.520593211230133E+001,1.164497528260431E+002,
5.634408602150538E+009,-3.554575803920344E+001,9.867053696643131E+001,
5.638318670576735E+009,-3.526312146198039E+001,8.430885785694676E+001,
5.642228739002933E+009,-3.462871208214082E+001,6.821405880304772E+001,
5.646138807429131E+009,-3.413625914555682E+001,4.991814872365595E+001,
5.650048875855328E+009,-3.356998312100635E+001,3.132560014419123E+001,
5.653958944281525E+009,-3.338473778376320E+001,1.316779842991269E+001,
5.657869012707723E+009,-3.315548700688512E+001,-5.037244257645261E+000,
5.661779081133920E+009,-3.274280740635550E+001,-1.963223243633191E+001,
5.665689149560118E+009,-3.180282212787627E+001,-3.734049884135378E+001,
5.669599217986315E+009,-3.107336119649017E+001,-5.798294351717097E+001,
5.673509286412512E+009,-3.041904843480090E+001,-7.833657971696118E+001,
5.677419354838710E+009,-3.010344425064012E+001,-1.023092319707195E+002,
5.681329423264907E+009,-3.027065878673644E+001,-1.239258978040575E+002,
5.685239491691105E+009,-3.058525540695472E+001,-1.454082719615086E+002,
5.689149560117302E+009,-3.119953590806257E+001,-1.626950051827124E+002,
5.693059628543499E+009,-3.115940641101720E+001,-1.777136348150241E+002,
5.696969696969697E+009,-3.107509040600734E+001,1.659489687803307E+002,
5.700879765395895E+009,-3.084664723087819E+001,1.491576106627012E+002,
5.704789833822092E+009,-3.083541762284045E+001,1.318769287693728E+002,
5.708699902248289E+009,-3.039527451778518E+001,1.170765112836686E+002,
5.712609970674487E+009,-2.961459324917314E+001,9.911154142663274E+001,
5.716520039100684E+009,-2.913694603267122E+001,7.896964960137564E+001,
5.720430107526882E+009,-2.870755527061396E+001,5.846588743986507E+001,
5.724340175953079E+009,-2.858649585084126E+001,3.503222007320059E+001,
5.728250244379276E+009,-2.904965320567299E+001,1.421685869695642E+001,
5.732160312805474E+009,-2.989805102610144E+001,-3.412678315091470E+000,
5.736070381231671E+009,-3.001407621577287E+001,-1.886110784808778E+001,
5.739980449657869E+009,-2.974237676099374E+001,-3.391689804776777E+001,
5.743890518084066E+009,-2.955903359062604E+001,-5.164288854608890E+001,
5.747800586510263E+009,-2.905633752661453E+001,-6.993338373938505E+001,
5.751710654936461E+009,-2.910736587360008E+001,-8.797044963619982E+001,
5.755620723362660E+009,-2.903115886450465E+001,-1.070306505261152E+002,
5.759530791788857E+009,-2.879929512730352E+001,-1.259316029463638E+002,
5.763440860215054E+009,-2.846846506497500E+001,-1.452210443169746E+002,
5.767350928641252E+009,-2.882985470536471E+001,-1.658285179342873E+002,
5.771260997067449E+009,-2.899390968156410E+001,1.748321346100624E+002,
5.775171065493647E+009,-2.925635607168898E+001,1.559058786410441E+002,
5.779081133919844E+009,-2.963374378264583E+001,1.367538015650683E+002,
5.782991202346041E+009,-2.965938924479736E+001,1.213419941338052E+002,
5.786901270772239E+009,-2.977547745861916E+001,1.051823974711883E+002,
5.790811339198436E+009,-2.977435094556562E+001,8.869319542088319E+001,
5.794721407624634E+009,-2.924340794538977E+001,6.956275668101631E+001,
5.798631476050831E+009,-2.944907383636234E+001,4.967127017683109E+001,
5.802541544477028E+009,-2.997983848870210E+001,3.290490932984869E+001,
5.806451612903226E+009,-3.002887882540140E+001,1.610987778146873E+001,
5.810361681329423E+009,-3.018644757916953E+001,-1.657137338599812E+000,
5.814271749755621E+009,-3.047221368682729E+001,-1.678035115598514E+001,
5.818181818181818E+009,-3.042894518488780E+001,-3.453704624322077E+001,
5.822091886608016E+009,-3.048746673431873E+001,-5.194530226925496E+001,
5.826001955034213E+009,-3.074154184084019E+001,-6.834517631801582E+001,
5.829912023460411E+009,-3.076786514496809E+001,-8.492652758250856E+001,
5.833822091886608E+009,-3.090282618430236E+001,-9.882592671479937E+001,
5.837732160312805E+009,-3.077734312017383E+001,-1.144549126984520E+002,
5.841642228739003E+009,-3.058087995706227E+001,-1.321535992202783E+002,
5.845552297165200E+009,-3.022660735205504E+001,-1.486027820495354E+002,
5.849462365591398E+009,-3.016854153057447E+001,-1.664765891561248E+002,
5.853372434017595E+009,-3.009693275264556E+001,1.767829901342365E+002,
5.857282502443792E+009,-2.997492950576096E+001,1.584874854089901E+002,
5.861192570869990E+009,-2.996852291725741E+001,1.399682026258228E+002,
5.865102639296187E+009,-3.020853633824171E+001,1.221638969270832E+002,
5.869012707722385E+009,-3.039388451645262E+001,1.053577221337998E+002,
5.872922776148583E+009,-3.025688176629654E+001,8.998891104259090E+001,
5.876832844574780E+009,-2.992676335626448E+001,7.120153392407235E+001,
5.880742913000978E+009,-3.027607996988614E+001,5.257919216582640E+001,
5.884652981427176E+009,-3.040695926322641E+001,3.741226695383938E+001,
5.888563049853373E+009,-3.038760191873751E+001,2.100531638842247E+001,
5.892473118279570E+009,-3.027870160837176E+001,4.168033239097079E+000,
5.896383186705768E+009,-3.032008206428942E+001,-1.165671751474152E+001,
5.900293255131965E+009,-3.019308896822519E+001,-2.816571376770567E+001,
5.904203323558163E+009,-3.004357481594454E+001,-4.322317743175741E+001,
5.908113391984360E+009,-2.958958953542114E+001,-5.914868050799286E+001,
5.912023460410557E+009,-2.933920483490141E+001,-7.824584919002761E+001,
5.915933528836755E+009,-2.937166369542670E+001,-9.606056466924494E+001,
5.919843597262952E+009,-2.934110325230745E+001,-1.146955959496858E+002,
5.923753665689150E+009,-2.936023763907762E+001,-1.325685667948955E+002,
5.927663734115347E+009,-2.956912546859723E+001,-1.500339106592344E+002,
5.931573802541544E+009,-2.973146715067756E+001,-1.631397038399969E+002,
5.935483870967742E+009,-2.935861000672739E+001,-1.786591214170939E+002,
5.939393939393940E+009,-2.919776255498685E+001,1.654645548603136E+002,
5.943304007820137E+009,-2.861062286213284E+001,1.488393993803990E+002,
5.947214076246334E+009,-2.819052223943884E+001,1.313693352152644E+002,
5.951124144672532E+009,-2.759012433873441E+001,1.124044138082766E+002,
5.955034213098729E+009,-2.735925046909436E+001,9.272754210849300E+001,
5.958944281524927E+009,-2.753213297370686E+001,7.400272639505349E+001,
5.962854349951124E+009,-2.755886370117643E+001,5.684458705378230E+001,
5.966764418377321E+009,-2.749552282248693E+001,4.014394337205160E+001,
5.970674486803519E+009,-2.715575362732323E+001,2.326943574457981E+001,
5.974584555229716E+009,-2.686311055989135E+001,5.703689815296643E+000,
5.978494623655914E+009,-2.651271346515131E+001,-1.098387533704528E+001,
5.982404692082111E+009,-2.595510969029462E+001,-2.983620889384175E+001,
5.986314760508308E+009,-2.551361019677928E+001,-4.976871558702376E+001,
5.990224828934506E+009,-2.533909210990227E+001,-7.130621698801539E+001,
5.994134897360704E+009,-2.537333623179723E+001,-9.170219455337815E+001,
5.998044965786902E+009,-2.555442234075920E+001,-1.111192904397974E+002,
6.001955034213099E+009,-2.563155414155181E+001,-1.293404059827738E+002,
6.005865102639297E+009,-2.551112720232956E+001,-1.477132000837301E+002,
6.009775171065494E+009,-2.575771066929771E+001,-1.666701930811265E+002,
6.013685239491692E+009,-2.578164589894958E+001,1.757553402410198E+002,
6.017595307917889E+009,-2.576520350764911E+001,1.586735659405740E+002,
6.021505376344086E+009,-2.568513656501888E+001,1.415941478167293E+002,
6.025415444770284E+009,-2.541407066348817E+001,1.234145947766253E+002,
6.029325513196481E+009,-2.514322364800370E+001,1.038068487685267E+002,
6.033235581622679E+009,-2.533313379111979E+001,8.407656668054916E+001,
6.037145650048876E+009,-2.528653940819451E+001,6.540844469181674E+001,
6.041055718475073E+009,-2.528657630526597E+001,4.674423230998085E+001,
6.044965786901271E+009,-2.531542595434803E+001,2.886224424562536E+001,
6.048875855327468E+009,-2.533712806231361E+001,1.112125339439073E+001,
6.052785923753666E+009,-2.518712806375865E+001,-7.657991182924920E+000,
6.056695992179863E+009,-2.542350531669781E+001,-2.720283601427504E+001,
6.060606060606061E+009,-2.541351445274589E+001,-4.402774396879006E+001,
6.064516129032258E+009,-2.524900331391094E+001,-6.140468581029028E+001,
6.068426197458456E+009,-2.501882284575533E+001,-7.983598234082002E+001,
6.072336265884653E+009,-2.485045598964322E+001,-9.935027838560374E+001,
6.076246334310850E+009,-2.487101905817696E+001,-1.189807417739201E+002,
6.080156402737048E+009,-2.486988033167240E+001,-1.382059454661539E+002,
6.084066471163245E+009,-2.485856783401693E+001,-1.562070026119543E+002,
6.087976539589443E+009,-2.494028957504863E+001,-1.761335064521049E+002,
6.091886608015640E+009,-2.494439200409581E+001,1.651397820732938E+002,
6.095796676441837E+009,-2.490386862844229E+001,1.466059675730060E+002,
6.099706744868035E+009,-2.485845165414359E+001,1.271262215556547E+002,
6.103616813294232E+009,-2.484419829634547E+001,1.080172645487318E+002,
6.107526881720430E+009,-2.479947003362668E+001,8.768963247174661E+001,
6.111436950146627E+009,-2.497420258667118E+001,6.771993243042502E+001,
6.115347018572825E+009,-2.508304517849950E+001,4.794298553794987E+001,
6.119257086999023E+009,-2.543154263275518E+001,2.701435309669001E+001,
6.123167155425221E+009,-2.593550071892986E+001,9.474952080124808E+000,
6.127077223851418E+009,-2.612980191486246E+001,-7.788678002956461E+000,
6.130987292277615E+009,-2.600228655122546E+001,-2.526234684032362E+001,
6.134897360703813E+009,-2.594373579541927E+001,-4.359956620912708E+001,
6.138807429130010E+009,-2.595437521789127E+001,-6.419689060071312E+001,
6.142717497556208E+009,-2.613385836562932E+001,-8.359840549097649E+001,
6.146627565982405E+009,-2.632464109722184E+001,-1.003175990765208E+002,
6.150537634408602E+009,-2.629844717465873E+001,-1.201207190660707E+002,
6.154447702834800E+009,-2.636524123714366E+001,-1.396089969671025E+002,
6.158357771260998E+009,-2.642987903331220E+001,-1.592147276689865E+002,
6.162267839687195E+009,-2.662838195593153E+001,-1.793295110962512E+002,
6.166177908113392E+009,-2.695142793663901E+001,1.604565933830864E+002,
6.170087976539589E+009,-2.730204917619199E+001,1.405300574827436E+002,
6.173998044965787E+009,-2.784295761451967E+001,1.220380032731474E+002,
6.177908113391985E+009,-2.811001642028790E+001,1.056951959500897E+002,
6.181818181818182E+009,-2.821135941695775E+001,8.658725850257409E+001,
6.185728250244379E+009,-2.852384116093523E+001,6.967094908994295E+001,
6.189638318670576E+009,-2.864496529420566E+001,5.393614789927340E+001,
6.193548387096774E+009,-2.843599512811208E+001,3.520062842762582E+001,
6.197458455522972E+009,-2.832362685191236E+001,1.614753058992456E+001,
6.201368523949169E+009,-2.852168981283629E+001,-5.468777561104279E+000,
6.205278592375366E+009,-2.889244079422164E+001,-2.510622183110158E+001,
6.209188660801564E+009,-2.903169694266741E+001,-4.327643983992304E+001,
6.213098729227762E+009,-2.926977310334742E+001,-6.129149911587575E+001,
6.217008797653959E+009,-2.907798589458083E+001,-8.041113792754484E+001,
6.220918866080156E+009,-2.919097208775475E+001,-9.939854268751584E+001,
6.224828934506353E+009,-2.927660725153560E+001,-1.199589643373392E+002,
6.228739002932551E+009,-2.974354801620621E+001,-1.400972769203396E+002,
6.232649071358749E+009,-2.996365427661127E+001,-1.595688680395243E+002,
6.236559139784946E+009,-2.991188967662740E+001,-1.764701868013493E+002,
6.240469208211144E+009,-2.982331847647387E+001,1.629212781931941E+002,
6.244379276637341E+009,-2.999271422875940E+001,1.416386166904665E+002,
6.248289345063539E+009,-3.047938055147650E+001,1.221970172276866E+002,
6.252199413489737E+009,-3.047169588176594E+001,1.040894554254858E+002,
6.256109481915934E+009,-3.051431454615830E+001,8.458984952343100E+001,
6.260019550342131E+009,-3.051209061342009E+001,6.360639380422102E+001,
6.263929618768329E+009,-3.032952484797567E+001,4.180249368041974E+001,
6.267839687194526E+009,-3.050887712957234E+001,1.654030569011532E+001,
6.271749755620724E+009,-3.114286796131930E+001,-6.692803283644669E+000,
6.275659824046921E+009,-3.193056244342482E+001,-2.613586004317076E+001,
6.279569892473118E+009,-3.227747206633428E+001,-4.562341871978604E+001,
6.283479960899316E+009,-3.279893468828801E+001,-6.810581293363322E+001,
6.287390029325514E+009,-3.350187312817595E+001,-8.863443703776689E+001,
6.291300097751711E+009,-3.411017011803161E+001,-1.080555554743563E+002,
6.295210166177908E+009,-3.458325029435625E+001,-1.254670679515410E+002,
6.299120234604105E+009,-3.438245237936510E+001,-1.429636169079568E+002,
6.303030303030303E+009,-3.426708349892915E+001,-1.660908477429418E+002,
6.306940371456501E+009,-3.434684053381972E+001,1.703514493993890E+002,
6.310850439882698E+009,-3.486130488973259E+001,1.456060606616844E+002,
6.314760508308895E+009,-3.560351342795322E+001,1.226805385363143E+002,
6.318670576735093E+009,-3.636703108028024E+001,1.024063964278359E+002,
6.322580645161290E+009,-3.705720636802906E+001,8.122687393838417E+001,
6.326490713587488E+009,-3.749073082219131E+001,6.088311934074032E+001,
6.330400782013685E+009,-3.797954619688237E+001,3.806312291112669E+001,
6.334310850439882E+009,-3.907711521022100E+001,1.655855189901899E+001,
6.338220918866080E+009,-4.070612477161688E+001,-1.533808564853617E+000,
6.342130987292278E+009,-4.088959221475373E+001,-8.663732132098630E+000,
6.346041055718475E+009,-4.014741076945802E+001,-2.408218315406908E+001,
6.349951124144672E+009,-3.905458842836384E+001,-4.470105820120502E+001,
6.353861192570869E+009,-3.853374678787729E+001,-7.062970691538828E+001,
6.357771260997068E+009,-3.864186232974546E+001,-9.559121302735454E+001,
6.361681329423266E+009,-3.873255080570029E+001,-1.194541813385765E+002,
6.365591397849463E+009,-3.935345840476336E+001,-1.449652185438494E+002,
6.369501466275660E+009,-4.032531334449337E+001,-1.640783852753637E+002,
6.373411534701857E+009,-4.094288185826345E+001,1.754755876507810E+002,
6.377321603128055E+009,-4.158365925700556E+001,1.604041556738768E+002,
6.381231671554253E+009,-4.158282469067365E+001,1.408654882169269E+002,
6.385141739980450E+009,-4.283746364043295E+001,1.249861412779351E+002,
6.389051808406647E+009,-4.271462574330702E+001,1.151943569052798E+002,
6.392961876832845E+009,-4.208663938250947E+001,1.024894444349163E+002,
6.396871945259043E+009,-4.108315434178435E+001,8.862689674817869E+001,
6.400782013685240E+009,-4.006122693580569E+001,6.776672593570068E+001,
6.404692082111437E+009,-3.920963366433481E+001,4.688639906159851E+001,
6.408602150537634E+009,-3.905483773513583E+001,2.545183593064393E+001,
6.412512218963832E+009,-3.873570298779043E+001,6.344124809492882E+000,
6.416422287390030E+009,-3.857669091685315E+001,-1.175085456672261E+001,
6.420332355816227E+009,-3.771265262838548E+001,-2.995726862552647E+001,
6.424242424242424E+009,-3.717847340876653E+001,-5.148610529970006E+001,
6.428152492668621E+009,-3.682936383761502E+001,-7.322550002546353E+001,
6.432062561094819E+009,-3.677675340800135E+001,-9.391775213873417E+001,
6.435972629521017E+009,-3.694820896557564E+001,-1.144392940998932E+002,
6.439882697947214E+009,-3.703707334096847E+001,-1.304310612121790E+002,
6.443792766373411E+009,-3.673029079931597E+001,-1.464424547476748E+002,
6.447702834799609E+009,-3.608521934878005E+001,-1.635862074930165E+002,
6.451612903225807E+009,-3.536768979596494E+001,1.787541911111792E+002,
6.455522971652004E+009,-3.439862997910453E+001,1.577070573268176E+002,
6.459433040078201E+009,-3.388455218680592E+001,1.333874142359126E+002,
6.463343108504398E+009,-3.399187359393225E+001,1.104146328563135E+002,
6.467253176930596E+009,-3.438129467987274E+001,9.041139188988331E+001,
6.471163245356794E+009,-3.412566223842579E+001,7.282749990999146E+001,
6.475073313782991E+009,-3.392213878264003E+001,5.186949566041969E+001,
6.478983382209189E+009,-3.396839569852443E+001,3.115947391649477E+001,
6.482893450635386E+009,-3.421983427209609E+001,1.084734188276861E+001,
6.486803519061584E+009,-3.483898959223743E+001,-7.946970457408090E+000,
6.490713587487782E+009,-3.495436961508477E+001,-1.989280971639374E+001,
6.494623655913979E+009,-3.426151696892750E+001,-3.518676472766578E+001,
6.498533724340176E+009,-3.339056565592702E+001,-5.360355720522480E+001,
6.502443792766374E+009,-3.282563273788266E+001,-7.650489211417036E+001,
6.506353861192571E+009,-3.292534227314772E+001,-9.987854198343921E+001,
6.510263929618769E+009,-3.341558338436580E+001,-1.204429664735621E+002,
6.514173998044966E+009,-3.373999598371145E+001,-1.368725997589086E+002,
6.518084066471163E+009,-3.343575190123395E+001,-1.542163131032995E+002,
6.521994134897361E+009,-3.321792481236039E+001,-1.754049885381950E+002,
6.525904203323559E+009,-3.380446805116063E+001,1.633206819563993E+002,
6.529814271749756E+009,-3.465406222914375E+001,1.464480805044812E+002,
6.533724340175953E+009,-3.482559836982643E+001,1.359216482958989E+002,
6.537634408602150E+009,-3.395400127785066E+001,1.202821376508919E+002,
6.541544477028348E+009,-3.358572815903486E+001,1.000159381943992E+002,
6.545454545454546E+009,-3.349983854600876E+001,7.933053308311594E+001,
6.549364613880743E+009,-3.385137244451948E+001,5.956578492565467E+001,
6.553274682306940E+009,-3.412884245474827E+001,4.275017549168164E+001,
6.557184750733138E+009,-3.435246182944832E+001,2.672319450076809E+001,
6.561094819159335E+009,-3.425850210164540E+001,1.078599190346268E+001,
6.565004887585533E+009,-3.411495428247930E+001,-7.251352145275861E+000,
6.568914956011730E+009,-3.438233300805079E+001,-2.486910900711490E+001,
6.572825024437927E+009,-3.449069172951338E+001,-3.993519736897922E+001,
6.576735092864125E+009,-3.417057998909033E+001,-5.516600580491611E+001,
6.580645161290323E+009,-3.364553131786569E+001,-7.199027348553378E+001,
6.584555229716520E+009,-3.348252457060884E+001,-9.219654468785264E+001,
6.588465298142717E+009,-3.349735773567963E+001,-1.106602535680738E+002,
6.592375366568914E+009,-3.361748251844473E+001,-1.287866588233248E+002,
6.596285434995112E+009,-3.375754638609697E+001,-1.466630920621706E+002,
6.600195503421310E+009,-3.402076938742704E+001,-1.638344476645435E+002,
6.604105571847508E+009,-3.416140279097527E+001,-1.786454088075429E+002,
6.608015640273705E+009,-3.413923801186386E+001,1.662273109213337E+002,
6.611925708699902E+009,-3.423607413729960E+001,1.515593520955344E+002,
6.615835777126100E+009,-3.371089937164635E+001,1.394593667837786E+002,
6.619745845552298E+009,-3.276213695526651E+001,1.239511736686116E+002,
6.623655913978495E+009,-3.180347155455667E+001,1.041108238568495E+002,
6.627565982404692E+009,-3.122617043041129E+001,8.224380651469217E+001,
6.631476050830890E+009,-3.113563713058884E+001,6.092386844201890E+001,
6.635386119257088E+009,-3.103949270990053E+001,4.007484648620328E+001,
6.639296187683285E+009,-3.124166242346136E+001,1.886468064431282E+001,
6.643206256109482E+009,-3.172049995990531E+001,-7.732924707891919E-001,
6.647116324535679E+009,-3.221964979285200E+001,-1.696630224271251E+001,
6.651026392961877E+009,-3.213611039961981E+001,-3.468399823099583E+001,
6.654936461388075E+009,-3.270552674367635E+001,-5.173660524627993E+001,
6.658846529814272E+009,-3.291301707525996E+001,-6.446774151644635E+001,
6.662756598240469E+009,-3.243439152517992E+001,-7.643807383059271E+001,
6.666666666666666E+009,-3.149544834881006E+001,-9.320606893859653E+001,
6.670576735092864E+009,-3.084360276990827E+001,-1.136626133209939E+002,
6.674486803519062E+009,-3.057451617075230E+001,-1.345095241462586E+002,
6.678396871945259E+009,-3.045601896229221E+001,-1.554864995090796E+002,
6.682306940371456E+009,-3.043753448046866E+001,-1.760490236922537E+002,
6.686217008797654E+009,-3.065098271557221E+001,1.625753288767171E+002,
6.690127077223852E+009,-3.141843484793849E+001,1.435978641878072E+002,
6.694037145650049E+009,-3.190965249618646E+001,1.280501976500234E+002,
6.697947214076246E+009,-3.217709855292479E+001,1.129797282101809E+002,
6.701857282502443E+009,-3.213210462224186E+001,9.972384158948775E+001,
6.705767350928641E+009,-3.140265190205388E+001,8.520875393562675E+001,
6.709677419354839E+009,-3.068911428180823E+001,6.647211221420707E+001,
6.713587487781036E+009,-3.020412780913565E+001,4.512708021902344E+001,
6.717497556207233E+009,-2.999468090079783E+001,2.219416308969236E+001,
6.721407624633431E+009,-3.044145903061319E+001,-3.423125908571872E-001,
6.725317693059629E+009,-3.110693535811641E+001,-2.060218117501744E+001,
6.729227761485827E+009,-3.180912075352787E+001,-3.727216949910184E+001,
6.733137829912024E+009,-3.229095917606198E+001,-5.328218740071462E+001,
6.737047898338221E+009,-3.266987919036097E+001,-6.799774881943890E+001,
6.740957966764419E+009,-3.281622117870236E+001,-8.315728065238625E+001,
6.744868035190616E+009,-3.301079028099050E+001,-9.661766362868605E+001,
6.748778103616814E+009,-3.262345390906326E+001,-1.097631026549532E+002,
6.752688172043011E+009,-3.198876422508078E+001,-1.248726217032256E+002,
6.756598240469208E+009,-3.120981433566083E+001,-1.432896493327048E+002,
6.760508308895406E+009,-3.080208046756312E+001,-1.644040776901296E+002,
6.764418377321604E+009,-3.081382808809202E+001,1.734126320942709E+002,
6.768328445747801E+009,-3.141483973650534E+001,1.533338277162397E+002,
6.772238514173998E+009,-3.190301445920093E+001,1.366873257553508E+002,
6.776148582600195E+009,-3.231418333397320E+001,1.211347941425504E+002,
6.780058651026393E+009,-3.257528160117357E+001,1.070380692520208E+002,
6.783968719452591E+009,-3.261768626328214E+001,9.358634542879047E+001,
6.787878787878788E+009,-3.232328946912963E+001,8.095407699496077E+001,
6.791788856304985E+009,-3.147987696579300E+001,6.643766118453368E+001,
6.795698924731183E+009,-3.064144607567581E+001,4.889901580047571E+001,
6.799608993157380E+009,-3.004294091459321E+001,2.948574660188697E+001,
6.803519061583578E+009,-2.959574080385625E+001,7.666299342308601E+000,
6.807429130009775E+009,-2.954146954216359E+001,-1.383011113935914E+001,
6.811339198435972E+009,-2.994582474069139E+001,-3.274123850765400E+001,
6.815249266862170E+009,-3.009233206307341E+001,-5.020691878564242E+001,
6.819159335288368E+009,-3.023377991021900E+001,-6.541677233729702E+001,
6.823069403714565E+009,-3.006687122124592E+001,-8.210537450894468E+001,
6.826979472140762E+009,-2.950013612232091E+001,-9.895237310896937E+001,
6.830889540566959E+009,-2.920001675568832E+001,-1.171922348731771E+002,
6.834799608993157E+009,-2.866759779313820E+001,-1.357197123570564E+002,
6.838709677419355E+009,-2.848777791655100E+001,-1.560603147969610E+002,
6.842619745845552E+009,-2.828390997675859E+001,-1.757006976423799E+002,
6.846529814271750E+009,-2.827263948390560E+001,1.628301375449171E+002,
6.850439882697948E+009,-2.824088766852633E+001,1.442898295535785E+002,
6.854349951124145E+009,-2.829407046360343E+001,1.252028121674360E+002,
6.858260019550343E+009,-2.842375039302858E+001,1.061216533529321E+002,
6.862170087976540E+009,-2.855607338179068E+001,8.722601312302079E+001,
6.866080156402737E+009,-2.876271445037671E+001,7.030840995894549E+001,
6.869990224828935E+009,-2.839557704714052E+001,5.289070002822122E+001,
6.873900293255133E+009,-2.801888924916773E+001,3.479825105077121E+001,
6.877810361681330E+009,-2.776442047319286E+001,1.474726275655057E+001,
6.881720430107527E+009,-2.766707421198957E+001,-6.370346882096737E+000,
6.885630498533724E+009,-2.762953742966661E+001,-2.651443296765017E+001,
6.889540566959922E+009,-2.776001197504120E+001,-4.674448144563371E+001,
6.893450635386120E+009,-2.781834648676092E+001,-6.811021221694421E+001,
6.897360703812317E+009,-2.809502281109272E+001,-8.839638081963230E+001,
6.901270772238514E+009,-2.828209596274302E+001,-1.074551209989770E+002,
6.905180840664711E+009,-2.871023426423629E+001,-1.282432273431024E+002,
6.909090909090909E+009,-2.915528913518933E+001,-1.467353092812281E+002,
6.913000977517107E+009,-2.947823956739351E+001,-1.642199900643881E+002,
6.916911045943304E+009,-2.971278249896439E+001,1.793554900839499E+002,
6.920821114369501E+009,-2.969727069031991E+001,1.605435705837516E+002,
6.924731182795699E+009,-2.977374699485938E+001,1.438497636186933E+002,
6.928641251221897E+009,-2.958495560440202E+001,1.249348719732246E+002,
6.932551319648094E+009,-2.942240454403730E+001,1.052836772257427E+002,
6.936461388074291E+009,-2.957345927875105E+001,8.504967428875003E+001,
6.940371456500488E+009,-2.978003338695557E+001,6.475751072606595E+001,
6.944281524926686E+009,-3.006145143559122E+001,4.436200382603215E+001,
6.948191593352884E+009,-3.033545089626189E+001,2.614760301089073E+001,
6.952101661779081E+009,-3.052042217679940E+001,6.871239785354890E+000,
6.956011730205278E+009,-3.105776643244918E+001,-1.129804865968339E+001,
6.959921798631475E+009,-3.147525449244328E+001,-2.726172611222306E+001,
6.963831867057674E+009,-3.143854709138237E+001,-4.248044285403840E+001,
6.967741935483872E+009,-3.093789540075488E+001,-6.085315663359381E+001,
6.971652003910069E+009,-3.078391311101478E+001,-8.106162024375553E+001,
6.975562072336266E+009,-3.090048410287318E+001,-1.002294990744315E+002,
6.979472140762464E+009,-3.080063560396760E+001,-1.194261252809839E+002,
6.983382209188661E+009,-3.085858065971159E+001,-1.393001638985769E+002,
6.987292277614859E+009,-3.080731637489959E+001,-1.593494569361929E+002,
6.991202346041056E+009,-3.075093460813023E+001,1.796211123654784E+002,
6.995112414467253E+009,-3.118411636049542E+001,1.576228373652278E+002,
6.999022482893451E+009,-3.160253400486173E+001,1.381017592903489E+002,
7.002932551319649E+009,-3.179871307017466E+001,1.198988479219858E+002,
7.006842619745846E+009,-3.183457865267284E+001,1.010206056402560E+002,
7.010752688172043E+009,-3.155262545246718E+001,8.023127924233120E+001,
7.014662756598240E+009,-3.171384034548625E+001,5.924812671944119E+001,
7.018572825024438E+009,-3.225517990162368E+001,3.729523943805049E+001,
7.022482893450636E+009,-3.227139508394990E+001,2.049529121408281E+001,
7.026392961876833E+009,-3.213189886000762E+001,9.450896446657012E-001,
7.030303030303030E+009,-3.228336883817530E+001,-2.000862485730442E+001,
7.034213098729228E+009,-3.215202745330235E+001,-3.996004368898515E+001,
7.038123167155425E+009,-3.250278338298025E+001,-6.138688165091584E+001,
7.042033235581623E+009,-3.284742600083492E+001,-8.152292538334234E+001,
7.045943304007820E+009,-3.295813265866605E+001,-1.006265765485578E+002,
7.049853372434017E+009,-3.298702060509828E+001,-1.191608484862121E+002,
7.053763440860215E+009,-3.269342449234961E+001,-1.391652867013870E+002,
7.057673509286413E+009,-3.243576912970210E+001,-1.616933802068921E+002,
7.061583577712610E+009,-3.263624059833248E+001,1.753705425782423E+002,
7.065493646138807E+009,-3.304793466128053E+001,1.553092314544900E+002,
7.069403714565004E+009,-3.287584774710180E+001,1.372251202672334E+002,
7.073313782991202E+009,-3.247905577816778E+001,1.156137797199314E+002,
7.077223851417400E+009,-3.239718839360150E+001,9.245177367955583E+001,
7.081133919843597E+009,-3.262569592120238E+001,7.069939391966341E+001,
7.085043988269795E+009,-3.266153257429419E+001,5.075504706998738E+001,
7.088954056695993E+009,-3.249887400674768E+001,3.096036823558722E+001,
7.092864125122190E+009,-3.214033274376258E+001,9.858519319823678E+000,
7.096774193548388E+009,-3.189234510234993E+001,-1.282239459373294E+001,
7.100684261974585E+009,-3.168052747332516E+001,-3.544899792987498E+001,
7.104594330400782E+009,-3.170914110490481E+001,-5.824135982748993E+001,
7.108504398826980E+009,-3.166319374587913E+001,-8.022373007971714E+001,
7.112414467253178E+009,-3.159547243168032E+001,-1.029405751593867E+002,
7.116324535679375E+009,-3.174806620505654E+001,-1.257599906334681E+002,
7.120234604105572E+009,-3.202111493471271E+001,-1.463154671103524E+002,
7.124144672531769E+009,-3.199886576524984E+001,-1.672020657943409E+002,
7.128054740957967E+009,-3.216303636556193E+001,1.717417570621072E+002,
7.131964809384165E+009,-3.204655632127328E+001,1.514905287311492E+002,
7.135874877810362E+009,-3.220395355523318E+001,1.302175757909120E+002,
7.139784946236559E+009,-3.249042678304942E+001,1.113142081117157E+002,
7.143695014662756E+009,-3.233580341037354E+001,9.253115656668884E+001,
7.147605083088954E+009,-3.225897336819382E+001,7.268711937477994E+001,
7.151515151515152E+009,-3.216352875053279E+001,5.359656758956614E+001,
7.155425219941349E+009,-3.187861116042296E+001,3.374038946843633E+001,
7.159335288367546E+009,-3.177173335336783E+001,1.286588289025112E+001,
7.163245356793744E+009,-3.171900229250556E+001,-7.667266292718908E+000,
7.167155425219942E+009,-3.178604940398767E+001,-2.781648520362719E+001,
7.171065493646139E+009,-3.180972152095459E+001,-4.790465091355023E+001,
7.174975562072336E+009,-3.189264643272091E+001,-6.821111203631926E+001,
7.178885630498533E+009,-3.215697933266104E+001,-8.758681907727699E+001,
7.182795698924731E+009,-3.241787809773992E+001,-1.056694743693932E+002,
7.186705767350929E+009,-3.228659926241969E+001,-1.226002836782633E+002,
7.190615835777126E+009,-3.205461494160465E+001,-1.408807569122303E+002,
7.194525904203323E+009,-3.195642924024951E+001,-1.591857860741592E+002,
7.198435972629520E+009,-3.175370794781223E+001,-1.775476862239512E+002,
7.202346041055718E+009,-3.144248327405924E+001,1.629259500367398E+002,
7.206256109481916E+009,-3.140925979475739E+001,1.427104696123156E+002,
7.210166177908114E+009,-3.150031484650068E+001,1.231333299385919E+002,
7.214076246334311E+009,-3.164895299327908E+001,1.049670612799024E+002,
7.217986314760509E+009,-3.162482204788573E+001,8.670768424584259E+001,
7.221896383186706E+009,-3.148528756048563E+001,6.915141041115105E+001,
7.225806451612904E+009,-3.132135967441314E+001,5.017352639946303E+001,
7.229716520039101E+009,-3.128564934297032E+001,3.094550039645886E+001,
7.233626588465298E+009,-3.125709433290265E+001,1.173715187915896E+001,
7.237536656891496E+009,-3.137774660997416E+001,-6.059880668951215E+000,
7.241446725317694E+009,-3.132504921247975E+001,-2.411752643934343E+001,
7.245356793743891E+009,-3.131651255054247E+001,-4.201318220531246E+001,
7.249266862170088E+009,-3.120269794862328E+001,-5.963720385561436E+001,
7.253176930596285E+009,-3.107490579790301E+001,-7.738486635739147E+001,
7.257086999022483E+009,-3.093758326480094E+001,-9.610862383049894E+001,
7.260997067448681E+009,-3.083897522172831E+001,-1.140370845616055E+002,
7.264907135874878E+009,-3.062120182974935E+001,-1.328668388164632E+002,
7.268817204301075E+009,-3.058665689476549E+001,-1.519686359605913E+002,
7.272727272727273E+009,-3.053331681483617E+001,-1.707147764205045E+002,
7.276637341153470E+009,-3.063478095119434E+001,1.701947938768995E+002,
7.280547409579668E+009,-3.069650812732299E+001,1.521473190938352E+002,
7.284457478005865E+009,-3.095899539806238E+001,1.343017941491900E+002,
7.288367546432062E+009,-3.084541588545437E+001,1.176363678619600E+002,
7.292277614858260E+009,-3.085680899151329E+001,1.008507772496756E+002,
7.296187683284458E+009,-3.065880883553937E+001,8.357923688483059E+001,
7.300097751710655E+009,-3.051660649177846E+001,6.600161218592368E+001,
7.304007820136852E+009,-3.025822906114194E+001,4.812504293095840E+001,
7.307917888563049E+009,-3.022429867404414E+001,2.945620608478196E+001,
7.311827956989247E+009,-3.016911425576389E+001,1.127373604237592E+001,
7.315738025415445E+009,-2.999979661584565E+001,-7.456101052720445E+000,
7.319648093841642E+009,-3.012309248705947E+001,-2.667691883991479E+001,
7.323558162267839E+009,-3.012338586040737E+001,-4.422640099073313E+001,
7.327468230694037E+009,-3.007881536972158E+001,-6.227376276286311E+001,
7.331378299120235E+009,-3.003518447864553E+001,-8.011364378328557E+001,
7.335288367546433E+009,-2.999934012139498E+001,-9.799071206331209E+001,
7.339198435972630E+009,-3.004148399415157E+001,-1.146914419353681E+002,
7.343108504398827E+009,-2.985580942195449E+001,-1.317722740000533E+002,
7.347018572825025E+009,-2.955307045027606E+001,-1.496035984001441E+002,
7.350928641251223E+009,-2.940453689160255E+001,-1.698700584822451E+002,
7.354838709677420E+009,-2.946955498178309E+001,1.700010310881158E+002,
7.358748778103617E+009,-2.942436096562762E+001,1.522063355016414E+002,
7.362658846529814E+009,-2.935749491087568E+001,1.321094238998778E+002,
7.366568914956012E+009,-2.958396935839118E+001,1.149089065958403E+002,
7.370478983382210E+009,-2.982057238831919E+001,9.710174394203293E+001,
7.374389051808407E+009,-2.983380768371381E+001,8.037479763543388E+001,
7.378299120234604E+009,-2.967863574936102E+001,6.250593565593729E+001,
7.382209188660801E+009,-2.976967842491697E+001,4.546603329613981E+001,
7.386119257086999E+009,-2.973633999846907E+001,2.873836767553645E+001,
7.390029325513197E+009,-2.942851027386551E+001,1.172150833296255E+001,
7.393939393939394E+009,-2.928879304692379E+001,-7.468478786284260E+000,
7.397849462365591E+009,-2.927012202074248E+001,-2.586992211104509E+001,
7.401759530791789E+009,-2.910005037966802E+001,-4.442169683085893E+001,
7.405669599217987E+009,-2.901613967144147E+001,-6.378938347654741E+001,
7.409579667644184E+009,-2.919270139418066E+001,-8.412139104726846E+001,
7.413489736070381E+009,-2.932270822605397E+001,-1.007272880041231E+002,
7.417399804496578E+009,-2.945290114370413E+001,-1.178668263760566E+002,
7.421309872922776E+009,-2.974029595379619E+001,-1.376680541218544E+002,
7.425219941348974E+009,-2.991396279075028E+001,-1.545909065841916E+002,
7.429130009775171E+009,-2.990863859307187E+001,-1.713327564507340E+002,
7.433040078201368E+009,-2.962966464758731E+001,1.731300832136830E+002,
7.436950146627565E+009,-2.916129588247781E+001,1.535367618924485E+002,
7.440860215053763E+009,-2.887273919376380E+001,1.348082239883771E+002,
7.444770283479961E+009,-2.892765383173028E+001,1.144003837655543E+002,
7.448680351906158E+009,-2.905092023782234E+001,9.333281019434513E+001,
7.452590420332356E+009,-2.956264915919583E+001,7.337023469329893E+001,
7.456500488758554E+009,-3.036260413920362E+001,5.608125602616602E+001,
7.460410557184751E+009,-3.038201219514296E+001,4.017038023418567E+001,
7.464320625610949E+009,-3.044555768511992E+001,2.254786998354078E+001,
7.468230694037146E+009,-3.071290174889513E+001,7.142834587560305E+000,
7.472140762463343E+009,-3.082041096568690E+001,-7.375090919650752E+000,
7.476050830889541E+009,-3.063695575742910E+001,-2.295860426395583E+001,
7.479960899315739E+009,-3.036690150504692E+001,-4.135428842097164E+001,
7.483870967741936E+009,-2.995300281656693E+001,-5.828256844976563E+001,
7.487781036168133E+009,-2.966306420107822E+001,-7.831906572622489E+001,
7.491691104594330E+009,-2.985090286960105E+001,-9.901234140885858E+001,
7.495601173020528E+009,-3.029121634137648E+001,-1.193647863574987E+002,
7.499511241446726E+009,-3.083727022650379E+001,-1.353639558432714E+002,
7.503421309872923E+009,-3.066031987635304E+001,-1.503934956529834E+002,
7.507331378299120E+009,-3.047272374324677E+001,-1.682392660768783E+002,
7.511241446725318E+009,-3.080830398698686E+001,1.739796384564593E+002,
7.515151515151515E+009,-3.115574682508914E+001,1.586750886138043E+002,
7.519061583577713E+009,-3.060957988222042E+001,1.445004949137843E+002,
7.522971652003910E+009,-3.005046202197413E+001,1.269579440264889E+002,
7.526881720430107E+009,-2.990722661574437E+001,1.069627342990947E+002,
7.530791788856305E+009,-2.963792731971638E+001,8.805806939084171E+001,
7.534701857282503E+009,-2.983591102782769E+001,6.745212911467040E+001,
7.538611925708700E+009,-3.004142259174729E+001,4.923974051767156E+001,
7.542521994134897E+009,-2.999777023227037E+001,3.267298314216663E+001,
7.546432062561094E+009,-3.002872649964345E+001,1.441640957604251E+001,
7.550342130987292E+009,-2.980482688455184E+001,-3.877947729338343E+000,
7.554252199413490E+009,-3.000794326353243E+001,-2.134014694256747E+001,
7.558162267839687E+009,-2.989162008117581E+001,-3.922516937947837E+001,
7.562072336265884E+009,-2.942881470881101E+001,-5.605325925870126E+001,
7.565982404692082E+009,-2.923064935883112E+001,-7.470558394324178E+001,
7.569892473118280E+009,-2.908303138247683E+001,-9.626910617202310E+001,
7.573802541544478E+009,-2.925124007165790E+001,-1.156188751906262E+002,
7.577712609970675E+009,-2.962435241301973E+001,-1.356145551132939E+002,
7.581622678396872E+009,-2.954045872276622E+001,-1.547526267394559E+002,
7.585532746823070E+009,-2.991351301318023E+001,-1.730646187599120E+002,
7.589442815249268E+009,-3.000766014011859E+001,1.709867418771978E+002,
7.593352883675465E+009,-2.990583448409799E+001,1.532085693661474E+002,
7.597262952101662E+009,-2.992121304920993E+001,1.359290831061545E+002,
7.601173020527859E+009,-2.969712951676980E+001,1.183702093487836E+002,
7.605083088954057E+009,-2.934499259917232E+001,9.947465778482007E+001,
7.608993157380255E+009,-2.910113272729173E+001,7.905780846324879E+001,
7.612903225806452E+009,-2.900473201186490E+001,5.765718364464733E+001,
7.616813294232649E+009,-2.898627217304892E+001,3.658951085271343E+001,
7.620723362658846E+009,-2.948691216363491E+001,1.524169654280162E+001,
7.624633431085044E+009,-3.006317256602634E+001,-5.277290047084664E+000,
7.628543499511242E+009,-3.065878258817509E+001,-2.141295379257172E+001,
7.632453567937439E+009,-3.076623833339123E+001,-3.949865883425864E+001,
7.636363636363636E+009,-3.095233740858469E+001,-5.532118967331535E+001,
7.640273704789834E+009,-3.094692475090863E+001,-7.194580053183157E+001,
7.644183773216032E+009,-3.094892436600865E+001,-8.941728061886872E+001,
7.648093841642229E+009,-3.070168716840503E+001,-1.066283048852432E+002,
7.652003910068426E+009,-3.013225947705158E+001,-1.254794807862298E+002,
7.655913978494623E+009,-3.024905504602346E+001,-1.465096395537871E+002,
7.659824046920821E+009,-3.027337102366133E+001,-1.665011448164368E+002,
7.663734115347019E+009,-3.049110487737914E+001,1.735229405197151E+002,
7.667644183773216E+009,-3.082674882846924E+001,1.524785998220407E+002,
7.671554252199413E+009,-3.124863640068788E+001,1.321802226621190E+002,
7.675464320625610E+009,-3.158756818169846E+001,1.160437480972229E+002,
7.679374389051808E+009,-3.147763855699892E+001,9.913609281934316E+001,
7.683284457478006E+009,-3.139526272961344E+001,7.836555535149175E+001,
7.687194525904203E+009,-3.189831712310149E+001,5.900971915870981E+001,
7.691104594330401E+009,-3.207515699352519E+001,4.241428376773416E+001,
7.695014662756599E+009,-3.193113302116323E+001,2.485118234984231E+001,
7.698924731182797E+009,-3.175643289222774E+001,4.788387794682031E+000,
7.702834799608994E+009,-3.189248653873026E+001,-1.565889905549636E+001,
7.706744868035191E+009,-3.229291234361897E+001,-3.618084672989706E+001,
7.710654936461388E+009,-3.279600520289280E+001,-5.347789804751876E+001,
7.714565004887586E+009,-3.295382121233600E+001,-6.993352049310042E+001,
7.718475073313784E+009,-3.288911554402053E+001,-8.585299937129022E+001,
7.722385141739981E+009,-3.261426220439903E+001,-1.032298583747159E+002,
7.726295210166178E+009,-3.227967947183463E+001,-1.226477691691970E+002,
7.730205278592375E+009,-3.217096614451752E+001,-1.430359360290320E+002,
7.734115347018573E+009,-3.212213147020792E+001,-1.627784064595774E+002,
7.738025415444771E+009,-3.198012186531955E+001,1.766842421446245E+002,
7.741935483870968E+009,-3.218713624514307E+001,1.551000345456644E+002,
7.745845552297165E+009,-3.246883417327637E+001,1.362114493392265E+002,
7.749755620723363E+009,-3.255345741780999E+001,1.164602504969378E+002,
7.753665689149560E+009,-3.278156163107691E+001,9.757877977341040E+001,
7.757575757575758E+009,-3.290703490949128E+001,7.985408386399568E+001,
7.761485826001955E+009,-3.287390170420438E+001,6.238939960915514E+001,
7.765395894428152E+009,-3.255350940598510E+001,4.373429930857398E+001,
7.769305962854350E+009,-3.219652796288261E+001,2.380365702575881E+001,
7.773216031280548E+009,-3.198492210881202E+001,3.621041075096386E+000,
7.777126099706745E+009,-3.153446808544398E+001,-1.773041887790560E+001,
7.781036168132942E+009,-3.132999013141859E+001,-4.119614597243424E+001,
7.784946236559139E+009,-3.151771810438559E+001,-6.446323316520636E+001,
7.788856304985337E+009,-3.180004125828205E+001,-8.612943158664893E+001,
7.792766373411535E+009,-3.209466392840884E+001,-1.076625360991000E+002,
7.796676441837732E+009,-3.256770029742264E+001,-1.285706609010561E+002,
7.800586510263929E+009,-3.283410949877175E+001,-1.476797041189102E+002,
7.804496578690127E+009,-3.316913314019190E+001,-1.657900476871689E+002,
7.808406647116324E+009,-3.313324945212127E+001,1.773063857170973E+002,
7.812316715542522E+009,-3.296398187163990E+001,1.585874399412017E+002,
7.816226783968720E+009,-3.266817082233824E+001,1.399475365277066E+002,
7.820136852394917E+009,-3.204568073399926E+001,1.195111234946801E+002,
7.824046920821115E+009,-3.172206001814013E+001,9.621651271995724E+001,
7.827956989247313E+009,-3.162960751250156E+001,7.238247508185077E+001,
7.831867057673510E+009,-3.196564353968520E+001,4.901160801106112E+001,
7.835777126099707E+009,-3.247910580074825E+001,2.810635040790083E+001,
7.839687194525904E+009,-3.271332592551348E+001,9.922667740247951E+000,
7.843597262952102E+009,-3.264525387608592E+001,-9.598292336989367E+000,
7.847507331378300E+009,-3.279265231666375E+001,-3.063093676247425E+001,
7.851417399804497E+009,-3.305824000750646E+001,-4.953883187043981E+001,
7.855327468230694E+009,-3.295436804130964E+001,-6.691695771546905E+001,
7.859237536656891E+009,-3.258851688134357E+001,-8.641808675259556E+001,
7.863147605083089E+009,-3.226180749924282E+001,-1.062309427744630E+002,
7.867057673509287E+009,-3.203558162461810E+001,-1.286450546018722E+002,
7.870967741935484E+009,-3.209106022223899E+001,-1.509259885596057E+002,
7.874877810361681E+009,-3.233383965190126E+001,-1.717696187162929E+002,
7.878787878787879E+009,-3.260919140539654E+001,1.679008302183055E+002,
7.882697947214077E+009,-3.293146215633673E+001,1.483226142366690E+002,
7.886608015640274E+009,-3.327686178579739E+001,1.309229786691612E+002,
7.890518084066471E+009,-3.334423798636636E+001,1.142079300863231E+002,
7.894428152492668E+009,-3.299925636994857E+001,9.706877481669815E+001,
7.898338220918866E+009,-3.279099490966742E+001,7.872264657781533E+001,
7.902248289345064E+009,-3.251860580897325E+001,6.084049752169457E+001,
7.906158357771261E+009,-3.191581206427486E+001,4.181489824042541E+001,
7.910068426197458E+009,-3.149968077017583E+001,2.001521580952965E+001,
7.913978494623655E+009,-3.130500004889196E+001,-2.333976314017205E+000,
7.917888563049853E+009,-3.135704308933853E+001,-2.399930780895306E+001,
7.921798631476051E+009,-3.163148369587376E+001,-4.525215710209555E+001,
7.925708699902248E+009,-3.199521582099387E+001,-6.469211517740628E+001,
7.929618768328445E+009,-3.224206158746341E+001,-8.196086658552495E+001,
7.933528836754643E+009,-3.218597469741231E+001,-9.866353127403184E+001,
7.937438905180841E+009,-3.197499866246598E+001,-1.167799099517017E+002,
7.941348973607039E+009,-3.189936585134479E+001,-1.359522506463129E+002,
7.945259042033236E+009,-3.176326674529872E+001,-1.532592315805296E+002,
7.949169110459433E+009,-3.143015171940925E+001,-1.721206830666088E+002,
7.953079178885631E+009,-3.108856227325180E+001,1.684553097481642E+002,
7.956989247311829E+009,-3.081260252435408E+001,1.474144070453309E+002,
7.960899315738026E+009,-3.075166480313141E+001,1.261853741225287E+002,
7.964809384164223E+009,-3.083701638704384E+001,1.049722648567033E+002,
7.968719452590420E+009,-3.123756393094761E+001,8.441211337858579E+001,
7.972629521016618E+009,-3.174137197886060E+001,6.622587287393978E+001,
7.976539589442816E+009,-3.197897120105317E+001,5.034428095359751E+001,
7.980449657869013E+009,-3.189157135040684E+001,3.437500219948484E+001,
7.984359726295210E+009,-3.177506913931472E+001,1.764776868941263E+001,
7.988269794721408E+009,-3.148173234297194E+001,8.324260289825234E-001,
7.992179863147605E+009,-3.089439038390921E+001,-1.705817096211460E+001,
7.996089931573803E+009,-3.041741986671222E+001,-3.771421154803841E+001,
8.000000000000000E+009,-3.027078768881197E+001,-5.916206110628633E+001,
