% Version 1.00
%
%freq[Hz];db:Trc1_S21;ang:Trc1_S21;
4.000000000000000E+009,-2.873161922409451E+001,-1.755401144777887E+002,
4.003910068426198E+009,-2.945466585912694E+001,1.660416746029921E+002,
4.007820136852395E+009,-3.006193799449868E+001,1.460597369755443E+002,
4.011730205278593E+009,-3.084580999523891E+001,1.284447182647547E+002,
4.015640273704790E+009,-3.050263512384747E+001,1.132335085468663E+002,
4.019550342130987E+009,-3.013979877538693E+001,9.190833784898558E+001,
4.023460410557185E+009,-2.986290618540566E+001,6.711064508067642E+001,
4.027370478983382E+009,-2.992702473508236E+001,3.942234829760494E+001,
4.031280547409580E+009,-3.061059899432314E+001,1.126292302532123E+001,
4.035190615835777E+009,-3.182535392483663E+001,-1.397335139033994E+001,
4.039100684261975E+009,-3.276278193713846E+001,-3.407842719547929E+001,
4.043010752688172E+009,-3.274329307061056E+001,-5.390661424442488E+001,
4.046920821114369E+009,-3.299787362993942E+001,-7.960181817490798E+001,
4.050830889540567E+009,-3.310283359108461E+001,-1.018656366041982E+002,
4.054740957966765E+009,-3.300234853549067E+001,-1.270856671797577E+002,
4.058651026392962E+009,-3.347025444044301E+001,-1.490518182929231E+002,
4.062561094819160E+009,-3.268815247523772E+001,-1.708621726516954E+002,
4.066471163245357E+009,-3.222889301902597E+001,1.629166268435309E+002,
4.070381231671554E+009,-3.211205542223802E+001,1.392432038468352E+002,
4.074291300097752E+009,-3.147361298802368E+001,1.166283820829506E+002,
4.078201368523949E+009,-3.107091994629360E+001,9.146717469484936E+001,
4.082111436950147E+009,-3.072772110187869E+001,6.838117586681044E+001,
4.086021505376344E+009,-3.039388365104819E+001,4.546025748612330E+001,
4.089931573802542E+009,-2.997267321945092E+001,2.192478925892336E+001,
4.093841642228739E+009,-2.973199289705307E+001,-1.629693895828978E+000,
4.097751710654936E+009,-2.967638046628093E+001,-2.502041170010039E+001,
4.101661779081134E+009,-2.969790486716750E+001,-4.294840828486667E+001,
4.105571847507331E+009,-2.920154968710268E+001,-6.440017552510729E+001,
4.109481915933529E+009,-2.897998473487814E+001,-8.539882913487691E+001,
4.113391984359726E+009,-2.874513982594182E+001,-1.062655432127764E+002,
4.117302052785924E+009,-2.846849742938439E+001,-1.276267292259044E+002,
4.121212121212121E+009,-2.837749299695692E+001,-1.494494591782796E+002,
4.125122189638319E+009,-2.832484902717804E+001,-1.704762128683003E+002,
4.129032258064516E+009,-2.850946920553002E+001,1.674034402641879E+002,
4.132942326490714E+009,-2.879427608444612E+001,1.483575769734196E+002,
4.136852394916911E+009,-2.878751579171365E+001,1.284126241757508E+002,
4.140762463343109E+009,-2.935377566410908E+001,1.088041095901463E+002,
4.144672531769306E+009,-2.988102826807245E+001,9.354634532589199E+001,
4.148582600195503E+009,-2.975407434046891E+001,8.044398424474694E+001,
4.152492668621701E+009,-2.914156664426291E+001,6.323229168234886E+001,
4.156402737047898E+009,-2.891100107237643E+001,4.364977275202534E+001,
4.160312805474096E+009,-2.876284795545800E+001,2.540833328812339E+001,
4.164222873900293E+009,-2.903520842415236E+001,7.467924597119959E+000,
4.168132942326491E+009,-2.891023355235140E+001,-9.995654409240464E+000,
4.172043010752688E+009,-2.894813476584709E+001,-2.623662160275538E+001,
4.175953079178886E+009,-2.858630154751838E+001,-4.193824503333282E+001,
4.179863147605083E+009,-2.823447360837993E+001,-5.958164908834263E+001,
4.183773216031281E+009,-2.779665003920592E+001,-7.733896125026728E+001,
4.187683284457478E+009,-2.753543009471449E+001,-9.614356124635886E+001,
4.191593352883676E+009,-2.720689394356272E+001,-1.147898621139177E+002,
4.195503421309873E+009,-2.692251763809066E+001,-1.332620049113394E+002,
4.199413489736071E+009,-2.677717594178582E+001,-1.531189510405876E+002,
4.203323558162268E+009,-2.656996196727098E+001,-1.734990612758552E+002,
4.207233626588465E+009,-2.670488348518313E+001,1.674139026993342E+002,
4.211143695014663E+009,-2.658512780759919E+001,1.488222564122941E+002,
4.215053763440860E+009,-2.654883371934302E+001,1.279361503276016E+002,
4.218963831867058E+009,-2.689875054110284E+001,1.095078953480271E+002,
4.222873900293255E+009,-2.700735525120553E+001,9.130364197360923E+001,
4.226783968719452E+009,-2.712029233038663E+001,7.305465293084292E+001,
4.230694037145650E+009,-2.714040045083431E+001,5.480561544866756E+001,
4.234604105571847E+009,-2.737545502311517E+001,3.576025612883498E+001,
4.238514173998045E+009,-2.765015058198805E+001,1.942565855166448E+001,
4.242424242424243E+009,-2.764921471774665E+001,3.017446797063082E+000,
4.246334310850440E+009,-2.762538492780789E+001,-1.561987553943979E+001,
4.250244379276638E+009,-2.798605587665154E+001,-3.464666871410872E+001,
4.254154447702835E+009,-2.793295948905109E+001,-5.026893315355632E+001,
4.258064516129032E+009,-2.797703971818915E+001,-6.958999950074779E+001,
4.261974584555230E+009,-2.830525750408124E+001,-9.030764458195320E+001,
4.265884652981427E+009,-2.921113223917935E+001,-1.082941205716497E+002,
4.269794721407625E+009,-2.997896301815660E+001,-1.192844663862376E+002,
4.273704789833822E+009,-2.966205917975272E+001,-1.323995032160921E+002,
4.277614858260019E+009,-2.957956232591634E+001,-1.486373239693551E+002,
4.281524926686217E+009,-2.954483627675807E+001,-1.622834505771218E+002,
4.285434995112414E+009,-2.925431160788699E+001,-1.775292730861166E+002,
4.289345063538612E+009,-2.907163304040002E+001,1.664731964065111E+002,
4.293255131964809E+009,-2.867186423454310E+001,1.496408238646736E+002,
4.297165200391007E+009,-2.853884382073142E+001,1.326180682650063E+002,
4.301075268817205E+009,-2.843282166412850E+001,1.164512677960177E+002,
4.304985337243402E+009,-2.833533953719096E+001,1.006739681179607E+002,
4.308895405669600E+009,-2.787264411002587E+001,8.267089385911636E+001,
4.312805474095797E+009,-2.790737647584779E+001,6.456957929153995E+001,
4.316715542521994E+009,-2.771562276733962E+001,4.721933744458699E+001,
4.320625610948192E+009,-2.791034374341145E+001,2.974703084261556E+001,
4.324535679374389E+009,-2.768259648476921E+001,1.478826030758859E+001,
4.328445747800587E+009,-2.706190957972959E+001,-2.978150682687480E+000,
4.332355816226784E+009,-2.699356320039100E+001,-2.147762718250151E+001,
4.336265884652982E+009,-2.672353310560861E+001,-4.000763013053877E+001,
4.340175953079179E+009,-2.686847754178232E+001,-5.856862630621369E+001,
4.344086021505377E+009,-2.705336720197106E+001,-7.370155769877877E+001,
4.347996089931574E+009,-2.692080399331339E+001,-8.888597021287067E+001,
4.351906158357771E+009,-2.647602197838963E+001,-1.056784311931023E+002,
4.355816226783969E+009,-2.596371740115236E+001,-1.238337854824604E+002,
4.359726295210166E+009,-2.581402638099692E+001,-1.434430309746854E+002,
4.363636363636364E+009,-2.569494204963829E+001,-1.621746652156736E+002,
4.367546432062561E+009,-2.572308874928348E+001,-1.788357271268731E+002,
4.371456500488758E+009,-2.554452198169063E+001,1.635069522995930E+002,
4.375366568914956E+009,-2.531249999950684E+001,1.445201425701303E+002,
4.379276637341153E+009,-2.513739575121657E+001,1.267554876472685E+002,
4.383186705767351E+009,-2.506087182231081E+001,1.090153178192103E+002,
4.387096774193548E+009,-2.495117815262370E+001,9.105311899241235E+001,
4.391006842619746E+009,-2.479532252072599E+001,7.300301892013029E+001,
4.394916911045943E+009,-2.458901062372962E+001,5.604795161716319E+001,
4.398826979472141E+009,-2.418111218770856E+001,3.658998527462939E+001,
4.402737047898338E+009,-2.406327062548663E+001,1.585737304677959E+001,
4.406647116324535E+009,-2.428524445556110E+001,-4.100215290114686E+000,
4.410557184750733E+009,-2.448503146666040E+001,-2.048664788718707E+001,
4.414467253176930E+009,-2.424095104969183E+001,-3.740515797688793E+001,
4.418377321603128E+009,-2.414472712630229E+001,-5.722876204246270E+001,
4.422287390029326E+009,-2.428352486012314E+001,-7.484567537960993E+001,
4.426197458455523E+009,-2.422160185083101E+001,-9.172005586916610E+001,
4.430107526881721E+009,-2.426624618667222E+001,-1.089811157225529E+002,
4.434017595307918E+009,-2.385834605772030E+001,-1.260429493236586E+002,
4.437927663734116E+009,-2.358454883713720E+001,-1.451817075976670E+002,
4.441837732160313E+009,-2.342248576360359E+001,-1.640179709126395E+002,
4.445747800586511E+009,-2.326830514527272E+001,1.764483475437156E+002,
4.449657869012708E+009,-2.324333011550998E+001,1.571819764641184E+002,
4.453567937438905E+009,-2.321220771006666E+001,1.392628463638669E+002,
4.457478005865103E+009,-2.326789856564944E+001,1.207309656524509E+002,
4.461388074291300E+009,-2.313313106760578E+001,1.026602887024819E+002,
4.465298142717498E+009,-2.315217508163532E+001,8.430924164454612E+001,
4.469208211143695E+009,-2.307942835745978E+001,6.483484659680023E+001,
4.473118279569893E+009,-2.311746608848095E+001,4.618302585095911E+001,
4.477028347996090E+009,-2.304718851323062E+001,2.826410328098334E+001,
4.480938416422287E+009,-2.300822580640917E+001,8.964264282656844E+000,
4.484848484848485E+009,-2.304714633547674E+001,-9.571408949114602E+000,
4.488758553274682E+009,-2.313166015512163E+001,-2.715079562876828E+001,
4.492668621700880E+009,-2.302164665495992E+001,-4.555978556298875E+001,
4.496578690127077E+009,-2.303946583676082E+001,-6.427031336864049E+001,
4.500488758553275E+009,-2.300532789061053E+001,-8.194065560515391E+001,
4.504398826979472E+009,-2.285894470718169E+001,-9.959496208088252E+001,
4.508308895405669E+009,-2.277066186293540E+001,-1.185870681845885E+002,
4.512218963831867E+009,-2.286494430176018E+001,-1.369313029818599E+002,
4.516129032258064E+009,-2.293179906012052E+001,-1.550010639583230E+002,
4.520039100684262E+009,-2.286446855064025E+001,-1.733308038751897E+002,
4.523949169110459E+009,-2.288999349083876E+001,1.687398376403186E+002,
4.527859237536657E+009,-2.282636316182185E+001,1.506089851421870E+002,
4.531769305962854E+009,-2.274045786195739E+001,1.311279621939032E+002,
4.535679374389051E+009,-2.279112020687339E+001,1.118811169294835E+002,
4.539589442815249E+009,-2.284695000060260E+001,9.394020534220964E+001,
4.543499511241447E+009,-2.281999733506423E+001,7.476212368968277E+001,
4.547409579667645E+009,-2.293090197131018E+001,5.644319904538256E+001,
4.551319648093842E+009,-2.307315998746057E+001,3.806563058492285E+001,
4.555229716520039E+009,-2.308150197999642E+001,1.996756892198852E+001,
4.559139784946237E+009,-2.312458292064915E+001,1.577741697097289E+000,
4.563049853372434E+009,-2.331593927037091E+001,-1.691263048101169E+001,
4.566959921798632E+009,-2.343130619431982E+001,-3.458015154508781E+001,
4.570869990224829E+009,-2.348191034738605E+001,-5.132963633682906E+001,
4.574780058651027E+009,-2.331095011269085E+001,-6.921361369000226E+001,
4.578690127077224E+009,-2.328355362775854E+001,-8.835956603813986E+001,
4.582600195503422E+009,-2.344339471538742E+001,-1.069772916345781E+002,
4.586510263929619E+009,-2.361129062115386E+001,-1.245415309274489E+002,
4.590420332355816E+009,-2.361899012942484E+001,-1.413516100958737E+002,
4.594330400782014E+009,-2.358913950664291E+001,-1.584773514143340E+002,
4.598240469208211E+009,-2.348035289297947E+001,-1.760663271679593E+002,
4.602150537634409E+009,-2.349372504930488E+001,1.668131880801210E+002,
4.606060606060606E+009,-2.338361589670793E+001,1.488908150879127E+002,
4.609970674486803E+009,-2.323569428672848E+001,1.307902302779276E+002,
4.613880742913001E+009,-2.305092072909869E+001,1.125953139744488E+002,
4.617790811339198E+009,-2.290517488831870E+001,9.390100749167114E+001,
4.621700879765396E+009,-2.278004292264883E+001,7.538150261392376E+001,
4.625610948191593E+009,-2.266115982387472E+001,5.587047350133586E+001,
4.629521016617791E+009,-2.262545087360885E+001,3.771237875422543E+001,
4.633431085043988E+009,-2.239796287648214E+001,1.855003529447960E+001,
4.637341153470186E+009,-2.238016409732445E+001,-1.183679067275247E+000,
4.641251221896383E+009,-2.225784491253367E+001,-2.025032021237377E+001,
4.645161290322580E+009,-2.224264109750258E+001,-4.006992458826163E+001,
4.649071358748778E+009,-2.228378023620873E+001,-5.951520218578814E+001,
4.652981427174975E+009,-2.227864827803924E+001,-7.925594294153973E+001,
4.656891495601173E+009,-2.237251087270197E+001,-9.881522079919519E+001,
4.660801564027371E+009,-2.243797822014291E+001,-1.177840586203026E+002,
4.664711632453568E+009,-2.242503227987380E+001,-1.364239270993734E+002,
4.668621700879766E+009,-2.246057057805789E+001,-1.561012980263472E+002,
4.672531769305963E+009,-2.247582247958295E+001,-1.756107366244604E+002,
4.676441837732161E+009,-2.250999755491728E+001,1.642775578437824E+002,
4.680351906158358E+009,-2.261755480459203E+001,1.452599851348258E+002,
4.684261974584556E+009,-2.259624168329276E+001,1.258875517378483E+002,
4.688172043010753E+009,-2.259031567203832E+001,1.050268437561673E+002,
4.692082111436951E+009,-2.278189709622448E+001,8.463257159560230E+001,
4.695992179863148E+009,-2.294934181428231E+001,6.510364392097590E+001,
4.699902248289345E+009,-2.306481211671091E+001,4.531303912010894E+001,
4.703812316715543E+009,-2.329643792012130E+001,2.496276465207616E+001,
4.707722385141740E+009,-2.368167578864155E+001,5.064359589003644E+000,
4.711632453567938E+009,-2.390627576070249E+001,-1.358214661429234E+001,
4.715542521994135E+009,-2.395436556340457E+001,-3.254484387472493E+001,
4.719452590420332E+009,-2.398731962324526E+001,-5.372076974641718E+001,
4.723362658846530E+009,-2.419525550811083E+001,-7.429733279195834E+001,
4.727272727272727E+009,-2.442875096391744E+001,-9.468114549020130E+001,
4.731182795698925E+009,-2.456247949668134E+001,-1.165635995392675E+002,
4.735092864125122E+009,-2.494747058934698E+001,-1.394039616590677E+002,
4.739002932551320E+009,-2.556414249317518E+001,-1.616192916099006E+002,
4.742913000977517E+009,-2.625509117795009E+001,1.779518149143297E+002,
4.746823069403714E+009,-2.678781367230508E+001,1.582929664273104E+002,
4.750733137829912E+009,-2.745469640832920E+001,1.374795228214663E+002,
4.754643206256109E+009,-2.818311523122755E+001,1.173078565386165E+002,
4.758553274682307E+009,-2.885724958700333E+001,9.789073316896329E+001,
4.762463343108504E+009,-2.942312588791046E+001,7.803594805897515E+001,
4.766373411534702E+009,-3.006264489584374E+001,5.790447212216694E+001,
4.770283479960899E+009,-3.077052291025372E+001,3.616766425112018E+001,
4.774193548387096E+009,-3.158600332768145E+001,1.478505322283921E+001,
4.778103616813294E+009,-3.248907196193489E+001,-5.710830466515279E+000,
4.782013685239492E+009,-3.334782843370540E+001,-2.701155909310197E+001,
4.785923753665690E+009,-3.427575006323010E+001,-4.954264334905147E+001,
4.789833822091887E+009,-3.553590623976602E+001,-7.261822061133736E+001,
4.793743890518084E+009,-3.717113669782663E+001,-9.425682154841712E+001,
4.797653958944282E+009,-3.840016598778589E+001,-1.128650783485437E+002,
4.801564027370479E+009,-3.923809602627188E+001,-1.356441638136379E+002,
4.805474095796677E+009,-4.040915666204321E+001,-1.623667224286895E+002,
4.809384164222874E+009,-4.181491933621349E+001,1.694972417102293E+002,
4.813294232649072E+009,-4.353724031746950E+001,1.445292119338876E+002,
4.817204301075269E+009,-4.358268528440600E+001,1.158880558589268E+002,
4.821114369501467E+009,-4.361211239017509E+001,7.599976725122788E+001,
4.825024437927664E+009,-4.381060167739329E+001,3.833630447798110E+001,
4.828934506353861E+009,-4.402445289379114E+001,2.318616953787830E+000,
4.832844574780059E+009,-4.344997729682302E+001,-2.248925254439648E+001,
4.836754643206256E+009,-4.264408074512722E+001,-4.956106142817401E+001,
4.840664711632454E+009,-4.149999264681195E+001,-7.647355217739855E+001,
4.844574780058651E+009,-4.064959336517728E+001,-1.068122823731841E+002,
4.848484848484848E+009,-4.175337188561755E+001,-1.339555584986561E+002,
4.852394916911046E+009,-4.237418053079460E+001,-1.478820222304255E+002,
4.856304985337243E+009,-4.214455973541864E+001,-1.600688414334880E+002,
4.860215053763441E+009,-4.113509672575984E+001,-1.696940474630168E+002,
4.864125122189638E+009,-3.906640381030199E+001,1.695169516576098E+002,
4.868035190615836E+009,-3.856633156662084E+001,1.446654047399174E+002,
4.871945259042033E+009,-3.890599942306053E+001,1.241340180317015E+002,
4.875855327468231E+009,-3.898768383698185E+001,1.091639087637485E+002,
4.879765395894428E+009,-3.811908595766126E+001,9.555153636428571E+001,
4.883675464320625E+009,-3.713648715472654E+001,7.509829308996493E+001,
4.887585532746823E+009,-3.688668627913388E+001,5.394569346592123E+001,
4.891495601173020E+009,-3.691885549785717E+001,3.432506975069222E+001,
4.895405669599218E+009,-3.679100224151233E+001,1.578275740671029E+001,
4.899315738025415E+009,-3.709789563941963E+001,-3.947985941912558E+000,
4.903225806451613E+009,-3.718681161461714E+001,-1.769176154268455E+001,
4.907135874877811E+009,-3.678376318653714E+001,-3.734805821406970E+001,
4.911045943304008E+009,-3.737597418851513E+001,-5.568108008616907E+001,
4.914956011730206E+009,-3.764119216446262E+001,-7.314773024287567E+001,
4.918866080156403E+009,-3.817589043519280E+001,-8.743220847258596E+001,
4.922776148582601E+009,-3.842532777758881E+001,-9.800015952678952E+001,
4.926686217008798E+009,-3.826501829362478E+001,-1.134134348736866E+002,
4.930596285434996E+009,-3.836292389900849E+001,-1.239653019347611E+002,
4.934506353861193E+009,-3.732830346301414E+001,-1.353571219637588E+002,
4.938416422287390E+009,-3.651112282790453E+001,-1.526152446681235E+002,
4.942326490713588E+009,-3.631974129771965E+001,-1.731132389936035E+002,
4.946236559139785E+009,-3.665824114995910E+001,1.674387590913534E+002,
4.950146627565983E+009,-3.739912728591249E+001,1.555626599715247E+002,
4.954056695992180E+009,-3.750573669313074E+001,1.460919202957336E+002,
4.957966764418377E+009,-3.671833442523655E+001,1.367722425499740E+002,
4.961876832844575E+009,-3.606890067864261E+001,1.228269347792014E+002,
4.965786901270772E+009,-3.517416692599082E+001,1.101348362309192E+002,
4.969696969696970E+009,-3.416905177079062E+001,9.503799865119487E+001,
4.973607038123167E+009,-3.315589986203332E+001,7.882136901302484E+001,
4.977517106549365E+009,-3.224432502128629E+001,6.119715065630887E+001,
4.981427174975562E+009,-3.140378121550818E+001,4.177239481115635E+001,
4.985337243401759E+009,-3.081921916365575E+001,2.147356457012444E+001,
4.989247311827957E+009,-3.074660884295818E+001,1.746668546046855E+000,
4.993157380254154E+009,-3.057028053758734E+001,-1.462176360414470E+001,
4.997067448680352E+009,-3.010875202830286E+001,-3.387564783559408E+001,
5.000977517106549E+009,-3.017132641684487E+001,-5.050937808861990E+001,
5.004887585532747E+009,-2.979299016146578E+001,-6.751836910666944E+001,
5.008797653958944E+009,-2.930803373482625E+001,-8.333720098840787E+001,
5.012707722385141E+009,-2.871020449829260E+001,-1.013023535870008E+002,
5.016617790811339E+009,-2.838323878844182E+001,-1.187542788975450E+002,
5.020527859237536E+009,-2.787699685370244E+001,-1.364738531033654E+002,
5.024437927663734E+009,-2.729929361346759E+001,-1.560932552470888E+002,
5.028347996089932E+009,-2.697012610607669E+001,-1.758687536833855E+002,
5.032258064516129E+009,-2.692556601589537E+001,1.626706284380753E+002,
5.036168132942327E+009,-2.709704392296180E+001,1.441229106472405E+002,
5.040078201368524E+009,-2.720603096786269E+001,1.262270088905182E+002,
5.043988269794722E+009,-2.735585610908350E+001,1.104813212099963E+002,
5.047898338220919E+009,-2.722850050876598E+001,9.573446224766848E+001,
5.051808406647117E+009,-2.671854730241689E+001,8.117329247644877E+001,
5.055718475073314E+009,-2.624834918518227E+001,6.336364799729773E+001,
5.059628543499512E+009,-2.573580394194456E+001,4.588828468492832E+001,
5.063538611925709E+009,-2.520703982128739E+001,2.696575248668001E+001,
5.067448680351906E+009,-2.480259816961475E+001,7.877648674662587E+000,
5.071358748778104E+009,-2.437788552642870E+001,-1.318905409918212E+001,
5.075268817204301E+009,-2.444930209406683E+001,-3.307385458292573E+001,
5.079178885630499E+009,-2.451953469123313E+001,-5.159108901030676E+001,
5.083088954056696E+009,-2.479599474585800E+001,-7.041831177286360E+001,
5.086999022482893E+009,-2.485727668712397E+001,-8.661999274271061E+001,
5.090909090909091E+009,-2.477110585249870E+001,-1.024299849148863E+002,
5.094819159335288E+009,-2.452632899293810E+001,-1.189218354048263E+002,
5.098729227761486E+009,-2.408244478078861E+001,-1.362421973599060E+002,
5.102639296187683E+009,-2.384069110500897E+001,-1.537855037673397E+002,
5.106549364613881E+009,-2.344857052473102E+001,-1.720882840759020E+002,
5.110459433040078E+009,-2.319160501450308E+001,1.687388535050805E+002,
5.114369501466276E+009,-2.287368377078006E+001,1.488320828933900E+002,
5.118279569892473E+009,-2.290457520710996E+001,1.285714452782414E+002,
5.122189638318670E+009,-2.304072707918477E+001,1.094340286024325E+002,
5.126099706744868E+009,-2.310476003636153E+001,9.118235585242412E+001,
5.130009775171065E+009,-2.331761464586715E+001,7.332505654812549E+001,
5.133919843597263E+009,-2.333006276825819E+001,5.634648276202437E+001,
5.137829912023460E+009,-2.336317360642732E+001,3.922349748366192E+001,
5.141739980449657E+009,-2.311097904386945E+001,2.215875248986558E+001,
5.145650048875855E+009,-2.300576854245089E+001,3.214115268960611E+000,
5.149560117302053E+009,-2.301501323356801E+001,-1.429348210894337E+001,
5.153470185728251E+009,-2.287871864382851E+001,-3.140217434421972E+001,
5.157380254154448E+009,-2.283104739834418E+001,-4.876511105232254E+001,
5.161290322580645E+009,-2.266338578581897E+001,-6.726587944769123E+001,
5.165200391006843E+009,-2.255981994795910E+001,-8.578189327703001E+001,
5.169110459433041E+009,-2.258300529892454E+001,-1.045209729816114E+002,
5.173020527859238E+009,-2.258508629474736E+001,-1.226236236771493E+002,
5.176930596285435E+009,-2.257527857124455E+001,-1.404792126374985E+002,
5.180840664711633E+009,-2.263641110410559E+001,-1.579999109616283E+002,
5.184750733137830E+009,-2.255954176131692E+001,-1.750474444379156E+002,
5.188660801564028E+009,-2.247874828904860E+001,1.674612390240903E+002,
5.192570869990225E+009,-2.228356751629891E+001,1.502782945041286E+002,
5.196480938416422E+009,-2.210915608801292E+001,1.316236074173981E+002,
5.200391006842620E+009,-2.209462263160807E+001,1.125150568862736E+002,
5.204301075268817E+009,-2.218038801499918E+001,9.401501806899438E+001,
5.208211143695015E+009,-2.221488048533260E+001,7.535886798355243E+001,
5.212121212121212E+009,-2.236633183889398E+001,5.805868692139593E+001,
5.216031280547409E+009,-2.234630736462179E+001,4.101378220758438E+001,
5.219941348973607E+009,-2.230281461790725E+001,2.342043378393512E+001,
5.223851417399805E+009,-2.234812046597032E+001,5.454776731086660E+000,
5.227761485826002E+009,-2.237991172514901E+001,-1.125622847535754E+001,
5.231671554252199E+009,-2.217419094146400E+001,-2.863184971498480E+001,
5.235581622678397E+009,-2.203929397167105E+001,-4.664984290025029E+001,
5.239491691104594E+009,-2.197791185920606E+001,-6.490927822810845E+001,
5.243401759530792E+009,-2.185345309434506E+001,-8.280910373914657E+001,
5.247311827956989E+009,-2.176625575340248E+001,-1.009880240841893E+002,
5.251221896383186E+009,-2.167696197518448E+001,-1.199846907335079E+002,
5.255131964809384E+009,-2.175042320356277E+001,-1.395289959672809E+002,
5.259042033235581E+009,-2.198743963469011E+001,-1.582676420477621E+002,
5.262952101661779E+009,-2.208427114026378E+001,-1.753099671049715E+002,
5.266862170087977E+009,-2.208218617877095E+001,1.667750756822465E+002,
5.270772238514174E+009,-2.224146938283592E+001,1.483508125860888E+002,
5.274682306940372E+009,-2.239855783276464E+001,1.316432460806192E+002,
5.278592375366570E+009,-2.230646924231461E+001,1.152344564808712E+002,
5.282502443792767E+009,-2.210966450590446E+001,9.792251849662569E+001,
5.286412512218964E+009,-2.193481521500575E+001,7.973834262465120E+001,
5.290322580645162E+009,-2.189086521733295E+001,6.097734493700180E+001,
5.294232649071359E+009,-2.186055490182609E+001,4.278072360677962E+001,
5.298142717497557E+009,-2.179868213519668E+001,2.426238778024270E+001,
5.302052785923754E+009,-2.183349524295746E+001,4.609282308367152E+000,
5.305962854349951E+009,-2.197551926984979E+001,-1.473727797862812E+001,
5.309872922776149E+009,-2.223697594993380E+001,-3.369111499463332E+001,
5.313782991202346E+009,-2.248870401566539E+001,-4.998622023176897E+001,
5.317693059628544E+009,-2.256591596710420E+001,-6.707585622684253E+001,
5.321603128054741E+009,-2.257382269253691E+001,-8.392907335803770E+001,
5.325513196480938E+009,-2.248591292649123E+001,-1.017501166753115E+002,
5.329423264907136E+009,-2.246032500149370E+001,-1.203326810062129E+002,
5.333333333333333E+009,-2.248910140751582E+001,-1.398065227094941E+002,
5.337243401759531E+009,-2.268004982247051E+001,-1.577057611285829E+002,
5.341153470185728E+009,-2.283540747432978E+001,-1.759989425659696E+002,
5.345063538611926E+009,-2.288265236512896E+001,1.658793321438212E+002,
5.348973607038123E+009,-2.320767084399014E+001,1.480064579656434E+002,
5.352883675464321E+009,-2.331826363685542E+001,1.317800086857342E+002,
5.356793743890518E+009,-2.334328631829669E+001,1.140553482714153E+002,
5.360703812316715E+009,-2.334976993379668E+001,9.596013522954556E+001,
5.364613880742913E+009,-2.346604604660062E+001,7.802160243954856E+001,
5.368523949169110E+009,-2.348346147071232E+001,6.187187408667732E+001,
5.372434017595308E+009,-2.338027813259845E+001,4.403055296145324E+001,
5.376344086021505E+009,-2.329824822078968E+001,2.548818566663140E+001,
5.380254154447702E+009,-2.349592139654255E+001,6.939976441440628E+000,
5.384164222873900E+009,-2.350963741826757E+001,-1.136979461240497E+001,
5.388074291300098E+009,-2.368414514015654E+001,-2.970868702901363E+001,
5.391984359726296E+009,-2.391871531703949E+001,-4.716956103043096E+001,
5.395894428152493E+009,-2.404886360225028E+001,-6.384595635255948E+001,
5.399804496578690E+009,-2.389177002352822E+001,-8.122520158681444E+001,
5.403714565004888E+009,-2.394825481217197E+001,-9.941481918526741E+001,
5.407624633431086E+009,-2.393047331603808E+001,-1.171267276927939E+002,
5.411534701857283E+009,-2.387012770638035E+001,-1.342431924680113E+002,
5.415444770283480E+009,-2.365531119639663E+001,-1.519291662944224E+002,
5.419354838709678E+009,-2.352406083444272E+001,-1.704440120181900E+002,
5.423264907135875E+009,-2.327579412090900E+001,1.702587529835698E+002,
5.427174975562073E+009,-2.307362408428084E+001,1.496696932334664E+002,
5.431085043988270E+009,-2.322547470800218E+001,1.283214450140032E+002,
5.434995112414467E+009,-2.355370542163181E+001,1.086185825316764E+002,
5.438905180840665E+009,-2.379604156898859E+001,9.056649482401468E+001,
5.442815249266862E+009,-2.382330929870755E+001,7.242275629192099E+001,
5.446725317693060E+009,-2.386601871800443E+001,5.299993106172462E+001,
5.450635386119257E+009,-2.398522614130888E+001,3.421880576714391E+001,
5.454545454545454E+009,-2.402467690201613E+001,1.403480282022250E+001,
5.458455522971652E+009,-2.406634819856614E+001,-4.688101861505691E+000,
5.462365591397850E+009,-2.411182744020483E+001,-2.576339695427312E+001,
5.466275659824047E+009,-2.425852569896733E+001,-4.665521669818911E+001,
5.470185728250244E+009,-2.451913600673370E+001,-6.717335770798417E+001,
5.474095796676442E+009,-2.483680222162201E+001,-8.796742594712001E+001,
5.478005865102639E+009,-2.530204494715844E+001,-1.080250141660595E+002,
5.481915933528837E+009,-2.553644783262385E+001,-1.277567756836897E+002,
5.485826001955034E+009,-2.597424325727474E+001,-1.475362084376823E+002,
5.489736070381231E+009,-2.622798779404209E+001,-1.671967401194503E+002,
5.493646138807429E+009,-2.635622496976940E+001,1.715818627898428E+002,
5.497556207233626E+009,-2.669165970499026E+001,1.490606250152853E+002,
5.501466275659824E+009,-2.750740465533881E+001,1.289559519698235E+002,
5.505376344086021E+009,-2.797718735884152E+001,1.095997318274159E+002,
5.509286412512219E+009,-2.831923976305772E+001,8.947314893437553E+001,
5.513196480938417E+009,-2.870252560132261E+001,6.883492083635687E+001,
5.517106549364615E+009,-2.914032798839716E+001,4.635897602587809E+001,
5.521016617790812E+009,-2.977381912342072E+001,2.497859422352454E+001,
5.524926686217009E+009,-3.043316976502517E+001,4.214020555186768E+000,
5.528836754643207E+009,-3.083981508182124E+001,-1.653007499779814E+001,
5.532746823069404E+009,-3.161218734831497E+001,-3.877225274500732E+001,
5.536656891495602E+009,-3.240153126280888E+001,-5.824637547247603E+001,
5.540566959921799E+009,-3.261850276320745E+001,-8.000137608911102E+001,
5.544477028347996E+009,-3.309377967284228E+001,-1.042893457363683E+002,
5.548387096774194E+009,-3.366616196342046E+001,-1.284674620492638E+002,
5.552297165200391E+009,-3.454558790446883E+001,-1.534532829786544E+002,
5.556207233626589E+009,-3.523769255578303E+001,-1.753079923240063E+002,
5.560117302052786E+009,-3.555141876300785E+001,1.596901302217268E+002,
5.564027370478983E+009,-3.621229325669386E+001,1.316233627984332E+002,
5.567937438905181E+009,-3.734855639088066E+001,1.074935977163367E+002,
5.571847507331378E+009,-3.795850142525164E+001,8.468811910716559E+001,
5.575757575757576E+009,-3.810777281000627E+001,6.189165561816416E+001,
5.579667644183773E+009,-3.802632011305118E+001,3.734190736498425E+001,
5.583577712609971E+009,-3.761612079966511E+001,1.153089516631861E+001,
5.587487781036168E+009,-3.751661750510900E+001,-1.650763191830207E+001,
5.591397849462366E+009,-3.774382071621191E+001,-4.412916217934541E+001,
5.595307917888563E+009,-3.836983584512912E+001,-6.930575607853358E+001,
5.599217986314760E+009,-3.887709735788156E+001,-9.109687268307886E+001,
5.603128054740958E+009,-3.925347807339024E+001,-1.090166323691066E+002,
5.607038123167155E+009,-3.895737924221175E+001,-1.262325780606858E+002,
5.610948191593353E+009,-3.847620801910506E+001,-1.453222234488277E+002,
5.614858260019550E+009,-3.800051640319468E+001,-1.636097994407213E+002,
5.618768328445747E+009,-3.722235297134174E+001,1.772990776647948E+002,
5.622678396871945E+009,-3.688980670013764E+001,1.547534688026737E+002,
5.626588465298142E+009,-3.676477707698895E+001,1.355050885069053E+002,
5.630498533724340E+009,-3.647624589608027E+001,1.145010208414285E+002,
5.634408602150538E+009,-3.679119694105610E+001,9.642430685573451E+001,
5.638318670576735E+009,-3.663428989057093E+001,8.286153099024359E+001,
5.642228739002933E+009,-3.587534562296717E+001,6.687823095152258E+001,
5.646138807429131E+009,-3.522519370729194E+001,4.817645848575845E+001,
5.650048875855328E+009,-3.467375601990633E+001,2.771701201823607E+001,
5.653958944281525E+009,-3.458564368617256E+001,1.064738331901204E+001,
5.657869012707723E+009,-3.437955497129025E+001,-6.857615745413503E+000,
5.661779081133920E+009,-3.378097183232629E+001,-2.159903298837061E+001,
5.665689149560118E+009,-3.265200667728877E+001,-3.882289491010383E+001,
5.669599217986315E+009,-3.170170367847117E+001,-6.021040725016864E+001,
5.673509286412512E+009,-3.098818436651851E+001,-8.298028909000189E+001,
5.677419354838710E+009,-3.070280635143326E+001,-1.079473382395575E+002,
5.681329423264907E+009,-3.104635824611727E+001,-1.307503354659845E+002,
5.685239491691105E+009,-3.141888295908441E+001,-1.523820230942888E+002,
5.689149560117302E+009,-3.225720190190448E+001,-1.703231619845609E+002,
5.693059628543499E+009,-3.248272703545037E+001,1.753039343830954E+002,
5.696969696969697E+009,-3.247227162823586E+001,1.608954820644899E+002,
5.700879765395895E+009,-3.208240234227679E+001,1.449349060617684E+002,
5.704789833822092E+009,-3.204168274719863E+001,1.284128190140011E+002,
5.708699902248289E+009,-3.147150127436393E+001,1.143121084471626E+002,
5.712609970674487E+009,-3.058151080534926E+001,9.628604260538836E+001,
5.716520039100684E+009,-2.992863202556769E+001,7.482704724878094E+001,
5.720430107526882E+009,-2.954050102208564E+001,5.398386204448367E+001,
5.724340175953079E+009,-2.947401169852187E+001,3.033585690832923E+001,
5.728250244379276E+009,-2.997783659682496E+001,9.196138744254688E+000,
5.732160312805474E+009,-3.101571122335175E+001,-8.837343179432448E+000,
5.736070381231671E+009,-3.089299794114091E+001,-2.315056555139607E+001,
5.739980449657869E+009,-3.092279577391695E+001,-3.844355892176763E+001,
5.743890518084066E+009,-3.072556180348542E+001,-5.245543198043474E+001,
5.747800586510263E+009,-2.993114493598793E+001,-7.140744304640431E+001,
5.751710654936461E+009,-2.984393934989914E+001,-9.052854784456243E+001,
5.755620723362660E+009,-2.970255868671600E+001,-1.084533108898321E+002,
5.759530791788857E+009,-2.922640659562912E+001,-1.258401238371902E+002,
5.763440860215054E+009,-2.900662480906987E+001,-1.471799058912982E+002,
5.767350928641252E+009,-2.929780602407988E+001,-1.666783285022573E+002,
5.771260997067449E+009,-2.946148280094485E+001,1.742508821888709E+002,
5.775171065493647E+009,-2.961716527484526E+001,1.563004987657656E+002,
5.779081133919844E+009,-2.983264821201903E+001,1.379843734546176E+002,
5.782991202346041E+009,-2.982584124477835E+001,1.215142189997666E+002,
5.786901270772239E+009,-2.970305803005278E+001,1.047910620617024E+002,
5.790811339198436E+009,-2.978999282104066E+001,8.899323782037446E+001,
5.794721407624634E+009,-2.930448818645305E+001,6.914668862841316E+001,
5.798631476050831E+009,-2.928360639835557E+001,4.872665084217221E+001,
5.802541544477028E+009,-2.945176029696840E+001,3.024728190391551E+001,
5.806451612903226E+009,-2.961864049352862E+001,1.247058758062702E+001,
5.810361681329423E+009,-3.009556108295347E+001,-6.668705960208109E+000,
5.814271749755621E+009,-3.021979037511426E+001,-2.270318499952109E+001,
5.818181818181818E+009,-3.041964907071358E+001,-3.893360508356395E+001,
5.822091886608016E+009,-3.054749855795051E+001,-5.636780968527057E+001,
5.826001955034213E+009,-3.074029449868095E+001,-7.287383692396057E+001,
5.829912023460411E+009,-3.085314367254507E+001,-8.854881024986632E+001,
5.833822091886608E+009,-3.087221998054096E+001,-1.034671858416437E+002,
5.837732160312805E+009,-3.048070612885510E+001,-1.194708656036469E+002,
5.841642228739003E+009,-3.034681774406203E+001,-1.369090111174877E+002,
5.845552297165200E+009,-2.998449013182856E+001,-1.557125054132729E+002,
5.849462365591398E+009,-2.994972727366952E+001,-1.740837536821904E+002,
5.853372434017595E+009,-2.989566094781273E+001,1.685379250751606E+002,
5.857282502443792E+009,-3.008731905373329E+001,1.514573641564892E+002,
5.861192570869990E+009,-3.010286684536674E+001,1.330451019974629E+002,
5.865102639296187E+009,-3.036657648969112E+001,1.143532712141335E+002,
5.869012707722385E+009,-3.061059291129885E+001,9.839916485992112E+001,
5.872922776148583E+009,-3.050474303655376E+001,8.376338325421376E+001,
5.876832844574780E+009,-3.025606540979829E+001,6.644548910269874E+001,
5.880742913000978E+009,-3.026681463897749E+001,4.924912652385405E+001,
5.884652981427176E+009,-3.020184602242011E+001,3.357872044793633E+001,
5.888563049853373E+009,-3.005059453045386E+001,1.561372339868912E+001,
5.892473118279570E+009,-3.026818447946136E+001,-1.630934652109293E+000,
5.896383186705768E+009,-3.013817570473798E+001,-1.839564447671263E+001,
5.900293255131965E+009,-3.024748417481705E+001,-3.438706655232271E+001,
5.904203323558163E+009,-3.007571640108250E+001,-4.996197166980043E+001,
5.908113391984360E+009,-2.974126981052470E+001,-6.681155615527528E+001,
5.912023460410557E+009,-2.938342488915234E+001,-8.459568435125880E+001,
5.915933528836755E+009,-2.931482204695481E+001,-1.032029245167899E+002,
5.919843597262952E+009,-2.936379448139298E+001,-1.211139610771623E+002,
5.923753665689150E+009,-2.935557616484754E+001,-1.398320841198890E+002,
5.927663734115347E+009,-2.952928593996624E+001,-1.556939183800140E+002,
5.931573802541544E+009,-2.955974246268721E+001,-1.710105637712055E+002,
5.935483870967742E+009,-2.944622601422952E+001,1.749808147286816E+002,
5.939393939393940E+009,-2.925841332513838E+001,1.584236798775237E+002,
5.943304007820137E+009,-2.882643749080998E+001,1.423239427957598E+002,
5.947214076246334E+009,-2.834855150988841E+001,1.257373582584945E+002,
5.951124144672532E+009,-2.776976094404751E+001,1.061643644710101E+002,
5.955034213098729E+009,-2.759042696937319E+001,8.597246734198555E+001,
5.958944281524927E+009,-2.770559436618655E+001,6.802450957745330E+001,
5.962854349951124E+009,-2.775829100495045E+001,5.144904441112712E+001,
5.966764418377321E+009,-2.761109617916544E+001,3.502058069068362E+001,
5.970674486803519E+009,-2.719084512345622E+001,1.896862166748156E+001,
5.974584555229716E+009,-2.683096357205658E+001,9.788616426301683E-001,
5.978494623655914E+009,-2.648440924209650E+001,-1.725802773819653E+001,
5.982404692082111E+009,-2.602464099573359E+001,-3.607561359201966E+001,
5.986314760508308E+009,-2.571379684167816E+001,-5.559810225769925E+001,
5.990224828934506E+009,-2.554723706033206E+001,-7.545807434800337E+001,
5.994134897360704E+009,-2.553641605649292E+001,-9.543674235408673E+001,
5.998044965786902E+009,-2.558939434914663E+001,-1.154201764431508E+002,
6.001955034213099E+009,-2.566702931052212E+001,-1.336242972796608E+002,
6.005865102639297E+009,-2.559602315443273E+001,-1.525734477771453E+002,
6.009775171065494E+009,-2.564937381145184E+001,-1.710255732829353E+002,
6.013685239491692E+009,-2.571355423387188E+001,1.711112402156247E+002,
6.017595307917889E+009,-2.574286985226298E+001,1.531045986028452E+002,
6.021505376344086E+009,-2.563844937273952E+001,1.360844161362148E+002,
6.025415444770284E+009,-2.538817341076708E+001,1.189461909951231E+002,
6.029325513196481E+009,-2.512726577749039E+001,9.922716830424587E+001,
6.033235581622679E+009,-2.518966551720423E+001,7.996626515279839E+001,
6.037145650048876E+009,-2.518857244798567E+001,6.036783173046564E+001,
6.041055718475073E+009,-2.538263788893776E+001,4.203414594298894E+001,
6.044965786901271E+009,-2.530104672860471E+001,2.433198459412423E+001,
6.048875855327468E+009,-2.538025968069291E+001,5.535452985914647E+000,
6.052785923753666E+009,-2.528162567245046E+001,-1.240960617873258E+001,
6.056695992179863E+009,-2.529270128900400E+001,-3.064406567207815E+001,
6.060606060606061E+009,-2.522549784466617E+001,-4.813605502814565E+001,
6.064516129032258E+009,-2.516056868053849E+001,-6.587351948450316E+001,
6.068426197458456E+009,-2.492463164124607E+001,-8.386204317953849E+001,
6.072336265884653E+009,-2.484137437143525E+001,-1.038962651728915E+002,
6.076246334310850E+009,-2.485182519506794E+001,-1.234905875354279E+002,
6.080156402737048E+009,-2.488012414684051E+001,-1.428931870258120E+002,
6.084066471163245E+009,-2.491516107914998E+001,-1.619527233526407E+002,
6.087976539589443E+009,-2.497918909867005E+001,-1.795969004902199E+002,
6.091886608015640E+009,-2.485588535185437E+001,1.618059885469460E+002,
6.095796676441837E+009,-2.483599329067631E+001,1.423038181572400E+002,
6.099706744868035E+009,-2.484926903110228E+001,1.235369960151481E+002,
6.103616813294232E+009,-2.483330950128075E+001,1.046200129344393E+002,
6.107526881720430E+009,-2.473902935751763E+001,8.463559511339609E+001,
6.111436950146627E+009,-2.489094505292373E+001,6.544427781809465E+001,
6.115347018572825E+009,-2.496123725498916E+001,4.494777212677240E+001,
6.119257086999023E+009,-2.537296381394623E+001,2.459127467397921E+001,
6.123167155425221E+009,-2.580015321515089E+001,5.535573002385042E+000,
6.127077223851418E+009,-2.609064894597131E+001,-1.101480461798643E+001,
6.130987292277615E+009,-2.610973258901106E+001,-2.681624071763467E+001,
6.134897360703813E+009,-2.586566391271839E+001,-4.458269393096883E+001,
6.138807429130010E+009,-2.581015397909344E+001,-6.487104947931508E+001,
6.142717497556208E+009,-2.615635144980782E+001,-8.398906396854727E+001,
6.146627565982405E+009,-2.606915808836099E+001,-1.007096365080922E+002,
6.150537634408602E+009,-2.597107331280014E+001,-1.196812712425916E+002,
6.154447702834800E+009,-2.602782139539711E+001,-1.396628596438412E+002,
6.158357771260998E+009,-2.603165981783889E+001,-1.599377187357744E+002,
6.162267839687195E+009,-2.622814331088304E+001,1.795536553930386E+002,
6.166177908113392E+009,-2.655330218546916E+001,1.594169276449391E+002,
6.170087976539589E+009,-2.695588853091795E+001,1.399258796866568E+002,
6.173998044965787E+009,-2.758087505173445E+001,1.225115013838548E+002,
6.177908113391985E+009,-2.786201247189621E+001,1.070997105302034E+002,
6.181818181818182E+009,-2.789989037144959E+001,8.938434325792053E+001,
6.185728250244379E+009,-2.808612518973543E+001,7.260732320845152E+001,
6.189638318670576E+009,-2.805878637148842E+001,5.591886896786429E+001,
6.193548387096774E+009,-2.772836538566424E+001,3.810141536428608E+001,
6.197458455522972E+009,-2.739731818940758E+001,1.825004840411402E+001,
6.201368523949169E+009,-2.749658630781361E+001,-2.724915084289969E+000,
6.205278592375366E+009,-2.784402883640248E+001,-2.351150553298128E+001,
6.209188660801564E+009,-2.822385682053356E+001,-4.103353261635907E+001,
6.213098729227762E+009,-2.832704096016176E+001,-5.893640545788662E+001,
6.217008797653959E+009,-2.832710945311753E+001,-7.872734772963803E+001,
6.220918866080156E+009,-2.839471192206845E+001,-9.849824273227219E+001,
6.224828934506353E+009,-2.848533840222597E+001,-1.177893992740257E+002,
6.228739002932551E+009,-2.878312369670301E+001,-1.379489987513428E+002,
6.232649071358749E+009,-2.889987447964845E+001,-1.553611838174665E+002,
6.236559139784946E+009,-2.891193664133396E+001,-1.731934235851400E+002,
6.240469208211144E+009,-2.880211615069124E+001,1.663328101167840E+002,
6.244379276637341E+009,-2.886982785977921E+001,1.455261015476502E+002,
6.248289345063539E+009,-2.915905392899674E+001,1.265129728767080E+002,
6.252199413489737E+009,-2.923247689282815E+001,1.084370333235874E+002,
6.256109481915934E+009,-2.925592720253363E+001,8.911914827455246E+001,
6.260019550342131E+009,-2.925566082925760E+001,6.847635268446960E+001,
6.263929618768329E+009,-2.910888767069887E+001,4.707482686151262E+001,
6.267839687194526E+009,-2.928362578285206E+001,2.250339306666697E+001,
6.271749755620724E+009,-2.980190818123760E+001,1.202295613142834E-001,
6.275659824046921E+009,-3.038606009810689E+001,-2.057474104267284E+001,
6.279569892473118E+009,-3.066236465420346E+001,-4.069145347989394E+001,
6.283479960899316E+009,-3.121625030241997E+001,-6.274669021902096E+001,
6.287390029325514E+009,-3.211582743310124E+001,-8.288835083442390E+001,
6.291300097751711E+009,-3.276473240012423E+001,-1.015460300268163E+002,
6.295210166177908E+009,-3.328678911109310E+001,-1.198387037011602E+002,
6.299120234604105E+009,-3.319610485132045E+001,-1.368341256251277E+002,
6.303030303030303E+009,-3.313543668517100E+001,-1.581805632490454E+002,
6.306940371456501E+009,-3.316942767167205E+001,1.792965109426325E+002,
6.310850439882698E+009,-3.354519807998847E+001,1.553394200538932E+002,
6.314760508308895E+009,-3.416217238211532E+001,1.319947517828597E+002,
6.318670576735093E+009,-3.492455819511691E+001,1.095936658857089E+002,
6.322580645161290E+009,-3.584520067730440E+001,8.859885171619818E+001,
6.326490713587488E+009,-3.634504233437770E+001,6.803833034268328E+001,
6.330400782013685E+009,-3.713869525794230E+001,4.407518176099586E+001,
6.334310850439882E+009,-3.862396240697458E+001,2.416781335685716E+001,
6.338220918866080E+009,-4.031672460160523E+001,6.755271256004194E+000,
6.342130987292278E+009,-4.076655009432315E+001,3.740256022858668E-001,
6.346041055718475E+009,-3.999359569463692E+001,-1.457350913291849E+001,
6.349951124144672E+009,-3.901391185164216E+001,-3.410857990279683E+001,
6.353861192570869E+009,-3.881560967929433E+001,-5.979941668475517E+001,
6.357771260997068E+009,-3.891554366597003E+001,-8.389942886608274E+001,
6.361681329423266E+009,-3.916031016021711E+001,-1.104138019345416E+002,
6.365591397849463E+009,-4.025369001970933E+001,-1.348550882700776E+002,
6.369501466275660E+009,-4.157164817528272E+001,-1.530448819373041E+002,
6.373411534701857E+009,-4.217091382485199E+001,-1.699958737908477E+002,
6.377321603128055E+009,-4.289437295210868E+001,1.744811454343890E+002,
6.381231671554253E+009,-4.303542592201798E+001,1.561176498848820E+002,
6.385141739980450E+009,-4.406211878712042E+001,1.459896202811226E+002,
6.389051808406647E+009,-4.293050884774938E+001,1.352093693097954E+002,
6.392961876832845E+009,-4.172995168543614E+001,1.192249884295486E+002,
6.396871945259043E+009,-4.048318673273889E+001,9.932389558145297E+001,
6.400782013685240E+009,-3.959197399788855E+001,7.597185751619465E+001,
6.404692082111437E+009,-3.891945147816302E+001,5.238566247263556E+001,
6.408602150537634E+009,-3.914838112845388E+001,2.894147207922913E+001,
6.412512218963832E+009,-3.904529050386614E+001,9.930397952173848E+000,
6.416422287390030E+009,-3.876140410851382E+001,-8.499137960129877E+000,
6.420332355816227E+009,-3.795684179449604E+001,-2.777907031560986E+001,
6.424242424242424E+009,-3.752554044244804E+001,-5.007383957240224E+001,
6.428152492668621E+009,-3.723217657796855E+001,-7.231657437038632E+001,
6.432062561094819E+009,-3.706147349430210E+001,-9.360218305127293E+001,
6.435972629521017E+009,-3.731448993396339E+001,-1.152651027710255E+002,
6.439882697947214E+009,-3.748988774617682E+001,-1.323488506238722E+002,
6.443792766373411E+009,-3.712611401261784E+001,-1.481101705204560E+002,
6.447702834799609E+009,-3.643508973814377E+001,-1.662679667477936E+002,
6.451612903225807E+009,-3.572594739444520E+001,1.737772600519453E+002,
6.455522971652004E+009,-3.488485004972133E+001,1.515494273087121E+002,
6.459433040078201E+009,-3.465130618963026E+001,1.270335774612925E+002,
6.463343108504398E+009,-3.486503876639524E+001,1.048793904470125E+002,
6.467253176930596E+009,-3.530688340325265E+001,8.442260277154669E+001,
6.471163245356794E+009,-3.509954852428822E+001,6.757462675339529E+001,
6.475073313782991E+009,-3.492221400660809E+001,4.736349292689999E+001,
6.478983382209189E+009,-3.484918214769080E+001,2.736183943753251E+001,
6.482893450635386E+009,-3.501102424736266E+001,5.708239332925873E+000,
6.486803519061584E+009,-3.575610531253761E+001,-1.293323585092094E+001,
6.490713587487782E+009,-3.581282854005900E+001,-2.557956296947566E+001,
6.494623655913979E+009,-3.519811985889953E+001,-4.156827636353896E+001,
6.498533724340176E+009,-3.454653675903631E+001,-5.963720822690811E+001,
6.502443792766374E+009,-3.395518684849348E+001,-8.191186437926220E+001,
6.506353861192571E+009,-3.427197794891117E+001,-1.035767778581558E+002,
6.510263929618769E+009,-3.464978263321343E+001,-1.224797204480165E+002,
6.514173998044966E+009,-3.481137337895345E+001,-1.368680446927114E+002,
6.518084066471163E+009,-3.416013684915994E+001,-1.541586385961880E+002,
6.521994134897361E+009,-3.373532005189254E+001,-1.758493788745865E+002,
6.525904203323559E+009,-3.412810646731772E+001,1.621590368224937E+002,
6.529814271749756E+009,-3.479214205996570E+001,1.442834246174203E+002,
6.533724340175953E+009,-3.498742635499097E+001,1.319030662658871E+002,
6.537634408602150E+009,-3.422935786248435E+001,1.168679281596054E+002,
6.541544477028348E+009,-3.366387367429763E+001,9.644218452159973E+001,
6.545454545454546E+009,-3.345560434702566E+001,7.493084849768643E+001,
6.549364613880743E+009,-3.395860349829494E+001,5.446258013537083E+001,
6.553274682306940E+009,-3.423563929171863E+001,3.863080585677507E+001,
6.557184750733138E+009,-3.421518928555807E+001,2.268788844358107E+001,
6.561094819159335E+009,-3.383864249844118E+001,5.314390577892809E+000,
6.565004887585533E+009,-3.363089521374200E+001,-1.494005307300350E+001,
6.568914956011730E+009,-3.408032690557215E+001,-3.430921639238572E+001,
6.572825024437927E+009,-3.422914508540033E+001,-4.993406015512031E+001,
6.576735092864125E+009,-3.414097680269571E+001,-6.639459491902140E+001,
6.580645161290323E+009,-3.386924923562583E+001,-8.383154440322092E+001,
6.584555229716520E+009,-3.392871686609384E+001,-1.032621213886502E+002,
6.588465298142717E+009,-3.417069595983615E+001,-1.205729789824676E+002,
6.592375366568914E+009,-3.417387527100159E+001,-1.381456563799253E+002,
6.596285434995112E+009,-3.442556728483443E+001,-1.558388469659119E+002,
6.600195503421310E+009,-3.470949671465162E+001,-1.717471192940047E+002,
6.604105571847508E+009,-3.462489780825128E+001,1.733177092887702E+002,
6.608015640273705E+009,-3.464622180284009E+001,1.574470474603575E+002,
6.611925708699902E+009,-3.478076119033849E+001,1.435655845229381E+002,
6.615835777126100E+009,-3.420960895922026E+001,1.317078454303007E+002,
6.619745845552298E+009,-3.319529119661879E+001,1.163384829042704E+002,
6.623655913978495E+009,-3.228978271638079E+001,9.584653405999347E+001,
6.627565982404692E+009,-3.180058262352575E+001,7.420471335720150E+001,
6.631476050830890E+009,-3.173018629110822E+001,5.297107459762227E+001,
6.635386119257088E+009,-3.160151802146222E+001,3.344297799195049E+001,
6.639296187683285E+009,-3.163876478146323E+001,1.246072515219232E+001,
6.643206256109482E+009,-3.201344646636265E+001,-8.047095940215359E+000,
6.647116324535679E+009,-3.253774280530067E+001,-2.501746843012668E+001,
6.651026392961877E+009,-3.250997654951657E+001,-4.268025987991781E+001,
6.654936461388075E+009,-3.311478308082825E+001,-6.015445217340208E+001,
6.658846529814272E+009,-3.341383791986115E+001,-7.240966380290884E+001,
6.662756598240469E+009,-3.285648176730457E+001,-8.438644210719556E+001,
6.666666666666666E+009,-3.199152148779820E+001,-1.009980545894804E+002,
6.670576735092864E+009,-3.123485903097691E+001,-1.217411281118618E+002,
6.674486803519062E+009,-3.099659634633098E+001,-1.429162676057630E+002,
6.678396871945259E+009,-3.091019239355542E+001,-1.642417679170691E+002,
6.682306940371456E+009,-3.098778641813635E+001,1.749658378828565E+002,
6.686217008797654E+009,-3.125388774617493E+001,1.535768834524442E+002,
6.690127077223852E+009,-3.202381603236313E+001,1.352106691867249E+002,
6.694037145650049E+009,-3.252648010609904E+001,1.194136353874091E+002,
6.697947214076246E+009,-3.283635824483996E+001,1.041147339637333E+002,
6.701857282502443E+009,-3.301685142543605E+001,9.099831577703901E+001,
6.705767350928641E+009,-3.242712088119064E+001,7.759400931012166E+001,
6.709677419354839E+009,-3.167041817367314E+001,5.910737860837162E+001,
6.713587487781036E+009,-3.126359886096024E+001,3.892998390301700E+001,
6.717497556207233E+009,-3.097424495100041E+001,1.673979152023216E+001,
6.721407624633431E+009,-3.135414211675904E+001,-5.330622203797018E+000,
6.725317693059629E+009,-3.201449380693997E+001,-2.516009846453490E+001,
6.729227761485827E+009,-3.267613051104081E+001,-4.058084165155377E+001,
6.733137829912024E+009,-3.298818777910783E+001,-5.615928482548259E+001,
6.737047898338221E+009,-3.323349481622533E+001,-7.078209344251437E+001,
6.740957966764419E+009,-3.322855405219918E+001,-8.558400622268938E+001,
6.744868035190616E+009,-3.322255691811959E+001,-1.004253678130076E+002,
6.748778103616814E+009,-3.294119013650798E+001,-1.144677049276289E+002,
6.752688172043011E+009,-3.225153685991896E+001,-1.299750786136381E+002,
6.756598240469208E+009,-3.158027779910706E+001,-1.493722266356475E+002,
6.760508308895406E+009,-3.135572519503754E+001,-1.706094376757376E+002,
6.764418377321604E+009,-3.146691598197577E+001,1.683683486488957E+002,
6.768328445747801E+009,-3.203608809996054E+001,1.491151483652117E+002,
6.772238514173998E+009,-3.255291946160613E+001,1.325239664953977E+002,
6.776148582600195E+009,-3.296465647834629E+001,1.175134654587400E+002,
6.780058651026393E+009,-3.315481445681697E+001,1.040477047371288E+002,
6.783968719452591E+009,-3.315315420575882E+001,9.076563761420091E+001,
6.787878787878788E+009,-3.269111439733966E+001,7.897271751841285E+001,
6.791788856304985E+009,-3.177875994211403E+001,6.399230637245682E+001,
6.795698924731183E+009,-3.085441339345342E+001,4.567436748127162E+001,
6.799608993157380E+009,-3.028125954201004E+001,2.556759511201156E+001,
6.803519061583578E+009,-2.991393642506651E+001,3.958769728453324E+000,
6.807429130009775E+009,-3.008785157341780E+001,-1.774046838698311E+001,
6.811339198435972E+009,-3.049286714449730E+001,-3.568876541642409E+001,
6.815249266862170E+009,-3.062901660980428E+001,-5.241694289044118E+001,
6.819159335288368E+009,-3.073186820542787E+001,-6.795995590137386E+001,
6.823069403714565E+009,-3.037656022043239E+001,-8.257953731544488E+001,
6.826979472140762E+009,-2.990888524035687E+001,-1.006628667887790E+002,
6.830889540566959E+009,-2.964036668763968E+001,-1.182921037702706E+002,
6.834799608993157E+009,-2.922072630917487E+001,-1.375772671845803E+002,
6.838709677419355E+009,-2.877123434435929E+001,-1.574164540496983E+002,
6.842619745845552E+009,-2.862097661221398E+001,-1.766228728358270E+002,
6.846529814271750E+009,-2.862700144855044E+001,1.634963924487639E+002,
6.850439882697948E+009,-2.860760098985985E+001,1.444946189116888E+002,
6.854349951124145E+009,-2.858565703191486E+001,1.250919211343683E+002,
6.858260019550343E+009,-2.866767682859290E+001,1.059863758356932E+002,
6.862170087976540E+009,-2.883794491001684E+001,8.804626744616972E+001,
6.866080156402737E+009,-2.882002390553418E+001,7.147359432458489E+001,
6.869990224828935E+009,-2.840228572514893E+001,5.500246962749043E+001,
6.873900293255133E+009,-2.801735194385424E+001,3.579577430139177E+001,
6.877810361681330E+009,-2.764366498995919E+001,1.585010916733867E+001,
6.881720430107527E+009,-2.754847158820651E+001,-4.597652163600869E+000,
6.885630498533724E+009,-2.761864495179847E+001,-2.509649818706685E+001,
6.889540566959922E+009,-2.762348262408191E+001,-4.521903771930376E+001,
6.893450635386120E+009,-2.766755843611929E+001,-6.494834018109528E+001,
6.897360703812317E+009,-2.782762378059667E+001,-8.537007169149003E+001,
6.901270772238514E+009,-2.803844069565809E+001,-1.039167369699628E+002,
6.905180840664711E+009,-2.809636678677077E+001,-1.236060236923845E+002,
6.909090909090909E+009,-2.847802026079170E+001,-1.430438118414095E+002,
6.913000977517107E+009,-2.869745346698157E+001,-1.612197043675644E+002,
6.916911045943304E+009,-2.880683734807330E+001,-1.781942527626097E+002,
6.920821114369501E+009,-2.859048647722607E+001,1.640759496801918E+002,
6.924731182795699E+009,-2.855130279926772E+001,1.453070463455665E+002,
6.928641251221897E+009,-2.837539212250473E+001,1.248419345074601E+002,
6.932551319648094E+009,-2.840303558752687E+001,1.049483427034779E+002,
6.936461388074291E+009,-2.854921181863496E+001,8.552604227986885E+001,
6.940371456500488E+009,-2.883646527895257E+001,6.509955086001635E+001,
6.944281524926686E+009,-2.909311833018389E+001,4.641122542140077E+001,
6.948191593352884E+009,-2.927756758004062E+001,2.781493026204125E+001,
6.952101661779081E+009,-2.936810236680056E+001,7.664740259297770E+000,
6.956011730205278E+009,-2.984723431170191E+001,-1.099897672399970E+001,
6.959921798631475E+009,-3.013390467163397E+001,-2.863893746929196E+001,
6.963831867057674E+009,-3.027998235397140E+001,-4.396013281843195E+001,
6.967741935483872E+009,-2.991423979354791E+001,-6.197897707648544E+001,
6.971652003910069E+009,-2.962430499861871E+001,-8.130489642013343E+001,
6.975562072336266E+009,-2.980132210993558E+001,-1.018650468151524E+002,
6.979472140762464E+009,-2.963675961724878E+001,-1.195586288731072E+002,
6.983382209188661E+009,-2.970406094598706E+001,-1.391804690274180E+002,
6.987292277614859E+009,-2.960831727320760E+001,-1.579937593526169E+002,
6.991202346041056E+009,-2.977443428522754E+001,-1.791718176743348E+002,
6.995112414467253E+009,-2.989509461556702E+001,1.584995269951662E+002,
6.999022482893451E+009,-3.023742045842798E+001,1.388979057413959E+002,
7.002932551319649E+009,-3.030080502578427E+001,1.202115138420014E+002,
7.006842619745846E+009,-3.039312049455051E+001,1.022383498504115E+002,
7.010752688172043E+009,-3.028357677624085E+001,8.080929385319304E+001,
7.014662756598240E+009,-3.047463969274926E+001,5.976928012191700E+001,
7.018572825024438E+009,-3.079931256327294E+001,3.877152272269962E+001,
7.022482893450636E+009,-3.110661355740425E+001,2.073326858283309E+001,
7.026392961876833E+009,-3.106517306550108E+001,1.909848835534312E+000,
7.030303030303030E+009,-3.111594249362008E+001,-1.769395008500066E+001,
7.034213098729228E+009,-3.105449722902085E+001,-3.864031017362772E+001,
7.038123167155425E+009,-3.128535516051128E+001,-5.965097119980981E+001,
7.042033235581623E+009,-3.163175851030989E+001,-7.966171538613546E+001,
7.045943304007820E+009,-3.177217480008892E+001,-9.968836306369131E+001,
7.049853372434017E+009,-3.192872242002238E+001,-1.195768912661890E+002,
7.053763440860215E+009,-3.194467529780466E+001,-1.389428618432074E+002,
7.057673509286413E+009,-3.167641094115079E+001,-1.603546068069177E+002,
7.061583577712610E+009,-3.208733406354749E+001,1.768061486237908E+002,
7.065493646138807E+009,-3.240041375228928E+001,1.567301059057026E+002,
7.069403714565004E+009,-3.245351749119173E+001,1.381821417912068E+002,
7.073313782991202E+009,-3.219933008428635E+001,1.170178685665339E+002,
7.077223851417400E+009,-3.230013837279140E+001,9.457906593428248E+001,
7.081133919843597E+009,-3.259859010008724E+001,7.349401714641074E+001,
7.085043988269795E+009,-3.275298945387746E+001,5.381776630301578E+001,
7.088954056695993E+009,-3.266114525742445E+001,3.420649139304310E+001,
7.092864125122190E+009,-3.241253308164006E+001,1.320655956958524E+001,
7.096774193548388E+009,-3.232430455268789E+001,-8.662142305045414E+000,
7.100684261974585E+009,-3.215245472858802E+001,-3.044212790643058E+001,
7.104594330400782E+009,-3.210562179857087E+001,-5.331268880670108E+001,
7.108504398826980E+009,-3.215161102902263E+001,-7.576869082375505E+001,
7.112414467253178E+009,-3.224866095565830E+001,-9.808666865025604E+001,
7.116324535679375E+009,-3.246127034099212E+001,-1.203897320914551E+002,
7.120234604105572E+009,-3.271795124694378E+001,-1.408842080238887E+002,
7.124144672531769E+009,-3.266437675077226E+001,-1.621458830715072E+002,
7.128054740957967E+009,-3.286228899764333E+001,1.763942316008121E+002,
7.131964809384165E+009,-3.288915936844227E+001,1.557570933924969E+002,
7.135874877810362E+009,-3.319020447982526E+001,1.347706745811233E+002,
7.139784946236559E+009,-3.351011889885947E+001,1.168727446731907E+002,
7.143695014662756E+009,-3.337047711787700E+001,9.881013408267646E+001,
7.147605083088954E+009,-3.318470193835132E+001,7.918668024356222E+001,
7.151515151515152E+009,-3.295106020924247E+001,5.993799487307511E+001,
7.155425219941349E+009,-3.258206734163026E+001,3.953511108279141E+001,
7.159335288367546E+009,-3.238560312426143E+001,1.834037970572321E+001,
7.163245356793744E+009,-3.238180045266431E+001,-3.394966823600816E+000,
7.167155425219942E+009,-3.245047999069494E+001,-2.378331907476199E+001,
7.171065493646139E+009,-3.247368377444082E+001,-4.425883242268287E+001,
7.174975562072336E+009,-3.267562217442114E+001,-6.435415432992760E+001,
7.178885630498533E+009,-3.289323816561048E+001,-8.382521825028925E+001,
7.182795698924731E+009,-3.306699372183087E+001,-1.016254927466383E+002,
7.186705767350929E+009,-3.291006843686663E+001,-1.183893903535315E+002,
7.190615835777126E+009,-3.258847708845798E+001,-1.364358537857249E+002,
7.194525904203323E+009,-3.224173071275546E+001,-1.558438202737684E+002,
7.198435972629520E+009,-3.199702043839013E+001,-1.754125040915752E+002,
7.202346041055718E+009,-3.179954062679742E+001,1.642343169976439E+002,
7.206256109481916E+009,-3.181321861117204E+001,1.437929462666771E+002,
7.210166177908114E+009,-3.197160603361564E+001,1.247756960454591E+002,
7.214076246334311E+009,-3.195288894191634E+001,1.064889373794161E+002,
7.217986314760509E+009,-3.183920175398266E+001,8.801188111145514E+001,
7.221896383186706E+009,-3.162672398182546E+001,6.966196767096665E+001,
7.225806451612904E+009,-3.133845606043149E+001,5.015136980434124E+001,
7.229716520039101E+009,-3.130339796515638E+001,2.989421800513321E+001,
7.233626588465298E+009,-3.136484629162675E+001,9.703641515458234E+000,
7.237536656891496E+009,-3.148045987361940E+001,-9.098125946226988E+000,
7.241446725317694E+009,-3.156539955889844E+001,-2.735579004969929E+001,
7.245356793743891E+009,-3.159645189762360E+001,-4.521539992806074E+001,
7.249266862170088E+009,-3.145904466589821E+001,-6.305990590185030E+001,
7.253176930596285E+009,-3.140187676825709E+001,-8.150398052585399E+001,
7.257086999022483E+009,-3.128085641320967E+001,-9.974444721717910E+001,
7.260997067448681E+009,-3.118795184667470E+001,-1.178376191515966E+002,
7.264907135874878E+009,-3.105898745086483E+001,-1.363981516497126E+002,
7.268817204301075E+009,-3.089289605170001E+001,-1.556100822396719E+002,
7.272727272727273E+009,-3.089452838110286E+001,-1.747295623495854E+002,
7.276637341153470E+009,-3.092982203309626E+001,1.655082388056068E+002,
7.280547409579668E+009,-3.105356647824661E+001,1.472650199906302E+002,
7.284457478005865E+009,-3.126856727195960E+001,1.291901253510078E+002,
7.288367546432062E+009,-3.136147202560194E+001,1.117747949423905E+002,
7.292277614858260E+009,-3.139447139863925E+001,9.567330894975547E+001,
7.296187683284458E+009,-3.112854202213095E+001,7.863099649154349E+001,
7.300097751710655E+009,-3.094682503434125E+001,6.050677455945371E+001,
7.304007820136852E+009,-3.077340256138604E+001,4.200182978372941E+001,
7.307917888563049E+009,-3.079041072349133E+001,2.294460918271911E+001,
7.311827956989247E+009,-3.091201153587779E+001,5.140106902068735E+000,
7.315738025415445E+009,-3.086640916059952E+001,-1.291986110214006E+001,
7.319648093841642E+009,-3.088906318096625E+001,-3.123445735050378E+001,
7.323558162267839E+009,-3.080439554905520E+001,-4.882745757963470E+001,
7.327468230694037E+009,-3.072741072384333E+001,-6.680867696519219E+001,
7.331378299120235E+009,-3.069588096341260E+001,-8.513454277730301E+001,
7.335288367546433E+009,-3.076548952560944E+001,-1.030965692112257E+002,
7.339198435972630E+009,-3.083596338971772E+001,-1.191095132724512E+002,
7.343108504398827E+009,-3.058322209404086E+001,-1.356535515915644E+002,
7.347018572825025E+009,-3.019056885787461E+001,-1.537882225242526E+002,
7.350928641251223E+009,-2.997123630788855E+001,-1.735824194355960E+002,
7.354838709677420E+009,-3.003390718707013E+001,1.671847188495860E+002,
7.358748778103617E+009,-3.004533516842913E+001,1.491251123058471E+002,
7.362658846529814E+009,-3.005869661696461E+001,1.308380995424751E+002,
7.366568914956012E+009,-3.003707608027540E+001,1.123038411860397E+002,
7.370478983382210E+009,-3.017353813864139E+001,9.429639484865443E+001,
7.374389051808407E+009,-3.015338051816021E+001,7.698973755493303E+001,
7.378299120234604E+009,-3.005152056291895E+001,5.918402679423160E+001,
7.382209188660801E+009,-3.017202551567246E+001,4.173348711298128E+001,
7.386119257086999E+009,-3.008402391129899E+001,2.500928972776819E+001,
7.390029325513197E+009,-2.979959454914951E+001,7.031654764245742E+000,
7.393939393939394E+009,-2.966635562787242E+001,-1.115306540606308E+001,
7.397849462365591E+009,-2.957223388540304E+001,-2.963517154907600E+001,
7.401759530791789E+009,-2.936358988712934E+001,-4.813791191300069E+001,
7.405669599217987E+009,-2.917045090568095E+001,-6.821951725056542E+001,
7.409579667644184E+009,-2.931410659889571E+001,-8.918083604239020E+001,
7.413489736070381E+009,-2.956616529822183E+001,-1.070833165876483E+002,
7.417399804496578E+009,-2.967111486511737E+001,-1.257382741535497E+002,
7.421309872922776E+009,-2.998006386919219E+001,-1.449617189966355E+002,
7.425219941348974E+009,-3.044676188023761E+001,-1.609712428515788E+002,
7.429130009775171E+009,-3.018014931594699E+001,-1.776850968413683E+002,
7.433040078201368E+009,-3.011528436982547E+001,1.663318337430819E+002,
7.436950146627565E+009,-2.966099702561845E+001,1.488759513598797E+002,
7.440860215053763E+009,-2.942808345566963E+001,1.284157463227455E+002,
7.444770283479961E+009,-2.950726434955431E+001,1.085374209960755E+002,
7.448680351906158E+009,-2.963979821721409E+001,8.648996137065018E+001,
7.452590420332356E+009,-3.026528924256163E+001,6.781165431615602E+001,
7.456500488758554E+009,-3.089196770091657E+001,5.007370400418495E+001,
7.460410557184751E+009,-3.113613952652678E+001,3.538943835460967E+001,
7.464320625610949E+009,-3.129942677653664E+001,1.831872655243615E+001,
7.468230694037146E+009,-3.184357341812106E+001,1.618879081020904E+000,
7.472140762463343E+009,-3.168472129057089E+001,-1.100072594961727E+001,
7.476050830889541E+009,-3.140418681025469E+001,-2.745457220924737E+001,
7.479960899315739E+009,-3.111321264488743E+001,-4.453104709351290E+001,
7.483870967741936E+009,-3.079738757410688E+001,-6.312876577399684E+001,
7.487781036168133E+009,-3.069492184115705E+001,-8.338585925530362E+001,
7.491691104594330E+009,-3.083873993324936E+001,-1.023220184765824E+002,
7.495601173020528E+009,-3.115260624766117E+001,-1.210606545492214E+002,
7.499511241446726E+009,-3.147861599171573E+001,-1.363309528483495E+002,
7.503421309872923E+009,-3.151289829398801E+001,-1.523826429958695E+002,
7.507331378299120E+009,-3.132836462185129E+001,-1.696416839288337E+002,
7.511241446725318E+009,-3.151637688913399E+001,1.741985930377195E+002,
7.515151515151515E+009,-3.147494244518200E+001,1.581897662507604E+002,
7.519061583577713E+009,-3.103906134889908E+001,1.435608623049097E+002,
7.522971652003910E+009,-3.044211496387497E+001,1.241355390444213E+002,
7.526881720430107E+009,-3.020737092152224E+001,1.045831705720507E+002,
7.530791788856305E+009,-3.028892875054136E+001,8.422293641901108E+001,
7.534701857282503E+009,-3.036111144252109E+001,6.490572299297521E+001,
7.538611925708700E+009,-3.057019948777416E+001,4.763803222532929E+001,
7.542521994134897E+009,-3.050912606657559E+001,3.092964638771785E+001,
7.546432062561094E+009,-3.033336842207509E+001,1.324783845301224E+001,
7.550342130987292E+009,-3.031149983078697E+001,-5.000652301306049E+000,
7.554252199413490E+009,-3.028744604293344E+001,-2.269562674933993E+001,
7.558162267839687E+009,-3.020599094401692E+001,-3.900381670194243E+001,
7.562072336265884E+009,-2.977891232996960E+001,-5.755245421943346E+001,
7.565982404692082E+009,-2.946356610883072E+001,-7.844223470438301E+001,
7.569892473118280E+009,-2.941648793433568E+001,-9.880155581044851E+001,
7.573802541544478E+009,-2.967982942218219E+001,-1.178819990287316E+002,
7.577712609970675E+009,-2.976686654473648E+001,-1.374159398882330E+002,
7.581622678396872E+009,-2.996988869482857E+001,-1.567310135116735E+002,
7.585532746823070E+009,-3.027001076955855E+001,-1.746302706809251E+002,
7.589442815249268E+009,-3.041969503141947E+001,1.688121399646157E+002,
7.593352883675465E+009,-3.012867311413968E+001,1.520206439713571E+002,
7.597262952101662E+009,-3.021222872331194E+001,1.354466493059097E+002,
7.601173020527859E+009,-3.007991654046788E+001,1.166995290928087E+002,
7.605083088954057E+009,-2.985073190474458E+001,9.895238975902532E+001,
7.608993157380255E+009,-2.947906782518578E+001,7.808240201231428E+001,
7.612903225806452E+009,-2.944628587758965E+001,5.840064263313699E+001,
7.616813294232649E+009,-2.932361160097238E+001,3.645140006079194E+001,
7.620723362658846E+009,-2.979031552906175E+001,1.576416207580482E+001,
7.624633431085044E+009,-3.027336443050633E+001,-4.695131969165285E+000,
7.628543499511242E+009,-3.091774041847799E+001,-2.222526831510233E+001,
7.632453567937439E+009,-3.108271039163324E+001,-3.803817431479174E+001,
7.636363636363636E+009,-3.091799832430403E+001,-5.522955621386202E+001,
7.640273704789834E+009,-3.082381757157414E+001,-7.095413840439039E+001,
7.644183773216032E+009,-3.102085367579589E+001,-8.845642641992390E+001,
7.648093841642229E+009,-3.072038843174459E+001,-1.060389814640657E+002,
7.652003910068426E+009,-3.035135380754290E+001,-1.240781201226725E+002,
7.655913978494623E+009,-3.034993797215272E+001,-1.446007026990967E+002,
7.659824046920821E+009,-3.030962462939321E+001,-1.640316903841478E+002,
7.663734115347019E+009,-3.046095126207696E+001,1.741726872997211E+002,
7.667644183773216E+009,-3.057731493160236E+001,1.542777635877281E+002,
7.671554252199413E+009,-3.106239413881848E+001,1.338085485071861E+002,
7.675464320625610E+009,-3.133424008566870E+001,1.183377704629704E+002,
7.679374389051808E+009,-3.125103911536904E+001,1.011709587539157E+002,
7.683284457478006E+009,-3.121213210950200E+001,8.233074112480756E+001,
7.687194525904203E+009,-3.173695226988238E+001,6.243646324479015E+001,
7.691104594330401E+009,-3.194960558789256E+001,4.618719892678490E+001,
7.695014662756599E+009,-3.162318037783908E+001,2.903631138328041E+001,
7.698924731182797E+009,-3.136641558243961E+001,8.411733010611297E+000,
7.702834799608994E+009,-3.141014086363322E+001,-1.225917447146087E+001,
7.706744868035191E+009,-3.171100063772393E+001,-3.369148529783206E+001,
7.710654936461388E+009,-3.226754421595305E+001,-5.196861739439474E+001,
7.714565004887586E+009,-3.256470364526918E+001,-6.796167729985871E+001,
7.718475073313784E+009,-3.247122384756137E+001,-8.359497930775025E+001,
7.722385141739981E+009,-3.218548944393214E+001,-1.007360614082668E+002,
7.726295210166178E+009,-3.190989021152490E+001,-1.195415077687125E+002,
7.730205278592375E+009,-3.167382332148985E+001,-1.398355875876435E+002,
7.734115347018573E+009,-3.163707811793245E+001,-1.597349589643739E+002,
7.738025415444771E+009,-3.142666019570546E+001,1.795339741401432E+002,
7.741935483870968E+009,-3.154857089084631E+001,1.574564260438599E+002,
7.745845552297165E+009,-3.189594579362607E+001,1.382155826332064E+002,
7.749755620723363E+009,-3.207027508707930E+001,1.185017448448656E+002,
7.753665689149560E+009,-3.232103706914646E+001,9.972907739859072E+001,
7.757575757575758E+009,-3.250329345549875E+001,8.196830281552344E+001,
7.761485826001955E+009,-3.241842119235132E+001,6.447047686768133E+001,
7.765395894428152E+009,-3.210701449949421E+001,4.555587191106387E+001,
7.769305962854350E+009,-3.184077791839030E+001,2.597353810651780E+001,
7.773216031280548E+009,-3.159939747912216E+001,6.242910790653683E+000,
7.777126099706745E+009,-3.117358656828663E+001,-1.505877802373262E+001,
7.781036168132942E+009,-3.099421784497651E+001,-3.815833422002245E+001,
7.784946236559139E+009,-3.114082971561344E+001,-6.202554412084246E+001,
7.788856304985337E+009,-3.151041944277172E+001,-8.392840246001975E+001,
7.792766373411535E+009,-3.195314794391797E+001,-1.052313846997308E+002,
7.796676441837732E+009,-3.237167366921047E+001,-1.256178404679821E+002,
7.800586510263929E+009,-3.273015082649169E+001,-1.444762995687554E+002,
7.804496578690127E+009,-3.306398801688224E+001,-1.624953166294233E+002,
7.808406647116324E+009,-3.306886652814249E+001,-1.788490580608608E+002,
7.812316715542522E+009,-3.284972877184313E+001,1.627462327143234E+002,
7.816226783968720E+009,-3.253865858825608E+001,1.440791226358710E+002,
7.820136852394917E+009,-3.192538699298513E+001,1.235517895821956E+002,
7.824046920821115E+009,-3.149858235817665E+001,1.005928983765436E+002,
7.827956989247313E+009,-3.140902422407498E+001,7.590446895934572E+001,
7.831867057673510E+009,-3.183086027861622E+001,5.199922061216170E+001,
7.835777126099707E+009,-3.238882660325891E+001,3.082846891279554E+001,
7.839687194525904E+009,-3.266404110107582E+001,1.191083090484670E+001,
7.843597262952102E+009,-3.269594892415607E+001,-7.436577088370664E+000,
7.847507331378300E+009,-3.291621480149822E+001,-2.758326928293623E+001,
7.851417399804497E+009,-3.312712596063659E+001,-4.617586976154624E+001,
7.855327468230694E+009,-3.292024877107583E+001,-6.417342793099390E+001,
7.859237536656891E+009,-3.278197173978145E+001,-8.356540416528891E+001,
7.863147605083089E+009,-3.243613486866351E+001,-1.030763236621141E+002,
7.867057673509287E+009,-3.219785291803245E+001,-1.254438715476958E+002,
7.870967741935484E+009,-3.212385041427477E+001,-1.481354411636581E+002,
7.874877810361681E+009,-3.243467573638473E+001,-1.693757500533366E+002,
7.878787878787879E+009,-3.272305650778243E+001,1.702357837964856E+002,
7.882697947214077E+009,-3.312573229603390E+001,1.501933274692444E+002,
7.886608015640274E+009,-3.350037778670811E+001,1.327246970687956E+002,
7.890518084066471E+009,-3.350163143829814E+001,1.163727502584554E+002,
7.894428152492668E+009,-3.323021134476815E+001,9.914284804818908E+001,
7.898338220918866E+009,-3.291817294072745E+001,8.068098307728562E+001,
7.902248289345064E+009,-3.259374856416591E+001,6.236417153013596E+001,
7.906158357771261E+009,-3.210411101558749E+001,4.244991642988878E+001,
7.910068426197458E+009,-3.174564900825923E+001,2.073839349252473E+001,
7.913978494623655E+009,-3.161078002879297E+001,-1.209763238432638E+000,
7.917888563049853E+009,-3.173057708098323E+001,-2.268720837361941E+001,
7.921798631476051E+009,-3.190772405817042E+001,-4.291491381302004E+001,
7.925708699902248E+009,-3.210081092143588E+001,-6.301025713110158E+001,
7.929618768328445E+009,-3.243525138153913E+001,-8.094761641134403E+001,
7.933528836754643E+009,-3.232722499619572E+001,-9.787449075899799E+001,
7.937438905180841E+009,-3.213893067810276E+001,-1.166014837337789E+002,
7.941348973607039E+009,-3.202597268951003E+001,-1.357115108441894E+002,
7.945259042033236E+009,-3.199978369450684E+001,-1.535650041125623E+002,
7.949169110459433E+009,-3.168708234094267E+001,-1.719773063169765E+002,
7.953079178885631E+009,-3.133239531167396E+001,1.684723698855413E+002,
7.956989247311829E+009,-3.109438121444963E+001,1.477814701999315E+002,
7.960899315738026E+009,-3.102703427707517E+001,1.267005507214838E+002,
7.964809384164223E+009,-3.114857764648034E+001,1.055116447081765E+002,
7.968719452590420E+009,-3.145379828918556E+001,8.536125293964382E+001,
7.972629521016618E+009,-3.189770558093967E+001,6.691566133734783E+001,
7.976539589442816E+009,-3.215872791064921E+001,5.116541530186191E+001,
7.980449657869013E+009,-3.207811041839997E+001,3.512116730024174E+001,
7.984359726295210E+009,-3.184355714827474E+001,1.810191509681013E+001,
7.988269794721408E+009,-3.155804149151276E+001,1.079942761336377E+000,
7.992179863147605E+009,-3.098951345464472E+001,-1.673231615868861E+001,
7.996089931573803E+009,-3.048832821331303E+001,-3.733361256513096E+001,
8.000000000000000E+009,-3.036250786114154E+001,-5.878625640311081E+001,
