% Version 1.00
%
%freq[Hz];db:Trc1_S21;ang:Trc1_S21;
4.000000000000000E+009,-2.882695407929879E+001,-1.753775092773649E+002,
4.003910068426198E+009,-2.929298967303487E+001,1.647970590210525E+002,
4.007820136852395E+009,-3.006041201581614E+001,1.453686822246220E+002,
4.011730205278593E+009,-3.060270253564519E+001,1.267104062777427E+002,
4.015640273704790E+009,-3.063731599287356E+001,1.113827970940450E+002,
4.019550342130987E+009,-3.020514532166252E+001,8.910565541889481E+001,
4.023460410557185E+009,-2.979707299456495E+001,6.482982991789837E+001,
4.027370478983382E+009,-2.975983680288775E+001,3.590077942134082E+001,
4.031280547409580E+009,-3.065470918926258E+001,5.678178094649500E+000,
4.035190615835777E+009,-3.199318544432326E+001,-2.093951825369635E+001,
4.039100684261975E+009,-3.329330363179652E+001,-4.159984255038675E+001,
4.043010752688172E+009,-3.358538917312861E+001,-6.092460150700114E+001,
4.046920821114369E+009,-3.365649999394651E+001,-8.295811686190351E+001,
4.050830889540567E+009,-3.347592466423532E+001,-1.059571641786832E+002,
4.054740957966765E+009,-3.332668247548631E+001,-1.308801906054023E+002,
4.058651026392962E+009,-3.361597530021476E+001,-1.535088158248886E+002,
4.062561094819160E+009,-3.282937752658685E+001,-1.760457466482429E+002,
4.066471163245357E+009,-3.247194635697751E+001,1.575809458539738E+002,
4.070381231671554E+009,-3.241177252972286E+001,1.341693365956066E+002,
4.074291300097752E+009,-3.190090289548290E+001,1.120958471605095E+002,
4.078201368523949E+009,-3.147756816970329E+001,8.820894534278941E+001,
4.082111436950147E+009,-3.097838147964333E+001,6.654072969190777E+001,
4.086021505376344E+009,-3.039981645466760E+001,4.244920913790381E+001,
4.089931573802542E+009,-3.017547217301236E+001,1.831845292194165E+001,
4.093841642228739E+009,-2.988724747231998E+001,-4.713869374686449E+000,
4.097751710654936E+009,-3.014129358420858E+001,-2.766310123245351E+001,
4.101661779081134E+009,-3.025161005273965E+001,-4.417724272780923E+001,
4.105571847507331E+009,-2.963470010146562E+001,-6.566868015794928E+001,
4.109481915933529E+009,-2.937737533962650E+001,-8.765646362966668E+001,
4.113391984359726E+009,-2.924809745864778E+001,-1.073308187496256E+002,
4.117302052785924E+009,-2.909824702982518E+001,-1.270117862707068E+002,
4.121212121212121E+009,-2.873114476741634E+001,-1.460982196242518E+002,
4.125122189638319E+009,-2.849367184308012E+001,-1.668865063372006E+002,
4.129032258064516E+009,-2.832598741552165E+001,1.702877390951244E+002,
4.132942326490714E+009,-2.861420863727519E+001,1.505061075832889E+002,
4.136852394916911E+009,-2.858830426226883E+001,1.312041025087508E+002,
4.140762463343109E+009,-2.917191787462917E+001,1.110467549307469E+002,
4.144672531769306E+009,-2.968454402550862E+001,9.574738567045255E+001,
4.148582600195503E+009,-2.935548777018045E+001,8.157060260456130E+001,
4.152492668621701E+009,-2.896816026196855E+001,6.407086183979359E+001,
4.156402737047898E+009,-2.861268784179300E+001,4.484672704946579E+001,
4.160312805474096E+009,-2.862947324452570E+001,2.512108722264717E+001,
4.164222873900293E+009,-2.871183662280817E+001,7.133396632461428E+000,
4.168132942326491E+009,-2.850290613317552E+001,-1.016669239080293E+001,
4.172043010752688E+009,-2.855412487530870E+001,-2.882160148378088E+001,
4.175953079178886E+009,-2.848806090509733E+001,-4.374315633050060E+001,
4.179863147605083E+009,-2.825076013480500E+001,-6.005776827759151E+001,
4.183773216031281E+009,-2.791364791821503E+001,-7.816559849673352E+001,
4.187683284457478E+009,-2.776998225328864E+001,-9.683848716068536E+001,
4.191593352883676E+009,-2.766068641887209E+001,-1.142411454215647E+002,
4.195503421309873E+009,-2.736290310643286E+001,-1.309796895194723E+002,
4.199413489736071E+009,-2.694119461620964E+001,-1.501062191501460E+002,
4.203323558162268E+009,-2.668541682179699E+001,-1.704194654392016E+002,
4.207233626588465E+009,-2.658678877138828E+001,1.702142882171390E+002,
4.211143695014663E+009,-2.641590757601257E+001,1.507247530559457E+002,
4.215053763440860E+009,-2.652244860166446E+001,1.296109758465975E+002,
4.218963831867058E+009,-2.688406618371010E+001,1.109661787702815E+002,
4.222873900293255E+009,-2.697060851402659E+001,9.365221269789775E+001,
4.226783968719452E+009,-2.702351298653311E+001,7.579841351343400E+001,
4.230694037145650E+009,-2.714703045421868E+001,5.755827572716053E+001,
4.234604105571847E+009,-2.729223830572879E+001,3.902131372226934E+001,
4.238514173998045E+009,-2.747528357177352E+001,2.285460865340312E+001,
4.242424242424243E+009,-2.726651232247117E+001,5.596386678230294E+000,
4.246334310850440E+009,-2.711492716382720E+001,-1.381288590466583E+001,
4.250244379276638E+009,-2.734100179438228E+001,-3.308746402521130E+001,
4.254154447702835E+009,-2.741523074333405E+001,-5.085088979305648E+001,
4.258064516129032E+009,-2.752349692825988E+001,-7.029181517905056E+001,
4.261974584555230E+009,-2.791315543846450E+001,-9.058128005136587E+001,
4.265884652981427E+009,-2.889390006964742E+001,-1.084939628005584E+002,
4.269794721407625E+009,-2.942741234003660E+001,-1.220121264843405E+002,
4.273704789833822E+009,-2.945530402663235E+001,-1.348959572761050E+002,
4.277614858260019E+009,-2.962977712623852E+001,-1.512173074498365E+002,
4.281524926686217E+009,-2.970201705720175E+001,-1.639107648157636E+002,
4.285434995112414E+009,-2.943110668627315E+001,-1.788946854203542E+002,
4.289345063538612E+009,-2.914578247469105E+001,1.667717234516797E+002,
4.293255131964809E+009,-2.877945099369690E+001,1.506238410505804E+002,
4.297165200391007E+009,-2.850671630897020E+001,1.334492316172910E+002,
4.301075268817205E+009,-2.849214678595870E+001,1.164600990713675E+002,
4.304985337243402E+009,-2.831249888556324E+001,1.009481284751475E+002,
4.308895405669600E+009,-2.784276093931755E+001,8.346924550707432E+001,
4.312805474095797E+009,-2.771427318472661E+001,6.505719216993701E+001,
4.316715542521994E+009,-2.774170562823499E+001,4.704615497771282E+001,
4.320625610948192E+009,-2.801511858448010E+001,3.037919469137779E+001,
4.324535679374389E+009,-2.773958540148719E+001,1.722022693383367E+001,
4.328445747800587E+009,-2.699487140833780E+001,-2.937827160966183E-001,
4.332355816226784E+009,-2.678450116941624E+001,-1.955759287359777E+001,
4.336265884652982E+009,-2.643325620490387E+001,-3.700950194694774E+001,
4.340175953079179E+009,-2.649945630706014E+001,-5.659716352940136E+001,
4.344086021505377E+009,-2.658499488072433E+001,-7.336354942929377E+001,
4.347996089931574E+009,-2.643956130735106E+001,-8.907405489064088E+001,
4.351906158357771E+009,-2.615471680016391E+001,-1.062904674961747E+002,
4.355816226783969E+009,-2.578979802075849E+001,-1.247082000958371E+002,
4.359726295210166E+009,-2.554351573154186E+001,-1.434211080649973E+002,
4.363636363636364E+009,-2.556476041191120E+001,-1.622547568042773E+002,
4.367546432062561E+009,-2.556219426937427E+001,-1.792608663436373E+002,
4.371456500488758E+009,-2.519838939960689E+001,1.631398080040367E+002,
4.375366568914956E+009,-2.501611686091610E+001,1.436610682812282E+002,
4.379276637341153E+009,-2.491315021076292E+001,1.262885956277059E+002,
4.383186705767351E+009,-2.473474220461192E+001,1.070988772183577E+002,
4.387096774193548E+009,-2.476766015292652E+001,8.856999687727050E+001,
4.391006842619746E+009,-2.471240360157521E+001,7.082009048321513E+001,
4.394916911045943E+009,-2.450996613850369E+001,5.338735502105023E+001,
4.398826979472141E+009,-2.415953549863283E+001,3.431324661615177E+001,
4.402737047898338E+009,-2.416010114702103E+001,1.443297727054287E+001,
4.406647116324535E+009,-2.424190445376219E+001,-5.147947681442393E+000,
4.410557184750733E+009,-2.440244638350414E+001,-2.218554796809184E+001,
4.414467253176930E+009,-2.433667201841261E+001,-3.980269001451831E+001,
4.418377321603128E+009,-2.438999505392671E+001,-5.856585297752208E+001,
4.422287390029326E+009,-2.458060491533734E+001,-7.564442840074712E+001,
4.426197458455523E+009,-2.439065468422467E+001,-9.246970239908862E+001,
4.430107526881721E+009,-2.448415818574797E+001,-1.091817127649765E+002,
4.434017595307918E+009,-2.409472773881949E+001,-1.261684384894691E+002,
4.437927663734116E+009,-2.382698463327698E+001,-1.441891839835079E+002,
4.441837732160313E+009,-2.353280901936317E+001,-1.628443578994295E+002,
4.445747800586511E+009,-2.343098162272223E+001,1.774168683824182E+002,
4.449657869012708E+009,-2.339716813315652E+001,1.587106029514263E+002,
4.453567937438905E+009,-2.340640893296733E+001,1.400190039716284E+002,
4.457478005865103E+009,-2.336553194885291E+001,1.219013564334052E+002,
4.461388074291300E+009,-2.332066020194383E+001,1.035829536285950E+002,
4.465298142717498E+009,-2.319596885561548E+001,8.540537818337587E+001,
4.469208211143695E+009,-2.312246833718244E+001,6.600156467863815E+001,
4.473118279569893E+009,-2.320264878317139E+001,4.788718328199693E+001,
4.477028347996090E+009,-2.301056973975316E+001,2.989171949738296E+001,
4.480938416422287E+009,-2.295015251028590E+001,1.077713095031471E+001,
4.484848484848485E+009,-2.295889167407851E+001,-8.573588340607103E+000,
4.488758553274682E+009,-2.306159946763025E+001,-2.670121004942341E+001,
4.492668621700880E+009,-2.303150772653787E+001,-4.471343036286888E+001,
4.496578690127077E+009,-2.304705780479106E+001,-6.296707504647109E+001,
4.500488758553275E+009,-2.297204284945602E+001,-8.076831004157265E+001,
4.504398826979472E+009,-2.291223062860903E+001,-9.895169477919035E+001,
4.508308895405669E+009,-2.279999179396537E+001,-1.174827934893714E+002,
4.512218963831867E+009,-2.288814984699169E+001,-1.363187469853822E+002,
4.516129032258064E+009,-2.292818454739963E+001,-1.537253216259600E+002,
4.520039100684262E+009,-2.285786602671516E+001,-1.726080435524856E+002,
4.523949169110459E+009,-2.287337988617727E+001,1.690571581363162E+002,
4.527859237536657E+009,-2.277988923811298E+001,1.511187641983200E+002,
4.531769305962854E+009,-2.266586138843487E+001,1.316768404497728E+002,
4.535679374389051E+009,-2.277797690638827E+001,1.126741119959389E+002,
4.539589442815249E+009,-2.285733289454516E+001,9.465506157722770E+001,
4.543499511241447E+009,-2.276874680851540E+001,7.541327142400191E+001,
4.547409579667645E+009,-2.299075096614116E+001,5.610489446228015E+001,
4.551319648093842E+009,-2.318972017582615E+001,3.853781120817889E+001,
4.555229716520039E+009,-2.326687719094859E+001,2.054608708163856E+001,
4.559139784946237E+009,-2.330566333645895E+001,2.539500700514112E+000,
4.563049853372434E+009,-2.342696822504309E+001,-1.568824822124275E+001,
4.566959921798632E+009,-2.352139942053585E+001,-3.286020696431185E+001,
4.570869990224829E+009,-2.342220552123301E+001,-5.011085400634850E+001,
4.574780058651027E+009,-2.319639827819899E+001,-6.881462835904324E+001,
4.578690127077224E+009,-2.315455746382231E+001,-8.828084289065518E+001,
4.582600195503422E+009,-2.337623587321099E+001,-1.070242996751677E+002,
4.586510263929619E+009,-2.364021956327787E+001,-1.243408537871732E+002,
4.590420332355816E+009,-2.364959308692598E+001,-1.409047156570363E+002,
4.594330400782014E+009,-2.355860911685014E+001,-1.587197090848752E+002,
4.598240469208211E+009,-2.365423805964104E+001,-1.759931742671664E+002,
4.602150537634409E+009,-2.351236189612963E+001,1.669146340718264E+002,
4.606060606060606E+009,-2.335816440245284E+001,1.494779852084439E+002,
4.609970674486803E+009,-2.320018687504510E+001,1.309533863045642E+002,
4.613880742913001E+009,-2.300410607434898E+001,1.131741934580874E+002,
4.617790811339198E+009,-2.283976699066180E+001,9.410156202484610E+001,
4.621700879765396E+009,-2.269282354017943E+001,7.497422252878980E+001,
4.625610948191593E+009,-2.270571920238506E+001,5.555326209486419E+001,
4.629521016617791E+009,-2.273361203091417E+001,3.729336380218255E+001,
4.633431085043988E+009,-2.255622517335062E+001,1.860278169778898E+001,
4.637341153470186E+009,-2.249999012546830E+001,-1.199054953333522E+000,
4.641251221896383E+009,-2.245833749101957E+001,-2.040718380716196E+001,
4.645161290322580E+009,-2.238352432725366E+001,-3.937137091238392E+001,
4.649071358748778E+009,-2.232236286319234E+001,-5.841661263659142E+001,
4.652981427174975E+009,-2.228003174624700E+001,-7.843540687739652E+001,
4.656891495601173E+009,-2.235399481139461E+001,-9.867303338747007E+001,
4.660801564027371E+009,-2.245719179565548E+001,-1.172879570826992E+002,
4.664711632453568E+009,-2.244362703910237E+001,-1.365305751245088E+002,
4.668621700879766E+009,-2.244603891981497E+001,-1.571475185489202E+002,
4.672531769305963E+009,-2.261529980532107E+001,-1.769170328898309E+002,
4.676441837732161E+009,-2.264850028771270E+001,1.637527409158703E+002,
4.680351906158358E+009,-2.283151801671301E+001,1.441489606967779E+002,
4.684261974584556E+009,-2.273897106993207E+001,1.250935505025221E+002,
4.688172043010753E+009,-2.277209171720219E+001,1.047934163076719E+002,
4.692082111436951E+009,-2.298403057867908E+001,8.430604625532237E+001,
4.695992179863148E+009,-2.330436340409502E+001,6.511096945489886E+001,
4.699902248289345E+009,-2.336705716620573E+001,4.583575762188806E+001,
4.703812316715543E+009,-2.361125253869740E+001,2.524268183934562E+001,
4.707722385141740E+009,-2.391194495522240E+001,5.048201818523156E+000,
4.711632453567938E+009,-2.410955510053228E+001,-1.370766446168652E+001,
4.715542521994135E+009,-2.412088559704903E+001,-3.333417559852260E+001,
4.719452590420332E+009,-2.439158981505629E+001,-5.387317067953467E+001,
4.723362658846530E+009,-2.451824981639517E+001,-7.424447873751555E+001,
4.727272727272727E+009,-2.478382983069242E+001,-9.507557918357981E+001,
4.731182795698925E+009,-2.499760804709662E+001,-1.164413087402909E+002,
4.735092864125122E+009,-2.541908337091264E+001,-1.380142977869041E+002,
4.739002932551320E+009,-2.586840960826780E+001,-1.604666077100756E+002,
4.742913000977517E+009,-2.662024949866518E+001,1.790939691453754E+002,
4.746823069403714E+009,-2.713487812395205E+001,1.593027894031348E+002,
4.750733137829912E+009,-2.776256044138943E+001,1.392984206197343E+002,
4.754643206256109E+009,-2.842436811605569E+001,1.178939871214567E+002,
4.758553274682307E+009,-2.912107437781896E+001,9.814719387673580E+001,
4.762463343108504E+009,-2.979092948212355E+001,7.731535930689391E+001,
4.766373411534702E+009,-3.015113486660789E+001,5.601001399466830E+001,
4.770283479960899E+009,-3.110269631620615E+001,3.394832368663872E+001,
4.774193548387096E+009,-3.216733492872988E+001,1.393336922989965E+001,
4.778103616813294E+009,-3.308459082944493E+001,-7.668238129319663E+000,
4.782013685239492E+009,-3.408262688924098E+001,-2.810345519109216E+001,
4.785923753665690E+009,-3.499654954871232E+001,-5.002959960954806E+001,
4.789833822091887E+009,-3.613361211009391E+001,-7.337688892822324E+001,
4.793743890518084E+009,-3.768361630477502E+001,-9.570739707655399E+001,
4.797653958944282E+009,-3.914430394222012E+001,-1.173112198488733E+002,
4.801564027370479E+009,-3.992112373883159E+001,-1.407322741107263E+002,
4.805474095796677E+009,-4.113501884579436E+001,-1.695215667377455E+002,
4.809384164222874E+009,-4.258923822843702E+001,1.575316802429439E+002,
4.813294232649072E+009,-4.422310976582455E+001,1.276844192184575E+002,
4.817204301075269E+009,-4.438545898829328E+001,9.390731872770712E+001,
4.821114369501467E+009,-4.390784908477284E+001,5.577728289388188E+001,
4.825024437927664E+009,-4.371268100109434E+001,1.741680549410900E+001,
4.828934506353861E+009,-4.383770871300928E+001,-1.868998562751508E+001,
4.832844574780059E+009,-4.390037018316786E+001,-3.859934641201093E+001,
4.836754643206256E+009,-4.286739579715466E+001,-5.886397922731759E+001,
4.840664711632454E+009,-4.131476340163391E+001,-7.943487689025764E+001,
4.844574780058651E+009,-4.011959485509234E+001,-1.107140044441153E+002,
4.848484848484848E+009,-4.097247785790032E+001,-1.345970550192186E+002,
4.852394916911046E+009,-4.068243294136170E+001,-1.507374638124362E+002,
4.856304985337243E+009,-4.057383458348749E+001,-1.690864242091660E+002,
4.860215053763441E+009,-4.029992707937097E+001,1.799434185317116E+002,
4.864125122189638E+009,-3.892164503768728E+001,1.583952857599617E+002,
4.868035190615836E+009,-3.854150696762417E+001,1.377087813715581E+002,
4.871945259042033E+009,-3.894722136780482E+001,1.179820103403008E+002,
4.875855327468231E+009,-3.884374075817946E+001,1.032792860421183E+002,
4.879765395894428E+009,-3.807952643616375E+001,8.996166779863883E+001,
4.883675464320625E+009,-3.703177494267500E+001,6.978944605176021E+001,
4.887585532746823E+009,-3.676873223941465E+001,4.734639317735510E+001,
4.891495601173020E+009,-3.705386956976953E+001,2.796634183752405E+001,
4.895405669599218E+009,-3.712590046965630E+001,9.305327473033419E+000,
4.899315738025415E+009,-3.752178536296289E+001,-1.081537894941531E+001,
4.903225806451613E+009,-3.795598850812582E+001,-2.404301869408893E+001,
4.907135874877811E+009,-3.749267822445190E+001,-4.032362069183657E+001,
4.911045943304008E+009,-3.804156592893646E+001,-5.834353107720717E+001,
4.914956011730206E+009,-3.831856347497011E+001,-7.532213518912769E+001,
4.918866080156403E+009,-3.909492952582330E+001,-8.882313707639196E+001,
4.922776148582601E+009,-3.892258003405375E+001,-9.821597941370298E+001,
4.926686217008798E+009,-3.891500232499815E+001,-1.139720729982743E+002,
4.930596285434996E+009,-3.909582723889290E+001,-1.235615956025610E+002,
4.934506353861193E+009,-3.808507882365402E+001,-1.346802432455507E+002,
4.938416422287390E+009,-3.717125905086670E+001,-1.502984713393321E+002,
4.942326490713588E+009,-3.668098422345688E+001,-1.694649792943648E+002,
4.946236559139785E+009,-3.664945210012021E+001,1.698496164824571E+002,
4.950146627565983E+009,-3.762722143779898E+001,1.547528708021089E+002,
4.954056695992180E+009,-3.785916906822395E+001,1.472209759807257E+002,
4.957966764418377E+009,-3.711946239214448E+001,1.378994575487754E+002,
4.961876832844575E+009,-3.633507178879054E+001,1.245283628168339E+002,
4.965786901270772E+009,-3.546298911268676E+001,1.117896821675107E+002,
4.969696969696970E+009,-3.449794927244171E+001,9.644085713131763E+001,
4.973607038123167E+009,-3.354648734483626E+001,8.051240397289868E+001,
4.977517106549365E+009,-3.265136832827258E+001,6.312532061879151E+001,
4.981427174975562E+009,-3.183999885335172E+001,4.527393824874353E+001,
4.985337243401759E+009,-3.103915983142352E+001,2.586884711941078E+001,
4.989247311827957E+009,-3.073630956247673E+001,5.830761028933278E+000,
4.993157380254154E+009,-3.034456875100773E+001,-1.213992419991715E+001,
4.997067448680352E+009,-3.012468584692999E+001,-3.028371268931589E+001,
5.000977517106549E+009,-2.992863621973573E+001,-4.781594633664657E+001,
5.004887585532747E+009,-2.964517404055470E+001,-6.532765143819736E+001,
5.008797653958944E+009,-2.938111163456261E+001,-8.234060089400037E+001,
5.012707722385141E+009,-2.882497973114448E+001,-9.782859497370633E+001,
5.016617790811339E+009,-2.836827483293561E+001,-1.156261524424695E+002,
5.020527859237536E+009,-2.769917396335535E+001,-1.334296100735079E+002,
5.024437927663734E+009,-2.714168053609728E+001,-1.533855068420726E+002,
5.028347996089932E+009,-2.675581781303646E+001,-1.743128171545711E+002,
5.032258064516129E+009,-2.668665668404289E+001,1.645258538066334E+002,
5.036168132942327E+009,-2.675203100204329E+001,1.448599667186066E+002,
5.040078201368524E+009,-2.704689390120532E+001,1.268084273666288E+002,
5.043988269794722E+009,-2.723066116444546E+001,1.106307678551843E+002,
5.047898338220919E+009,-2.715068647275771E+001,9.567287474676377E+001,
5.051808406647117E+009,-2.671031678779870E+001,8.044464480318064E+001,
5.055718475073314E+009,-2.625368630081329E+001,6.333622200971316E+001,
5.059628543499512E+009,-2.580464553185193E+001,4.615173871619300E+001,
5.063538611925709E+009,-2.529546653612929E+001,2.739959647361371E+001,
5.067448680351906E+009,-2.492941811607047E+001,7.839843518575004E+000,
5.071358748778104E+009,-2.463325324611149E+001,-1.224999561269656E+001,
5.075268817204301E+009,-2.466173594041599E+001,-3.253193837716732E+001,
5.079178885630499E+009,-2.475109389940301E+001,-5.147947201634342E+001,
5.083088954056696E+009,-2.499654786024684E+001,-6.943972134353422E+001,
5.086999022482893E+009,-2.509649595649556E+001,-8.539125562373064E+001,
5.090909090909091E+009,-2.502497369368964E+001,-1.009387757881572E+002,
5.094819159335288E+009,-2.469071724231519E+001,-1.168633700418327E+002,
5.098729227761486E+009,-2.423056979244603E+001,-1.336569241586419E+002,
5.102639296187683E+009,-2.391019703208174E+001,-1.513154861756575E+002,
5.106549364613881E+009,-2.340061767896059E+001,-1.700138463944404E+002,
5.110459433040078E+009,-2.302294159875900E+001,1.704248935656624E+002,
5.114369501466276E+009,-2.280668903370481E+001,1.501689994925672E+002,
5.118279569892473E+009,-2.285010291531065E+001,1.298096334653348E+002,
5.122189638318670E+009,-2.297595452150917E+001,1.106054519473148E+002,
5.126099706744868E+009,-2.313734221013741E+001,9.215569323690809E+001,
5.130009775171065E+009,-2.336448939938018E+001,7.446291214541563E+001,
5.133919843597263E+009,-2.327613749271619E+001,5.802694156891779E+001,
5.137829912023460E+009,-2.322301543343752E+001,4.127510364179894E+001,
5.141739980449657E+009,-2.299206716692566E+001,2.414512407519250E+001,
5.145650048875855E+009,-2.278690326342253E+001,5.067026378186035E+000,
5.149560117302053E+009,-2.280411614012319E+001,-1.317346083566750E+001,
5.153470185728251E+009,-2.275464198825336E+001,-3.081483268535785E+001,
5.157380254154448E+009,-2.259504146655011E+001,-4.888817536304661E+001,
5.161290322580645E+009,-2.248997930108198E+001,-6.717503404853414E+001,
5.165200391006843E+009,-2.249329008606891E+001,-8.604390528331392E+001,
5.169110459433041E+009,-2.261212876582512E+001,-1.046742355377611E+002,
5.173020527859238E+009,-2.261667956783377E+001,-1.215234572266328E+002,
5.176930596285435E+009,-2.259363765854930E+001,-1.395692286008344E+002,
5.180840664711633E+009,-2.257444404836021E+001,-1.570413549934261E+002,
5.184750733137830E+009,-2.251604176249469E+001,-1.742170577743607E+002,
5.188660801564028E+009,-2.242959437784381E+001,1.681882289264842E+002,
5.192570869990225E+009,-2.231950384436737E+001,1.511765562573907E+002,
5.196480938416422E+009,-2.208905021969838E+001,1.330074662056836E+002,
5.200391006842620E+009,-2.197527541922563E+001,1.139103026905697E+002,
5.204301075268817E+009,-2.203285377410741E+001,9.550937128343419E+001,
5.208211143695015E+009,-2.206174721531706E+001,7.624024022319685E+001,
5.212121212121212E+009,-2.218934636258826E+001,5.897007645001953E+001,
5.216031280547409E+009,-2.224721774689194E+001,4.170047364779462E+001,
5.219941348973607E+009,-2.225161038167824E+001,2.362880219270803E+001,
5.223851417399805E+009,-2.226287352354053E+001,6.419167284567425E+000,
5.227761485826002E+009,-2.225723977069826E+001,-1.036750828921424E+001,
5.231671554252199E+009,-2.208296152472778E+001,-2.778298315255085E+001,
5.235581622678397E+009,-2.188349510207942E+001,-4.523136432278201E+001,
5.239491691104594E+009,-2.167084125073705E+001,-6.422380786619007E+001,
5.243401759530792E+009,-2.158442757669340E+001,-8.294339299370277E+001,
5.247311827956989E+009,-2.164056172393374E+001,-1.014595633038086E+002,
5.251221896383186E+009,-2.153001430108184E+001,-1.206189972730124E+002,
5.255131964809384E+009,-2.174071982547155E+001,-1.395862257845701E+002,
5.259042033235581E+009,-2.190040636537265E+001,-1.581964063261665E+002,
5.262952101661779E+009,-2.198698391779865E+001,-1.756835809383332E+002,
5.266862170087977E+009,-2.210093897583740E+001,1.670370739162176E+002,
5.270772238514174E+009,-2.218243564183114E+001,1.490109589332581E+002,
5.274682306940372E+009,-2.232823118472910E+001,1.324996135647064E+002,
5.278592375366570E+009,-2.212427348740381E+001,1.160706480227694E+002,
5.282502443792767E+009,-2.187507943739988E+001,9.778313316046358E+001,
5.286412512218964E+009,-2.181226598714730E+001,7.920194547133488E+001,
5.290322580645162E+009,-2.178381058985465E+001,6.063504760749530E+001,
5.294232649071359E+009,-2.180984775637091E+001,4.214790867452521E+001,
5.298142717497557E+009,-2.177071128741584E+001,2.356217003883339E+001,
5.302052785923754E+009,-2.188023232950133E+001,4.291458182968728E+000,
5.305962854349951E+009,-2.203430102979275E+001,-1.473090253860069E+001,
5.309872922776149E+009,-2.226958747870750E+001,-3.328908291834330E+001,
5.313782991202346E+009,-2.240692206886722E+001,-5.043647120455002E+001,
5.317693059628544E+009,-2.256543566597984E+001,-6.736010123399893E+001,
5.321603128054741E+009,-2.243459890871343E+001,-8.381135707820683E+001,
5.325513196480938E+009,-2.230450731921435E+001,-1.020332654393649E+002,
5.329423264907136E+009,-2.227988004586512E+001,-1.211847064458525E+002,
5.333333333333333E+009,-2.244724098855394E+001,-1.407393697157512E+002,
5.337243401759531E+009,-2.268827789647496E+001,-1.580336962839025E+002,
5.341153470185728E+009,-2.274915968997379E+001,-1.763067923354791E+002,
5.345063538611926E+009,-2.292785760936706E+001,1.653483774609991E+002,
5.348973607038123E+009,-2.318729053789529E+001,1.479040979759532E+002,
5.352883675464321E+009,-2.331756034921968E+001,1.312876545529002E+002,
5.356793743890518E+009,-2.332472618332691E+001,1.140714323581621E+002,
5.360703812316715E+009,-2.325231411095704E+001,9.623043004603764E+001,
5.364613880742913E+009,-2.338619635509107E+001,7.773903299881870E+001,
5.368523949169110E+009,-2.352700463584651E+001,6.052888350478166E+001,
5.372434017595308E+009,-2.340071513858742E+001,4.292024372494429E+001,
5.376344086021505E+009,-2.335376180051673E+001,2.334888244407304E+001,
5.380254154447702E+009,-2.363427306271261E+001,5.599934769017028E+000,
5.384164222873900E+009,-2.373120603177613E+001,-1.136400959518822E+001,
5.388074291300098E+009,-2.382043630315405E+001,-2.994321620658388E+001,
5.391984359726296E+009,-2.393958286925009E+001,-4.627437040653812E+001,
5.395894428152493E+009,-2.396838679424139E+001,-6.350777642244892E+001,
5.399804496578690E+009,-2.376782653266476E+001,-8.070869217391886E+001,
5.403714565004888E+009,-2.374564155347817E+001,-9.971576366309340E+001,
5.407624633431086E+009,-2.369900952196213E+001,-1.175672624331374E+002,
5.411534701857283E+009,-2.367757991062815E+001,-1.359186288327063E+002,
5.415444770283480E+009,-2.357548055664553E+001,-1.540396922447564E+002,
5.419354838709678E+009,-2.358877157196655E+001,-1.726810675730552E+002,
5.423264907135875E+009,-2.342910930810419E+001,1.687384764493135E+002,
5.427174975562073E+009,-2.325175461372663E+001,1.479679412412565E+002,
5.431085043988270E+009,-2.344409818645303E+001,1.272754515702966E+002,
5.434995112414467E+009,-2.366205978099447E+001,1.081961883107087E+002,
5.438905180840665E+009,-2.397730112914842E+001,8.935461020414410E+001,
5.442815249266862E+009,-2.397105406383739E+001,7.136923522895519E+001,
5.446725317693060E+009,-2.414133060666130E+001,5.178481182913824E+001,
5.450635386119257E+009,-2.410451699765721E+001,3.281780622036795E+001,
5.454545454545454E+009,-2.413647362856809E+001,1.333521073100198E+001,
5.458455522971652E+009,-2.424268156830001E+001,-6.555196900440026E+000,
5.462365591397850E+009,-2.434431349219315E+001,-2.722214345112477E+001,
5.466275659824047E+009,-2.459334467380871E+001,-4.729308898668176E+001,
5.470185728250244E+009,-2.480409674711052E+001,-6.827907379701318E+001,
5.474095796676442E+009,-2.504389890239754E+001,-8.961399858031706E+001,
5.478005865102639E+009,-2.552074040813443E+001,-1.090180221833027E+002,
5.481915933528837E+009,-2.572652724059190E+001,-1.290298042251103E+002,
5.485826001955034E+009,-2.601461695908973E+001,-1.492543808740464E+002,
5.489736070381231E+009,-2.632900809693758E+001,-1.695957997715437E+002,
5.493646138807429E+009,-2.662740964638999E+001,1.694869244500632E+002,
5.497556207233626E+009,-2.693172719833547E+001,1.469017450707019E+002,
5.501466275659824E+009,-2.784394042672084E+001,1.266106164184195E+002,
5.505376344086021E+009,-2.838946523138176E+001,1.069984088040911E+002,
5.509286412512219E+009,-2.882695592759348E+001,8.984726623542073E+001,
5.513196480938417E+009,-2.903109884760256E+001,6.850320586828003E+001,
5.517106549364615E+009,-2.936596310090027E+001,4.684898635381860E+001,
5.521016617790812E+009,-3.002224929668661E+001,2.451061285237977E+001,
5.524926686217009E+009,-3.075691237172147E+001,2.187554213921415E+000,
5.528836754643207E+009,-3.098730520256232E+001,-1.922350353291125E+001,
5.532746823069404E+009,-3.186380915237774E+001,-4.264275783084468E+001,
5.536656891495602E+009,-3.260241366504584E+001,-6.167373593265086E+001,
5.540566959921799E+009,-3.278659220550195E+001,-8.444202472786726E+001,
5.544477028347996E+009,-3.327312787143641E+001,-1.092358449024557E+002,
5.548387096774194E+009,-3.391534238050832E+001,-1.337987087793820E+002,
5.552297165200391E+009,-3.487259566656034E+001,-1.582444313382254E+002,
5.556207233626589E+009,-3.541664655633043E+001,-1.799606078450222E+002,
5.560117302052786E+009,-3.557734380411186E+001,1.548988348812989E+002,
5.564027370478983E+009,-3.618249608880279E+001,1.275432469351673E+002,
5.567937438905181E+009,-3.691010163099087E+001,1.031544801353067E+002,
5.571847507331378E+009,-3.725375738796665E+001,7.972822815381267E+001,
5.575757575757576E+009,-3.733946636364331E+001,5.642225571032174E+001,
5.579667644183773E+009,-3.696105791118678E+001,3.162908493679251E+001,
5.583577712609971E+009,-3.658531757887846E+001,5.262753480971888E+000,
5.587487781036168E+009,-3.645031920000636E+001,-2.374347492306325E+001,
5.591397849462366E+009,-3.668320248748773E+001,-5.131248899486791E+001,
5.595307917888563E+009,-3.733910128031437E+001,-7.815032767762473E+001,
5.599217986314760E+009,-3.818862370521136E+001,-9.836617027476002E+001,
5.603128054740958E+009,-3.856545074798689E+001,-1.152275397743481E+002,
5.607038123167155E+009,-3.837776058763367E+001,-1.327944474969347E+002,
5.610948191593353E+009,-3.827946139149947E+001,-1.495472937664413E+002,
5.614858260019550E+009,-3.762422415783203E+001,-1.652975651926539E+002,
5.618768328445747E+009,-3.668737160295541E+001,1.742622702084066E+002,
5.622678396871945E+009,-3.642423172782975E+001,1.518418524483627E+002,
5.626588465298142E+009,-3.629748879401688E+001,1.336617895529344E+002,
5.630498533724340E+009,-3.596870649345880E+001,1.120487163749388E+002,
5.634408602150538E+009,-3.634473159130329E+001,9.384623874844461E+001,
5.638318670576735E+009,-3.633218023659181E+001,8.040593839896701E+001,
5.642228739002933E+009,-3.553389973479560E+001,6.465004475842568E+001,
5.646138807429131E+009,-3.493386080124908E+001,4.616613207613187E+001,
5.650048875855328E+009,-3.440638196329791E+001,2.674352852750355E+001,
5.653958944281525E+009,-3.430345897210604E+001,9.464265614210079E+000,
5.657869012707723E+009,-3.396488202005683E+001,-7.820959695015636E+000,
5.661779081133920E+009,-3.337647359265092E+001,-2.262710219471879E+001,
5.665689149560118E+009,-3.227254886819558E+001,-4.040885678536008E+001,
5.669599217986315E+009,-3.149702257189277E+001,-6.269061838925384E+001,
5.673509286412512E+009,-3.087676377938456E+001,-8.456313416065956E+001,
5.677419354838710E+009,-3.070546090994424E+001,-1.086451884950092E+002,
5.681329423264907E+009,-3.094575654823640E+001,-1.298232788208767E+002,
5.685239491691105E+009,-3.116318587485173E+001,-1.509578223595308E+002,
5.689149560117302E+009,-3.180203853513262E+001,-1.694410721201730E+002,
5.693059628543499E+009,-3.197375364738099E+001,1.758773309250075E+002,
5.696969696969697E+009,-3.180630794622996E+001,1.598620043595536E+002,
5.700879765395895E+009,-3.154475896555338E+001,1.432797618898072E+002,
5.704789833822092E+009,-3.146159612639683E+001,1.265033651168352E+002,
5.708699902248289E+009,-3.097627693668818E+001,1.111551978226480E+002,
5.712609970674487E+009,-3.028276805897033E+001,9.266769614603585E+001,
5.716520039100684E+009,-2.988866034182649E+001,7.215687394652363E+001,
5.720430107526882E+009,-2.948159958819478E+001,5.155537103583962E+001,
5.724340175953079E+009,-2.951648271512193E+001,2.899704703237774E+001,
5.728250244379276E+009,-2.982437741246327E+001,7.216053272417129E+000,
5.732160312805474E+009,-3.074245487453226E+001,-1.121515067581657E+001,
5.736070381231671E+009,-3.111884483325540E+001,-2.434441282037544E+001,
5.739980449657869E+009,-3.098263483946953E+001,-3.833275856547094E+001,
5.743890518084066E+009,-3.059846305762364E+001,-5.454329527370899E+001,
5.747800586510263E+009,-2.999202025170587E+001,-7.309564511462916E+001,
5.751710654936461E+009,-3.001573191889046E+001,-9.225592543848462E+001,
5.755620723362660E+009,-2.989000947405875E+001,-1.101224804661244E+002,
5.759530791788857E+009,-2.950902748197120E+001,-1.281150008780697E+002,
5.763440860215054E+009,-2.939726188029944E+001,-1.478224081105018E+002,
5.767350928641252E+009,-2.945448220775212E+001,-1.692125018837949E+002,
5.771260997067449E+009,-2.958269991663758E+001,1.741627403647656E+002,
5.775171065493647E+009,-2.980114652891154E+001,1.547759434645625E+002,
5.779081133919844E+009,-2.991280301015602E+001,1.411433294039753E+002,
5.782991202346041E+009,-2.991171331243194E+001,1.191657046427947E+002,
5.786901270772239E+009,-3.017061837777695E+001,1.025269976310806E+002,
5.790811339198436E+009,-3.001200111812919E+001,8.802565910644206E+001,
5.794721407624634E+009,-2.963418317526946E+001,6.882244917795870E+001,
5.798631476050831E+009,-2.958931272780104E+001,4.851881247713838E+001,
5.802541544477028E+009,-2.994081986101353E+001,3.028472231804592E+001,
5.806451612903226E+009,-3.008644769493286E+001,1.169721863876818E+001,
5.810361681329423E+009,-3.047352944777423E+001,-6.560344418534098E+000,
5.814271749755621E+009,-3.059932503707561E+001,-2.174867903996871E+001,
5.818181818181818E+009,-3.073052099999366E+001,-3.718682500506381E+001,
5.822091886608016E+009,-3.064824823732994E+001,-5.586531386264119E+001,
5.826001955034213E+009,-3.104455338203981E+001,-6.977753520322752E+001,
5.829912023460411E+009,-3.081486874310220E+001,-8.697326529686016E+001,
5.833822091886608E+009,-3.091387607221187E+001,-1.025401340470692E+002,
5.837732160312805E+009,-3.059427008823661E+001,-1.194822376821219E+002,
5.841642228739003E+009,-3.060205205529970E+001,-1.356522771303663E+002,
5.845552297165200E+009,-3.047101714932246E+001,-1.532686067609434E+002,
5.849462365591398E+009,-3.029033913198337E+001,-1.724888528864073E+002,
5.853372434017595E+009,-3.029818320185070E+001,1.703145608865820E+002,
5.857282502443792E+009,-3.042833880449956E+001,1.529969540334011E+002,
5.861192570869990E+009,-3.034332199804366E+001,1.343697638032688E+002,
5.865102639296187E+009,-3.055607622322886E+001,1.167267817505656E+002,
5.869012707722385E+009,-3.089581878852047E+001,1.016484827262095E+002,
5.872922776148583E+009,-3.053848930144998E+001,8.689050020416975E+001,
5.876832844574780E+009,-3.012424555649733E+001,6.861114646709933E+001,
5.880742913000978E+009,-3.003534467808796E+001,4.997168754279555E+001,
5.884652981427176E+009,-3.011292724340431E+001,3.494962852020050E+001,
5.888563049853373E+009,-3.012062047979185E+001,1.755031861036557E+001,
5.892473118279570E+009,-2.994132985162126E+001,-1.392152182507584E+000,
5.896383186705768E+009,-2.992543570978351E+001,-1.722625009451279E+001,
5.900293255131965E+009,-3.004186450608810E+001,-3.517599616903205E+001,
5.904203323558163E+009,-3.022244222135835E+001,-5.057956085967957E+001,
5.908113391984360E+009,-2.981347586797957E+001,-6.566023291583666E+001,
5.912023460410557E+009,-2.959253021482247E+001,-8.330987040598510E+001,
5.915933528836755E+009,-2.952487318170667E+001,-1.013949709387860E+002,
5.919843597262952E+009,-2.945602474175580E+001,-1.195556947049085E+002,
5.923753665689150E+009,-2.938185277716626E+001,-1.369244020274318E+002,
5.927663734115347E+009,-2.950717857999978E+001,-1.529406168931381E+002,
5.931573802541544E+009,-2.961198480520910E+001,-1.688177429295618E+002,
5.935483870967742E+009,-2.923990654796054E+001,1.758132173344706E+002,
5.939393939393940E+009,-2.914467493106842E+001,1.593134488838074E+002,
5.943304007820137E+009,-2.875857278436011E+001,1.437748473758143E+002,
5.947214076246334E+009,-2.838549810910703E+001,1.273819228827063E+002,
5.951124144672532E+009,-2.780818183650430E+001,1.080833926534577E+002,
5.955034213098729E+009,-2.756614989866241E+001,8.892110324584239E+001,
5.958944281524927E+009,-2.753774724594512E+001,7.067541198069905E+001,
5.962854349951124E+009,-2.755344435387419E+001,5.350477101129954E+001,
5.966764418377321E+009,-2.741238623106371E+001,3.633204096091360E+001,
5.970674486803519E+009,-2.710203974536417E+001,2.041747493680813E+001,
5.974584555229716E+009,-2.674877114357714E+001,1.494115172556926E+000,
5.978494623655914E+009,-2.643188492325508E+001,-1.585849460589411E+001,
5.982404692082111E+009,-2.601185760920113E+001,-3.469571954633781E+001,
5.986314760508308E+009,-2.558362312486896E+001,-5.385274789717543E+001,
5.990224828934506E+009,-2.536683396661132E+001,-7.468403781576710E+001,
5.994134897360704E+009,-2.530118886590039E+001,-9.564404972797463E+001,
5.998044965786902E+009,-2.545741057364604E+001,-1.154861570808248E+002,
6.001955034213099E+009,-2.560144849311947E+001,-1.340510645814885E+002,
6.005865102639297E+009,-2.553839920567361E+001,-1.522891219271056E+002,
6.009775171065494E+009,-2.571769072009203E+001,-1.713855388543663E+002,
6.013685239491692E+009,-2.570924510325991E+001,1.710778878008626E+002,
6.017595307917889E+009,-2.578414059359560E+001,1.541805324279527E+002,
6.021505376344086E+009,-2.564583679998743E+001,1.373956628299493E+002,
6.025415444770284E+009,-2.544583546236709E+001,1.191729507534497E+002,
6.029325513196481E+009,-2.512729519218267E+001,9.954174931614728E+001,
6.033235581622679E+009,-2.519704259640984E+001,7.948842940934104E+001,
6.037145650048876E+009,-2.522813178377206E+001,6.053010861343932E+001,
6.041055718475073E+009,-2.528263923547678E+001,4.253251301248790E+001,
6.044965786901271E+009,-2.539162457684798E+001,2.440690089765737E+001,
6.048875855327468E+009,-2.534908227794733E+001,7.079281794851870E+000,
6.052785923753666E+009,-2.522790323041173E+001,-1.109597946019767E+001,
6.056695992179863E+009,-2.530944312011117E+001,-3.059146797021862E+001,
6.060606060606061E+009,-2.526010241094053E+001,-4.755916378213497E+001,
6.064516129032258E+009,-2.517189572066807E+001,-6.543347289649060E+001,
6.068426197458456E+009,-2.499285882205367E+001,-8.345902415419489E+001,
6.072336265884653E+009,-2.489062587919940E+001,-1.032540076777137E+002,
6.076246334310850E+009,-2.495854905412089E+001,-1.222929196161287E+002,
6.080156402737048E+009,-2.493510750588058E+001,-1.414379736708426E+002,
6.084066471163245E+009,-2.494318817039368E+001,-1.594856520372508E+002,
6.087976539589443E+009,-2.495753972133519E+001,-1.780522307471998E+002,
6.091886608015640E+009,-2.491698319355814E+001,1.631110312534149E+002,
6.095796676441837E+009,-2.484696552925598E+001,1.442499254814395E+002,
6.099706744868035E+009,-2.470614415955311E+001,1.252153145914450E+002,
6.103616813294232E+009,-2.470915778793397E+001,1.055073255146164E+002,
6.107526881720430E+009,-2.463799373991508E+001,8.606569994084991E+001,
6.111436950146627E+009,-2.470925775881344E+001,6.617829637817215E+001,
6.115347018572825E+009,-2.491522864592511E+001,4.550868690659230E+001,
6.119257086999023E+009,-2.527030422448516E+001,2.523466819650619E+001,
6.123167155425221E+009,-2.563323408695248E+001,7.052099447431933E+000,
6.127077223851418E+009,-2.591402358374572E+001,-1.003881397948137E+001,
6.130987292277615E+009,-2.578841440955488E+001,-2.689157017346534E+001,
6.134897360703813E+009,-2.582667430564943E+001,-4.541071255854780E+001,
6.138807429130010E+009,-2.574280865616834E+001,-6.552314161423817E+001,
6.142717497556208E+009,-2.612997308654103E+001,-8.457675682521850E+001,
6.146627565982405E+009,-2.622642748241724E+001,-1.017520256412745E+002,
6.150537634408602E+009,-2.617655023910480E+001,-1.203514360127583E+002,
6.154447702834800E+009,-2.605123363345324E+001,-1.398073598817686E+002,
6.158357771260998E+009,-2.619410849115672E+001,-1.600580508511454E+002,
6.162267839687195E+009,-2.634705477934989E+001,1.796287827874091E+002,
6.166177908113392E+009,-2.671003872706228E+001,1.594630747788958E+002,
6.170087976539589E+009,-2.715679180364838E+001,1.412829170809099E+002,
6.173998044965787E+009,-2.758953087133935E+001,1.231137341815969E+002,
6.177908113391985E+009,-2.780024821354066E+001,1.076331452058444E+002,
6.181818181818182E+009,-2.778219010457644E+001,8.938533238444499E+001,
6.185728250244379E+009,-2.792239509488030E+001,7.154789867738036E+001,
6.189638318670576E+009,-2.786341892721567E+001,5.470163988873002E+001,
6.193548387096774E+009,-2.777311693688723E+001,3.757906501068266E+001,
6.197458455522972E+009,-2.742857144819178E+001,1.714236023210587E+001,
6.201368523949169E+009,-2.774300201336676E+001,-3.938269153094875E+000,
6.205278592375366E+009,-2.801402233269605E+001,-2.393327830573615E+001,
6.209188660801564E+009,-2.827310338720778E+001,-4.138479821193425E+001,
6.213098729227762E+009,-2.835197751580215E+001,-5.934588091988734E+001,
6.217008797653959E+009,-2.826766354025912E+001,-7.795087270112411E+001,
6.220918866080156E+009,-2.817212100603488E+001,-9.817646387787484E+001,
6.224828934506353E+009,-2.818984570073899E+001,-1.181173693616193E+002,
6.228739002932551E+009,-2.857358795354989E+001,-1.379130067474330E+002,
6.232649071358749E+009,-2.881358468984069E+001,-1.574659459047950E+002,
6.236559139784946E+009,-2.892777841754173E+001,-1.752032121480148E+002,
6.240469208211144E+009,-2.884225832751179E+001,1.644031501947497E+002,
6.244379276637341E+009,-2.899443133714209E+001,1.436148237253132E+002,
6.248289345063539E+009,-2.947034337530573E+001,1.236939852037214E+002,
6.252199413489737E+009,-2.945833682542654E+001,1.048027598101441E+002,
6.256109481915934E+009,-2.961690820044026E+001,8.574388049363856E+001,
6.260019550342131E+009,-2.948805704969709E+001,6.542758320796726E+001,
6.263929618768329E+009,-2.947640545908083E+001,4.310022001050877E+001,
6.267839687194526E+009,-2.970521435940937E+001,2.071544713990163E+001,
6.271749755620724E+009,-3.037346664115970E+001,-2.545400078620128E+000,
6.275659824046921E+009,-3.109538326602922E+001,-2.241377721680223E+001,
6.279569892473118E+009,-3.145648852596406E+001,-4.122612127697807E+001,
6.283479960899316E+009,-3.189146309851449E+001,-6.401216009025632E+001,
6.287390029325514E+009,-3.264213760176266E+001,-8.274355148419726E+001,
6.291300097751711E+009,-3.324100100092473E+001,-1.021197673842324E+002,
6.295210166177908E+009,-3.359834477295790E+001,-1.181886028409177E+002,
6.299120234604105E+009,-3.345409024087667E+001,-1.356345827387502E+002,
6.303030303030303E+009,-3.336225550660258E+001,-1.575205594627679E+002,
6.306940371456501E+009,-3.331496078092372E+001,1.795917498381819E+002,
6.310850439882698E+009,-3.360844322115046E+001,1.554346826659563E+002,
6.314760508308895E+009,-3.426800426800500E+001,1.316659313289428E+002,
6.318670576735093E+009,-3.504672592948047E+001,1.096092608534471E+002,
6.322580645161290E+009,-3.592947860521367E+001,8.808633179795002E+001,
6.326490713587488E+009,-3.649824961128684E+001,6.814625848442745E+001,
6.330400782013685E+009,-3.720928234088355E+001,4.474666637788285E+001,
6.334310850439882E+009,-3.844767285067260E+001,2.483714756142111E+001,
6.338220918866080E+009,-4.020420985466753E+001,8.445563877001405E+000,
6.342130987292278E+009,-4.027584611565278E+001,9.386644622932533E-001,
6.346041055718475E+009,-3.941368669772988E+001,-1.633449530466333E+001,
6.349951124144672E+009,-3.854156772825579E+001,-3.681195980316399E+001,
6.353861192570869E+009,-3.817824505834659E+001,-6.235351430739657E+001,
6.357771260997068E+009,-3.831066053181454E+001,-8.921265570549247E+001,
6.361681329423266E+009,-3.872439065124474E+001,-1.146502843237307E+002,
6.365591397849463E+009,-3.981352019449609E+001,-1.394137034711015E+002,
6.369501466275660E+009,-4.113351164296034E+001,-1.589997220926492E+002,
6.373411534701857E+009,-4.187994273965483E+001,-1.760525154766387E+002,
6.377321603128055E+009,-4.245638632816004E+001,1.690177560745255E+002,
6.381231671554253E+009,-4.252450061124744E+001,1.488538930595153E+002,
6.385141739980450E+009,-4.401330602191800E+001,1.358751159521410E+002,
6.389051808406647E+009,-4.319275774130894E+001,1.257233303905886E+002,
6.392961876832845E+009,-4.216636582084610E+001,1.120369977115712E+002,
6.396871945259043E+009,-4.087151849516110E+001,9.425348361869442E+001,
6.400782013685240E+009,-4.002794746534412E+001,6.986678322217334E+001,
6.404692082111437E+009,-3.954608864110993E+001,4.695629532040884E+001,
6.408602150537634E+009,-3.981795364808423E+001,2.539051016914434E+001,
6.412512218963832E+009,-3.979301821269219E+001,6.085448292757229E+000,
6.416422287390030E+009,-3.976612276616906E+001,-9.101039907420191E+000,
6.420332355816227E+009,-3.875673894385621E+001,-2.734631344429095E+001,
6.424242424242424E+009,-3.806758624369585E+001,-4.867562352866291E+001,
6.428152492668621E+009,-3.762709141365173E+001,-7.112134137642168E+001,
6.432062561094819E+009,-3.760031729740468E+001,-9.278649679582452E+001,
6.435972629521017E+009,-3.785536956409934E+001,-1.134193227352561E+002,
6.439882697947214E+009,-3.793891233424149E+001,-1.287941709368838E+002,
6.443792766373411E+009,-3.747890721353767E+001,-1.459777745817866E+002,
6.447702834799609E+009,-3.685219016118393E+001,-1.626679244556706E+002,
6.451612903225807E+009,-3.592279260425973E+001,1.791943947676539E+002,
6.455522971652004E+009,-3.489557832350038E+001,1.575786781948661E+002,
6.459433040078201E+009,-3.441191217931336E+001,1.321917112586988E+002,
6.463343108504398E+009,-3.455514507785978E+001,1.089535792743267E+002,
6.467253176930596E+009,-3.498054881737118E+001,8.858104404812013E+001,
6.471163245356794E+009,-3.474416622022761E+001,7.089292951674976E+001,
6.475073313782991E+009,-3.440255651687774E+001,5.038452872711340E+001,
6.478983382209189E+009,-3.434883308193410E+001,2.953920270184445E+001,
6.482893450635386E+009,-3.455710189638931E+001,7.979943885024103E+000,
6.486803519061584E+009,-3.519251886304509E+001,-1.114010576182581E+001,
6.490713587487782E+009,-3.546920397870417E+001,-2.407832253332570E+001,
6.494623655913979E+009,-3.488774032804521E+001,-4.023709340926213E+001,
6.498533724340176E+009,-3.416059422855262E+001,-5.808962926934485E+001,
6.502443792766374E+009,-3.363011473692428E+001,-8.014835992149081E+001,
6.506353861192571E+009,-3.379809462435904E+001,-1.019528852141808E+002,
6.510263929618769E+009,-3.414305199765736E+001,-1.212504043710930E+002,
6.514173998044966E+009,-3.417504301985615E+001,-1.363285795122280E+002,
6.518084066471163E+009,-3.368146449899164E+001,-1.545515192741392E+002,
6.521994134897361E+009,-3.318279977125623E+001,-1.763270926401677E+002,
6.525904203323559E+009,-3.370323544427857E+001,1.608275209237413E+002,
6.529814271749756E+009,-3.443928649744879E+001,1.424634567321330E+002,
6.533724340175953E+009,-3.470209721952767E+001,1.301433196495326E+002,
6.537634408602150E+009,-3.407807773021774E+001,1.147566802927108E+002,
6.541544477028348E+009,-3.367875951446555E+001,9.472970193290624E+001,
6.545454545454546E+009,-3.361667309232778E+001,7.369488734577907E+001,
6.549364613880743E+009,-3.405522487199271E+001,5.336192079375565E+001,
6.553274682306940E+009,-3.443373682941922E+001,3.795770333646062E+001,
6.557184750733138E+009,-3.443540647862780E+001,2.274816905213599E+001,
6.561094819159335E+009,-3.411480140157030E+001,5.902261546901488E+000,
6.565004887585533E+009,-3.379627688749226E+001,-1.326412138071978E+001,
6.568914956011730E+009,-3.415364848988973E+001,-3.252938008502551E+001,
6.572825024437927E+009,-3.425367847178617E+001,-4.837719687697778E+001,
6.576735092864125E+009,-3.412333598190664E+001,-6.479975978648503E+001,
6.580645161290323E+009,-3.388785819559897E+001,-8.247048979817502E+001,
6.584555229716520E+009,-3.393117842727443E+001,-1.018086398290507E+002,
6.588465298142717E+009,-3.407084715550093E+001,-1.189741407002686E+002,
6.592375366568914E+009,-3.405920916830936E+001,-1.372206246793308E+002,
6.596285434995112E+009,-3.425557458440700E+001,-1.548846331285268E+002,
6.600195503421310E+009,-3.461006390582696E+001,-1.707819003749206E+002,
6.604105571847508E+009,-3.467839601163893E+001,1.747519301959052E+002,
6.608015640273705E+009,-3.454756492023175E+001,1.586744083473083E+002,
6.611925708699902E+009,-3.477318447639065E+001,1.436981616035123E+002,
6.615835777126100E+009,-3.427382432334615E+001,1.324286893329336E+002,
6.619745845552298E+009,-3.324208490434629E+001,1.171909243337924E+002,
6.623655913978495E+009,-3.233120760524852E+001,9.744633911860115E+001,
6.627565982404692E+009,-3.182837068457480E+001,7.619854026913652E+001,
6.631476050830890E+009,-3.170740847833094E+001,5.524470881986641E+001,
6.635386119257088E+009,-3.149833813072524E+001,3.531594637436184E+001,
6.639296187683285E+009,-3.151968158420217E+001,1.419334377351633E+001,
6.643206256109482E+009,-3.191328786315534E+001,-6.537772831052648E+000,
6.647116324535679E+009,-3.243502383245777E+001,-2.318367348491859E+001,
6.651026392961877E+009,-3.233717492721680E+001,-4.068266499097300E+001,
6.654936461388075E+009,-3.288053269256625E+001,-5.821084204457888E+001,
6.658846529814272E+009,-3.307291388558283E+001,-7.152408992605427E+001,
6.662756598240469E+009,-3.266424989096852E+001,-8.460998498445126E+001,
6.666666666666666E+009,-3.183502487804560E+001,-1.012831766729664E+002,
6.670576735092864E+009,-3.128022852918579E+001,-1.215353407761836E+002,
6.674486803519062E+009,-3.106930158654383E+001,-1.417568043663898E+002,
6.678396871945259E+009,-3.096992227042678E+001,-1.624731241403238E+002,
6.682306940371456E+009,-3.096227776285590E+001,1.771381467132614E+002,
6.686217008797654E+009,-3.109461889410965E+001,1.561598652336682E+002,
6.690127077223852E+009,-3.172366111139768E+001,1.365567654349736E+002,
6.694037145650049E+009,-3.230844643545795E+001,1.201347537701127E+002,
6.697947214076246E+009,-3.269521395474416E+001,1.052913913486961E+002,
6.701857282502443E+009,-3.286578303364924E+001,9.224558184327377E+001,
6.705767350928641E+009,-3.224094425485750E+001,7.884601633969815E+001,
6.709677419354839E+009,-3.149528739088898E+001,6.106003201931080E+001,
6.713587487781036E+009,-3.090756431207975E+001,4.035865404117949E+001,
6.717497556207233E+009,-3.065630768200673E+001,1.764408338730774E+001,
6.721407624633431E+009,-3.106622311399493E+001,-4.815708857391048E+000,
6.725317693059629E+009,-3.178456188970353E+001,-2.464686669819160E+001,
6.729227761485827E+009,-3.236884236483193E+001,-4.021393057605253E+001,
6.733137829912024E+009,-3.270138537281767E+001,-5.690517689189434E+001,
6.737047898338221E+009,-3.307445060339772E+001,-7.180761431913680E+001,
6.740957966764419E+009,-3.311094209133000E+001,-8.652098129658171E+001,
6.744868035190616E+009,-3.320443656124345E+001,-1.012906396804139E+002,
6.748778103616814E+009,-3.304557607488452E+001,-1.141828639448351E+002,
6.752688172043011E+009,-3.237496755376203E+001,-1.291553640619895E+002,
6.756598240469208E+009,-3.160516860852790E+001,-1.476596286373274E+002,
6.760508308895406E+009,-3.121682431422329E+001,-1.683658393026225E+002,
6.764418377321604E+009,-3.113292766000949E+001,1.699458072376157E+002,
6.768328445747801E+009,-3.162873060014100E+001,1.487287196089806E+002,
6.772238514173998E+009,-3.224459300740222E+001,1.314252196367879E+002,
6.776148582600195E+009,-3.283620350032614E+001,1.164656869833007E+002,
6.780058651026393E+009,-3.303571328043981E+001,1.032111370037361E+002,
6.783968719452591E+009,-3.299569094714013E+001,9.046460237885772E+001,
6.787878787878788E+009,-3.253460361212805E+001,7.748571988333796E+001,
6.791788856304985E+009,-3.175965144951368E+001,6.213942797429190E+001,
6.795698924731183E+009,-3.097518575067394E+001,4.427257208474146E+001,
6.799608993157380E+009,-3.044611581502491E+001,2.532347047976943E+001,
6.803519061583578E+009,-3.001694289587457E+001,4.271185468567631E+000,
6.807429130009775E+009,-3.005049433835991E+001,-1.724949424641307E+001,
6.811339198435972E+009,-3.038759391101268E+001,-3.578862847313570E+001,
6.815249266862170E+009,-3.051745171776037E+001,-5.317085439638288E+001,
6.819159335288368E+009,-3.064264297527680E+001,-6.908987785850384E+001,
6.823069403714565E+009,-3.037894520517186E+001,-8.434398354718749E+001,
6.826979472140762E+009,-3.005855605968913E+001,-1.020635518652671E+002,
6.830889540566959E+009,-2.979843902734421E+001,-1.191806698871912E+002,
6.834799608993157E+009,-2.924192993974380E+001,-1.373754423500911E+002,
6.838709677419355E+009,-2.891475034525329E+001,-1.574415970343051E+002,
6.842619745845552E+009,-2.863661077549933E+001,-1.767759228978694E+002,
6.846529814271750E+009,-2.855529664242644E+001,1.627739682316924E+002,
6.850439882697948E+009,-2.860375215437988E+001,1.433633078206431E+002,
6.854349951124145E+009,-2.877291326409833E+001,1.243243850205793E+002,
6.858260019550343E+009,-2.882767845450424E+001,1.060830381398643E+002,
6.862170087976540E+009,-2.881747430926003E+001,8.770350969432133E+001,
6.866080156402737E+009,-2.899192359089548E+001,7.155200206502376E+001,
6.869990224828935E+009,-2.863059300672385E+001,5.419186519335824E+001,
6.873900293255133E+009,-2.831920004976525E+001,3.683976055745165E+001,
6.877810361681330E+009,-2.786773590622105E+001,1.690775253557875E+001,
6.881720430107527E+009,-2.763701094968738E+001,-3.700922570365632E+000,
6.885630498533724E+009,-2.761665704104794E+001,-2.434288423349641E+001,
6.889540566959922E+009,-2.760577352639356E+001,-4.457963010853819E+001,
6.893450635386120E+009,-2.753364963621593E+001,-6.480237122048814E+001,
6.897360703812317E+009,-2.771021482688319E+001,-8.487828088616008E+001,
6.901270772238514E+009,-2.796766233985570E+001,-1.043494570009308E+002,
6.905180840664711E+009,-2.814216111808178E+001,-1.242890832085358E+002,
6.909090909090909E+009,-2.839247556536743E+001,-1.438215119324762E+002,
6.913000977517107E+009,-2.866629512122679E+001,-1.625343844695955E+002,
6.916911045943304E+009,-2.884909113967920E+001,-1.792529511012058E+002,
6.920821114369501E+009,-2.881363646864471E+001,1.623015802155236E+002,
6.924731182795699E+009,-2.869498123545831E+001,1.435901081229403E+002,
6.928641251221897E+009,-2.852462791550834E+001,1.247201392881602E+002,
6.932551319648094E+009,-2.847321044802119E+001,1.052790651495262E+002,
6.936461388074291E+009,-2.859074225646936E+001,8.479789903698151E+001,
6.940371456500488E+009,-2.880368694022799E+001,6.426657493600823E+001,
6.944281524926686E+009,-2.909014494733915E+001,4.459926829538997E+001,
6.948191593352884E+009,-2.927174859579402E+001,2.614294837534325E+001,
6.952101661779081E+009,-2.955300930882635E+001,5.411373854401387E+000,
6.956011730205278E+009,-3.003726730119242E+001,-1.404871463785365E+001,
6.959921798631475E+009,-3.068233651509286E+001,-3.041936533919025E+001,
6.963831867057674E+009,-3.071680190752336E+001,-4.522078141365402E+001,
6.967741935483872E+009,-3.027417115715666E+001,-6.169224477527539E+001,
6.971652003910069E+009,-3.019025677805054E+001,-8.122178410792689E+001,
6.975562072336266E+009,-3.012302276998447E+001,-1.000126544718405E+002,
6.979472140762464E+009,-2.997416704058438E+001,-1.194197066570674E+002,
6.983382209188661E+009,-2.987310628222955E+001,-1.402286423329304E+002,
6.987292277614859E+009,-2.988688610551819E+001,-1.595516963808208E+002,
6.991202346041056E+009,-2.992744693971799E+001,1.797941729910520E+002,
6.995112414467253E+009,-3.013516132241866E+001,1.583658259173838E+002,
6.999022482893451E+009,-3.049942626469613E+001,1.371883584327552E+002,
7.002932551319649E+009,-3.078636829423724E+001,1.206323028322592E+002,
7.006842619745846E+009,-3.082523076025098E+001,1.028417221960808E+002,
7.010752688172043E+009,-3.076112654479265E+001,8.281470385060777E+001,
7.014662756598240E+009,-3.086495433474624E+001,6.217784265683766E+001,
7.018572825024438E+009,-3.113562426372376E+001,4.139521817700703E+001,
7.022482893450636E+009,-3.121687661973045E+001,2.213188878515032E+001,
7.026392961876833E+009,-3.111644281434069E+001,2.811499173626604E+000,
7.030303030303030E+009,-3.114224950232252E+001,-1.877283321442292E+001,
7.034213098729228E+009,-3.128452205067852E+001,-4.115208098647139E+001,
7.038123167155425E+009,-3.149796476789858E+001,-6.235642304036449E+001,
7.042033235581623E+009,-3.203960029225543E+001,-8.284151660126246E+001,
7.045943304007820E+009,-3.228151338242968E+001,-1.008474899097644E+002,
7.049853372434017E+009,-3.240077317199541E+001,-1.192376762926912E+002,
7.053763440860215E+009,-3.221419519167370E+001,-1.386557921922850E+002,
7.057673509286413E+009,-3.195229050671302E+001,-1.602224943044535E+002,
7.061583577712610E+009,-3.219898514096654E+001,1.769090614342334E+002,
7.065493646138807E+009,-3.262481955591419E+001,1.563101983698765E+002,
7.069403714565004E+009,-3.262478411349224E+001,1.377073870964693E+002,
7.073313782991202E+009,-3.241410567963001E+001,1.165611386808814E+002,
7.077223851417400E+009,-3.252328788223282E+001,9.450499147205592E+001,
7.081133919843597E+009,-3.280724744331507E+001,7.331666214955392E+001,
7.085043988269795E+009,-3.298834345662711E+001,5.422175884153873E+001,
7.088954056695993E+009,-3.280297125546115E+001,3.475966875564167E+001,
7.092864125122190E+009,-3.252379264704058E+001,1.395133544327934E+001,
7.096774193548388E+009,-3.233061705185818E+001,-7.402941558013406E+000,
7.100684261974585E+009,-3.203188886292450E+001,-2.960522569842025E+001,
7.104594330400782E+009,-3.188512294087965E+001,-5.297562921108058E+001,
7.108504398826980E+009,-3.192424118129956E+001,-7.648740947647455E+001,
7.112414467253178E+009,-3.209137420153146E+001,-9.916460425073163E+001,
7.116324535679375E+009,-3.228168841835554E+001,-1.215354625927873E+002,
7.120234604105572E+009,-3.257505180242966E+001,-1.422954171048090E+002,
7.124144672531769E+009,-3.264093239811185E+001,-1.632086327133213E+002,
7.128054740957967E+009,-3.284981307141258E+001,1.758395281931236E+002,
7.131964809384165E+009,-3.282911951379469E+001,1.557343614481856E+002,
7.135874877810362E+009,-3.309175983925636E+001,1.348058010954725E+002,
7.139784946236559E+009,-3.328086784590488E+001,1.167011780678886E+002,
7.143695014662756E+009,-3.302523135450014E+001,9.897423143811908E+001,
7.147605083088954E+009,-3.273401907980073E+001,7.890990189625458E+001,
7.151515151515152E+009,-3.249980156694831E+001,5.850552187895801E+001,
7.155425219941349E+009,-3.224056631983960E+001,3.707953801393743E+001,
7.159335288367546E+009,-3.215575722828411E+001,1.557976392434189E+001,
7.163245356793744E+009,-3.220991796341786E+001,-5.391875554321306E+000,
7.167155425219942E+009,-3.225985004390110E+001,-2.638887287132287E+001,
7.171065493646139E+009,-3.233187689625881E+001,-4.642956076869700E+001,
7.174975562072336E+009,-3.247277605421245E+001,-6.736535338880020E+001,
7.178885630498533E+009,-3.283508254154606E+001,-8.708050131117555E+001,
7.182795698924731E+009,-3.315651008143886E+001,-1.048794233690772E+002,
7.186705767350929E+009,-3.301887450028642E+001,-1.207961053900126E+002,
7.190615835777126E+009,-3.260410683461568E+001,-1.389864534503400E+002,
7.194525904203323E+009,-3.231150516458461E+001,-1.584958463929411E+002,
7.198435972629520E+009,-3.219779094440760E+001,-1.779655748086881E+002,
7.202346041055718E+009,-3.201585550810089E+001,1.618554745182231E+002,
7.206256109481916E+009,-3.214900758291841E+001,1.411178998816696E+002,
7.210166177908114E+009,-3.238319650669701E+001,1.224256202152811E+002,
7.214076246334311E+009,-3.241937505679967E+001,1.052041055028615E+002,
7.217986314760509E+009,-3.230534579788272E+001,8.740536933395204E+001,
7.221896383186706E+009,-3.207534066239739E+001,6.956855546824274E+001,
7.225806451612904E+009,-3.181378085866658E+001,5.043009604867089E+001,
7.229716520039101E+009,-3.176399947768498E+001,3.115902135280600E+001,
7.233626588465298E+009,-3.175642966364651E+001,1.193297677001802E+001,
7.237536656891496E+009,-3.180481381617023E+001,-5.991190803484781E+000,
7.241446725317694E+009,-3.162818044717945E+001,-2.436291969651026E+001,
7.245356793743891E+009,-3.153737034312972E+001,-4.285819012161694E+001,
7.249266862170088E+009,-3.145912004695667E+001,-6.149897916496369E+001,
7.253176930596285E+009,-3.147472779398303E+001,-7.999289648211934E+001,
7.257086999022483E+009,-3.148508941169169E+001,-9.804603671993100E+001,
7.260997067448681E+009,-3.135853725619585E+001,-1.156113256527586E+002,
7.264907135874878E+009,-3.108976804278952E+001,-1.337191897978654E+002,
7.268817204301075E+009,-3.091400834605058E+001,-1.529206265863322E+002,
7.272727272727273E+009,-3.084539670970482E+001,-1.719268758486292E+002,
7.276637341153470E+009,-3.084211019805226E+001,1.687162014552817E+002,
7.280547409579668E+009,-3.088441345914357E+001,1.500985708210563E+002,
7.284457478005865E+009,-3.101073796187119E+001,1.315235026625909E+002,
7.288367546432062E+009,-3.098348770407480E+001,1.135921032815029E+002,
7.292277614858260E+009,-3.107668490925780E+001,9.635562551207491E+001,
7.296187683284458E+009,-3.093254704359686E+001,7.921897888480318E+001,
7.300097751710655E+009,-3.081308364890963E+001,6.152345271411176E+001,
7.304007820136852E+009,-3.062640494135635E+001,4.352203601762947E+001,
7.307917888563049E+009,-3.063639983371128E+001,2.435780775738969E+001,
7.311827956989247E+009,-3.059360315175794E+001,6.585215383008565E+000,
7.315738025415445E+009,-3.049406776636808E+001,-1.173542697355740E+001,
7.319648093841642E+009,-3.052224221937338E+001,-3.085205605955099E+001,
7.323558162267839E+009,-3.054475317351905E+001,-4.865394462505970E+001,
7.327468230694037E+009,-3.050819836224857E+001,-6.679484080492640E+001,
7.331378299120235E+009,-3.053994311735593E+001,-8.504361161189991E+001,
7.335288367546433E+009,-3.062992980422691E+001,-1.030430257563079E+002,
7.339198435972630E+009,-3.074570229176560E+001,-1.193820629489946E+002,
7.343108504398827E+009,-3.054586551671414E+001,-1.354556025280842E+002,
7.347018572825025E+009,-3.012429776652964E+001,-1.525527522981244E+002,
7.350928641251223E+009,-2.986059593017811E+001,-1.725021493845845E+002,
7.354838709677420E+009,-2.986101972468628E+001,1.681792418805491E+002,
7.358748778103617E+009,-2.984464819040546E+001,1.496220604812059E+002,
7.362658846529814E+009,-2.985820588487072E+001,1.309276849946243E+002,
7.366568914956012E+009,-2.992989179695728E+001,1.121724352412753E+002,
7.370478983382210E+009,-3.006835836952400E+001,9.446549228766207E+001,
7.374389051808407E+009,-3.008162242306233E+001,7.717493667615320E+001,
7.378299120234604E+009,-3.004522766529073E+001,5.956553197836936E+001,
7.382209188660801E+009,-3.010709493690986E+001,4.232758401245301E+001,
7.386119257086999E+009,-2.999366430141262E+001,2.565222874059846E+001,
7.390029325513197E+009,-2.970743070865739E+001,7.789289194176162E+000,
7.393939393939394E+009,-2.950786040635991E+001,-1.086214232266121E+001,
7.397849462365591E+009,-2.942590449118644E+001,-2.985112297991539E+001,
7.401759530791789E+009,-2.929291679082235E+001,-4.848630260762304E+001,
7.405669599217987E+009,-2.925800755930912E+001,-6.845271182748925E+001,
7.409579667644184E+009,-2.939192559095887E+001,-8.804119130884806E+001,
7.413489736070381E+009,-2.957330982512164E+001,-1.060608541621771E+002,
7.417399804496578E+009,-2.960764536461187E+001,-1.244292660267074E+002,
7.421309872922776E+009,-2.987461540869895E+001,-1.432946059812784E+002,
7.425219941348974E+009,-3.018893228369952E+001,-1.600872635552934E+002,
7.429130009775171E+009,-3.020979663368120E+001,-1.756927768028323E+002,
7.433040078201368E+009,-2.992786299803524E+001,1.682818103880037E+002,
7.436950146627565E+009,-2.946840133772617E+001,1.494049709502471E+002,
7.440860215053763E+009,-2.936974873843955E+001,1.290115158724018E+002,
7.444770283479961E+009,-2.940585654103975E+001,1.084075927472117E+002,
7.448680351906158E+009,-2.968938323329181E+001,8.801592706599413E+001,
7.452590420332356E+009,-3.016779933572410E+001,6.847249081203384E+001,
7.456500488758554E+009,-3.079577453246977E+001,5.101089160479858E+001,
7.460410557184751E+009,-3.108495320658781E+001,3.581803353541380E+001,
7.464320625610949E+009,-3.112718524700071E+001,1.914012024006808E+001,
7.468230694037146E+009,-3.152041778032433E+001,2.494134999466282E+000,
7.472140762463343E+009,-3.155228760700108E+001,-1.143030257801710E+001,
7.476050830889541E+009,-3.125674525319018E+001,-2.682938162816079E+001,
7.479960899315739E+009,-3.088811926736862E+001,-4.413708094734958E+001,
7.483870967741936E+009,-3.063195340880008E+001,-6.269236210044871E+001,
7.487781036168133E+009,-3.044957323959817E+001,-8.222374002215184E+001,
7.491691104594330E+009,-3.050080906628907E+001,-1.025115675041207E+002,
7.495601173020528E+009,-3.095336419750199E+001,-1.214117664008241E+002,
7.499511241446726E+009,-3.131542779095093E+001,-1.372374431430072E+002,
7.503421309872923E+009,-3.123389219799033E+001,-1.528832235396256E+002,
7.507331378299120E+009,-3.114172284662525E+001,-1.706104550815926E+002,
7.511241446725318E+009,-3.136842214222428E+001,1.722839300787907E+002,
7.515151515151515E+009,-3.142026644604913E+001,1.574620044586819E+002,
7.519061583577713E+009,-3.097917972046273E+001,1.422937269007304E+002,
7.522971652003910E+009,-3.041454123624138E+001,1.235562775929631E+002,
7.526881720430107E+009,-3.022746808602463E+001,1.032890256328940E+002,
7.530791788856305E+009,-3.014920312560665E+001,8.377396839342526E+001,
7.534701857282503E+009,-3.034365656585919E+001,6.447635165788735E+001,
7.538611925708700E+009,-3.064055881888967E+001,4.691469070229559E+001,
7.542521994134897E+009,-3.060570456992652E+001,3.084986531000905E+001,
7.546432062561094E+009,-3.043093341428118E+001,1.362552122619077E+001,
7.550342130987292E+009,-3.023041670677538E+001,-5.213464050848490E+000,
7.554252199413490E+009,-3.032584977318236E+001,-2.366237212809384E+001,
7.558162267839687E+009,-3.032948537386002E+001,-4.045688481519927E+001,
7.562072336265884E+009,-2.996842822204774E+001,-5.746087779228123E+001,
7.565982404692082E+009,-2.962073928995151E+001,-7.758437452077592E+001,
7.569892473118280E+009,-2.960279835519598E+001,-9.827394329443180E+001,
7.573802541544478E+009,-2.974765243904670E+001,-1.175388954969615E+002,
7.577712609970675E+009,-2.986172523256741E+001,-1.372385530248421E+002,
7.581622678396872E+009,-3.008988439622605E+001,-1.558952180095749E+002,
7.585532746823070E+009,-3.044008785476727E+001,-1.736691323006068E+002,
7.589442815249268E+009,-3.053868194585741E+001,1.701298895910997E+002,
7.593352883675465E+009,-3.044234999680722E+001,1.531417748721513E+002,
7.597262952101662E+009,-3.041481154386454E+001,1.354425208961387E+002,
7.601173020527859E+009,-3.021267166527917E+001,1.183269330110598E+002,
7.605083088954057E+009,-2.976979278198588E+001,1.004065011065048E+002,
7.608993157380255E+009,-2.946121942509489E+001,8.023286313791608E+001,
7.612903225806452E+009,-2.932978291064667E+001,5.926439038588775E+001,
7.616813294232649E+009,-2.926039756246233E+001,3.803725806655703E+001,
7.620723362658846E+009,-2.957575575244907E+001,1.517854940683474E+001,
7.624633431085044E+009,-3.025435453021023E+001,-4.833910274249361E+000,
7.628543499511242E+009,-3.079843036293653E+001,-2.154709154898427E+001,
7.632453567937439E+009,-3.091770345006754E+001,-3.737348259038564E+001,
7.636363636363636E+009,-3.096222980489915E+001,-5.438894795496004E+001,
7.640273704789834E+009,-3.095965216475605E+001,-7.095088119714909E+001,
7.644183773216032E+009,-3.090231501979277E+001,-8.862512664628858E+001,
7.648093841642229E+009,-3.071744898425252E+001,-1.061095084961375E+002,
7.652003910068426E+009,-3.042333504288852E+001,-1.248928898392198E+002,
7.655913978494623E+009,-3.031959035448264E+001,-1.450735668892191E+002,
7.659824046920821E+009,-3.032438558289159E+001,-1.648732070956182E+002,
7.663734115347019E+009,-3.034809247023962E+001,1.744035123231978E+002,
7.667644183773216E+009,-3.066708602615454E+001,1.532347271570177E+002,
7.671554252199413E+009,-3.121055131901551E+001,1.347812326468859E+002,
7.675464320625610E+009,-3.142429196119911E+001,1.181277334109613E+002,
7.679374389051808E+009,-3.138688307110884E+001,1.008173530840714E+002,
7.683284457478006E+009,-3.130584821188224E+001,8.027870723819370E+001,
7.687194525904203E+009,-3.175010051321578E+001,6.100089556631573E+001,
7.691104594330401E+009,-3.198532151177135E+001,4.531014911616857E+001,
7.695014662756599E+009,-3.168875094747018E+001,2.754608707503221E+001,
7.698924731182797E+009,-3.155506676805014E+001,7.180973065955357E+000,
7.702834799608994E+009,-3.161192120808620E+001,-1.327124679302192E+001,
7.706744868035191E+009,-3.197533628929504E+001,-3.437125727036489E+001,
7.710654936461388E+009,-3.257781921040485E+001,-5.206876115108692E+001,
7.714565004887586E+009,-3.280257984823515E+001,-6.750075462732295E+001,
7.718475073313784E+009,-3.272361796443833E+001,-8.287539861835094E+001,
7.722385141739981E+009,-3.229472183070014E+001,-1.000817876094198E+002,
7.726295210166178E+009,-3.196780660212006E+001,-1.199573003697866E+002,
7.730205278592375E+009,-3.186947617072111E+001,-1.401996175829648E+002,
7.734115347018573E+009,-3.175038793534608E+001,-1.603020830777692E+002,
7.738025415444771E+009,-3.166348213632125E+001,1.792975757577227E+002,
7.741935483870968E+009,-3.186511331262391E+001,1.578718118746144E+002,
7.745845552297165E+009,-3.210805550984438E+001,1.386855465328741E+002,
7.749755620723363E+009,-3.226975958114397E+001,1.186130467088271E+002,
7.753665689149560E+009,-3.256395793233076E+001,9.960604392995013E+001,
7.757575757575758E+009,-3.269249192450297E+001,8.240781556694481E+001,
7.761485826001955E+009,-3.262652948401505E+001,6.530531681344763E+001,
7.765395894428152E+009,-3.225642321045011E+001,4.645273189159618E+001,
7.769305962854350E+009,-3.190024739029300E+001,2.663743932346273E+001,
7.773216031280548E+009,-3.168339624883338E+001,6.736551181463097E+000,
7.777126099706745E+009,-3.125531526204590E+001,-1.497012911014105E+001,
7.781036168132942E+009,-3.107669555105109E+001,-3.818482247065742E+001,
7.784946236559139E+009,-3.121164739928093E+001,-6.101929091379770E+001,
7.788856304985337E+009,-3.150278130590430E+001,-8.316294682823921E+001,
7.792766373411535E+009,-3.178824487412742E+001,-1.046121501528318E+002,
7.796676441837732E+009,-3.219096232492258E+001,-1.261347465778475E+002,
7.800586510263929E+009,-3.266477235661357E+001,-1.458305280014933E+002,
7.804496578690127E+009,-3.306752954553266E+001,-1.638422277243814E+002,
7.808406647116324E+009,-3.309897270750967E+001,-1.798511155041237E+002,
7.812316715542522E+009,-3.294680271176010E+001,1.614179162901650E+002,
7.816226783968720E+009,-3.269721209191592E+001,1.433050968867414E+002,
7.820136852394917E+009,-3.202038186360394E+001,1.233100736502255E+002,
7.824046920821115E+009,-3.157761878064230E+001,9.959096227018071E+001,
7.827956989247313E+009,-3.151720207363255E+001,7.526699619733492E+001,
7.831867057673510E+009,-3.186539356405719E+001,5.128206281984190E+001,
7.835777126099707E+009,-3.244051888155787E+001,2.949460932506531E+001,
7.839687194525904E+009,-3.284512644618380E+001,1.076819978439764E+001,
7.843597262952102E+009,-3.299353165022735E+001,-8.336957096516906E+000,
7.847507331378300E+009,-3.315627948641489E+001,-2.819412643174425E+001,
7.851417399804497E+009,-3.337567787034003E+001,-4.657384836869658E+001,
7.855327468230694E+009,-3.322906608442919E+001,-6.428841703981122E+001,
7.859237536656891E+009,-3.302171962551299E+001,-8.296838547996650E+001,
7.863147605083089E+009,-3.262582403991799E+001,-1.028013004859859E+002,
7.867057673509287E+009,-3.233841280845651E+001,-1.248570607712085E+002,
7.870967741935484E+009,-3.240642937481341E+001,-1.475836619169734E+002,
7.874877810361681E+009,-3.262322285278950E+001,-1.686433217386217E+002,
7.878787878787879E+009,-3.289938660614038E+001,1.713432145375853E+002,
7.882697947214077E+009,-3.322541576724809E+001,1.514834950480623E+002,
7.886608015640274E+009,-3.355689455959540E+001,1.346527268778021E+002,
7.890518084066471E+009,-3.349251826089756E+001,1.180625033941165E+002,
7.894428152492668E+009,-3.317119968712282E+001,1.002979597970508E+002,
7.898338220918866E+009,-3.287056856550555E+001,8.181881330975992E+001,
7.902248289345064E+009,-3.252868894929416E+001,6.371057486993760E+001,
7.906158357771261E+009,-3.192883550105283E+001,4.372625935955080E+001,
7.910068426197458E+009,-3.156368266816441E+001,2.192878335742793E+001,
7.913978494623655E+009,-3.138787129646969E+001,-7.382752012522229E-001,
7.917888563049853E+009,-3.146208184476621E+001,-2.259321248674992E+001,
7.921798631476051E+009,-3.162524916376771E+001,-4.349370137561371E+001,
7.925708699902248E+009,-3.199986029887319E+001,-6.356015002988626E+001,
7.929618768328445E+009,-3.229029595789597E+001,-8.127938277045267E+001,
7.933528836754643E+009,-3.226414069112647E+001,-9.856441412156850E+001,
7.937438905180841E+009,-3.207663503970761E+001,-1.170162596937936E+002,
7.941348973607039E+009,-3.195855560548900E+001,-1.365951916931278E+002,
7.945259042033236E+009,-3.198543626055004E+001,-1.544691206237886E+002,
7.949169110459433E+009,-3.167709341788672E+001,-1.728505994507275E+002,
7.953079178885631E+009,-3.141251618739096E+001,1.674740000371051E+002,
7.956989247311829E+009,-3.118584558776993E+001,1.473676302967243E+002,
7.960899315738026E+009,-3.114953895224642E+001,1.259831812624140E+002,
7.964809384164223E+009,-3.127376517790228E+001,1.051602271980029E+002,
7.968719452590420E+009,-3.165531100600258E+001,8.488756282293039E+001,
7.972629521016618E+009,-3.212514069509921E+001,6.722779092228868E+001,
7.976539589442816E+009,-3.228909738235795E+001,5.137947327203726E+001,
7.980449657869013E+009,-3.225595636690600E+001,3.536694109454891E+001,
7.984359726295210E+009,-3.204409028676669E+001,1.897960243500215E+001,
7.988269794721408E+009,-3.173783499431393E+001,2.180206768989241E+000,
7.992179863147605E+009,-3.113091607736441E+001,-1.502976834376010E+001,
7.996089931573803E+009,-3.056348162296201E+001,-3.590218574467696E+001,
8.000000000000000E+009,-3.039378835799996E+001,-5.741854609541526E+001,
