% Version 1.00
%
%freq[Hz];db:Trc1_S21;ang:Trc1_S21;
4.000000000000000E+009,-2.961387035468366E+001,-1.778561590173551E+002,
4.003910068426198E+009,-3.026283124851153E+001,1.635194976969999E+002,
4.007820136852395E+009,-3.091592544579144E+001,1.437206587803064E+002,
4.011730205278593E+009,-3.156631337723419E+001,1.264564401376455E+002,
4.015640273704790E+009,-3.161906288586645E+001,1.100081590801999E+002,
4.019550342130987E+009,-3.115176209259227E+001,8.904938582960395E+001,
4.023460410557185E+009,-3.044655419228351E+001,6.490107085575708E+001,
4.027370478983382E+009,-3.032091325911691E+001,3.623054284974516E+001,
4.031280547409580E+009,-3.113830063891399E+001,6.407465164340842E+000,
4.035190615835777E+009,-3.214085444427568E+001,-1.974136865208509E+001,
4.039100684261975E+009,-3.295529823404965E+001,-4.151707219120043E+001,
4.043010752688172E+009,-3.329992239987787E+001,-6.396728346854584E+001,
4.046920821114369E+009,-3.343683734786463E+001,-8.647184815622130E+001,
4.050830889540567E+009,-3.329664067708612E+001,-1.089425615954864E+002,
4.054740957966765E+009,-3.293035593245031E+001,-1.338175141791755E+002,
4.058651026392962E+009,-3.316846196276160E+001,-1.582413177462184E+002,
4.062561094819160E+009,-3.263577029446687E+001,-1.797360201731320E+002,
4.066471163245357E+009,-3.205698911310342E+001,1.544197982315997E+002,
4.070381231671554E+009,-3.204763645982781E+001,1.311320279960620E+002,
4.074291300097752E+009,-3.144505094617292E+001,1.095498235925683E+002,
4.078201368523949E+009,-3.097190232923130E+001,8.520562237144647E+001,
4.082111436950147E+009,-3.069427874787323E+001,6.328583491318373E+001,
4.086021505376344E+009,-3.035195561693017E+001,4.108596685196709E+001,
4.089931573802542E+009,-2.984861741964840E+001,1.845609406467138E+001,
4.093841642228739E+009,-2.955532614189569E+001,-4.521473529982249E+000,
4.097751710654936E+009,-2.946884259406824E+001,-2.640974891948283E+001,
4.101661779081134E+009,-2.937679506188293E+001,-4.477149046703950E+001,
4.105571847507331E+009,-2.890673359051000E+001,-6.484873702021702E+001,
4.109481915933529E+009,-2.862644041109466E+001,-8.666528114260521E+001,
4.113391984359726E+009,-2.844130802353369E+001,-1.077583913290558E+002,
4.117302052785924E+009,-2.821248997766989E+001,-1.285857445108627E+002,
4.121212121212121E+009,-2.822701661922365E+001,-1.499918768304589E+002,
4.125122189638319E+009,-2.804379375999830E+001,-1.703557025817595E+002,
4.129032258064516E+009,-2.813237903876162E+001,1.674666299170585E+002,
4.132942326490714E+009,-2.874940316686116E+001,1.487154935635861E+002,
4.136852394916911E+009,-2.862014784317838E+001,1.300654493928089E+002,
4.140762463343109E+009,-2.928355210999561E+001,1.102589256299543E+002,
4.144672531769306E+009,-2.963849697871659E+001,9.674568910024487E+001,
4.148582600195503E+009,-2.949748275877866E+001,8.201678870757336E+001,
4.152492668621701E+009,-2.898303163190283E+001,6.457232390578110E+001,
4.156402737047898E+009,-2.867152736905346E+001,4.546864055716932E+001,
4.160312805474096E+009,-2.859889113009986E+001,2.732966370299118E+001,
4.164222873900293E+009,-2.871296095015939E+001,8.801332126054893E+000,
4.168132942326491E+009,-2.864955414133837E+001,-7.516389264543166E+000,
4.172043010752688E+009,-2.855102933795013E+001,-2.366627102208217E+001,
4.175953079178886E+009,-2.842932962994511E+001,-3.949186769824582E+001,
4.179863147605083E+009,-2.791901580222067E+001,-5.666980795273797E+001,
4.183773216031281E+009,-2.748706961729516E+001,-7.560150805258354E+001,
4.187683284457478E+009,-2.719923236563036E+001,-9.409514041812815E+001,
4.191593352883676E+009,-2.683713268243803E+001,-1.125355348950005E+002,
4.195503421309873E+009,-2.657957380986452E+001,-1.307918331733201E+002,
4.199413489736071E+009,-2.631940790501188E+001,-1.512097541706072E+002,
4.203323558162268E+009,-2.619318539812062E+001,-1.703379505818383E+002,
4.207233626588465E+009,-2.622369713094185E+001,1.709863853829041E+002,
4.211143695014663E+009,-2.602128792469804E+001,1.523501382225645E+002,
4.215053763440860E+009,-2.611131214810248E+001,1.320340998811349E+002,
4.218963831867058E+009,-2.636182319796453E+001,1.126327026406021E+002,
4.222873900293255E+009,-2.652150071908409E+001,9.456568184731295E+001,
4.226783968719452E+009,-2.669779874165319E+001,7.624668056270438E+001,
4.230694037145650E+009,-2.665684765345169E+001,5.796643633682324E+001,
4.234604105571847E+009,-2.679719469082509E+001,3.893057569055955E+001,
4.238514173998045E+009,-2.714676017542832E+001,2.138009732511426E+001,
4.242424242424243E+009,-2.710926608284749E+001,4.773847922181984E+000,
4.246334310850440E+009,-2.712586462847096E+001,-1.445500587470353E+001,
4.250244379276638E+009,-2.741709281912593E+001,-3.277060901451215E+001,
4.254154447702835E+009,-2.742884272052826E+001,-4.921930738566257E+001,
4.258064516129032E+009,-2.747818255625743E+001,-6.746038385103562E+001,
4.261974584555230E+009,-2.767947518345644E+001,-8.834554452901185E+001,
4.265884652981427E+009,-2.850269487114347E+001,-1.062526296536971E+002,
4.269794721407625E+009,-2.921353590379388E+001,-1.184576863876323E+002,
4.273704789833822E+009,-2.897372024560510E+001,-1.322686514930905E+002,
4.277614858260019E+009,-2.925780683241087E+001,-1.483738925383445E+002,
4.281524926686217E+009,-2.893949757929514E+001,-1.607843984163164E+002,
4.285434995112414E+009,-2.866553526070538E+001,-1.780892040124339E+002,
4.289345063538612E+009,-2.874955289409789E+001,1.667273169929336E+002,
4.293255131964809E+009,-2.838737255349828E+001,1.498463647654386E+002,
4.297165200391007E+009,-2.819648156794182E+001,1.323322359027229E+002,
4.301075268817205E+009,-2.829969862585023E+001,1.160102633482676E+002,
4.304985337243402E+009,-2.808514819725682E+001,1.008766421408629E+002,
4.308895405669600E+009,-2.761043891339892E+001,8.250780656881685E+001,
4.312805474095797E+009,-2.782158743835634E+001,6.495650322932065E+001,
4.316715542521994E+009,-2.768568416382797E+001,4.774986539291919E+001,
4.320625610948192E+009,-2.781942481782908E+001,3.154180564635991E+001,
4.324535679374389E+009,-2.754379165769888E+001,1.748638413060802E+001,
4.328445747800587E+009,-2.690959121587376E+001,-6.670928659684234E-001,
4.332355816226784E+009,-2.666676906925510E+001,-1.992155682835411E+001,
4.336265884652982E+009,-2.657711205600360E+001,-3.823781888977121E+001,
4.340175953079179E+009,-2.672483181392396E+001,-5.704554687349119E+001,
4.344086021505377E+009,-2.699138084780366E+001,-7.254303344099483E+001,
4.347996089931574E+009,-2.669583279876617E+001,-8.703190026787642E+001,
4.351906158357771E+009,-2.623330388772462E+001,-1.035826073029609E+002,
4.355816226783969E+009,-2.566441695497357E+001,-1.224696790426294E+002,
4.359726295210166E+009,-2.539554246144658E+001,-1.421650973031813E+002,
4.363636363636364E+009,-2.550201729104174E+001,-1.611267500025746E+002,
4.367546432062561E+009,-2.559098417117642E+001,-1.780103379159706E+002,
4.371456500488758E+009,-2.526161385992961E+001,1.644655488106078E+002,
4.375366568914956E+009,-2.517836695890025E+001,1.458056456668554E+002,
4.379276637341153E+009,-2.506408260607885E+001,1.287746132956928E+002,
4.383186705767351E+009,-2.490590655787716E+001,1.107228055230381E+002,
4.387096774193548E+009,-2.488347048969211E+001,9.256750456758365E+001,
4.391006842619746E+009,-2.460471369747331E+001,7.520350644984549E+001,
4.394916911045943E+009,-2.429281539082242E+001,5.810972211645304E+001,
4.398826979472141E+009,-2.381931856546739E+001,3.845332811763150E+001,
4.402737047898338E+009,-2.373325298314403E+001,1.851547473808087E+001,
4.406647116324535E+009,-2.399855456743133E+001,-2.171434731573775E+000,
4.410557184750733E+009,-2.420092916771281E+001,-1.871583534251725E+001,
4.414467253176930E+009,-2.388584757473314E+001,-3.616788851991223E+001,
4.418377321603128E+009,-2.390497236411147E+001,-5.591645238810551E+001,
4.422287390029326E+009,-2.398987430958418E+001,-7.320762561844970E+001,
4.426197458455523E+009,-2.400602635981183E+001,-9.078176346983955E+001,
4.430107526881721E+009,-2.396886435292914E+001,-1.075651370393653E+002,
4.434017595307918E+009,-2.365005854719776E+001,-1.250068614731388E+002,
4.437927663734116E+009,-2.340155561795969E+001,-1.429918735277973E+002,
4.441837732160313E+009,-2.330127700969937E+001,-1.613632574073933E+002,
4.445747800586511E+009,-2.299828504349698E+001,1.789762574343314E+002,
4.449657869012708E+009,-2.310915542047422E+001,1.590858403014057E+002,
4.453567937438905E+009,-2.309731483451714E+001,1.409965256227612E+002,
4.457478005865103E+009,-2.303101448991926E+001,1.230348642217484E+002,
4.461388074291300E+009,-2.295991873089904E+001,1.038500883881728E+002,
4.465298142717498E+009,-2.295131958008048E+001,8.536613996061323E+001,
4.469208211143695E+009,-2.285490442634156E+001,6.599577948020425E+001,
4.473118279569893E+009,-2.296019899637988E+001,4.745950583733740E+001,
4.477028347996090E+009,-2.282754882580249E+001,2.920486711721217E+001,
4.480938416422287E+009,-2.284358546243023E+001,1.035210734013564E+001,
4.484848484848485E+009,-2.292019748916071E+001,-8.784685335685092E+000,
4.488758553274682E+009,-2.297920171531790E+001,-2.673345942730610E+001,
4.492668621700880E+009,-2.300934806436425E+001,-4.506955909762659E+001,
4.496578690127077E+009,-2.307574144757729E+001,-6.304314961133083E+001,
4.500488758553275E+009,-2.308199142209374E+001,-8.014658179101740E+001,
4.504398826979472E+009,-2.292419263550532E+001,-9.816160608172602E+001,
4.508308895405669E+009,-2.285879860733068E+001,-1.171930634514187E+002,
4.512218963831867E+009,-2.291251168670441E+001,-1.353976359392819E+002,
4.516129032258064E+009,-2.294272349678791E+001,-1.532893516269261E+002,
4.520039100684262E+009,-2.289785187852461E+001,-1.714422539375658E+002,
4.523949169110459E+009,-2.286985051276944E+001,1.707554591081015E+002,
4.527859237536657E+009,-2.273474853079786E+001,1.528193883773946E+002,
4.531769305962854E+009,-2.266530299888930E+001,1.335052750106741E+002,
4.535679374389051E+009,-2.274490759612093E+001,1.142012557796940E+002,
4.539589442815249E+009,-2.276784616288895E+001,9.564108270106800E+001,
4.543499511241447E+009,-2.275550132232531E+001,7.639557635847369E+001,
4.547409579667645E+009,-2.300635966720619E+001,5.742160453584069E+001,
4.551319648093842E+009,-2.314154403485462E+001,3.983199863423547E+001,
4.555229716520039E+009,-2.316597735242126E+001,2.184880623891501E+001,
4.559139784946237E+009,-2.322250358352891E+001,3.498178868494681E+000,
4.563049853372434E+009,-2.332057500495003E+001,-1.494319909025318E+001,
4.566959921798632E+009,-2.342645592864165E+001,-3.301210575186725E+001,
4.570869990224829E+009,-2.344949506657606E+001,-4.976530524352695E+001,
4.574780058651027E+009,-2.315977548868373E+001,-6.785512128997080E+001,
4.578690127077224E+009,-2.323802383006665E+001,-8.710426092452674E+001,
4.582600195503422E+009,-2.337683494296466E+001,-1.064095152096535E+002,
4.586510263929619E+009,-2.362128036915416E+001,-1.237323515071607E+002,
4.590420332355816E+009,-2.362009822834454E+001,-1.401961478503902E+002,
4.594330400782014E+009,-2.354435174201686E+001,-1.577160852049160E+002,
4.598240469208211E+009,-2.358080945471395E+001,-1.754883564647110E+002,
4.602150537634409E+009,-2.347972462168676E+001,1.669754595133755E+002,
4.606060606060606E+009,-2.343119664792378E+001,1.495286067963315E+002,
4.609970674486803E+009,-2.335646641033657E+001,1.315452013202510E+002,
4.613880742913001E+009,-2.311474463110379E+001,1.135666261046657E+002,
4.617790811339198E+009,-2.294086208139990E+001,9.494122901651925E+001,
4.621700879765396E+009,-2.276418691274020E+001,7.641361826751789E+001,
4.625610948191593E+009,-2.276936449951717E+001,5.704004450871255E+001,
4.629521016617791E+009,-2.269657991053098E+001,3.834054011392741E+001,
4.633431085043988E+009,-2.257860696635184E+001,1.884715071899932E+001,
4.637341153470186E+009,-2.247201659994998E+001,-5.208124041402703E-001,
4.641251221896383E+009,-2.245811169766363E+001,-1.947604881185356E+001,
4.645161290322580E+009,-2.234050677760443E+001,-3.917844283268633E+001,
4.649071358748778E+009,-2.235422870799492E+001,-5.936828956809196E+001,
4.652981427174975E+009,-2.240667274684672E+001,-7.893672545343320E+001,
4.656891495601173E+009,-2.256923059061828E+001,-9.923264197490360E+001,
4.660801564027371E+009,-2.261126665425711E+001,-1.183590300984437E+002,
4.664711632453568E+009,-2.266763061208063E+001,-1.369146685089767E+002,
4.668621700879766E+009,-2.263790207524535E+001,-1.574743254816575E+002,
4.672531769305963E+009,-2.282581168512692E+001,-1.767411876647030E+002,
4.676441837732161E+009,-2.286680743519833E+001,1.633999743575768E+002,
4.680351906158358E+009,-2.300551365372737E+001,1.440713151913765E+002,
4.684261974584556E+009,-2.300061430154153E+001,1.250512445005948E+002,
4.688172043010753E+009,-2.305588885909298E+001,1.043358889936760E+002,
4.692082111436951E+009,-2.323543995175954E+001,8.410081279144136E+001,
4.695992179863148E+009,-2.349745458466737E+001,6.414709748004299E+001,
4.699902248289345E+009,-2.363245794658454E+001,4.492617950069317E+001,
4.703812316715543E+009,-2.387213042190528E+001,2.384259567569978E+001,
4.707722385141740E+009,-2.425283628823287E+001,3.906349606734256E+000,
4.711632453567938E+009,-2.445734476718105E+001,-1.479156901169794E+001,
4.715542521994135E+009,-2.460297454704580E+001,-3.391137226513260E+001,
4.719452590420332E+009,-2.466622146004609E+001,-5.447553260217003E+001,
4.723362658846530E+009,-2.484658605960551E+001,-7.501738109050309E+001,
4.727272727272727E+009,-2.507005923469176E+001,-9.569777916642076E+001,
4.731182795698925E+009,-2.527959851711488E+001,-1.177850639385473E+002,
4.735092864125122E+009,-2.580274010758020E+001,-1.401696336987672E+002,
4.739002932551320E+009,-2.633045330426050E+001,-1.626493779671969E+002,
4.742913000977517E+009,-2.713503382610813E+001,1.764653729572603E+002,
4.746823069403714E+009,-2.776907495361421E+001,1.561839916063275E+002,
4.750733137829912E+009,-2.833954707190838E+001,1.355045762571737E+002,
4.754643206256109E+009,-2.913854714091800E+001,1.142892402936756E+002,
4.758553274682307E+009,-2.989111906401159E+001,9.426575273597162E+001,
4.762463343108504E+009,-3.047170309233612E+001,7.402680388751546E+001,
4.766373411534702E+009,-3.116892976772147E+001,5.329775418732059E+001,
4.770283479960899E+009,-3.200683715244212E+001,3.063041319728206E+001,
4.774193548387096E+009,-3.309613928654922E+001,8.893440984316333E+000,
4.778103616813294E+009,-3.395298352018105E+001,-1.177875024143996E+001,
4.782013685239492E+009,-3.522698866186168E+001,-3.352731114528159E+001,
4.785923753665690E+009,-3.617600160126273E+001,-5.652485360651758E+001,
4.789833822091887E+009,-3.745161886265397E+001,-8.167813383278316E+001,
4.793743890518084E+009,-3.915205810314315E+001,-1.055781952849046E+002,
4.797653958944282E+009,-4.072522336685407E+001,-1.277742361212876E+002,
4.801564027370479E+009,-4.175319076403052E+001,-1.530651871830845E+002,
4.805474095796677E+009,-4.273421579731230E+001,1.744605157316320E+002,
4.809384164222874E+009,-4.385273859454188E+001,1.400070525792596E+002,
4.813294232649072E+009,-4.530798121175461E+001,1.092256624879201E+002,
4.817204301075269E+009,-4.461752983214485E+001,8.162002779227424E+001,
4.821114369501467E+009,-4.338126415538721E+001,4.565849896118070E+001,
4.825024437927664E+009,-4.276213628874304E+001,1.497659079201513E+001,
4.828934506353861E+009,-4.238757191617491E+001,-1.557778112242910E+001,
4.832844574780059E+009,-4.169636985057964E+001,-3.819604576098396E+001,
4.836754643206256E+009,-4.070851240727581E+001,-5.997437744270627E+001,
4.840664711632454E+009,-3.954467008801358E+001,-8.385866681896930E+001,
4.844574780058651E+009,-3.884658898859131E+001,-1.128458819967471E+002,
4.848484848484848E+009,-3.986245036745216E+001,-1.382146971058071E+002,
4.852394916911046E+009,-4.037733587343546E+001,-1.538275034916404E+002,
4.856304985337243E+009,-4.057633924975161E+001,-1.690231064282950E+002,
4.860215053763441E+009,-3.987640967435590E+001,-1.778170653309556E+002,
4.864125122189638E+009,-3.837484041473733E+001,1.614405884672525E+002,
4.868035190615836E+009,-3.818062210202781E+001,1.400271539536031E+002,
4.871945259042033E+009,-3.830437932965806E+001,1.211108505208113E+002,
4.875855327468231E+009,-3.854606861876740E+001,1.059515015792251E+002,
4.879765395894428E+009,-3.767515177302498E+001,9.156236505026826E+001,
4.883675464320625E+009,-3.685384891383266E+001,7.110883027794777E+001,
4.887585532746823E+009,-3.666177140859183E+001,5.102179308726471E+001,
4.891495601173020E+009,-3.672633179542886E+001,3.114032498342600E+001,
4.895405669599218E+009,-3.669023551547080E+001,1.168031749612533E+001,
4.899315738025415E+009,-3.722875141274960E+001,-7.525279050663123E+000,
4.903225806451613E+009,-3.734857640166804E+001,-2.208488304526734E+001,
4.907135874877811E+009,-3.739146669788976E+001,-4.042510178710609E+001,
4.911045943304008E+009,-3.814892941059093E+001,-5.692346219128567E+001,
4.914956011730206E+009,-3.856698598923396E+001,-7.200577729839056E+001,
4.918866080156403E+009,-3.900448373554654E+001,-8.382258262826970E+001,
4.922776148582601E+009,-3.886314724776867E+001,-9.335853520894771E+001,
4.926686217008798E+009,-3.885046057606728E+001,-1.085552814606298E+002,
4.930596285434996E+009,-3.852434764278472E+001,-1.173079678126277E+002,
4.934506353861193E+009,-3.749770759015539E+001,-1.303868455595019E+002,
4.938416422287390E+009,-3.683040657641793E+001,-1.478412689569187E+002,
4.942326490713588E+009,-3.656591603299131E+001,-1.660910027412802E+002,
4.946236559139785E+009,-3.665331188079625E+001,1.756930481712950E+002,
4.950146627565983E+009,-3.707020205484373E+001,1.618095204025636E+002,
4.954056695992180E+009,-3.697754765837777E+001,1.523615236488672E+002,
4.957966764418377E+009,-3.617641582686915E+001,1.399055793781030E+002,
4.961876832844575E+009,-3.560151231582770E+001,1.257496314419761E+002,
4.965786901270772E+009,-3.491238914221170E+001,1.129612313769197E+002,
4.969696969696970E+009,-3.396752632584003E+001,9.715149986907814E+001,
4.973607038123167E+009,-3.312073090200073E+001,8.120677761176108E+001,
4.977517106549365E+009,-3.211889099871011E+001,6.395730252405803E+001,
4.981427174975562E+009,-3.133731984813445E+001,4.488125023891275E+001,
4.985337243401759E+009,-3.083245045868927E+001,2.469652664965386E+001,
4.989247311827957E+009,-3.071229500004338E+001,6.015418527086331E+000,
4.993157380254154E+009,-3.022265898869059E+001,-1.154433982752787E+001,
4.997067448680352E+009,-2.983761122643905E+001,-2.965033022205097E+001,
5.000977517106549E+009,-2.977150557826877E+001,-4.823416012719992E+001,
5.004887585532747E+009,-2.939263637393237E+001,-6.479358158795068E+001,
5.008797653958944E+009,-2.890912250399230E+001,-8.168982583729513E+001,
5.012707722385141E+009,-2.865702810510534E+001,-1.003858484563518E+002,
5.016617790811339E+009,-2.824182682908839E+001,-1.168385227200323E+002,
5.020527859237536E+009,-2.791467479276994E+001,-1.345132234141994E+002,
5.024437927663734E+009,-2.735911380611967E+001,-1.536287454969923E+002,
5.028347996089932E+009,-2.696300599457001E+001,-1.735541407889982E+002,
5.032258064516129E+009,-2.689275999794603E+001,1.657931743321224E+002,
5.036168132942327E+009,-2.693923628171069E+001,1.475312264343004E+002,
5.040078201368524E+009,-2.715730942385132E+001,1.295793195391589E+002,
5.043988269794722E+009,-2.732757359367745E+001,1.131455925735110E+002,
5.047898338220919E+009,-2.721580935666578E+001,9.850813354137938E+001,
5.051808406647117E+009,-2.677122439752244E+001,8.362221013546774E+001,
5.055718475073314E+009,-2.619184584425511E+001,6.653423482587539E+001,
5.059628543499512E+009,-2.566702396938262E+001,4.859359356447169E+001,
5.063538611925709E+009,-2.518664894055462E+001,3.035023862991719E+001,
5.067448680351906E+009,-2.467973324322381E+001,1.109829945387464E+001,
5.071358748778104E+009,-2.432042604808811E+001,-1.022563478837905E+001,
5.075268817204301E+009,-2.442544138808333E+001,-3.032954542911307E+001,
5.079178885630499E+009,-2.455400905003162E+001,-4.855474161233877E+001,
5.083088954056696E+009,-2.475778031789468E+001,-6.774686223638568E+001,
5.086999022482893E+009,-2.478966278806143E+001,-8.328446121158694E+001,
5.090909090909091E+009,-2.473104741975396E+001,-9.912568513685392E+001,
5.094819159335288E+009,-2.445482039898941E+001,-1.155329463387776E+002,
5.098729227761486E+009,-2.404025823488372E+001,-1.325687355862218E+002,
5.102639296187683E+009,-2.375467633323227E+001,-1.508456830307744E+002,
5.106549364613881E+009,-2.335380410886329E+001,-1.693633373061955E+002,
5.110459433040078E+009,-2.306767441510785E+001,1.718643658440056E+002,
5.114369501466276E+009,-2.280427079082306E+001,1.520324252870467E+002,
5.118279569892473E+009,-2.274557380001233E+001,1.324748443454276E+002,
5.122189638318670E+009,-2.282780432774507E+001,1.131189885460689E+002,
5.126099706744868E+009,-2.289041547280824E+001,9.448825035889554E+001,
5.130009775171065E+009,-2.303817759161841E+001,7.597612326464623E+001,
5.133919843597263E+009,-2.317879537836347E+001,5.873826864660635E+001,
5.137829912023460E+009,-2.318556042286038E+001,4.166998727357318E+001,
5.141739980449657E+009,-2.296694507825004E+001,2.440345549664585E+001,
5.145650048875855E+009,-2.287553094723509E+001,5.687476981023402E+000,
5.149560117302053E+009,-2.284037375782142E+001,-1.184898971060663E+001,
5.153470185728251E+009,-2.278151248410990E+001,-2.906571409482131E+001,
5.157380254154448E+009,-2.254716966930555E+001,-4.620206289713114E+001,
5.161290322580645E+009,-2.243458025454708E+001,-6.526795893534636E+001,
5.165200391006843E+009,-2.232894609066645E+001,-8.383806824147872E+001,
5.169110459433041E+009,-2.231989991521971E+001,-1.023887807035481E+002,
5.173020527859238E+009,-2.235008905517413E+001,-1.200345309925513E+002,
5.176930596285435E+009,-2.234718626746542E+001,-1.378355932492420E+002,
5.180840664711633E+009,-2.234890536851255E+001,-1.555521150354652E+002,
5.184750733137830E+009,-2.228808727938400E+001,-1.729055773587387E+002,
5.188660801564028E+009,-2.215484692385662E+001,1.696760854161058E+002,
5.192570869990225E+009,-2.201155932468613E+001,1.520766102215196E+002,
5.196480938416422E+009,-2.187234066915202E+001,1.336307651772594E+002,
5.200391006842620E+009,-2.179914867392271E+001,1.139936796746917E+002,
5.204301075268817E+009,-2.183142587678418E+001,9.582996794971803E+001,
5.208211143695015E+009,-2.194199625160301E+001,7.698944605311723E+001,
5.212121212121212E+009,-2.210879371725484E+001,5.960250760014262E+001,
5.216031280547409E+009,-2.204432962310319E+001,4.226873577963321E+001,
5.219941348973607E+009,-2.207709729558032E+001,2.427547942892236E+001,
5.223851417399805E+009,-2.204672369187787E+001,6.517429830314161E+000,
5.227761485826002E+009,-2.217146444221491E+001,-1.093683894283378E+001,
5.231671554252199E+009,-2.204996976722995E+001,-2.766141137155434E+001,
5.235581622678397E+009,-2.190517514139824E+001,-4.576084467079168E+001,
5.239491691104594E+009,-2.181598792322021E+001,-6.316240993617572E+001,
5.243401759530792E+009,-2.166304853030304E+001,-8.180597397315209E+001,
5.247311827956989E+009,-2.155295000578087E+001,-9.991566188661068E+001,
5.251221896383186E+009,-2.149152612635567E+001,-1.190531982230268E+002,
5.255131964809384E+009,-2.158498381847082E+001,-1.391699968800534E+002,
5.259042033235581E+009,-2.181523835576513E+001,-1.575593787299244E+002,
5.262952101661779E+009,-2.196419383166406E+001,-1.753500022001330E+002,
5.266862170087977E+009,-2.200380596383674E+001,1.670871189943075E+002,
5.270772238514174E+009,-2.216731400068986E+001,1.490450298496331E+002,
5.274682306940372E+009,-2.231471259269412E+001,1.325666202352102E+002,
5.278592375366570E+009,-2.230843296856490E+001,1.162174932093823E+002,
5.282502443792767E+009,-2.207533674866308E+001,9.887699322364855E+001,
5.286412512218964E+009,-2.192913506383137E+001,8.071441510207656E+001,
5.290322580645162E+009,-2.184272160492279E+001,6.220511223761836E+001,
5.294232649071359E+009,-2.180718286693008E+001,4.360976093997568E+001,
5.298142717497557E+009,-2.173584369996233E+001,2.471232345996549E+001,
5.302052785923754E+009,-2.173665645274949E+001,5.226804204361450E+000,
5.305962854349951E+009,-2.190728029681588E+001,-1.388017236833372E+001,
5.309872922776149E+009,-2.223402684215344E+001,-3.247737228935161E+001,
5.313782991202346E+009,-2.246528208583993E+001,-4.956883135584172E+001,
5.317693059628544E+009,-2.248918670503805E+001,-6.630126329552527E+001,
5.321603128054741E+009,-2.234485213183912E+001,-8.326797218935951E+001,
5.325513196480938E+009,-2.228053695153984E+001,-1.012302908675615E+002,
5.329423264907136E+009,-2.225604335657998E+001,-1.201139796089691E+002,
5.333333333333333E+009,-2.232217507595529E+001,-1.391138445780946E+002,
5.337243401759531E+009,-2.255661028897137E+001,-1.577149560336893E+002,
5.341153470185728E+009,-2.261628107219469E+001,-1.758466402203470E+002,
5.345063538611926E+009,-2.279015357928102E+001,1.654966604654052E+002,
5.348973607038123E+009,-2.309577770470110E+001,1.471427978151351E+002,
5.352883675464321E+009,-2.325939352815319E+001,1.309754388814561E+002,
5.356793743890518E+009,-2.322619264736580E+001,1.132851817966612E+002,
5.360703812316715E+009,-2.323529553691073E+001,9.557999048078577E+001,
5.364613880742913E+009,-2.344650853948579E+001,7.741830077421678E+001,
5.368523949169110E+009,-2.355217082821308E+001,6.138428438649129E+001,
5.372434017595308E+009,-2.345007442015909E+001,4.342551106617405E+001,
5.376344086021505E+009,-2.338205619755177E+001,2.511823051131056E+001,
5.380254154447702E+009,-2.355405432675948E+001,6.079333646447041E+000,
5.384164222873900E+009,-2.363395550565361E+001,-1.149096713959479E+001,
5.388074291300098E+009,-2.377765542330277E+001,-3.028983427352762E+001,
5.391984359726296E+009,-2.397782172664342E+001,-4.835315825072212E+001,
5.395894428152493E+009,-2.398169257463534E+001,-6.412782146703738E+001,
5.399804496578690E+009,-2.398042785746430E+001,-8.239707806156635E+001,
5.403714565004888E+009,-2.396472895021264E+001,-1.004110675550605E+002,
5.407624633431086E+009,-2.406910301045015E+001,-1.183418056610228E+002,
5.411534701857283E+009,-2.396981301677696E+001,-1.354858268409015E+002,
5.415444770283480E+009,-2.382019456824496E+001,-1.533556287929035E+002,
5.419354838709678E+009,-2.373310441749915E+001,-1.721877060313987E+002,
5.423264907135875E+009,-2.347988199825661E+001,1.686636444950999E+002,
5.427174975562073E+009,-2.341835045647132E+001,1.481653443487501E+002,
5.431085043988270E+009,-2.361819229532873E+001,1.268791583885633E+002,
5.434995112414467E+009,-2.397113763080080E+001,1.073650523679178E+002,
5.438905180840665E+009,-2.414699310306974E+001,8.905964111279681E+001,
5.442815249266862E+009,-2.424956685382630E+001,7.066042489756302E+001,
5.446725317693060E+009,-2.423682324696532E+001,5.133769257981480E+001,
5.450635386119257E+009,-2.437816594633603E+001,3.206413034698250E+001,
5.454545454545454E+009,-2.449972724003469E+001,1.232752765265276E+001,
5.458455522971652E+009,-2.454591903545571E+001,-6.496688275434634E+000,
5.462365591397850E+009,-2.455704731503947E+001,-2.739473966550720E+001,
5.466275659824047E+009,-2.485991864279058E+001,-4.815035260338065E+001,
5.470185728250244E+009,-2.516102968641823E+001,-6.861392441586628E+001,
5.474095796676442E+009,-2.539474829734703E+001,-8.939476389532058E+001,
5.478005865102639E+009,-2.600519671944450E+001,-1.097742991839020E+002,
5.481915933528837E+009,-2.623914801353543E+001,-1.294649114000426E+002,
5.485826001955034E+009,-2.663537726454849E+001,-1.491415370350699E+002,
5.489736070381231E+009,-2.679918536477992E+001,-1.689061288664653E+002,
5.493646138807429E+009,-2.706970839110193E+001,1.691070110552983E+002,
5.497556207233626E+009,-2.747028240273620E+001,1.474593521065465E+002,
5.501466275659824E+009,-2.825618312882023E+001,1.266093472941683E+002,
5.505376344086021E+009,-2.901700672161044E+001,1.064609937727655E+002,
5.509286412512219E+009,-2.927207811433344E+001,8.793282442880890E+001,
5.513196480938417E+009,-2.968096970989670E+001,6.562889302358545E+001,
5.517106549364615E+009,-3.000952385535924E+001,4.390768904093061E+001,
5.521016617790812E+009,-3.053555225345846E+001,2.172395578587561E+001,
5.524926686217009E+009,-3.116147966176558E+001,1.751051544747917E+000,
5.528836754643207E+009,-3.165149525573751E+001,-2.150435306603796E+001,
5.532746823069404E+009,-3.264953574006873E+001,-4.446696578916526E+001,
5.536656891495602E+009,-3.335546347354903E+001,-6.532603072106943E+001,
5.540566959921799E+009,-3.363112934024570E+001,-8.746820769767170E+001,
5.544477028347996E+009,-3.417025516137748E+001,-1.119786596684144E+002,
5.548387096774194E+009,-3.468170076535715E+001,-1.364452863314529E+002,
5.552297165200391E+009,-3.537585229695474E+001,-1.624232393810912E+002,
5.556207233626589E+009,-3.603315969093925E+001,1.745641716633822E+002,
5.560117302052786E+009,-3.621335023685259E+001,1.490362404520296E+002,
5.564027370478983E+009,-3.663555043585077E+001,1.198822918884050E+002,
5.567937438905181E+009,-3.755387561466247E+001,9.449898016567374E+001,
5.571847507331378E+009,-3.785811034160046E+001,7.188877046155129E+001,
5.575757575757576E+009,-3.788388081074043E+001,4.783768822928104E+001,
5.579667644183773E+009,-3.762936069678488E+001,2.416709944868084E+001,
5.583577712609971E+009,-3.722274027730227E+001,-9.389255543857833E-001,
5.587487781036168E+009,-3.709186025019543E+001,-2.855772227414176E+001,
5.591397849462366E+009,-3.729311896456299E+001,-5.464736242077179E+001,
5.595307917888563E+009,-3.780612339768965E+001,-7.872146330597624E+001,
5.599217986314760E+009,-3.822884094647366E+001,-9.825294774614004E+001,
5.603128054740958E+009,-3.845255524261795E+001,-1.167850697682605E+002,
5.607038123167155E+009,-3.826430660853556E+001,-1.336184117775712E+002,
5.610948191593353E+009,-3.798409612518380E+001,-1.503543970332465E+002,
5.614858260019550E+009,-3.753215106572167E+001,-1.675743355057799E+002,
5.618768328445747E+009,-3.689441850507874E+001,1.737603034021639E+002,
5.622678396871945E+009,-3.649309582726593E+001,1.527201275782539E+002,
5.626588465298142E+009,-3.626003761933288E+001,1.355228082861274E+002,
5.630498533724340E+009,-3.582817055529421E+001,1.142486081588949E+002,
5.634408602150538E+009,-3.608359968314166E+001,9.592091413859055E+001,
5.638318670576735E+009,-3.591092355930839E+001,8.185444403717382E+001,
5.642228739002933E+009,-3.522330071638634E+001,6.580240632433899E+001,
5.646138807429131E+009,-3.455861109380084E+001,4.697900262988066E+001,
5.650048875855328E+009,-3.403308134280582E+001,2.734653242650536E+001,
5.653958944281525E+009,-3.401452115540696E+001,9.105436976835353E+000,
5.657869012707723E+009,-3.394079985638502E+001,-7.565921007728772E+000,
5.661779081133920E+009,-3.325774845435965E+001,-2.165671414622664E+001,
5.665689149560118E+009,-3.224345457416401E+001,-3.903168874695462E+001,
5.669599217986315E+009,-3.129445172739469E+001,-6.024304313625766E+001,
5.673509286412512E+009,-3.061374180401241E+001,-8.215768737409357E+001,
5.677419354838710E+009,-3.034874477431375E+001,-1.069893925347027E+002,
5.681329423264907E+009,-3.060643111932926E+001,-1.288759027211214E+002,
5.685239491691105E+009,-3.094730886017184E+001,-1.509350463974382E+002,
5.689149560117302E+009,-3.176103606082952E+001,-1.688210754994661E+002,
5.693059628543499E+009,-3.194299121260551E+001,1.766100591555156E+002,
5.696969696969697E+009,-3.191537468090133E+001,1.614406510179493E+002,
5.700879765395895E+009,-3.169917700998886E+001,1.456605138068210E+002,
5.704789833822092E+009,-3.158020486419420E+001,1.295743144507163E+002,
5.708699902248289E+009,-3.104572354280444E+001,1.152038345893004E+002,
5.712609970674487E+009,-3.003218841289666E+001,9.758246080000907E+001,
5.716520039100684E+009,-2.953530139432503E+001,7.579611669918550E+001,
5.720430107526882E+009,-2.915590632403477E+001,5.497390477657986E+001,
5.724340175953079E+009,-2.906505672953817E+001,3.124346284180889E+001,
5.728250244379276E+009,-2.953578065666139E+001,8.931320924407476E+000,
5.732160312805474E+009,-3.050208146237967E+001,-8.162263282915330E+000,
5.736070381231671E+009,-3.066181464867208E+001,-2.247375120603481E+001,
5.739980449657869E+009,-3.065427709175308E+001,-3.735230138059636E+001,
5.743890518084066E+009,-3.025829534290540E+001,-5.195094852538154E+001,
5.747800586510263E+009,-2.974072876524452E+001,-7.036437039506043E+001,
5.751710654936461E+009,-2.952018794934496E+001,-9.037452356169969E+001,
5.755620723362660E+009,-2.935193603395877E+001,-1.077510260958394E+002,
5.759530791788857E+009,-2.892411535880690E+001,-1.275886888644517E+002,
5.763440860215054E+009,-2.880005358796372E+001,-1.481055442390580E+002,
5.767350928641252E+009,-2.918853437123197E+001,-1.678520091296772E+002,
5.771260997067449E+009,-2.934851664776811E+001,1.738790939787624E+002,
5.775171065493647E+009,-2.961920643305774E+001,1.558195190694966E+002,
5.779081133919844E+009,-2.974876381982899E+001,1.382449958602391E+002,
5.782991202346041E+009,-2.955622164241328E+001,1.214845715835345E+002,
5.786901270772239E+009,-2.995680517897530E+001,1.047100496565128E+002,
5.790811339198436E+009,-2.963376518478919E+001,8.874203086294290E+001,
5.794721407624634E+009,-2.923682941925825E+001,6.938338968014101E+001,
5.798631476050831E+009,-2.938191254936364E+001,4.957704594241785E+001,
5.802541544477028E+009,-2.967193000204705E+001,3.027515504842479E+001,
5.806451612903226E+009,-2.976784884252653E+001,1.246818787738697E+001,
5.810361681329423E+009,-3.020426043561169E+001,-5.756291051920127E+000,
5.814271749755621E+009,-3.041766574032526E+001,-2.215887548254269E+001,
5.818181818181818E+009,-3.034684616252925E+001,-3.860190195788861E+001,
5.822091886608016E+009,-3.060954221674330E+001,-5.521621310747051E+001,
5.826001955034213E+009,-3.095204733351940E+001,-7.145835340468622E+001,
5.829912023460411E+009,-3.094670331120885E+001,-8.790650418793302E+001,
5.833822091886608E+009,-3.100243000699486E+001,-1.018296437617149E+002,
5.837732160312805E+009,-3.054903346777098E+001,-1.181646696401640E+002,
5.841642228739003E+009,-3.033234087598192E+001,-1.358953392445890E+002,
5.845552297165200E+009,-3.016033137951266E+001,-1.534401792710260E+002,
5.849462365591398E+009,-3.005467694827892E+001,-1.719840077900217E+002,
5.853372434017595E+009,-3.010772338734806E+001,1.698143284758395E+002,
5.857282502443792E+009,-3.011737278888037E+001,1.526523466046858E+002,
5.861192570869990E+009,-3.024752362817432E+001,1.343104850512342E+002,
5.865102639296187E+009,-3.037958154555052E+001,1.163388415017983E+002,
5.869012707722385E+009,-3.069739726824097E+001,1.002441503558326E+002,
5.872922776148583E+009,-3.055253837405204E+001,8.555585816872069E+001,
5.876832844574780E+009,-3.037714962007917E+001,6.862626217715473E+001,
5.880742913000978E+009,-3.063952780045831E+001,5.084217795674464E+001,
5.884652981427176E+009,-3.059006955598431E+001,3.598781859422687E+001,
5.888563049853373E+009,-3.021005147385193E+001,1.786315813377822E+001,
5.892473118279570E+009,-3.011433398708747E+001,9.860328590238718E-001,
5.896383186705768E+009,-3.016932624380922E+001,-1.526019736700717E+001,
5.900293255131965E+009,-3.003764709175851E+001,-3.189336471156914E+001,
5.904203323558163E+009,-2.996565894707736E+001,-4.764284069246927E+001,
5.908113391984360E+009,-2.944243374889594E+001,-6.403359199637387E+001,
5.912023460410557E+009,-2.933514377232980E+001,-8.281493022664120E+001,
5.915933528836755E+009,-2.942105277449639E+001,-1.013566825852455E+002,
5.919843597262952E+009,-2.945435095151984E+001,-1.193842403930877E+002,
5.923753665689150E+009,-2.935379664740069E+001,-1.364547630031008E+002,
5.927663734115347E+009,-2.969433469598361E+001,-1.527777974832178E+002,
5.931573802541544E+009,-2.977184251360180E+001,-1.681293913414334E+002,
5.935483870967742E+009,-2.957302572253218E+001,1.762831015249351E+002,
5.939393939393940E+009,-2.918822463202385E+001,1.610086811411672E+002,
5.943304007820137E+009,-2.880451127792756E+001,1.441888424676592E+002,
5.947214076246334E+009,-2.835562896209400E+001,1.266745931520391E+002,
5.951124144672532E+009,-2.778564159037284E+001,1.083719377240610E+002,
5.955034213098729E+009,-2.774301046625009E+001,8.884725906743563E+001,
5.958944281524927E+009,-2.784210060824333E+001,7.060893122745584E+001,
5.962854349951124E+009,-2.784245696464877E+001,5.387896518401929E+001,
5.966764418377321E+009,-2.762137635618997E+001,3.740168273374364E+001,
5.970674486803519E+009,-2.727115249241836E+001,2.092549864561670E+001,
5.974584555229716E+009,-2.692475351107742E+001,2.720468596306222E+000,
5.978494623655914E+009,-2.662904911372039E+001,-1.455599996415324E+001,
5.982404692082111E+009,-2.619785295182584E+001,-3.298528388198392E+001,
5.986314760508308E+009,-2.580214588497015E+001,-5.310637113820853E+001,
5.990224828934506E+009,-2.555150486151689E+001,-7.353339766839085E+001,
5.994134897360704E+009,-2.559636907041788E+001,-9.439467907582647E+001,
5.998044965786902E+009,-2.560207024035318E+001,-1.133838066516491E+002,
6.001955034213099E+009,-2.563353293846907E+001,-1.315464765741330E+002,
6.005865102639297E+009,-2.566239018040291E+001,-1.506296460017092E+002,
6.009775171065494E+009,-2.568808006020021E+001,-1.693555036011784E+002,
6.013685239491692E+009,-2.580362423071518E+001,1.727498117958063E+002,
6.017595307917889E+009,-2.589635486287064E+001,1.553020009391078E+002,
6.021505376344086E+009,-2.585019718632597E+001,1.384871289385457E+002,
6.025415444770284E+009,-2.558416105552502E+001,1.206360296435517E+002,
6.029325513196481E+009,-2.526321116901006E+001,1.013372364935710E+002,
6.033235581622679E+009,-2.530048832702520E+001,8.184437285435244E+001,
6.037145650048876E+009,-2.531327587092857E+001,6.306217312413035E+001,
6.041055718475073E+009,-2.534888701024586E+001,4.428205689853153E+001,
6.044965786901271E+009,-2.536679660714214E+001,2.656132109228145E+001,
6.048875855327468E+009,-2.529811842717049E+001,8.613112247924807E+000,
6.052785923753666E+009,-2.525137006156473E+001,-1.023599321274728E+001,
6.056695992179863E+009,-2.541699569859005E+001,-2.921042007695747E+001,
6.060606060606061E+009,-2.537025726341336E+001,-4.637505845022528E+001,
6.064516129032258E+009,-2.520360165366862E+001,-6.405704276128945E+001,
6.068426197458456E+009,-2.495954831549279E+001,-8.213370319884582E+001,
6.072336265884653E+009,-2.485906149105843E+001,-1.021255826680141E+002,
6.076246334310850E+009,-2.493481576341677E+001,-1.218982200583270E+002,
6.080156402737048E+009,-2.495394527023898E+001,-1.417243569660282E+002,
6.084066471163245E+009,-2.501313178863688E+001,-1.595097489610585E+002,
6.087976539589443E+009,-2.508726137052710E+001,-1.782155447282008E+002,
6.091886608015640E+009,-2.508923211633337E+001,1.634981858148300E+002,
6.095796676441837E+009,-2.503287228678392E+001,1.439001251741456E+002,
6.099706744868035E+009,-2.507282135624653E+001,1.254502472512180E+002,
6.103616813294232E+009,-2.501552557507122E+001,1.060776428605513E+002,
6.107526881720430E+009,-2.484738291890277E+001,8.644026855846059E+001,
6.111436950146627E+009,-2.493655860330971E+001,6.633310125349097E+001,
6.115347018572825E+009,-2.508977892462551E+001,4.572911528272422E+001,
6.119257086999023E+009,-2.540254923655527E+001,2.532271758102634E+001,
6.123167155425221E+009,-2.595993743050773E+001,7.531800617763029E+000,
6.127077223851418E+009,-2.633666019968657E+001,-8.603772737989820E+000,
6.130987292277615E+009,-2.620505740846875E+001,-2.438322615781388E+001,
6.134897360703813E+009,-2.600372429920981E+001,-4.271610373115652E+001,
6.138807429130010E+009,-2.596756706025165E+001,-6.293374233514912E+001,
6.142717497556208E+009,-2.631680640277074E+001,-8.229832136183742E+001,
6.146627565982405E+009,-2.632513563819907E+001,-9.945487790358962E+001,
6.150537634408602E+009,-2.621512980550646E+001,-1.183134082126686E+002,
6.154447702834800E+009,-2.607687214637010E+001,-1.384023341980462E+002,
6.158357771260998E+009,-2.615800669882357E+001,-1.585774705606501E+002,
6.162267839687195E+009,-2.636733883347252E+001,-1.797123193726033E+002,
6.166177908113392E+009,-2.664591656697594E+001,1.608638097989039E+002,
6.170087976539589E+009,-2.705160101358095E+001,1.412933229605613E+002,
6.173998044965787E+009,-2.750604639663793E+001,1.237313061285443E+002,
6.177908113391985E+009,-2.778162167040508E+001,1.072584554880396E+002,
6.181818181818182E+009,-2.798766458691735E+001,8.917348029111749E+001,
6.185728250244379E+009,-2.810292549398243E+001,7.082251816034476E+001,
6.189638318670576E+009,-2.811744133480456E+001,5.411514762071430E+001,
6.193548387096774E+009,-2.786079833622205E+001,3.621208701309286E+001,
6.197458455522972E+009,-2.757201092525646E+001,1.590722095710787E+001,
6.201368523949169E+009,-2.779232673505996E+001,-5.317508867843385E+000,
6.205278592375366E+009,-2.812239721471432E+001,-2.498210622998691E+001,
6.209188660801564E+009,-2.847755558642866E+001,-4.320638864132710E+001,
6.213098729227762E+009,-2.880577183258742E+001,-6.139501482774807E+001,
6.217008797653959E+009,-2.890483727256808E+001,-7.940064826293077E+001,
6.220918866080156E+009,-2.893611535847828E+001,-9.985098988380609E+001,
6.224828934506353E+009,-2.886742367291881E+001,-1.181957899673349E+002,
6.228739002932551E+009,-2.929896299286078E+001,-1.387337823127496E+002,
6.232649071358749E+009,-2.946006218667417E+001,-1.565863410699200E+002,
6.236559139784946E+009,-2.944006836037032E+001,-1.748390042563485E+002,
6.240469208211144E+009,-2.947081304527165E+001,1.642808418330060E+002,
6.244379276637341E+009,-2.954735850937540E+001,1.444504066349521E+002,
6.248289345063539E+009,-2.981375589205974E+001,1.248034409530046E+002,
6.252199413489737E+009,-2.977891510700858E+001,1.062365587690119E+002,
6.256109481915934E+009,-2.973402819274983E+001,8.599969546840678E+001,
6.260019550342131E+009,-2.976115240169543E+001,6.567737124353998E+001,
6.263929618768329E+009,-2.973262408126103E+001,4.350724906463298E+001,
6.267839687194526E+009,-2.982527350945434E+001,2.013792933360202E+001,
6.271749755620724E+009,-3.052239792348536E+001,-2.892121706379935E+000,
6.275659824046921E+009,-3.120110164184417E+001,-2.328483876099835E+001,
6.279569892473118E+009,-3.145346150911827E+001,-4.248354007462722E+001,
6.283479960899316E+009,-3.193275390185272E+001,-6.488781484513039E+001,
6.287390029325514E+009,-3.267696982773515E+001,-8.381572904403841E+001,
6.291300097751711E+009,-3.330071969841496E+001,-1.021877317502953E+002,
6.295210166177908E+009,-3.362882729352391E+001,-1.207675586150215E+002,
6.299120234604105E+009,-3.345277176115003E+001,-1.382911641796381E+002,
6.303030303030303E+009,-3.325724165318940E+001,-1.603482018962170E+002,
6.306940371456501E+009,-3.324826352152158E+001,1.756421220138294E+002,
6.310850439882698E+009,-3.358422324877799E+001,1.509065513697941E+002,
6.314760508308895E+009,-3.418628680879225E+001,1.268108266450025E+002,
6.318670576735093E+009,-3.500008778218322E+001,1.037509616681612E+002,
6.322580645161290E+009,-3.585040278541054E+001,8.224873056726482E+001,
6.326490713587488E+009,-3.647412859577644E+001,6.037476191370800E+001,
6.330400782013685E+009,-3.722055213459425E+001,3.692192013050812E+001,
6.334310850439882E+009,-3.860740045490295E+001,1.509963138185815E+001,
6.338220918866080E+009,-4.060868828383023E+001,-3.209482135709220E+000,
6.342130987292278E+009,-4.117025256524268E+001,-8.605227925974365E+000,
6.346041055718475E+009,-4.064486100210284E+001,-2.297875663134103E+001,
6.349951124144672E+009,-3.957238009125345E+001,-4.111170848387916E+001,
6.353861192570869E+009,-3.916143180584076E+001,-6.701339048963656E+001,
6.357771260997068E+009,-3.944142444342868E+001,-8.992494896312633E+001,
6.361681329423266E+009,-3.949438434448744E+001,-1.143431813148172E+002,
6.365591397849463E+009,-4.033184180444098E+001,-1.396777068775038E+002,
6.369501466275660E+009,-4.134626808787013E+001,-1.573137920726655E+002,
6.373411534701857E+009,-4.181610844484795E+001,-1.752669559226764E+002,
6.377321603128055E+009,-4.260861936653231E+001,1.679251560794234E+002,
6.381231671554253E+009,-4.264641911185542E+001,1.495937207819530E+002,
6.385141739980450E+009,-4.396039314684494E+001,1.372829969285738E+002,
6.389051808406647E+009,-4.311663632126753E+001,1.285090479418537E+002,
6.392961876832845E+009,-4.208536706805659E+001,1.150700614109394E+002,
6.396871945259043E+009,-4.051366684930828E+001,9.789862599021670E+001,
6.400782013685240E+009,-3.940812882648969E+001,7.531698573851786E+001,
6.404692082111437E+009,-3.862460138540105E+001,5.271853120357728E+001,
6.408602150537634E+009,-3.846584456849454E+001,2.894121444077215E+001,
6.412512218963832E+009,-3.834600251547060E+001,7.938863834277378E+000,
6.416422287390030E+009,-3.830006860812936E+001,-1.057911780888813E+001,
6.420332355816227E+009,-3.758319601658533E+001,-2.980524426973016E+001,
6.424242424242424E+009,-3.716990977048064E+001,-5.137676942252781E+001,
6.428152492668621E+009,-3.688161876020502E+001,-7.373462375782999E+001,
6.432062561094819E+009,-3.674927976652869E+001,-9.426395738930806E+001,
6.435972629521017E+009,-3.693574931400578E+001,-1.152450042565894E+002,
6.439882697947214E+009,-3.703758665381882E+001,-1.316781649491090E+002,
6.443792766373411E+009,-3.658480861138675E+001,-1.483654146015887E+002,
6.447702834799609E+009,-3.593246602414685E+001,-1.665078289034848E+002,
6.451612903225807E+009,-3.522154950010712E+001,1.738723833938093E+002,
6.455522971652004E+009,-3.448544364793173E+001,1.514337874810612E+002,
6.459433040078201E+009,-3.426450391261530E+001,1.272001146415959E+002,
6.463343108504398E+009,-3.457464265939029E+001,1.049396175152432E+002,
6.467253176930596E+009,-3.506202699731442E+001,8.436108963225365E+001,
6.471163245356794E+009,-3.497949301535573E+001,6.804992283354524E+001,
6.475073313782991E+009,-3.481197271390562E+001,4.829048463377400E+001,
6.478983382209189E+009,-3.471609898967259E+001,2.889754717469070E+001,
6.482893450635386E+009,-3.498239193843293E+001,7.514666754450350E+000,
6.486803519061584E+009,-3.568741136763302E+001,-9.974348126900010E+000,
6.490713587487782E+009,-3.573487446037105E+001,-2.249413659840915E+001,
6.494623655913979E+009,-3.503153105185711E+001,-3.728741767954201E+001,
6.498533724340176E+009,-3.414886260151926E+001,-5.548955865941989E+001,
6.502443792766374E+009,-3.360815521410222E+001,-7.826680953815969E+001,
6.506353861192571E+009,-3.375229003243197E+001,-9.998733903678563E+001,
6.510263929618769E+009,-3.410064180873150E+001,-1.199627819839337E+002,
6.514173998044966E+009,-3.431549674620501E+001,-1.350272256156494E+002,
6.518084066471163E+009,-3.379258146757400E+001,-1.527496568096188E+002,
6.521994134897361E+009,-3.349380956770374E+001,-1.738985131620111E+002,
6.525904203323559E+009,-3.396155268423136E+001,1.645573063389523E+002,
6.529814271749756E+009,-3.461394582911850E+001,1.470856851783383E+002,
6.533724340175953E+009,-3.478746885138197E+001,1.351964650015734E+002,
6.537634408602150E+009,-3.399369198979482E+001,1.201322792099910E+002,
6.541544477028348E+009,-3.341474241645193E+001,9.991973568014380E+001,
6.545454545454546E+009,-3.322235186941366E+001,7.895778598161716E+001,
6.549364613880743E+009,-3.353003076437192E+001,5.834696594038685E+001,
6.553274682306940E+009,-3.370750455403896E+001,4.137148227781941E+001,
6.557184750733138E+009,-3.375837265812097E+001,2.452789528074617E+001,
6.561094819159335E+009,-3.358812808781405E+001,7.748532978738891E+000,
6.565004887585533E+009,-3.337492358748847E+001,-1.218847597983291E+001,
6.568914956011730E+009,-3.363516046003583E+001,-3.167609825465334E+001,
6.572825024437927E+009,-3.385362526187319E+001,-4.825765602454382E+001,
6.576735092864125E+009,-3.389569157503165E+001,-6.481722921142593E+001,
6.580645161290323E+009,-3.363544454986918E+001,-8.234856077585684E+001,
6.584555229716520E+009,-3.371109433119754E+001,-1.021071783334534E+002,
6.588465298142717E+009,-3.395222401989613E+001,-1.193840649005751E+002,
6.592375366568914E+009,-3.401958849682434E+001,-1.372402828921407E+002,
6.596285434995112E+009,-3.429628401030443E+001,-1.550959705687158E+002,
6.600195503421310E+009,-3.467665795850189E+001,-1.711459102472511E+002,
6.604105571847508E+009,-3.484819028078375E+001,1.746834242344380E+002,
6.608015640273705E+009,-3.490455532157381E+001,1.586966102902481E+002,
6.611925708699902E+009,-3.516621187287559E+001,1.454327086644398E+002,
6.615835777126100E+009,-3.465815487082152E+001,1.350263357802720E+002,
6.619745845552298E+009,-3.348812278910533E+001,1.211039254643580E+002,
6.623655913978495E+009,-3.242163552718193E+001,1.011087617415223E+002,
6.627565982404692E+009,-3.185333357362567E+001,7.918553105806301E+001,
6.631476050830890E+009,-3.171094325530259E+001,5.804436727939713E+001,
6.635386119257088E+009,-3.152857269796041E+001,3.826813851083476E+001,
6.639296187683285E+009,-3.156618373559959E+001,1.713619095686691E+001,
6.643206256109482E+009,-3.193776612853447E+001,-3.338952302406448E+000,
6.647116324535679E+009,-3.243365850446887E+001,-2.044361367001372E+001,
6.651026392961877E+009,-3.242516312635018E+001,-3.815347467289301E+001,
6.654936461388075E+009,-3.297857356435071E+001,-5.511454925129885E+001,
6.658846529814272E+009,-3.321253675170266E+001,-6.752191193607800E+001,
6.662756598240469E+009,-3.259734241928624E+001,-7.995429431930585E+001,
6.666666666666666E+009,-3.166572142289638E+001,-9.660699620512072E+001,
6.670576735092864E+009,-3.086761984056967E+001,-1.172622134821843E+002,
6.674486803519062E+009,-3.068562605327495E+001,-1.391305402635209E+002,
6.678396871945259E+009,-3.061780164389275E+001,-1.605040892225520E+002,
6.682306940371456E+009,-3.072178533134267E+001,1.788329858792593E+002,
6.686217008797654E+009,-3.099039887872049E+001,1.576728323914905E+002,
6.690127077223852E+009,-3.176725003843112E+001,1.388194814996758E+002,
6.694037145650049E+009,-3.217305470400979E+001,1.226712964746611E+002,
6.697947214076246E+009,-3.254886041347534E+001,1.073393314140034E+002,
6.701857282502443E+009,-3.271669188718170E+001,9.388679099729811E+001,
6.705767350928641E+009,-3.210083507106891E+001,8.034989938696762E+001,
6.709677419354839E+009,-3.136839112554998E+001,6.224261876180712E+001,
6.713587487781036E+009,-3.087117032667337E+001,4.147466645762937E+001,
6.717497556207233E+009,-3.061106351138576E+001,1.876204296648777E+001,
6.721407624633431E+009,-3.105209177934988E+001,-3.717801450967915E+000,
6.725317693059629E+009,-3.184989308083839E+001,-2.383540643077437E+001,
6.729227761485827E+009,-3.256804477885360E+001,-3.938877927641268E+001,
6.733137829912024E+009,-3.299426725927975E+001,-5.436796426061192E+001,
6.737047898338221E+009,-3.332274252914722E+001,-6.870631320531304E+001,
6.740957966764419E+009,-3.324849903673483E+001,-8.291900252652471E+001,
6.744868035190616E+009,-3.321203523638279E+001,-9.675097434063237E+001,
6.748778103616814E+009,-3.284616533260542E+001,-1.110191967738175E+002,
6.752688172043011E+009,-3.216043093565973E+001,-1.261601695499360E+002,
6.756598240469208E+009,-3.143225803568469E+001,-1.451797701783142E+002,
6.760508308895406E+009,-3.107407511025823E+001,-1.663302268035438E+002,
6.764418377321604E+009,-3.111281809487446E+001,1.717787394836039E+002,
6.768328445747801E+009,-3.166913225699313E+001,1.517180082574471E+002,
6.772238514173998E+009,-3.218237833758547E+001,1.351977124331634E+002,
6.776148582600195E+009,-3.259733740141670E+001,1.194191656399775E+002,
6.780058651026393E+009,-3.282179184664339E+001,1.053812878291231E+002,
6.783968719452591E+009,-3.286793135842925E+001,9.278849651588016E+001,
6.787878787878788E+009,-3.239077115547943E+001,7.974212300216331E+001,
6.791788856304985E+009,-3.154029531003690E+001,6.510315691393761E+001,
6.795698924731183E+009,-3.062269538583245E+001,4.641432241761977E+001,
6.799608993157380E+009,-3.011056169077158E+001,2.638351705232290E+001,
6.803519061583578E+009,-2.978940933305528E+001,5.100775657029485E+000,
6.807429130009775E+009,-2.990562082052087E+001,-1.624563891204670E+001,
6.811339198435972E+009,-3.027595071673948E+001,-3.449637955732940E+001,
6.815249266862170E+009,-3.041290776073021E+001,-5.142350420598113E+001,
6.819159335288368E+009,-3.047840120262336E+001,-6.714015745427562E+001,
6.823069403714565E+009,-3.024902771730405E+001,-8.219148379407535E+001,
6.826979472140762E+009,-2.976041043256893E+001,-1.001030326949072E+002,
6.830889540566959E+009,-2.960180703648988E+001,-1.178071272267427E+002,
6.834799608993157E+009,-2.892800535835001E+001,-1.357899374087239E+002,
6.838709677419355E+009,-2.863663590748430E+001,-1.563099757125909E+002,
6.842619745845552E+009,-2.839830472026143E+001,-1.764742454919081E+002,
6.846529814271750E+009,-2.841148449642152E+001,1.629280377558301E+002,
6.850439882697948E+009,-2.838042111059484E+001,1.439934513955560E+002,
6.854349951124145E+009,-2.850392216211248E+001,1.251299507906549E+002,
6.858260019550343E+009,-2.845893014634273E+001,1.050779517855148E+002,
6.862170087976540E+009,-2.851997555087700E+001,8.749561866205312E+001,
6.866080156402737E+009,-2.869905295509364E+001,7.003243944039676E+001,
6.869990224828935E+009,-2.862603578805617E+001,5.363549273275137E+001,
6.873900293255133E+009,-2.827608281849651E+001,3.511036924337566E+001,
6.877810361681330E+009,-2.787287138345080E+001,1.441661535709718E+001,
6.881720430107527E+009,-2.771451412841023E+001,-5.995313066252527E+000,
6.885630498533724E+009,-2.759722185337430E+001,-2.677163697947259E+001,
6.889540566959922E+009,-2.780371623831734E+001,-4.664945273831228E+001,
6.893450635386120E+009,-2.772276546802410E+001,-6.739871195254646E+001,
6.897360703812317E+009,-2.794207687426088E+001,-8.888177172871568E+001,
6.901270772238514E+009,-2.817704197874628E+001,-1.069778940304227E+002,
6.905180840664711E+009,-2.853319310297351E+001,-1.267524142475655E+002,
6.909090909090909E+009,-2.890989773016678E+001,-1.460506062642280E+002,
6.913000977517107E+009,-2.920301137569686E+001,-1.644330265980401E+002,
6.916911045943304E+009,-2.939347201087757E+001,-1.792460155465321E+002,
6.920821114369501E+009,-2.913345180142226E+001,1.622676638151978E+002,
6.924731182795699E+009,-2.897866764659648E+001,1.435120645661552E+002,
6.928641251221897E+009,-2.880893851867839E+001,1.240066495589206E+002,
6.932551319648094E+009,-2.870908486562805E+001,1.042186871854817E+002,
6.936461388074291E+009,-2.886142868103263E+001,8.369232525929212E+001,
6.940371456500488E+009,-2.923612411970799E+001,6.386876846119414E+001,
6.944281524926686E+009,-2.933163528319928E+001,4.377058334714312E+001,
6.948191593352884E+009,-2.956737855602218E+001,2.476830302229559E+001,
6.952101661779081E+009,-2.991935016230605E+001,5.613339778044774E+000,
6.956011730205278E+009,-3.042515960425339E+001,-1.273734264822922E+001,
6.959921798631475E+009,-3.067980905943717E+001,-2.951178285528779E+001,
6.963831867057674E+009,-3.071558320446462E+001,-4.493428852960613E+001,
6.967741935483872E+009,-3.037672367874510E+001,-6.362933025261430E+001,
6.971652003910069E+009,-3.020141634275433E+001,-8.378949618269760E+001,
6.975562072336266E+009,-3.034795156290602E+001,-1.032172450806731E+002,
6.979472140762464E+009,-3.047005865784162E+001,-1.231105800693264E+002,
6.983382209188661E+009,-3.039593489656499E+001,-1.430738191513443E+002,
6.987292277614859E+009,-3.048121403333958E+001,-1.630873695418977E+002,
6.991202346041056E+009,-3.038344791881412E+001,1.773361232497894E+002,
6.995112414467253E+009,-3.054255540270000E+001,1.567343801797387E+002,
6.999022482893451E+009,-3.100864752110976E+001,1.358064050596751E+002,
7.002932551319649E+009,-3.121273004706465E+001,1.176533012907916E+002,
7.006842619745846E+009,-3.117623339835571E+001,9.966838020572119E+001,
7.010752688172043E+009,-3.103541601291682E+001,8.002688509355417E+001,
7.014662756598240E+009,-3.126913436605496E+001,5.838798414507553E+001,
7.018572825024438E+009,-3.160123920762992E+001,3.763120927204318E+001,
7.022482893450636E+009,-3.178159798263732E+001,1.919620981712368E+001,
7.026392961876833E+009,-3.185928477317500E+001,-3.272400168533468E-001,
7.030303030303030E+009,-3.174436525050088E+001,-2.152517632974642E+001,
7.034213098729228E+009,-3.170722360967190E+001,-4.127561298891793E+001,
7.038123167155425E+009,-3.202044517000667E+001,-6.262529931760156E+001,
7.042033235581623E+009,-3.246569207080191E+001,-8.320707125166931E+001,
7.045943304007820E+009,-3.245667281703761E+001,-1.024614756266182E+002,
7.049853372434017E+009,-3.250930270065814E+001,-1.219147241802133E+002,
7.053763440860215E+009,-3.237228174864460E+001,-1.420313630555373E+002,
7.057673509286413E+009,-3.223296730153339E+001,-1.640862869409043E+002,
7.061583577712610E+009,-3.249773327425815E+001,1.732649194076404E+002,
7.065493646138807E+009,-3.283947606582915E+001,1.530236201351055E+002,
7.069403714565004E+009,-3.293307361123124E+001,1.351056919158929E+002,
7.073313782991202E+009,-3.252887805525783E+001,1.140201007427358E+002,
7.077223851417400E+009,-3.259636657223324E+001,9.111160744875924E+001,
7.081133919843597E+009,-3.283376037783220E+001,7.003500108876536E+001,
7.085043988269795E+009,-3.290768743788792E+001,5.049627618623168E+001,
7.088954056695993E+009,-3.278094432498217E+001,3.078944178069584E+001,
7.092864125122190E+009,-3.241244708794683E+001,9.806091522266149E+000,
7.096774193548388E+009,-3.229167823920563E+001,-1.235837578879981E+001,
7.100684261974585E+009,-3.204081150501447E+001,-3.445034787183550E+001,
7.104594330400782E+009,-3.200758677774213E+001,-5.755952818326263E+001,
7.108504398826980E+009,-3.204285778154640E+001,-7.949876093479240E+001,
7.112414467253178E+009,-3.205145070508938E+001,-1.026615336112553E+002,
7.116324535679375E+009,-3.224491832181401E+001,-1.249219680233146E+002,
7.120234604105572E+009,-3.250710374678318E+001,-1.457483280585247E+002,
7.124144672531769E+009,-3.245102455657899E+001,-1.664543324024673E+002,
7.128054740957967E+009,-3.261154546569850E+001,1.725596089283442E+002,
7.131964809384165E+009,-3.260585819217722E+001,1.522104650306929E+002,
7.135874877810362E+009,-3.274729776013058E+001,1.306920733417207E+002,
7.139784946236559E+009,-3.314268881580521E+001,1.124604637355085E+002,
7.143695014662756E+009,-3.297828832408871E+001,9.426519256330433E+001,
7.147605083088954E+009,-3.288254032363325E+001,7.441401812878232E+001,
7.151515151515152E+009,-3.281998392816775E+001,5.555386074172515E+001,
7.155425219941349E+009,-3.246283213048440E+001,3.623734778022978E+001,
7.159335288367546E+009,-3.223112411655055E+001,1.516012349400766E+001,
7.163245356793744E+009,-3.214022117109033E+001,-5.896850178416847E+000,
7.167155425219942E+009,-3.217119177010122E+001,-2.640329216047041E+001,
7.171065493646139E+009,-3.218894238619564E+001,-4.635246149117290E+001,
7.174975562072336E+009,-3.231402924505644E+001,-6.707838727559830E+001,
7.178885630498533E+009,-3.256770206958706E+001,-8.643627954601951E+001,
7.182795698924731E+009,-3.280961034379087E+001,-1.043025561162550E+002,
7.186705767350929E+009,-3.268768868527780E+001,-1.208472403869538E+002,
7.190615835777126E+009,-3.236840961839963E+001,-1.389109029532252E+002,
7.194525904203323E+009,-3.210849173328569E+001,-1.579394629937610E+002,
7.198435972629520E+009,-3.186907120273888E+001,-1.772032159399457E+002,
7.202346041055718E+009,-3.171055997668432E+001,1.628354473359552E+002,
7.206256109481916E+009,-3.168285104702130E+001,1.421718794977481E+002,
7.210166177908114E+009,-3.178814228606218E+001,1.233888119464844E+002,
7.214076246334311E+009,-3.186259233940186E+001,1.049709735417675E+002,
7.217986314760509E+009,-3.180443383019316E+001,8.652936914865917E+001,
7.221896383186706E+009,-3.164057771925439E+001,6.857030795280316E+001,
7.225806451612904E+009,-3.147050649829208E+001,4.948317938802444E+001,
7.229716520039101E+009,-3.139634612157946E+001,2.971571617138585E+001,
7.233626588465298E+009,-3.141403703094750E+001,1.014470341673092E+001,
7.237536656891496E+009,-3.152170404518077E+001,-8.567447418261867E+000,
7.241446725317694E+009,-3.161865347273166E+001,-2.656128144051046E+001,
7.245356793743891E+009,-3.161406287012842E+001,-4.395944887957334E+001,
7.249266862170088E+009,-3.149801801083150E+001,-6.202588104081311E+001,
7.253176930596285E+009,-3.148577224849776E+001,-8.008558186679964E+001,
7.257086999022483E+009,-3.141694896370379E+001,-9.772161624120692E+001,
7.260997067448681E+009,-3.123343634769687E+001,-1.153606977642423E+002,
7.264907135874878E+009,-3.102795186290133E+001,-1.340733912750692E+002,
7.268817204301075E+009,-3.088676500269401E+001,-1.535428840421602E+002,
7.272727272727273E+009,-3.086855990053178E+001,-1.725230692518817E+002,
7.276637341153470E+009,-3.102696584122592E+001,1.680731365385888E+002,
7.280547409579668E+009,-3.110888036247438E+001,1.501164577207601E+002,
7.284457478005865E+009,-3.131284155763122E+001,1.324752047441976E+002,
7.288367546432062E+009,-3.133846561902086E+001,1.155923038006421E+002,
7.292277614858260E+009,-3.134690307948288E+001,9.926431604604093E+001,
7.296187683284458E+009,-3.105820514971702E+001,8.297833966546465E+001,
7.300097751710655E+009,-3.072262006786975E+001,6.497406624176266E+001,
7.304007820136852E+009,-3.052311381001402E+001,4.605798987566013E+001,
7.307917888563049E+009,-3.053138811598366E+001,2.716619116582059E+001,
7.311827956989247E+009,-3.058049496974315E+001,9.456559114546174E+000,
7.315738025415445E+009,-3.043175169102497E+001,-9.167716888269307E+000,
7.319648093841642E+009,-3.049518189228261E+001,-2.781723013779880E+001,
7.323558162267839E+009,-3.043642647526799E+001,-4.542544901904964E+001,
7.327468230694037E+009,-3.033357234106829E+001,-6.364183876574859E+001,
7.331378299120235E+009,-3.025265756709121E+001,-8.231236369564321E+001,
7.335288367546433E+009,-3.037978410822192E+001,-1.003846218202198E+002,
7.339198435972630E+009,-3.043987742520168E+001,-1.166326161321710E+002,
7.343108504398827E+009,-3.018713444881067E+001,-1.334477071555762E+002,
7.347018572825025E+009,-2.978010039391949E+001,-1.517738419269421E+002,
7.350928641251223E+009,-2.961165563483209E+001,-1.716392380478366E+002,
7.354838709677420E+009,-2.967697536373624E+001,1.690641720764081E+002,
7.358748778103617E+009,-2.971204443172211E+001,1.507622798100374E+002,
7.362658846529814E+009,-2.978502164994341E+001,1.321434035197028E+002,
7.366568914956012E+009,-2.984122831063172E+001,1.136826675671942E+002,
7.370478983382210E+009,-2.995885159136074E+001,9.580912193348829E+001,
7.374389051808407E+009,-2.995363540349982E+001,7.837783931177106E+001,
7.378299120234604E+009,-2.998099759603889E+001,6.075366429539539E+001,
7.382209188660801E+009,-3.011538493390281E+001,4.331602339251015E+001,
7.386119257086999E+009,-3.006852506740122E+001,2.694518303049480E+001,
7.390029325513197E+009,-2.980973793115618E+001,9.536217325690336E+000,
7.393939393939394E+009,-2.962280014358090E+001,-8.764250558967136E+000,
7.397849462365591E+009,-2.950331684659656E+001,-2.691468354963751E+001,
7.401759530791789E+009,-2.925318451441018E+001,-4.538279116266282E+001,
7.405669599217987E+009,-2.913879171055340E+001,-6.578394507183791E+001,
7.409579667644184E+009,-2.928365970500935E+001,-8.590327505375323E+001,
7.413489736070381E+009,-2.953565714062552E+001,-1.040040361582795E+002,
7.417399804496578E+009,-2.951968352249360E+001,-1.221361547002401E+002,
7.421309872922776E+009,-2.978207055960231E+001,-1.406284354595379E+002,
7.425219941348974E+009,-3.023104952446246E+001,-1.571840539879298E+002,
7.429130009775171E+009,-3.000238104065525E+001,-1.728132067681584E+002,
7.433040078201368E+009,-2.983380501762953E+001,1.707224800808254E+002,
7.436950146627565E+009,-2.936750794198220E+001,1.526884065811239E+002,
7.440860215053763E+009,-2.914812957361250E+001,1.322242932045023E+002,
7.444770283479961E+009,-2.905006330649002E+001,1.114607853571682E+002,
7.448680351906158E+009,-2.932274795319920E+001,8.997894742687801E+001,
7.452590420332356E+009,-2.987172503155042E+001,6.972272548604714E+001,
7.456500488758554E+009,-3.055276071913340E+001,5.208690300278690E+001,
7.460410557184751E+009,-3.080508697414033E+001,3.717189099631430E+001,
7.464320625610949E+009,-3.097216623820621E+001,1.934596033115114E+001,
7.468230694037146E+009,-3.152485912596194E+001,2.442783443488844E+000,
7.472140762463343E+009,-3.146072306929609E+001,-1.072346574426761E+001,
7.476050830889541E+009,-3.110374374714425E+001,-2.654270298737070E+001,
7.479960899315739E+009,-3.075146735657498E+001,-4.323194587113427E+001,
7.483870967741936E+009,-3.042281452337720E+001,-6.136035365190129E+001,
7.487781036168133E+009,-3.039980933800841E+001,-7.997464630676596E+001,
7.491691104594330E+009,-3.027487942712380E+001,-1.005283139682520E+002,
7.495601173020528E+009,-3.072831220614620E+001,-1.195272031838181E+002,
7.499511241446726E+009,-3.122005835693386E+001,-1.354888792434210E+002,
7.503421309872923E+009,-3.126887435828991E+001,-1.516240033054456E+002,
7.507331378299120E+009,-3.131034110583214E+001,-1.685373933424146E+002,
7.511241446725318E+009,-3.163080849072852E+001,1.754306746896436E+002,
7.515151515151515E+009,-3.171370411844738E+001,1.614610648522657E+002,
7.519061583577713E+009,-3.110821477611895E+001,1.457337474703995E+002,
7.522971652003910E+009,-3.042140491924217E+001,1.262491617175179E+002,
7.526881720430107E+009,-3.006670662819234E+001,1.052299277333389E+002,
7.530791788856305E+009,-2.994159943385889E+001,8.638005703233968E+001,
7.534701857282503E+009,-3.031402492769406E+001,6.733018705373040E+001,
7.538611925708700E+009,-3.044893934922305E+001,4.947519301001553E+001,
7.542521994134897E+009,-3.053248394938490E+001,3.408973995017842E+001,
7.546432062561094E+009,-3.025797756247384E+001,1.724615333646525E+001,
7.550342130987292E+009,-3.014675650490270E+001,-2.111399332630362E+000,
7.554252199413490E+009,-3.007398253177847E+001,-1.962947267254437E+001,
7.558162267839687E+009,-3.015343543346157E+001,-3.741770860780014E+001,
7.562072336265884E+009,-2.967736048710360E+001,-5.485423205221990E+001,
7.565982404692082E+009,-2.912072757850051E+001,-7.545639842663832E+001,
7.569892473118280E+009,-2.912112469594471E+001,-9.712225518087216E+001,
7.573802541544478E+009,-2.942636189516005E+001,-1.163230629180180E+002,
7.577712609970675E+009,-2.955642709343115E+001,-1.349835065514997E+002,
7.581622678396872E+009,-2.985272771524167E+001,-1.543101536661751E+002,
7.585532746823070E+009,-3.019761522847953E+001,-1.723204586491059E+002,
7.589442815249268E+009,-3.030559839297918E+001,1.716243998893278E+002,
7.593352883675465E+009,-3.017012931207093E+001,1.537585908008431E+002,
7.597262952101662E+009,-2.992393930938804E+001,1.358646995131187E+002,
7.601173020527859E+009,-2.976425273817828E+001,1.192981742888096E+002,
7.605083088954057E+009,-2.966879333618896E+001,1.000519312490501E+002,
7.608993157380255E+009,-2.930713921131819E+001,8.029660335178224E+001,
7.612903225806452E+009,-2.913782667241108E+001,5.785883019865594E+001,
7.616813294232649E+009,-2.936051112938590E+001,3.655151684226750E+001,
7.620723362658846E+009,-2.957697774198234E+001,1.460277407788210E+001,
7.624633431085044E+009,-3.037116648614948E+001,-4.185602097925150E+000,
7.628543499511242E+009,-3.085453283738517E+001,-2.057666746168777E+001,
7.632453567937439E+009,-3.079474844937586E+001,-3.756983089444425E+001,
7.636363636363636E+009,-3.096979863816000E+001,-5.413168178099383E+001,
7.640273704789834E+009,-3.089462797523368E+001,-7.010953281011628E+001,
7.644183773216032E+009,-3.099949040596648E+001,-9.011312748637452E+001,
7.648093841642229E+009,-3.062204087090371E+001,-1.062237478525574E+002,
7.652003910068426E+009,-3.036436841397777E+001,-1.269853406520770E+002,
7.655913978494623E+009,-3.041680031715492E+001,-1.472985202701713E+002,
7.659824046920821E+009,-3.037718539072862E+001,-1.660947133067792E+002,
7.663734115347019E+009,-3.052805303438975E+001,1.729374614912359E+002,
7.667644183773216E+009,-3.072891595329137E+001,1.527943964207440E+002,
7.671554252199413E+009,-3.128416649603890E+001,1.338989053252398E+002,
7.675464320625610E+009,-3.174074761885386E+001,1.167109061644620E+002,
7.679374389051808E+009,-3.146544613273580E+001,9.966567652252802E+001,
7.683284457478006E+009,-3.158137952623505E+001,7.930797938760163E+001,
7.687194525904203E+009,-3.203887077644602E+001,6.164589292304851E+001,
7.691104594330401E+009,-3.212959527376948E+001,4.544432489742771E+001,
7.695014662756599E+009,-3.185063221566086E+001,2.762789076338594E+001,
7.698924731182797E+009,-3.167155137642896E+001,7.458093246990161E+000,
7.702834799608994E+009,-3.174886014799612E+001,-1.340187734013764E+001,
7.706744868035191E+009,-3.208819165142317E+001,-3.423008397924020E+001,
7.710654936461388E+009,-3.257516066843817E+001,-5.176324127211092E+001,
7.714565004887586E+009,-3.282723657672926E+001,-6.828536203300720E+001,
7.718475073313784E+009,-3.282483954482282E+001,-8.395578275169319E+001,
7.722385141739981E+009,-3.248699962136156E+001,-1.010613929869712E+002,
7.726295210166178E+009,-3.213212442285603E+001,-1.203584355741409E+002,
7.730205278592375E+009,-3.190803260697184E+001,-1.406928611184636E+002,
7.734115347018573E+009,-3.184208190220178E+001,-1.610375024315197E+002,
7.738025415444771E+009,-3.177043014602548E+001,1.781810486446730E+002,
7.741935483870968E+009,-3.195039057335190E+001,1.567418138555460E+002,
7.745845552297165E+009,-3.218565266151163E+001,1.373877370666770E+002,
7.749755620723363E+009,-3.229565756072009E+001,1.176894679265393E+002,
7.753665689149560E+009,-3.256723230822581E+001,9.890167904027479E+001,
7.757575757575758E+009,-3.265557699598023E+001,8.105818539012508E+001,
7.761485826001955E+009,-3.255253146257715E+001,6.285461741714328E+001,
7.765395894428152E+009,-3.228938667086073E+001,4.437192460157685E+001,
7.769305962854350E+009,-3.202633545977881E+001,2.461006955954798E+001,
7.773216031280548E+009,-3.171017018834394E+001,4.521866842959616E+000,
7.777126099706745E+009,-3.136289764280730E+001,-1.713658900062940E+001,
7.781036168132942E+009,-3.111749634866030E+001,-4.068683116936715E+001,
7.784946236559139E+009,-3.131038170412133E+001,-6.409348220730520E+001,
7.788856304985337E+009,-3.168284303494837E+001,-8.633744964915933E+001,
7.792766373411535E+009,-3.205482600636716E+001,-1.075292366210007E+002,
7.796676441837732E+009,-3.252145084174346E+001,-1.279868334691437E+002,
7.800586510263929E+009,-3.284209050141095E+001,-1.468792699156929E+002,
7.804496578690127E+009,-3.322395007033603E+001,-1.652863530525242E+002,
7.808406647116324E+009,-3.325314171991956E+001,1.788303248311524E+002,
7.812316715542522E+009,-3.298813189550472E+001,1.604601557682795E+002,
7.816226783968720E+009,-3.266331430344788E+001,1.423275478502936E+002,
7.820136852394917E+009,-3.195275952101375E+001,1.214353927723857E+002,
7.824046920821115E+009,-3.152353033816038E+001,9.798563183264751E+001,
7.827956989247313E+009,-3.146307053955075E+001,7.355749460546517E+001,
7.831867057673510E+009,-3.180130575173363E+001,4.992792069289639E+001,
7.835777126099707E+009,-3.239937015450219E+001,2.848853966993309E+001,
7.839687194525904E+009,-3.267766686553691E+001,1.008782783942166E+001,
7.843597262952102E+009,-3.263690754379591E+001,-9.311475260650084E+000,
7.847507331378300E+009,-3.282832799805124E+001,-2.962962037733960E+001,
7.851417399804497E+009,-3.301322653807522E+001,-4.792248783396890E+001,
7.855327468230694E+009,-3.285525452880714E+001,-6.548197126204587E+001,
7.859237536656891E+009,-3.265181394899287E+001,-8.536594259825741E+001,
7.863147605083089E+009,-3.227223129355369E+001,-1.050191472153884E+002,
7.867057673509287E+009,-3.195905816681646E+001,-1.273517871560563E+002,
7.870967741935484E+009,-3.199459074644013E+001,-1.496563896239449E+002,
7.874877810361681E+009,-3.224063130369724E+001,-1.711387493326171E+002,
7.878787878787879E+009,-3.258776714428949E+001,1.687717741691027E+002,
7.882697947214077E+009,-3.282751687911162E+001,1.489530351095270E+002,
7.886608015640274E+009,-3.318912546926947E+001,1.311961655253062E+002,
7.890518084066471E+009,-3.323804798657861E+001,1.148039302983683E+002,
7.894428152492668E+009,-3.295714375644120E+001,9.737098797298604E+001,
7.898338220918866E+009,-3.266196512979968E+001,7.948677692873393E+001,
7.902248289345064E+009,-3.231307861381117E+001,6.149152207289698E+001,
7.906158357771261E+009,-3.174527339849681E+001,4.129194881357413E+001,
7.910068426197458E+009,-3.137993632295235E+001,1.976983500785777E+001,
7.913978494623655E+009,-3.119461279363470E+001,-2.314369420113800E+000,
7.917888563049853E+009,-3.128088088973355E+001,-2.412858806941856E+001,
7.921798631476051E+009,-3.147186181230397E+001,-4.506288090544332E+001,
7.925708699902248E+009,-3.178966949722789E+001,-6.506610190241929E+001,
7.929618768328445E+009,-3.208398538292117E+001,-8.266277743801247E+001,
7.933528836754643E+009,-3.207904674094675E+001,-9.974336001523224E+001,
7.937438905180841E+009,-3.192144542559984E+001,-1.179159345767905E+002,
7.941348973607039E+009,-3.188698380753415E+001,-1.367461622242313E+002,
7.945259042033236E+009,-3.177648081025599E+001,-1.541102949089151E+002,
7.949169110459433E+009,-3.142621285988391E+001,-1.720367390745059E+002,
7.953079178885631E+009,-3.104038257433091E+001,1.681372090153254E+002,
7.956989247311829E+009,-3.073457656966731E+001,1.475500996032421E+002,
7.960899315738026E+009,-3.067898942074301E+001,1.260764729304651E+002,
7.964809384164223E+009,-3.083185042795926E+001,1.046942394642954E+002,
7.968719452590420E+009,-3.115920392234439E+001,8.417859514125637E+001,
7.972629521016618E+009,-3.161341385429646E+001,6.593101430486438E+001,
7.976539589442816E+009,-3.187367546320313E+001,4.976510868278113E+001,
7.980449657869013E+009,-3.185344444190641E+001,3.381192661219861E+001,
7.984359726295210E+009,-3.172647632427877E+001,1.722407485948737E+001,
7.988269794721408E+009,-3.144980131297261E+001,5.890024083967020E-001,
7.992179863147605E+009,-3.082846897398020E+001,-1.650822029314668E+001,
7.996089931573803E+009,-3.025993499383761E+001,-3.746095365466470E+001,
8.000000000000000E+009,-3.015332275169905E+001,-5.906092961559108E+001,
