% Version 1.00
%
%freq[Hz];db:Trc1_S21;ang:Trc1_S21;
4.000000000000000E+009,-2.976398072816244E+001,-1.772087026926688E+002,
4.003910068426198E+009,-3.033896689898928E+001,1.632048007647565E+002,
4.007820136852395E+009,-3.095452681621191E+001,1.438779919349611E+002,
4.011730205278593E+009,-3.165340366396966E+001,1.242895295457799E+002,
4.015640273704790E+009,-3.170897571794006E+001,1.115048460565290E+002,
4.019550342130987E+009,-3.115999746574673E+001,8.832403553295870E+001,
4.023460410557185E+009,-3.088449245250656E+001,6.385999712088351E+001,
4.027370478983382E+009,-3.088105898152095E+001,3.361853471211027E+001,
4.031280547409580E+009,-3.142661826370929E+001,5.554129874769770E+000,
4.035190615835777E+009,-3.259364528271888E+001,-2.067205601785932E+001,
4.039100684261975E+009,-3.361883962245318E+001,-4.305579306463340E+001,
4.043010752688172E+009,-3.369495102299550E+001,-6.326223290129314E+001,
4.046920821114369E+009,-3.366162706122771E+001,-8.707762709373790E+001,
4.050830889540567E+009,-3.351602562172728E+001,-1.098560834296589E+002,
4.054740957966765E+009,-3.318392478725183E+001,-1.357889873596893E+002,
4.058651026392962E+009,-3.344456130833797E+001,-1.593660296525817E+002,
4.062561094819160E+009,-3.274904318902123E+001,1.793251586782493E+002,
4.066471163245357E+009,-3.210677925010180E+001,1.534046061852866E+002,
4.070381231671554E+009,-3.197541176949788E+001,1.295617089898161E+002,
4.074291300097752E+009,-3.140100537566622E+001,1.072133631028128E+002,
4.078201368523949E+009,-3.105538002825567E+001,8.286329442224856E+001,
4.082111436950147E+009,-3.084404160711256E+001,6.145312045795384E+001,
4.086021505376344E+009,-3.043711857555594E+001,3.925186461360345E+001,
4.089931573802542E+009,-3.014760723382155E+001,1.737553405290513E+001,
4.093841642228739E+009,-2.956775575343490E+001,-5.564680568487044E+000,
4.097751710654936E+009,-2.965279088024074E+001,-2.693549905285497E+001,
4.101661779081134E+009,-2.956891595598616E+001,-4.558633299908524E+001,
4.105571847507331E+009,-2.896345289017099E+001,-6.582220569367817E+001,
4.109481915933529E+009,-2.869357112491609E+001,-8.837939983813254E+001,
4.113391984359726E+009,-2.852062976941081E+001,-1.087266662922065E+002,
4.117302052785924E+009,-2.842617102052062E+001,-1.294853440542621E+002,
4.121212121212121E+009,-2.839080383056935E+001,-1.512250949779454E+002,
4.125122189638319E+009,-2.836041828728525E+001,-1.701294031704923E+002,
4.129032258064516E+009,-2.828136714925787E+001,1.679898606837980E+002,
4.132942326490714E+009,-2.880588746997800E+001,1.487318466200479E+002,
4.136852394916911E+009,-2.876840719227915E+001,1.304507565126222E+002,
4.140762463343109E+009,-2.938235487436506E+001,1.114466017499053E+002,
4.144672531769306E+009,-2.975706242940247E+001,9.608010186765796E+001,
4.148582600195503E+009,-2.942521692770264E+001,8.407331252218566E+001,
4.152492668621701E+009,-2.887102880274491E+001,6.584870803626968E+001,
4.156402737047898E+009,-2.844413016471688E+001,4.652941502200802E+001,
4.160312805474096E+009,-2.837032935902005E+001,2.765718947721338E+001,
4.164222873900293E+009,-2.859309983583243E+001,8.850230816564904E+000,
4.168132942326491E+009,-2.858409226323001E+001,-8.015937853151723E+000,
4.172043010752688E+009,-2.867770590385496E+001,-2.409417036044656E+001,
4.175953079178886E+009,-2.827720667111625E+001,-3.942594930745280E+001,
4.179863147605083E+009,-2.781682787445625E+001,-5.716350310093849E+001,
4.183773216031281E+009,-2.750726582417877E+001,-7.541547635199619E+001,
4.187683284457478E+009,-2.735661278139813E+001,-9.462188388556602E+001,
4.191593352883676E+009,-2.696238545061232E+001,-1.132318181101797E+002,
4.195503421309873E+009,-2.686879127652359E+001,-1.310677084174701E+002,
4.199413489736071E+009,-2.651923867962321E+001,-1.500025289736735E+002,
4.203323558162268E+009,-2.632635937563664E+001,-1.696832527292195E+002,
4.207233626588465E+009,-2.637102457104108E+001,1.710133421467609E+002,
4.211143695014663E+009,-2.625539762126309E+001,1.526149139406942E+002,
4.215053763440860E+009,-2.629223863700627E+001,1.326402160498319E+002,
4.218963831867058E+009,-2.660445557502738E+001,1.139164483025885E+002,
4.222873900293255E+009,-2.671551852713825E+001,9.612655377008623E+001,
4.226783968719452E+009,-2.681938361809306E+001,7.731906661698635E+001,
4.230694037145650E+009,-2.681232951320103E+001,5.852581592883328E+001,
4.234604105571847E+009,-2.689295901546659E+001,4.006339994938084E+001,
4.238514173998045E+009,-2.722219974571043E+001,2.439232132442020E+001,
4.242424242424243E+009,-2.711200961260999E+001,6.750459493440312E+000,
4.246334310850440E+009,-2.704292794559505E+001,-1.311565589076112E+001,
4.250244379276638E+009,-2.746216401469988E+001,-3.073735644139729E+001,
4.254154447702835E+009,-2.746992995629386E+001,-4.765156265388873E+001,
4.258064516129032E+009,-2.744288082579011E+001,-6.604548769287611E+001,
4.261974584555230E+009,-2.746876076892119E+001,-8.690450926175856E+001,
4.265884652981427E+009,-2.840398035918084E+001,-1.047031390413654E+002,
4.269794721407625E+009,-2.900502703996697E+001,-1.178708389261800E+002,
4.273704789833822E+009,-2.897562262416924E+001,-1.313025432705097E+002,
4.277614858260019E+009,-2.906034521606809E+001,-1.470383443709288E+002,
4.281524926686217E+009,-2.892823207700119E+001,-1.606530420433975E+002,
4.285434995112414E+009,-2.878524185195929E+001,-1.764108605880678E+002,
4.289345063538612E+009,-2.871981754289319E+001,1.676029128035872E+002,
4.293255131964809E+009,-2.847001779808246E+001,1.512562274701993E+002,
4.297165200391007E+009,-2.823518387953921E+001,1.343791605330922E+002,
4.301075268817205E+009,-2.816965869510122E+001,1.176856855057237E+002,
4.304985337243402E+009,-2.798836295442106E+001,1.024751298291135E+002,
4.308895405669600E+009,-2.766261574552202E+001,8.393124965287633E+001,
4.312805474095797E+009,-2.757660665224005E+001,6.691762632312857E+001,
4.316715542521994E+009,-2.765227384633208E+001,5.021127521899440E+001,
4.320625610948192E+009,-2.760286393836524E+001,3.393259722189598E+001,
4.324535679374389E+009,-2.731989564998553E+001,1.904238358112222E+001,
4.328445747800587E+009,-2.671177773636779E+001,2.241839101664571E+000,
4.332355816226784E+009,-2.656791320879602E+001,-1.747187183756136E+001,
4.336265884652982E+009,-2.636746022134568E+001,-3.544779453031453E+001,
4.340175953079179E+009,-2.648775883959107E+001,-5.418714715742665E+001,
4.344086021505377E+009,-2.660714321467538E+001,-7.008987871972308E+001,
4.347996089931574E+009,-2.636489564776650E+001,-8.525117588558847E+001,
4.351906158357771E+009,-2.587464859134140E+001,-1.023486070254136E+002,
4.355816226783969E+009,-2.539325997886873E+001,-1.211010686770925E+002,
4.359726295210166E+009,-2.514823268396104E+001,-1.407028846071201E+002,
4.363636363636364E+009,-2.524688244746270E+001,-1.602042780356200E+002,
4.367546432062561E+009,-2.516831890830812E+001,-1.766664249447214E+002,
4.371456500488758E+009,-2.483569764361489E+001,1.655842370830131E+002,
4.375366568914956E+009,-2.484219464262658E+001,1.464067042664772E+002,
4.379276637341153E+009,-2.476311265392560E+001,1.284341281493379E+002,
4.383186705767351E+009,-2.457092452580426E+001,1.098703993348109E+002,
4.387096774193548E+009,-2.457142880231527E+001,9.152222944238493E+001,
4.391006842619746E+009,-2.447669170220251E+001,7.430575242336808E+001,
4.394916911045943E+009,-2.416827334316050E+001,5.692185119592602E+001,
4.398826979472141E+009,-2.382922757169530E+001,3.771137257509663E+001,
4.402737047898338E+009,-2.378250781010297E+001,1.732197142619446E+001,
4.406647116324535E+009,-2.393970630062455E+001,-3.288136875432589E+000,
4.410557184750733E+009,-2.419217358185083E+001,-2.051375035835600E+001,
4.414467253176930E+009,-2.399255254778443E+001,-3.697955486776843E+001,
4.418377321603128E+009,-2.392049477158453E+001,-5.643800135788541E+001,
4.422287390029326E+009,-2.406466521762008E+001,-7.389526093111586E+001,
4.426197458455523E+009,-2.419719150406124E+001,-9.149012843249875E+001,
4.430107526881721E+009,-2.419752080030089E+001,-1.070169480136294E+002,
4.434017595307918E+009,-2.379411402941530E+001,-1.236554793051521E+002,
4.437927663734116E+009,-2.349163575205745E+001,-1.427200741510322E+002,
4.441837732160313E+009,-2.338954234076754E+001,-1.608203999077915E+002,
4.445747800586511E+009,-2.315373579441386E+001,1.788421686915912E+002,
4.449657869012708E+009,-2.317584032131613E+001,1.598180423119880E+002,
4.453567937438905E+009,-2.318711164556446E+001,1.417260441474095E+002,
4.457478005865103E+009,-2.315681795610703E+001,1.240940967771967E+002,
4.461388074291300E+009,-2.312099392595264E+001,1.051866807072315E+002,
4.465298142717498E+009,-2.296437298419345E+001,8.655312948421090E+001,
4.469208211143695E+009,-2.292181534532088E+001,6.745428888018265E+001,
4.473118279569893E+009,-2.296193392710593E+001,4.943684142816726E+001,
4.477028347996090E+009,-2.292297723029325E+001,3.123525246108124E+001,
4.480938416422287E+009,-2.281790363841820E+001,1.260667637525808E+001,
4.484848484848485E+009,-2.283868590423012E+001,-6.528218842839306E+000,
4.488758553274682E+009,-2.295854098695036E+001,-2.489444747988483E+001,
4.492668621700880E+009,-2.302375323677221E+001,-4.292244937195013E+001,
4.496578690127077E+009,-2.299324163482083E+001,-6.116347109465686E+001,
4.500488758553275E+009,-2.289160724554282E+001,-7.896555388691652E+001,
4.504398826979472E+009,-2.271879937731773E+001,-9.689565189555469E+001,
4.508308895405669E+009,-2.262814511737965E+001,-1.156417159400323E+002,
4.512218963831867E+009,-2.283376198405376E+001,-1.342164518336978E+002,
4.516129032258064E+009,-2.281071364183615E+001,-1.523830793035317E+002,
4.520039100684262E+009,-2.275410511254827E+001,-1.705811589361011E+002,
4.523949169110459E+009,-2.273588747587555E+001,1.714078263533350E+002,
4.527859237536657E+009,-2.258393589673824E+001,1.531498727791264E+002,
4.531769305962854E+009,-2.245170669719997E+001,1.339207305275256E+002,
4.535679374389051E+009,-2.249913677604157E+001,1.148064136869420E+002,
4.539589442815249E+009,-2.255137915035326E+001,9.601335075985212E+001,
4.543499511241447E+009,-2.260553088829478E+001,7.621396403198361E+001,
4.547409579667645E+009,-2.284521675064650E+001,5.768792382604056E+001,
4.551319648093842E+009,-2.301576284313015E+001,3.967661681828161E+001,
4.555229716520039E+009,-2.307288153056396E+001,2.235798280152316E+001,
4.559139784946237E+009,-2.304775979042971E+001,3.825245711924219E+000,
4.563049853372434E+009,-2.320984652661007E+001,-1.525748193083903E+001,
4.566959921798632E+009,-2.340125772880509E+001,-3.276288192545195E+001,
4.570869990224829E+009,-2.340140555539117E+001,-4.997175192076282E+001,
4.574780058651027E+009,-2.322418112731408E+001,-6.747666548878635E+001,
4.578690127077224E+009,-2.319219665501925E+001,-8.667623579080461E+001,
4.582600195503422E+009,-2.330389002671087E+001,-1.053754568713408E+002,
4.586510263929619E+009,-2.346842858394370E+001,-1.231860666873793E+002,
4.590420332355816E+009,-2.351240796748292E+001,-1.402383528337208E+002,
4.594330400782014E+009,-2.349232724766242E+001,-1.580342525596714E+002,
4.598240469208211E+009,-2.353334157228127E+001,-1.753073857095783E+002,
4.602150537634409E+009,-2.344837615376590E+001,1.672959667275135E+002,
4.606060606060606E+009,-2.333567201384837E+001,1.495921705040794E+002,
4.609970674486803E+009,-2.320982368233651E+001,1.317702218578688E+002,
4.613880742913001E+009,-2.300096861081397E+001,1.136736600568858E+002,
4.617790811339198E+009,-2.289887704136073E+001,9.455465406896767E+001,
4.621700879765396E+009,-2.274100542353272E+001,7.558289234933531E+001,
4.625610948191593E+009,-2.277512209156690E+001,5.585570657873786E+001,
4.629521016617791E+009,-2.264772573679275E+001,3.821980327224522E+001,
4.633431085043988E+009,-2.253757542643103E+001,1.868804795452549E+001,
4.637341153470186E+009,-2.252952873117291E+001,-5.791635872151433E-001,
4.641251221896383E+009,-2.241343168249688E+001,-1.975777133670554E+001,
4.645161290322580E+009,-2.235405525530210E+001,-3.903319235563585E+001,
4.649071358748778E+009,-2.232140016099912E+001,-5.914715610728866E+001,
4.652981427174975E+009,-2.232618035387603E+001,-7.916690823505468E+001,
4.656891495601173E+009,-2.246950118884934E+001,-9.924126306506513E+001,
4.660801564027371E+009,-2.262645964524387E+001,-1.184851821928263E+002,
4.664711632453568E+009,-2.268602267512531E+001,-1.370102632365129E+002,
4.668621700879766E+009,-2.267527306294448E+001,-1.572154110653096E+002,
4.672531769305963E+009,-2.276015157188164E+001,-1.766224794559264E+002,
4.676441837732161E+009,-2.285738797672696E+001,1.634726214499011E+002,
4.680351906158358E+009,-2.300066715489240E+001,1.442440815292666E+002,
4.684261974584556E+009,-2.296546442135703E+001,1.249759166905678E+002,
4.688172043010753E+009,-2.300369204921985E+001,1.035963067507282E+002,
4.692082111436951E+009,-2.323023249362198E+001,8.320641296941815E+001,
4.695992179863148E+009,-2.341452221054897E+001,6.363334610497909E+001,
4.699902248289345E+009,-2.358326282062153E+001,4.340060711097566E+001,
4.703812316715543E+009,-2.389724969051651E+001,2.244428378043738E+001,
4.707722385141740E+009,-2.434660369561430E+001,2.541883332093960E+000,
4.711632453567938E+009,-2.465078860779411E+001,-1.572454185218192E+001,
4.715542521994135E+009,-2.478854940291269E+001,-3.451532411115817E+001,
4.719452590420332E+009,-2.486845844697431E+001,-5.524173833560197E+001,
4.723362658846530E+009,-2.504973354692069E+001,-7.547723505068635E+001,
4.727272727272727E+009,-2.526616162311697E+001,-9.562917995531771E+001,
4.731182795698925E+009,-2.538993168614114E+001,-1.180732709473958E+002,
4.735092864125122E+009,-2.577388319570131E+001,-1.404756775147429E+002,
4.739002932551320E+009,-2.644823264862056E+001,-1.638084724228675E+002,
4.742913000977517E+009,-2.727909130629075E+001,1.751526451459622E+002,
4.746823069403714E+009,-2.785008861148997E+001,1.555699786103754E+002,
4.750733137829912E+009,-2.858095271666841E+001,1.339895712387989E+002,
4.754643206256109E+009,-2.957778598965639E+001,1.138289725490885E+002,
4.758553274682307E+009,-3.031908131646067E+001,9.474430877860459E+001,
4.762463343108504E+009,-3.070251873111978E+001,7.423123979510973E+001,
4.766373411534702E+009,-3.142962083144583E+001,5.411588010988317E+001,
4.770283479960899E+009,-3.209506373030273E+001,3.218676760424051E+001,
4.774193548387096E+009,-3.294260068961688E+001,9.755165423212000E+000,
4.778103616813294E+009,-3.385272283035399E+001,-1.249607040071528E+001,
4.782013685239492E+009,-3.506618903328136E+001,-3.558037520030092E+001,
4.785923753665690E+009,-3.623472004278995E+001,-5.808640485343156E+001,
4.789833822091887E+009,-3.736651120538738E+001,-8.171823416406555E+001,
4.793743890518084E+009,-3.891426587664231E+001,-1.060547698459474E+002,
4.797653958944282E+009,-4.037091833105082E+001,-1.295932007769655E+002,
4.801564027370479E+009,-4.124467537852974E+001,-1.562979272723901E+002,
4.805474095796677E+009,-4.253550362325302E+001,1.730682407926734E+002,
4.809384164222874E+009,-4.373899284330154E+001,1.418404686782615E+002,
4.813294232649072E+009,-4.456229313463008E+001,1.127993283048191E+002,
4.817204301075269E+009,-4.397747982906188E+001,8.546969112573648E+001,
4.821114369501467E+009,-4.270948803719729E+001,5.081461004255450E+001,
4.825024437927664E+009,-4.187909981742265E+001,1.919678937049709E+001,
4.828934506353861E+009,-4.168557743288080E+001,-1.197103106947316E+001,
4.832844574780059E+009,-4.111564491767381E+001,-3.454872659728942E+001,
4.836754643206256E+009,-4.021443176229721E+001,-5.838931960693676E+001,
4.840664711632454E+009,-3.927781871464906E+001,-8.213922264962019E+001,
4.844574780058651E+009,-3.858869319713057E+001,-1.117655758038522E+002,
4.848484848484848E+009,-3.962382600784136E+001,-1.356927092251879E+002,
4.852394916911046E+009,-4.020713213247567E+001,-1.523272914579570E+002,
4.856304985337243E+009,-4.052864354174670E+001,-1.671418809230180E+002,
4.860215053763441E+009,-3.985411432440908E+001,-1.759800946331599E+002,
4.864125122189638E+009,-3.830934848810620E+001,1.640046596867781E+002,
4.868035190615836E+009,-3.809969026291144E+001,1.422197734136648E+002,
4.871945259042033E+009,-3.827604475255043E+001,1.234099254918380E+002,
4.875855327468231E+009,-3.812619824803555E+001,1.085357004098900E+002,
4.879765395894428E+009,-3.730643559693449E+001,9.313029540410014E+001,
4.883675464320625E+009,-3.652217035203771E+001,7.129581908409590E+001,
4.887585532746823E+009,-3.654653406784639E+001,4.934964604738813E+001,
4.891495601173020E+009,-3.687825261516047E+001,2.921889824507388E+001,
4.895405669599218E+009,-3.706309098872660E+001,1.105721613448699E+001,
4.899315738025415E+009,-3.760646762146558E+001,-7.611102273795673E+000,
4.903225806451613E+009,-3.794313858426941E+001,-2.080216162482263E+001,
4.907135874877811E+009,-3.801888965837986E+001,-3.825927958850051E+001,
4.911045943304008E+009,-3.860682579066453E+001,-5.423497648398540E+001,
4.914956011730206E+009,-3.909134709470762E+001,-6.886033585426773E+001,
4.918866080156403E+009,-3.973618582735784E+001,-7.821511665251103E+001,
4.922776148582601E+009,-3.909366285541023E+001,-8.706717553405782E+001,
4.926686217008798E+009,-3.893830618611169E+001,-1.011323309767533E+002,
4.930596285434996E+009,-3.852955114416196E+001,-1.119466727006311E+002,
4.934506353861193E+009,-3.744050004455689E+001,-1.247187839491711E+002,
4.938416422287390E+009,-3.648147013308104E+001,-1.420960863920322E+002,
4.942326490713588E+009,-3.605080416443256E+001,-1.620899778085311E+002,
4.946236559139785E+009,-3.621994097902949E+001,1.798778143903886E+002,
4.950146627565983E+009,-3.655175294465812E+001,1.664978077924197E+002,
4.954056695992180E+009,-3.624738881829851E+001,1.556376121270261E+002,
4.957966764418377E+009,-3.542654210753081E+001,1.415947977304200E+002,
4.961876832844575E+009,-3.488735783568249E+001,1.260977001370586E+002,
4.965786901270772E+009,-3.427780796628949E+001,1.127757549171530E+002,
4.969696969696970E+009,-3.340929145024808E+001,9.664095391099208E+001,
4.973607038123167E+009,-3.263305616914042E+001,8.048774517558715E+001,
4.977517106549365E+009,-3.175628351103441E+001,6.250900237581168E+001,
4.981427174975562E+009,-3.121028903487959E+001,4.330935542076735E+001,
4.985337243401759E+009,-3.087324572685358E+001,2.336385619912155E+001,
4.989247311827957E+009,-3.055824437217866E+001,4.174983701373572E+000,
4.993157380254154E+009,-3.027292945784444E+001,-1.124453331772263E+001,
4.997067448680352E+009,-2.969785370167081E+001,-3.006710257668143E+001,
5.000977517106549E+009,-2.981895831894609E+001,-4.780098732158702E+001,
5.004887585532747E+009,-2.944810123808457E+001,-6.449661811969990E+001,
5.008797653958944E+009,-2.902913821476626E+001,-8.034303010332791E+001,
5.012707722385141E+009,-2.851860111646931E+001,-9.875360840591608E+001,
5.016617790811339E+009,-2.824636421458659E+001,-1.153846018754613E+002,
5.020527859237536E+009,-2.759082749903214E+001,-1.330208435721269E+002,
5.024437927663734E+009,-2.709787860112851E+001,-1.524629918733012E+002,
5.028347996089932E+009,-2.673791481321639E+001,-1.728615865032441E+002,
5.032258064516129E+009,-2.675115893003937E+001,1.662484644984733E+002,
5.036168132942327E+009,-2.680700865481190E+001,1.476904267064012E+002,
5.040078201368524E+009,-2.704573814638575E+001,1.295472357426595E+002,
5.043988269794722E+009,-2.709645484638283E+001,1.133266625682194E+002,
5.047898338220919E+009,-2.699761256636984E+001,9.841000821002223E+001,
5.051808406647117E+009,-2.656057056144545E+001,8.321098063175045E+001,
5.055718475073314E+009,-2.606342097291483E+001,6.637577033639455E+001,
5.059628543499512E+009,-2.561615515531649E+001,4.807053071176286E+001,
5.063538611925709E+009,-2.515671290223770E+001,2.986201935807154E+001,
5.067448680351906E+009,-2.463535338471166E+001,1.014678537002953E+001,
5.071358748778104E+009,-2.442018744983474E+001,-1.042650285777794E+001,
5.075268817204301E+009,-2.454673624033575E+001,-3.064864554255184E+001,
5.079178885630499E+009,-2.463399572215504E+001,-4.985413819199671E+001,
5.083088954056696E+009,-2.491361217170350E+001,-6.760213950671353E+001,
5.086999022482893E+009,-2.500667879233543E+001,-8.389243130274693E+001,
5.090909090909091E+009,-2.493604623032390E+001,-9.877047496323930E+001,
5.094819159335288E+009,-2.454802187806020E+001,-1.148163270322843E+002,
5.098729227761486E+009,-2.415489162702688E+001,-1.321169258142630E+002,
5.102639296187683E+009,-2.386049119743487E+001,-1.500637036079598E+002,
5.106549364613881E+009,-2.341964275175488E+001,-1.680663733734624E+002,
5.110459433040078E+009,-2.303446684251192E+001,1.730605647446503E+002,
5.114369501466276E+009,-2.277524240377814E+001,1.527295052753836E+002,
5.118279569892473E+009,-2.274351026613320E+001,1.328836341176504E+002,
5.122189638318670E+009,-2.287672007905171E+001,1.134393670233420E+002,
5.126099706744868E+009,-2.294748598819307E+001,9.561463708794885E+001,
5.130009775171065E+009,-2.308337718456450E+001,7.675071057438970E+001,
5.133919843597263E+009,-2.311845742967407E+001,6.020962083074288E+001,
5.137829912023460E+009,-2.305429731116809E+001,4.329331827408456E+001,
5.141739980449657E+009,-2.286038170006000E+001,2.526292294456270E+001,
5.145650048875855E+009,-2.277907790948768E+001,6.802888139528906E+000,
5.149560117302053E+009,-2.273538937821331E+001,-1.086470919975046E+001,
5.153470185728251E+009,-2.261678148574849E+001,-2.831564780576981E+001,
5.157380254154448E+009,-2.245683872968293E+001,-4.606935806059832E+001,
5.161290322580645E+009,-2.228711941619032E+001,-6.425876112381921E+001,
5.165200391006843E+009,-2.220344212223414E+001,-8.325570451032377E+001,
5.169110459433041E+009,-2.225911556874199E+001,-1.022276041429827E+002,
5.173020527859238E+009,-2.235609150432579E+001,-1.198851901555458E+002,
5.176930596285435E+009,-2.233626772920134E+001,-1.376773965398478E+002,
5.180840664711633E+009,-2.234997119935633E+001,-1.551624682424726E+002,
5.184750733137830E+009,-2.228406718707636E+001,-1.722425650588532E+002,
5.188660801564028E+009,-2.221647595512565E+001,1.696841798013493E+002,
5.192570869990225E+009,-2.205806422560018E+001,1.525848344089181E+002,
5.196480938416422E+009,-2.184790497675667E+001,1.339762490341637E+002,
5.200391006842620E+009,-2.185844438239631E+001,1.147617998520764E+002,
5.204301075268817E+009,-2.184374116008446E+001,9.601654634302248E+001,
5.208211143695015E+009,-2.196254498650440E+001,7.783792871997298E+001,
5.212121212121212E+009,-2.206302081881480E+001,5.967197090814305E+001,
5.216031280547409E+009,-2.210219533330244E+001,4.259438833475942E+001,
5.219941348973607E+009,-2.209399118846500E+001,2.456056662122661E+001,
5.223851417399805E+009,-2.210097485014016E+001,6.675514235581842E+000,
5.227761485826002E+009,-2.218314960962965E+001,-1.024666468059264E+001,
5.231671554252199E+009,-2.207532314362692E+001,-2.704120345432996E+001,
5.235581622678397E+009,-2.187683244283691E+001,-4.487330097841294E+001,
5.239491691104594E+009,-2.180891539032128E+001,-6.303017543569769E+001,
5.243401759530792E+009,-2.169121297467634E+001,-8.098555037622225E+001,
5.247311827956989E+009,-2.149710382365803E+001,-9.953740034812346E+001,
5.251221896383186E+009,-2.148032801439694E+001,-1.186662813526754E+002,
5.255131964809384E+009,-2.154746647325260E+001,-1.382800579473567E+002,
5.259042033235581E+009,-2.171791584851484E+001,-1.566725600203532E+002,
5.262952101661779E+009,-2.185042646647431E+001,-1.746757622728895E+002,
5.266862170087977E+009,-2.193463794141623E+001,1.673924966630197E+002,
5.270772238514174E+009,-2.219066021758181E+001,1.492790498621025E+002,
5.274682306940372E+009,-2.234451086373700E+001,1.331930735004485E+002,
5.278592375366570E+009,-2.224506440122068E+001,1.168859417878876E+002,
5.282502443792767E+009,-2.205511424192461E+001,9.878277065013283E+001,
5.286412512218964E+009,-2.189265112341933E+001,8.128073929090608E+001,
5.290322580645162E+009,-2.175390254927990E+001,6.257097814319259E+001,
5.294232649071359E+009,-2.159410543861284E+001,4.390651995224204E+001,
5.298142717497557E+009,-2.157823737196517E+001,2.490427001221979E+001,
5.302052785923754E+009,-2.165655717106866E+001,5.073660214290181E+000,
5.305962854349951E+009,-2.179292462200847E+001,-1.441124117669026E+001,
5.309872922776149E+009,-2.216132961815482E+001,-3.270565628858932E+001,
5.313782991202346E+009,-2.232043721818850E+001,-5.002971785984223E+001,
5.317693059628544E+009,-2.247137397866212E+001,-6.681545370729415E+001,
5.321603128054741E+009,-2.237593962751902E+001,-8.385305539466806E+001,
5.325513196480938E+009,-2.230950352382746E+001,-1.017062035641764E+002,
5.329423264907136E+009,-2.229414743863551E+001,-1.208837712775195E+002,
5.333333333333333E+009,-2.239242521877380E+001,-1.397435289111398E+002,
5.337243401759531E+009,-2.256904740035812E+001,-1.576303225812216E+002,
5.341153470185728E+009,-2.267197964554454E+001,-1.758695082935347E+002,
5.345063538611926E+009,-2.275456431824308E+001,1.660464399105467E+002,
5.348973607038123E+009,-2.306291674112286E+001,1.476777225481416E+002,
5.352883675464321E+009,-2.325026577522774E+001,1.314469064323771E+002,
5.356793743890518E+009,-2.321257439672490E+001,1.138895187452046E+002,
5.360703812316715E+009,-2.332295044909422E+001,9.637812572023302E+001,
5.364613880742913E+009,-2.346649640750421E+001,7.815497725476442E+001,
5.368523949169110E+009,-2.348491269420004E+001,6.164981938969070E+001,
5.372434017595308E+009,-2.335991477706894E+001,4.379299002681723E+001,
5.376344086021505E+009,-2.328046346224884E+001,2.470758323527256E+001,
5.380254154447702E+009,-2.351901466731437E+001,5.454657865702689E+000,
5.384164222873900E+009,-2.359662509164778E+001,-1.255473559837938E+001,
5.388074291300098E+009,-2.374115643365152E+001,-3.137419883059874E+001,
5.391984359726296E+009,-2.398448471341130E+001,-4.826964454219318E+001,
5.395894428152493E+009,-2.397889571934890E+001,-6.472556697557158E+001,
5.399804496578690E+009,-2.389858345327541E+001,-8.239230481518784E+001,
5.403714565004888E+009,-2.405819519384693E+001,-1.017980682513595E+002,
5.407624633431086E+009,-2.412553286379029E+001,-1.190509902492072E+002,
5.411534701857283E+009,-2.405494214824937E+001,-1.362292694164156E+002,
5.415444770283480E+009,-2.402788285205117E+001,-1.547857282995554E+002,
5.419354838709678E+009,-2.390626090121741E+001,-1.729863920915729E+002,
5.423264907135875E+009,-2.366673971399402E+001,1.677042137742424E+002,
5.427174975562073E+009,-2.361407087594495E+001,1.476036723601851E+002,
5.431085043988270E+009,-2.374641794713151E+001,1.264020016046254E+002,
5.434995112414467E+009,-2.413381519038055E+001,1.067822520080934E+002,
5.438905180840665E+009,-2.436017735814413E+001,8.883974422144077E+001,
5.442815249266862E+009,-2.441745474856736E+001,7.057417928237406E+001,
5.446725317693060E+009,-2.451942373018890E+001,5.095084138171438E+001,
5.450635386119257E+009,-2.461585641673156E+001,3.179619218729106E+001,
5.454545454545454E+009,-2.465912174280439E+001,1.299062342290634E+001,
5.458455522971652E+009,-2.472107855296179E+001,-6.652045237216656E+000,
5.462365591397850E+009,-2.482661657942751E+001,-2.791399822087303E+001,
5.466275659824047E+009,-2.505696354486210E+001,-4.809379963953638E+001,
5.470185728250244E+009,-2.529454338141026E+001,-6.893187033084746E+001,
5.474095796676442E+009,-2.568502086050509E+001,-8.974316280666278E+001,
5.478005865102639E+009,-2.616127227680219E+001,-1.096868024042045E+002,
5.481915933528837E+009,-2.640943961408917E+001,-1.295294739637280E+002,
5.485826001955034E+009,-2.681711406725686E+001,-1.498505361658476E+002,
5.489736070381231E+009,-2.686808244558233E+001,-1.704005026499823E+002,
5.493646138807429E+009,-2.712997681709912E+001,1.687476058545111E+002,
5.497556207233626E+009,-2.776202007101612E+001,1.458848640542390E+002,
5.501466275659824E+009,-2.854405843108756E+001,1.243724514691689E+002,
5.505376344086021E+009,-2.895170365529365E+001,1.058714288966445E+002,
5.509286412512219E+009,-2.938441731327466E+001,8.669189648358994E+001,
5.513196480938417E+009,-3.003439875132569E+001,6.551126594044028E+001,
5.517106549364615E+009,-3.042791319094199E+001,4.375898330047200E+001,
5.521016617790812E+009,-3.118385251442683E+001,2.144642690658091E+001,
5.524926686217009E+009,-3.181116961942605E+001,-7.699929341924769E-001,
5.528836754643207E+009,-3.211713539443628E+001,-2.237163182561566E+001,
5.532746823069404E+009,-3.285597134328357E+001,-4.651114787453127E+001,
5.536656891495602E+009,-3.362777459600911E+001,-6.716276309918777E+001,
5.540566959921799E+009,-3.400768491137934E+001,-8.941533147576669E+001,
5.544477028347996E+009,-3.441578143086018E+001,-1.137803415805106E+002,
5.548387096774194E+009,-3.488507675805157E+001,-1.390102424112441E+002,
5.552297165200391E+009,-3.557661788674939E+001,-1.650212269262773E+002,
5.556207233626589E+009,-3.617752231884377E+001,1.709833793546654E+002,
5.560117302052786E+009,-3.638467651048633E+001,1.456367346191320E+002,
5.564027370478983E+009,-3.675001267477618E+001,1.176907034566975E+002,
5.567937438905181E+009,-3.744911195462295E+001,9.271765193075459E+001,
5.571847507331378E+009,-3.762858872475731E+001,6.907933132031995E+001,
5.575757575757576E+009,-3.750313072898348E+001,4.550322033962096E+001,
5.579667644183773E+009,-3.719781461772787E+001,2.050084899150098E+001,
5.583577712609971E+009,-3.678613642677401E+001,-4.764169911872449E+000,
5.587487781036168E+009,-3.659871476709298E+001,-3.117866992274828E+001,
5.591397849462366E+009,-3.672053783968672E+001,-5.750242538196385E+001,
5.595307917888563E+009,-3.713576032018692E+001,-8.229245294185505E+001,
5.599217986314760E+009,-3.775567342185737E+001,-1.031965896127563E+002,
5.603128054740958E+009,-3.819815305309578E+001,-1.201354968279976E+002,
5.607038123167155E+009,-3.793506254816285E+001,-1.363118349915967E+002,
5.610948191593353E+009,-3.764683653261074E+001,-1.541545142939851E+002,
5.614858260019550E+009,-3.731961495000263E+001,-1.713447702380874E+002,
5.618768328445747E+009,-3.678353613453439E+001,1.710415574283813E+002,
5.622678396871945E+009,-3.636016939497199E+001,1.504202161089340E+002,
5.626588465298142E+009,-3.599304091752416E+001,1.330155199254073E+002,
5.630498533724340E+009,-3.563559382137097E+001,1.115923610924163E+002,
5.634408602150538E+009,-3.602112053102396E+001,9.341513523819543E+001,
5.638318670576735E+009,-3.584623809303814E+001,7.837799352190916E+001,
5.642228739002933E+009,-3.534493693074647E+001,6.243543185008954E+001,
5.646138807429131E+009,-3.473586324303439E+001,4.529306752962460E+001,
5.650048875855328E+009,-3.422671383721168E+001,2.574658981509163E+001,
5.653958944281525E+009,-3.421479124175807E+001,7.966127796340451E+000,
5.657869012707723E+009,-3.426303334488579E+001,-8.120458885260355E+000,
5.661779081133920E+009,-3.359064742018489E+001,-2.118175873122980E+001,
5.665689149560118E+009,-3.241484355427457E+001,-3.790273395198197E+001,
5.669599217986315E+009,-3.146300324778052E+001,-5.928721875206295E+001,
5.673509286412512E+009,-3.072960866841945E+001,-8.093631869106832E+001,
5.677419354838710E+009,-3.041396744284102E+001,-1.053704921873462E+002,
5.681329423264907E+009,-3.060562196111924E+001,-1.280663029330879E+002,
5.685239491691105E+009,-3.098762036367810E+001,-1.494634469351908E+002,
5.689149560117302E+009,-3.176571626869098E+001,-1.669828304274449E+002,
5.693059628543499E+009,-3.184463290178536E+001,1.784476430551353E+002,
5.696969696969697E+009,-3.174934008408288E+001,1.629444104255372E+002,
5.700879765395895E+009,-3.149177601752895E+001,1.467978604410220E+002,
5.704789833822092E+009,-3.139244739923964E+001,1.304807710753060E+002,
5.708699902248289E+009,-3.084012707509960E+001,1.154536087450637E+002,
5.712609970674487E+009,-2.993366325748595E+001,9.768374543238107E+001,
5.716520039100684E+009,-2.930955457461982E+001,7.623927907978596E+001,
5.720430107526882E+009,-2.895645725291735E+001,5.510400177626856E+001,
5.724340175953079E+009,-2.894734173975530E+001,3.174463015955146E+001,
5.728250244379276E+009,-2.933766276971893E+001,9.741285438814122E+000,
5.732160312805474E+009,-3.041092358883190E+001,-8.120573712334297E+000,
5.736070381231671E+009,-3.059319385395907E+001,-2.278689483841014E+001,
5.739980449657869E+009,-3.032157996078176E+001,-3.770529626842764E+001,
5.743890518084066E+009,-3.011973022038305E+001,-5.366868260399820E+001,
5.747800586510263E+009,-2.950990632897888E+001,-7.120131282303177E+001,
5.751710654936461E+009,-2.950617554410524E+001,-9.038449175578609E+001,
5.755620723362660E+009,-2.925424506177848E+001,-1.075485195763879E+002,
5.759530791788857E+009,-2.895305551414712E+001,-1.275390581641990E+002,
5.763440860215054E+009,-2.891223197235462E+001,-1.468756881553408E+002,
5.767350928641252E+009,-2.911744798420754E+001,-1.680317411730294E+002,
5.771260997067449E+009,-2.941769036437734E+001,1.746494190989600E+002,
5.775171065493647E+009,-2.962164593791323E+001,1.555149745609342E+002,
5.779081133919844E+009,-2.959649260961575E+001,1.376090703219270E+002,
5.782991202346041E+009,-2.968724004380885E+001,1.214947018816036E+002,
5.786901270772239E+009,-2.983979152403108E+001,1.038973896854253E+002,
5.790811339198436E+009,-2.980025838084448E+001,8.809103428056115E+001,
5.794721407624634E+009,-2.937557427108643E+001,7.004203043526971E+001,
5.798631476050831E+009,-2.945511323353523E+001,5.001911429812719E+001,
5.802541544477028E+009,-2.987355882846696E+001,3.183338688391404E+001,
5.806451612903226E+009,-2.986075141651309E+001,1.336073358300252E+001,
5.810361681329423E+009,-3.018155954517585E+001,-5.541265203190178E+000,
5.814271749755621E+009,-3.042389248637129E+001,-2.060887314067957E+001,
5.818181818181818E+009,-3.045515374518763E+001,-3.777022781039801E+001,
5.822091886608016E+009,-3.063613645003405E+001,-5.546923096391596E+001,
5.826001955034213E+009,-3.090885079233608E+001,-7.111468078515492E+001,
5.829912023460411E+009,-3.096636350140731E+001,-8.665206980513564E+001,
5.833822091886608E+009,-3.112390571669070E+001,-1.003865409392209E+002,
5.837732160312805E+009,-3.068768437717477E+001,-1.183551545638857E+002,
5.841642228739003E+009,-3.062229665410648E+001,-1.342435485219909E+002,
5.845552297165200E+009,-3.033699947489023E+001,-1.522882131647551E+002,
5.849462365591398E+009,-3.022121701100282E+001,-1.704443280055108E+002,
5.853372434017595E+009,-3.019796862712955E+001,1.721069279243776E+002,
5.857282502443792E+009,-3.002504864645932E+001,1.536821495679957E+002,
5.861192570869990E+009,-3.020361487769162E+001,1.362222347135581E+002,
5.865102639296187E+009,-3.024699383353760E+001,1.181322323542083E+002,
5.869012707722385E+009,-3.060643259454977E+001,1.030934324918112E+002,
5.872922776148583E+009,-3.035949956318034E+001,8.688653446554866E+001,
5.876832844574780E+009,-3.014852539520548E+001,7.040139417293909E+001,
5.880742913000978E+009,-3.050514267637443E+001,5.139843128588284E+001,
5.884652981427176E+009,-3.037081983026542E+001,3.692633527063486E+001,
5.888563049853373E+009,-3.006188700828446E+001,2.023380673901673E+001,
5.892473118279570E+009,-3.004516706136008E+001,2.666910614721892E+000,
5.896383186705768E+009,-3.011442495325198E+001,-1.516650261548988E+001,
5.900293255131965E+009,-3.013115611921432E+001,-3.081850477865271E+001,
5.904203323558163E+009,-2.997482983366387E+001,-4.628483602519334E+001,
5.908113391984360E+009,-2.953833815509972E+001,-6.432690159417165E+001,
5.912023460410557E+009,-2.942905616590499E+001,-8.293427101202640E+001,
5.915933528836755E+009,-2.944527262323423E+001,-1.007952698134167E+002,
5.919843597262952E+009,-2.941007185195645E+001,-1.188368238810928E+002,
5.923753665689150E+009,-2.955536562647991E+001,-1.361977395356239E+002,
5.927663734115347E+009,-2.971379670833628E+001,-1.522542544204180E+002,
5.931573802541544E+009,-2.967387021550649E+001,-1.674878066597275E+002,
5.935483870967742E+009,-2.933754764850082E+001,1.774616828576599E+002,
5.939393939393940E+009,-2.917951251594509E+001,1.612884637564467E+002,
5.943304007820137E+009,-2.872963302502347E+001,1.456258628743422E+002,
5.947214076246334E+009,-2.823275435836533E+001,1.288571715490273E+002,
5.951124144672532E+009,-2.773012302898970E+001,1.092493755949591E+002,
5.955034213098729E+009,-2.756431569519026E+001,9.070632399239119E+001,
5.958944281524927E+009,-2.765431991900450E+001,7.166900353033608E+001,
5.962854349951124E+009,-2.763507521692105E+001,5.486237621701358E+001,
5.966764418377321E+009,-2.758792867171309E+001,3.825813078813955E+001,
5.970674486803519E+009,-2.712115927369371E+001,2.155341213210679E+001,
5.974584555229716E+009,-2.687586461557581E+001,3.409760791780360E+000,
5.978494623655914E+009,-2.661245434926480E+001,-1.440192453416951E+001,
5.982404692082111E+009,-2.610532285014629E+001,-3.283423209134143E+001,
5.986314760508308E+009,-2.575556278268427E+001,-5.281690458244157E+001,
5.990224828934506E+009,-2.554236094146131E+001,-7.309166636939990E+001,
5.994134897360704E+009,-2.549560676892498E+001,-9.399448301541246E+001,
5.998044965786902E+009,-2.561118652737923E+001,-1.136071129006929E+002,
6.001955034213099E+009,-2.578390086333697E+001,-1.325390880720329E+002,
6.005865102639297E+009,-2.576472473694146E+001,-1.503311917024989E+002,
6.009775171065494E+009,-2.578960871388185E+001,-1.692610670939260E+002,
6.013685239491692E+009,-2.595268722652386E+001,1.737407851941478E+002,
6.017595307917889E+009,-2.589996113259451E+001,1.558734102215201E+002,
6.021505376344086E+009,-2.576803860599933E+001,1.396463033345399E+002,
6.025415444770284E+009,-2.559812237617922E+001,1.219594942462985E+002,
6.029325513196481E+009,-2.528029086277252E+001,1.017016584086054E+002,
6.033235581622679E+009,-2.530838615510821E+001,8.240448757036793E+001,
6.037145650048876E+009,-2.531239145299272E+001,6.330680580579841E+001,
6.041055718475073E+009,-2.539547964383566E+001,4.558367602706532E+001,
6.044965786901271E+009,-2.542502550347450E+001,2.682698530279718E+001,
6.048875855327468E+009,-2.541412629088440E+001,9.547008028368063E+000,
6.052785923753666E+009,-2.515354116513631E+001,-9.613540255859041E+000,
6.056695992179863E+009,-2.538860147931068E+001,-2.879056155208969E+001,
6.060606060606061E+009,-2.541930396218925E+001,-4.601774512993003E+001,
6.064516129032258E+009,-2.528955066846008E+001,-6.348604978140287E+001,
6.068426197458456E+009,-2.497133130544615E+001,-8.188521932054867E+001,
6.072336265884653E+009,-2.489659575996155E+001,-1.012443631008502E+002,
6.076246334310850E+009,-2.488330014344540E+001,-1.209134655182383E+002,
6.080156402737048E+009,-2.493212515750650E+001,-1.409858530778804E+002,
6.084066471163245E+009,-2.504496062010473E+001,-1.595661245815124E+002,
6.087976539589443E+009,-2.512234693149497E+001,-1.773254382964966E+002,
6.091886608015640E+009,-2.506651437297462E+001,1.640925076011750E+002,
6.095796676441837E+009,-2.492302279014828E+001,1.450495725730384E+002,
6.099706744868035E+009,-2.491535102548440E+001,1.261845776426763E+002,
6.103616813294232E+009,-2.484511775164274E+001,1.072007033231026E+002,
6.107526881720430E+009,-2.478291451600616E+001,8.783256120866592E+001,
6.111436950146627E+009,-2.482253025270962E+001,6.691669715597355E+001,
6.115347018572825E+009,-2.493643879290671E+001,4.685415889812633E+001,
6.119257086999023E+009,-2.542135879314717E+001,2.543818266958792E+001,
6.123167155425221E+009,-2.588780237696435E+001,7.972512710429598E+000,
6.127077223851418E+009,-2.626913445701751E+001,-8.405143128118997E+000,
6.130987292277615E+009,-2.613049144219234E+001,-2.493093751720987E+001,
6.134897360703813E+009,-2.591461963081229E+001,-4.308401364497372E+001,
6.138807429130010E+009,-2.587948200157758E+001,-6.356287049727856E+001,
6.142717497556208E+009,-2.611451995639186E+001,-8.267535286018855E+001,
6.146627565982405E+009,-2.623965562364434E+001,-1.002191522939484E+002,
6.150537634408602E+009,-2.613621489656790E+001,-1.194378482951907E+002,
6.154447702834800E+009,-2.609300755921549E+001,-1.390010249228854E+002,
6.158357771260998E+009,-2.609424362588275E+001,-1.592263022933564E+002,
6.162267839687195E+009,-2.632519923024010E+001,1.798138203419494E+002,
6.166177908113392E+009,-2.664059991652490E+001,1.594560260810937E+002,
6.170087976539589E+009,-2.714665482733282E+001,1.405031441855095E+002,
6.173998044965787E+009,-2.768124846190340E+001,1.230234181041899E+002,
6.177908113391985E+009,-2.793279893299808E+001,1.063678243751970E+002,
6.181818181818182E+009,-2.816020924982652E+001,8.783396610522200E+001,
6.185728250244379E+009,-2.842721011790506E+001,7.080819031378677E+001,
6.189638318670576E+009,-2.846698559719864E+001,5.491796316242947E+001,
6.193548387096774E+009,-2.801287339081434E+001,3.719634294069162E+001,
6.197458455522972E+009,-2.776272332942344E+001,1.692722070828910E+001,
6.201368523949169E+009,-2.793271195038864E+001,-4.848792487505740E+000,
6.205278592375366E+009,-2.811215519717742E+001,-2.453721162960225E+001,
6.209188660801564E+009,-2.855035078980464E+001,-4.266946965214753E+001,
6.213098729227762E+009,-2.862825594958924E+001,-6.092735440813247E+001,
6.217008797653959E+009,-2.868658395910110E+001,-8.107806273967329E+001,
6.220918866080156E+009,-2.877825504100133E+001,-9.891159781599316E+001,
6.224828934506353E+009,-2.880113380909020E+001,-1.192389961684926E+002,
6.228739002932551E+009,-2.921930445360064E+001,-1.397594584172020E+002,
6.232649071358749E+009,-2.929717255049599E+001,-1.580983675949908E+002,
6.236559139784946E+009,-2.937365621255822E+001,-1.773390248486995E+002,
6.240469208211144E+009,-2.925429645438569E+001,1.622222832182988E+002,
6.244379276637341E+009,-2.953942987200149E+001,1.411580187719706E+002,
6.248289345063539E+009,-3.004769054444923E+001,1.216627920585454E+002,
6.252199413489737E+009,-2.993106926798887E+001,1.037067071552239E+002,
6.256109481915934E+009,-2.995337613105030E+001,8.310228269115412E+001,
6.260019550342131E+009,-3.014384752059371E+001,6.291733704928981E+001,
6.263929618768329E+009,-3.006910772917773E+001,4.140677470649026E+001,
6.267839687194526E+009,-3.027599133833181E+001,1.652540802173262E+001,
6.271749755620724E+009,-3.083512057682416E+001,-6.092721261324143E+000,
6.275659824046921E+009,-3.152310506122861E+001,-2.555829517812364E+001,
6.279569892473118E+009,-3.196540658958101E+001,-4.553269060671171E+001,
6.283479960899316E+009,-3.231946219136810E+001,-6.861555086160901E+001,
6.287390029325514E+009,-3.334768524818470E+001,-8.842004892200433E+001,
6.291300097751711E+009,-3.406735054005685E+001,-1.058876176198915E+002,
6.295210166177908E+009,-3.446322840071885E+001,-1.232020549280909E+002,
6.299120234604105E+009,-3.434532121828521E+001,-1.397290895585980E+002,
6.303030303030303E+009,-3.413076777741371E+001,-1.611245528953863E+002,
6.306940371456501E+009,-3.398612309673636E+001,1.759991891825964E+002,
6.310850439882698E+009,-3.433658143716538E+001,1.510770937617545E+002,
6.314760508308895E+009,-3.487009500665962E+001,1.267607731925504E+002,
6.318670576735093E+009,-3.557305928725171E+001,1.038535980253912E+002,
6.322580645161290E+009,-3.650373730143907E+001,8.211936388554756E+001,
6.326490713587488E+009,-3.705606236054291E+001,6.103131372888615E+001,
6.330400782013685E+009,-3.782025617807157E+001,3.640007210978543E+001,
6.334310850439882E+009,-3.922655558549853E+001,1.502486942873536E+001,
6.338220918866080E+009,-4.139125401997207E+001,-1.970404315646719E+000,
6.342130987292278E+009,-4.156238949933402E+001,-5.880368698477178E+000,
6.346041055718475E+009,-4.073687724321403E+001,-2.148493440750396E+001,
6.349951124144672E+009,-3.977136964174991E+001,-4.006213706573114E+001,
6.353861192570869E+009,-3.924939942163655E+001,-6.618040700703725E+001,
6.357771260997068E+009,-3.955786406280764E+001,-9.123584536042999E+001,
6.361681329423266E+009,-3.977139518828273E+001,-1.145975026571348E+002,
6.365591397849463E+009,-4.054369635079162E+001,-1.388069334467789E+002,
6.369501466275660E+009,-4.165004136077049E+001,-1.575722277012121E+002,
6.373411534701857E+009,-4.207385226802770E+001,-1.743588632998367E+002,
6.377321603128055E+009,-4.243618933384517E+001,1.687012479957448E+002,
6.381231671554253E+009,-4.257406826785459E+001,1.490034364129043E+002,
6.385141739980450E+009,-4.361574554859901E+001,1.367212663611859E+002,
6.389051808406647E+009,-4.311694356835260E+001,1.261261601439897E+002,
6.392961876832845E+009,-4.225254068488398E+001,1.124392977815084E+002,
6.396871945259043E+009,-4.074833467646500E+001,9.600550815794937E+001,
6.400782013685240E+009,-3.965605665502835E+001,7.421110728030891E+001,
6.404692082111437E+009,-3.885396104215162E+001,5.146530408670053E+001,
6.408602150537634E+009,-3.866802725218302E+001,2.822294467801366E+001,
6.412512218963832E+009,-3.859451739550269E+001,7.767773362260643E+000,
6.416422287390030E+009,-3.852941723772220E+001,-1.057538295104561E+001,
6.420332355816227E+009,-3.774335698763547E+001,-2.918070735042037E+001,
6.424242424242424E+009,-3.730777756682151E+001,-5.066823776797715E+001,
6.428152492668621E+009,-3.692856786792439E+001,-7.234928381104207E+001,
6.432062561094819E+009,-3.688321798586021E+001,-9.441135412156027E+001,
6.435972629521017E+009,-3.719014616047288E+001,-1.140677556140937E+002,
6.439882697947214E+009,-3.725118932997590E+001,-1.303633127639603E+002,
6.443792766373411E+009,-3.679043231915011E+001,-1.469141251350755E+002,
6.447702834799609E+009,-3.611652448163049E+001,-1.642348247855935E+002,
6.451612903225807E+009,-3.535288016466463E+001,1.762051029689041E+002,
6.455522971652004E+009,-3.452139947642149E+001,1.543411768880901E+002,
6.459433040078201E+009,-3.422365319637420E+001,1.295454612384642E+002,
6.463343108504398E+009,-3.448358760126075E+001,1.074986914332334E+002,
6.467253176930596E+009,-3.490968669037613E+001,8.727057769826554E+001,
6.471163245356794E+009,-3.475851915992598E+001,7.065745360539732E+001,
6.475073313782991E+009,-3.456185701304456E+001,5.098132268669770E+001,
6.478983382209189E+009,-3.439412246020752E+001,3.008399518880880E+001,
6.482893450635386E+009,-3.471550930751981E+001,9.183973913377905E+000,
6.486803519061584E+009,-3.538148900525795E+001,-7.997787277222863E+000,
6.490713587487782E+009,-3.527145610891947E+001,-2.034554026893242E+001,
6.494623655913979E+009,-3.454952996733419E+001,-3.662338633201660E+001,
6.498533724340176E+009,-3.378917000873199E+001,-5.577378188239658E+001,
6.502443792766374E+009,-3.327914817510826E+001,-7.859767297103470E+001,
6.506353861192571E+009,-3.346759883259543E+001,-1.005402557941815E+002,
6.510263929618769E+009,-3.386029031984155E+001,-1.214407079018861E+002,
6.514173998044966E+009,-3.416615877934335E+001,-1.364146345122020E+002,
6.518084066471163E+009,-3.373912211734896E+001,-1.537010014881151E+002,
6.521994134897361E+009,-3.346443000744879E+001,-1.745035331097936E+002,
6.525904203323559E+009,-3.391158729709127E+001,1.637848274151770E+002,
6.529814271749756E+009,-3.461663956987179E+001,1.458755375846546E+002,
6.533724340175953E+009,-3.488489947453324E+001,1.344183153515197E+002,
6.537634408602150E+009,-3.410337154025799E+001,1.194587549734245E+002,
6.541544477028348E+009,-3.360709573859526E+001,9.933869101915768E+001,
6.545454545454546E+009,-3.342953945299345E+001,7.850112336619937E+001,
6.549364613880743E+009,-3.389189250440759E+001,5.808782501806181E+001,
6.553274682306940E+009,-3.410544215963317E+001,4.200836647968480E+001,
6.557184750733138E+009,-3.417412866465931E+001,2.578708447660695E+001,
6.561094819159335E+009,-3.403141140116623E+001,9.302842832087123E+000,
6.565004887585533E+009,-3.383149534509162E+001,-9.064501241856286E+000,
6.568914956011730E+009,-3.403644085856423E+001,-2.757902225669794E+001,
6.572825024437927E+009,-3.409464294588303E+001,-4.403134897686227E+001,
6.576735092864125E+009,-3.399126980048898E+001,-6.038941574475034E+001,
6.580645161290323E+009,-3.362730600842097E+001,-7.850288251827185E+001,
6.584555229716520E+009,-3.372956063650750E+001,-9.816691248639242E+001,
6.588465298142717E+009,-3.384391402197775E+001,-1.146557238528804E+002,
6.592375366568914E+009,-3.377782021336485E+001,-1.329335327659823E+002,
6.596285434995112E+009,-3.393480752220000E+001,-1.507456372408010E+002,
6.600195503421310E+009,-3.425855384073604E+001,-1.674785189737320E+002,
6.604105571847508E+009,-3.441653330684139E+001,1.774238015782715E+002,
6.608015640273705E+009,-3.436277743435349E+001,1.619062224853551E+002,
6.611925708699902E+009,-3.449870853495069E+001,1.472820536942116E+002,
6.615835777126100E+009,-3.411669885623608E+001,1.353479729695725E+002,
6.619745845552298E+009,-3.313079594881496E+001,1.206706260508476E+002,
6.623655913978495E+009,-3.214435020022200E+001,1.010848945141782E+002,
6.627565982404692E+009,-3.156186094491975E+001,7.957916431068956E+001,
6.631476050830890E+009,-3.146086279978130E+001,5.835941818413025E+001,
6.635386119257088E+009,-3.128388165140076E+001,3.821500900818757E+001,
6.639296187683285E+009,-3.132224093062727E+001,1.676162822943995E+001,
6.643206256109482E+009,-3.171156361837645E+001,-3.671024857757508E+000,
6.647116324535679E+009,-3.229908052338578E+001,-2.063728893468260E+001,
6.651026392961877E+009,-3.233426928527231E+001,-3.843778280440557E+001,
6.654936461388075E+009,-3.296232990046070E+001,-5.442952270707143E+001,
6.658846529814272E+009,-3.300360602694087E+001,-6.730689237673408E+001,
6.662756598240469E+009,-3.254720900310367E+001,-8.023116273191620E+001,
6.666666666666666E+009,-3.171824138908944E+001,-9.646355704504038E+001,
6.670576735092864E+009,-3.093122570733417E+001,-1.172817330760500E+002,
6.674486803519062E+009,-3.069829663590334E+001,-1.386601464591669E+002,
6.678396871945259E+009,-3.067460262121280E+001,-1.599022673594475E+002,
6.682306940371456E+009,-3.073760910906079E+001,1.796936831559702E+002,
6.686217008797654E+009,-3.093319410839909E+001,1.583371122664999E+002,
6.690127077223852E+009,-3.160836666296653E+001,1.396962014825543E+002,
6.694037145650049E+009,-3.212977508521525E+001,1.231029349227607E+002,
6.697947214076246E+009,-3.251021761963918E+001,1.077323262739051E+002,
6.701857282502443E+009,-3.261081277979601E+001,9.482610488810825E+001,
6.705767350928641E+009,-3.197262294455947E+001,8.081876871171568E+001,
6.709677419354839E+009,-3.132804272126542E+001,6.236578032965767E+001,
6.713587487781036E+009,-3.088099305669813E+001,4.227141173869988E+001,
6.717497556207233E+009,-3.064023011667106E+001,1.982020001600008E+001,
6.721407624633431E+009,-3.106523636140189E+001,-2.571731346163602E+000,
6.725317693059629E+009,-3.176802038972682E+001,-2.228978790309759E+001,
6.729227761485827E+009,-3.245588931837325E+001,-3.814301553866836E+001,
6.733137829912024E+009,-3.287014813292888E+001,-5.314790961892036E+001,
6.737047898338221E+009,-3.308588014928878E+001,-6.748118162686092E+001,
6.740957966764419E+009,-3.298997230748184E+001,-8.229227151390433E+001,
6.744868035190616E+009,-3.301417173723556E+001,-9.722010125395553E+001,
6.748778103616814E+009,-3.279350607526686E+001,-1.109424124947407E+002,
6.752688172043011E+009,-3.211683156818755E+001,-1.261559124538706E+002,
6.756598240469208E+009,-3.141685553353849E+001,-1.454949751921260E+002,
6.760508308895406E+009,-3.106946079794998E+001,-1.664480781516120E+002,
6.764418377321604E+009,-3.109846113297502E+001,1.721502708117539E+002,
6.768328445747801E+009,-3.168330899769538E+001,1.520403022673025E+002,
6.772238514173998E+009,-3.222829655696660E+001,1.354342909890604E+002,
6.776148582600195E+009,-3.259901102180033E+001,1.201534085543367E+002,
6.780058651026393E+009,-3.282363579602797E+001,1.064714979565665E+002,
6.783968719452591E+009,-3.280498125166939E+001,9.343342706103137E+001,
6.787878787878788E+009,-3.243549409371524E+001,8.066163130837627E+001,
6.791788856304985E+009,-3.150747394278174E+001,6.602055437277967E+001,
6.795698924731183E+009,-3.062284569565512E+001,4.759619044636998E+001,
6.799608993157380E+009,-3.009704239052583E+001,2.770669816227240E+001,
6.803519061583578E+009,-2.968520974808694E+001,6.437840138507597E+000,
6.807429130009775E+009,-2.976111742907928E+001,-1.564297280309285E+001,
6.811339198435972E+009,-3.012528375003262E+001,-3.415748735837646E+001,
6.815249266862170E+009,-3.030059707112000E+001,-5.120082558275619E+001,
6.819159335288368E+009,-3.039129065475411E+001,-6.729990036299560E+001,
6.823069403714565E+009,-3.013229896080777E+001,-8.229556215740105E+001,
6.826979472140762E+009,-2.969360238665733E+001,-1.001879438837318E+002,
6.830889540566959E+009,-2.932794359295838E+001,-1.169142616788672E+002,
6.834799608993157E+009,-2.874696998988443E+001,-1.361700190718097E+002,
6.838709677419355E+009,-2.854570842236758E+001,-1.567966190126944E+002,
6.842619745845552E+009,-2.842398254397602E+001,-1.773559674654106E+002,
6.846529814271750E+009,-2.853590492039011E+001,1.634706449642210E+002,
6.850439882697948E+009,-2.842651699795304E+001,1.440912606128100E+002,
6.854349951124145E+009,-2.855206617611377E+001,1.240666665876195E+002,
6.858260019550343E+009,-2.862426558479922E+001,1.044894393772300E+002,
6.862170087976540E+009,-2.880609679201324E+001,8.644989655508668E+001,
6.866080156402737E+009,-2.886623837081552E+001,6.900839298357630E+001,
6.869990224828935E+009,-2.874644325170868E+001,5.319003279149049E+001,
6.873900293255133E+009,-2.836439624639338E+001,3.440795382207417E+001,
6.877810361681330E+009,-2.793384028365821E+001,1.452330622102680E+001,
6.881720430107527E+009,-2.784498208941827E+001,-6.316672040813723E+000,
6.885630498533724E+009,-2.781562430679181E+001,-2.659603120741396E+001,
6.889540566959922E+009,-2.770814093046700E+001,-4.615204052458414E+001,
6.893450635386120E+009,-2.783481526141511E+001,-6.661288791532364E+001,
6.897360703812317E+009,-2.806545390205450E+001,-8.684818274052152E+001,
6.901270772238514E+009,-2.825281749420153E+001,-1.066979069837237E+002,
6.905180840664711E+009,-2.850497405197642E+001,-1.263557993664184E+002,
6.909090909090909E+009,-2.882300010831943E+001,-1.458573021147361E+002,
6.913000977517107E+009,-2.916015477346848E+001,-1.629678401905830E+002,
6.916911045943304E+009,-2.916940627177504E+001,-1.795412224149110E+002,
6.920821114369501E+009,-2.902002041811481E+001,1.631605249634825E+002,
6.924731182795699E+009,-2.898125755054381E+001,1.442243401247020E+002,
6.928641251221897E+009,-2.893059693055164E+001,1.252335115544356E+002,
6.932551319648094E+009,-2.894943204579299E+001,1.047657745737652E+002,
6.936461388074291E+009,-2.896198650005859E+001,8.280848444954111E+001,
6.940371456500488E+009,-2.933639592569838E+001,6.315222716191887E+001,
6.944281524926686E+009,-2.974307720757595E+001,4.338554642751765E+001,
6.948191593352884E+009,-3.003374098111314E+001,2.557379694325444E+001,
6.952101661779081E+009,-3.004461514266479E+001,5.980376889023322E+000,
6.956011730205278E+009,-3.068511115519408E+001,-1.248678726983559E+001,
6.959921798631475E+009,-3.112095831947804E+001,-2.994004762732841E+001,
6.963831867057674E+009,-3.117675128541259E+001,-4.473995408181860E+001,
6.967741935483872E+009,-3.070763290549836E+001,-6.218704021502722E+001,
6.971652003910069E+009,-3.054029956469868E+001,-8.253921684845577E+001,
6.975562072336266E+009,-3.060127117385886E+001,-1.016711644562901E+002,
6.979472140762464E+009,-3.043656146887675E+001,-1.215073926494189E+002,
6.983382209188661E+009,-3.041105399041947E+001,-1.404064728345216E+002,
6.987292277614859E+009,-3.044520254942349E+001,-1.599816464150252E+002,
6.991202346041056E+009,-3.052077295367532E+001,1.781016142001203E+002,
6.995112414467253E+009,-3.055604426439107E+001,1.575048974507597E+002,
6.999022482893451E+009,-3.103882770788422E+001,1.373837738485948E+002,
7.002932551319649E+009,-3.134128832583266E+001,1.185566049505435E+002,
7.006842619745846E+009,-3.123103160037467E+001,9.991632976585311E+001,
7.010752688172043E+009,-3.142630751975399E+001,7.985966380615619E+001,
7.014662756598240E+009,-3.139473924113334E+001,5.823658465829202E+001,
7.018572825024438E+009,-3.176855500233663E+001,3.839626665144080E+001,
7.022482893450636E+009,-3.200612759167725E+001,2.029380724321068E+001,
7.026392961876833E+009,-3.196746408093157E+001,1.317222134647977E+000,
7.030303030303030E+009,-3.194403596584962E+001,-1.916990817688451E+001,
7.034213098729228E+009,-3.208946547435610E+001,-4.233642770508561E+001,
7.038123167155425E+009,-3.214605711813792E+001,-6.326725384073190E+001,
7.042033235581623E+009,-3.253970922880157E+001,-8.351211066900875E+001,
7.045943304007820E+009,-3.268448123419457E+001,-1.028243422126885E+002,
7.049853372434017E+009,-3.289613738292432E+001,-1.224587224516875E+002,
7.053763440860215E+009,-3.274584711231096E+001,-1.419905082965168E+002,
7.057673509286413E+009,-3.254666285289333E+001,-1.637098527538941E+002,
7.061583577712610E+009,-3.287745581851058E+001,1.741654421490249E+002,
7.065493646138807E+009,-3.323413625466608E+001,1.543829949496719E+002,
7.069403714565004E+009,-3.316963311659269E+001,1.363782218405402E+002,
7.073313782991202E+009,-3.278234316379854E+001,1.153026762694387E+002,
7.077223851417400E+009,-3.281178078456863E+001,9.267667446488579E+001,
7.081133919843597E+009,-3.309959991218771E+001,7.178234900498227E+001,
7.085043988269795E+009,-3.316417183654404E+001,5.298539819481204E+001,
7.088954056695993E+009,-3.296538139598152E+001,3.339918087197282E+001,
7.092864125122190E+009,-3.249379020934871E+001,1.213433175204480E+001,
7.096774193548388E+009,-3.232445553864164E+001,-1.006252851151616E+001,
7.100684261974585E+009,-3.207305579996566E+001,-3.209892790457464E+001,
7.104594330400782E+009,-3.198224252246518E+001,-5.542382570745076E+001,
7.108504398826980E+009,-3.199587405965181E+001,-7.744280836651923E+001,
7.112414467253178E+009,-3.200332821418745E+001,-1.000743300945968E+002,
7.116324535679375E+009,-3.212409029206198E+001,-1.226459093581639E+002,
7.120234604105572E+009,-3.226687831607287E+001,-1.431657453382627E+002,
7.124144672531769E+009,-3.232844570446713E+001,-1.642586411759122E+002,
7.128054740957967E+009,-3.245474941823890E+001,1.750458975790591E+002,
7.131964809384165E+009,-3.228140809692388E+001,1.547321885808207E+002,
7.135874877810362E+009,-3.239185848531169E+001,1.330655288170883E+002,
7.139784946236559E+009,-3.272313032479350E+001,1.140637618013401E+002,
7.143695014662756E+009,-3.251824004883699E+001,9.562162509863262E+001,
7.147605083088954E+009,-3.235703075677678E+001,7.552589472220188E+001,
7.151515151515152E+009,-3.223694700376537E+001,5.560726433173787E+001,
7.155425219941349E+009,-3.196383285635769E+001,3.542261063636932E+001,
7.159335288367546E+009,-3.179096783385575E+001,1.424011402812006E+001,
7.163245356793744E+009,-3.180218867633051E+001,-6.747998235188806E+000,
7.167155425219942E+009,-3.191703690583936E+001,-2.716089928494352E+001,
7.171065493646139E+009,-3.195584290398239E+001,-4.752792502393047E+001,
7.174975562072336E+009,-3.211843262084847E+001,-6.810792376910302E+001,
7.178885630498533E+009,-3.242158180381772E+001,-8.772828589230205E+001,
7.182795698924731E+009,-3.270671028312017E+001,-1.053995484270119E+002,
7.186705767350929E+009,-3.263934677997475E+001,-1.220432943153953E+002,
7.190615835777126E+009,-3.235933849375485E+001,-1.397272258026831E+002,
7.194525904203323E+009,-3.211419290661183E+001,-1.586415620471548E+002,
7.198435972629520E+009,-3.199104207840633E+001,-1.777827674386582E+002,
7.202346041055718E+009,-3.171456084171341E+001,1.626555327977964E+002,
7.206256109481916E+009,-3.171949003623378E+001,1.419811480842076E+002,
7.210166177908114E+009,-3.188688290049401E+001,1.230319204521087E+002,
7.214076246334311E+009,-3.203883195868477E+001,1.052984658808095E+002,
7.217986314760509E+009,-3.198590128897674E+001,8.788241396051433E+001,
7.221896383186706E+009,-3.174861339416332E+001,7.055003765804590E+001,
7.225806451612904E+009,-3.146176374423624E+001,5.116509101751339E+001,
7.229716520039101E+009,-3.133240502710388E+001,3.164673301767988E+001,
7.233626588465298E+009,-3.131680270595067E+001,1.203077013316369E+001,
7.237536656891496E+009,-3.145842271205194E+001,-6.241248900337688E+000,
7.241446725317694E+009,-3.143444247132486E+001,-2.403210597340103E+001,
7.245356793743891E+009,-3.135338717131685E+001,-4.188005457038762E+001,
7.249266862170088E+009,-3.120411260604383E+001,-6.032593847508101E+001,
7.253176930596285E+009,-3.118785671685749E+001,-7.903080751263831E+001,
7.257086999022483E+009,-3.115714155766627E+001,-9.651342923660825E+001,
7.260997067448681E+009,-3.087594902007620E+001,-1.147206316868433E+002,
7.264907135874878E+009,-3.063601070324326E+001,-1.336813003901681E+002,
7.268817204301075E+009,-3.051511201660842E+001,-1.535557733917401E+002,
7.272727272727273E+009,-3.055449350001584E+001,-1.732838279449540E+002,
7.276637341153470E+009,-3.077002286937310E+001,1.672633971406436E+002,
7.280547409579668E+009,-3.083751029494190E+001,1.495269596742909E+002,
7.284457478005865E+009,-3.108885015631070E+001,1.314453952796707E+002,
7.288367546432062E+009,-3.112219359297159E+001,1.141405184333730E+002,
7.292277614858260E+009,-3.124591712211727E+001,9.715770586878253E+001,
7.296187683284458E+009,-3.108015978604121E+001,8.089214549851354E+001,
7.300097751710655E+009,-3.090051301545447E+001,6.325587072788370E+001,
7.304007820136852E+009,-3.072996485763130E+001,4.526354465780117E+001,
7.307917888563049E+009,-3.081191058569800E+001,2.684849929879709E+001,
7.311827956989247E+009,-3.085041057332804E+001,9.515520282570286E+000,
7.315738025415445E+009,-3.067200229805711E+001,-8.096841653241510E+000,
7.319648093841642E+009,-3.067590583770761E+001,-2.679086812407535E+001,
7.323558162267839E+009,-3.061798305704918E+001,-4.436087652571158E+001,
7.327468230694037E+009,-3.053238551013762E+001,-6.226381239000688E+001,
7.331378299120235E+009,-3.043554502766055E+001,-8.024974177135270E+001,
7.335288367546433E+009,-3.048147632636502E+001,-9.863400778728907E+001,
7.339198435972630E+009,-3.053310310843841E+001,-1.144951158158541E+002,
7.343108504398827E+009,-3.023903864396027E+001,-1.309963343745525E+002,
7.347018572825025E+009,-2.976660427163404E+001,-1.492727804636755E+002,
7.350928641251223E+009,-2.956749942912555E+001,-1.696062042326993E+002,
7.354838709677420E+009,-2.953867637363994E+001,1.709965917545305E+002,
7.358748778103617E+009,-2.954100295641342E+001,1.526459163234482E+002,
7.362658846529814E+009,-2.948061293115917E+001,1.343264452944188E+002,
7.366568914956012E+009,-2.961019705152460E+001,1.150025107771184E+002,
7.370478983382210E+009,-2.972851978109171E+001,9.747058026093838E+001,
7.374389051808407E+009,-2.968974328518605E+001,7.949649550111793E+001,
7.378299120234604E+009,-2.971633659131387E+001,6.239419902448522E+001,
7.382209188660801E+009,-2.986680997243328E+001,4.457807152825865E+001,
7.386119257086999E+009,-2.990622086925955E+001,2.803898752014127E+001,
7.390029325513197E+009,-2.961273447008348E+001,9.640107530597334E+000,
7.393939393939394E+009,-2.951127647801001E+001,-7.341616353264862E+000,
7.397849462365591E+009,-2.945370841763125E+001,-2.693330494433643E+001,
7.401759530791789E+009,-2.926219280790053E+001,-4.540541507690542E+001,
7.405669599217987E+009,-2.913195218890969E+001,-6.649691940872053E+001,
7.409579667644184E+009,-2.936026389729279E+001,-8.621458008688509E+001,
7.413489736070381E+009,-2.947513628610527E+001,-1.049303681512796E+002,
7.417399804496578E+009,-2.945508694759639E+001,-1.215985302547118E+002,
7.421309872922776E+009,-2.988358929184026E+001,-1.408937830449653E+002,
7.425219941348974E+009,-3.024548067552492E+001,-1.569667076703467E+002,
7.429130009775171E+009,-3.019578054085846E+001,-1.718596409841618E+002,
7.433040078201368E+009,-2.993210116089749E+001,1.714500850186243E+002,
7.436950146627565E+009,-2.941622613579990E+001,1.532182483422639E+002,
7.440860215053763E+009,-2.923476495255002E+001,1.327186700607368E+002,
7.444770283479961E+009,-2.926232354761779E+001,1.119861166691415E+002,
7.448680351906158E+009,-2.970713633809461E+001,9.211516251595560E+001,
7.452590420332356E+009,-3.007291533224937E+001,7.354793637211043E+001,
7.456500488758554E+009,-3.075122750785326E+001,5.663263503792113E+001,
7.460410557184751E+009,-3.076215989697707E+001,4.176523824561474E+001,
7.464320625610949E+009,-3.078390910649795E+001,2.316156421556842E+001,
7.468230694037146E+009,-3.124473608582777E+001,8.545905283739455E+000,
7.472140762463343E+009,-3.103660475037642E+001,-6.146570711841319E+000,
7.476050830889541E+009,-3.072156814304724E+001,-2.268378584545076E+001,
7.479960899315739E+009,-3.020454650767889E+001,-4.014989780062727E+001,
7.483870967741936E+009,-3.008059392077356E+001,-5.933306732317634E+001,
7.487781036168133E+009,-3.001320661688244E+001,-7.946630938716102E+001,
7.491691104594330E+009,-3.008503340718514E+001,-9.909935282432602E+001,
7.495601173020528E+009,-3.042866254950821E+001,-1.183291258581231E+002,
7.499511241446726E+009,-3.087337252556171E+001,-1.351624097304217E+002,
7.503421309872923E+009,-3.102329197625948E+001,-1.509682713920938E+002,
7.507331378299120E+009,-3.075995555180410E+001,-1.695801123667174E+002,
7.511241446725318E+009,-3.116250238708840E+001,1.737771554721582E+002,
7.515151515151515E+009,-3.117880660296671E+001,1.578970234911226E+002,
7.519061583577713E+009,-3.057715043692365E+001,1.443363718892922E+002,
7.522971652003910E+009,-3.007958063774846E+001,1.256644944652670E+002,
7.526881720430107E+009,-3.011702483683001E+001,1.049542086829013E+002,
7.530791788856305E+009,-3.005086784245592E+001,8.403412367556199E+001,
7.534701857282503E+009,-3.019195429978675E+001,6.556422851353973E+001,
7.538611925708700E+009,-3.036769016107450E+001,4.825491607714609E+001,
7.542521994134897E+009,-3.041076892526640E+001,3.209810216127097E+001,
7.546432062561094E+009,-3.019763124648301E+001,1.490550688982567E+001,
7.550342130987292E+009,-3.010722392433557E+001,-4.000456655928642E+000,
7.554252199413490E+009,-3.039035757076735E+001,-2.145166693314605E+001,
7.558162267839687E+009,-3.014437839495554E+001,-3.848123643688154E+001,
7.562072336265884E+009,-2.973454739941247E+001,-5.524294340668305E+001,
7.565982404692082E+009,-2.927907329045813E+001,-7.585627704596330E+001,
7.569892473118280E+009,-2.913995634000236E+001,-9.627098897522529E+001,
7.573802541544478E+009,-2.943652635343264E+001,-1.164250203672532E+002,
7.577712609970675E+009,-2.961798213832324E+001,-1.357820892858240E+002,
7.581622678396872E+009,-2.985533365968797E+001,-1.551969940002568E+002,
7.585532746823070E+009,-3.032478463570413E+001,-1.725163111341824E+002,
7.589442815249268E+009,-3.053248669532115E+001,1.704290349248752E+002,
7.593352883675465E+009,-3.027581364394358E+001,1.543257202838462E+002,
7.597262952101662E+009,-2.997276292675272E+001,1.372058218492580E+002,
7.601173020527859E+009,-2.979626713820794E+001,1.187822339105146E+002,
7.605083088954057E+009,-2.953868784071293E+001,1.002685163477513E+002,
7.608993157380255E+009,-2.934175405833618E+001,7.854734090009427E+001,
7.612903225806452E+009,-2.938369261677210E+001,5.756666030704222E+001,
7.616813294232649E+009,-2.926898577348234E+001,3.578848177352255E+001,
7.620723362658846E+009,-2.969542878697432E+001,1.444637137658126E+001,
7.624633431085044E+009,-3.041365712695042E+001,-6.202062766748759E+000,
7.628543499511242E+009,-3.073368799015567E+001,-2.162534311255891E+001,
7.632453567937439E+009,-3.117336781004651E+001,-3.870838004698972E+001,
7.636363636363636E+009,-3.107472481812925E+001,-5.508354514404979E+001,
7.640273704789834E+009,-3.118977138372012E+001,-7.131135402507709E+001,
7.644183773216032E+009,-3.108500181274583E+001,-8.906175252674476E+001,
7.648093841642229E+009,-3.081819251675312E+001,-1.065200976065263E+002,
7.652003910068426E+009,-3.049609780794125E+001,-1.258768795954427E+002,
7.655913978494623E+009,-3.038947497810509E+001,-1.462543458131995E+002,
7.659824046920821E+009,-3.055474858647553E+001,-1.666820275178508E+002,
7.663734115347019E+009,-3.064742049666088E+001,1.735042955452004E+002,
7.667644183773216E+009,-3.096724305930650E+001,1.522455104660184E+002,
7.671554252199413E+009,-3.146811311509634E+001,1.321174104349742E+002,
7.675464320625610E+009,-3.178633758606660E+001,1.176516083967718E+002,
7.679374389051808E+009,-3.167223770061472E+001,1.001258075591236E+002,
7.683284457478006E+009,-3.163940437331420E+001,7.967073318902823E+001,
7.687194525904203E+009,-3.207479909776095E+001,6.105694621049107E+001,
7.691104594330401E+009,-3.228369039268679E+001,4.497376164628057E+001,
7.695014662756599E+009,-3.197599253793041E+001,2.759026380192875E+001,
7.698924731182797E+009,-3.178935655218402E+001,7.057926200793091E+000,
7.702834799608994E+009,-3.186365893292240E+001,-1.386880221188978E+001,
7.706744868035191E+009,-3.228660359504212E+001,-3.484456438986828E+001,
7.710654936461388E+009,-3.272733396734709E+001,-5.153063175361293E+001,
7.714565004887586E+009,-3.293123642272310E+001,-6.770730159382131E+001,
7.718475073313784E+009,-3.285452985248043E+001,-8.370333689302670E+001,
7.722385141739981E+009,-3.236819965040436E+001,-1.012321191148039E+002,
7.726295210166178E+009,-3.198525879052390E+001,-1.213090966178786E+002,
7.730205278592375E+009,-3.186388694946777E+001,-1.417579438097662E+002,
7.734115347018573E+009,-3.190702345109391E+001,-1.622652297622442E+002,
7.738025415444771E+009,-3.173616849497476E+001,1.765615236058138E+002,
7.741935483870968E+009,-3.201738414572878E+001,1.551332647441979E+002,
7.745845552297165E+009,-3.233701542386140E+001,1.357337742380839E+002,
7.749755620723363E+009,-3.247537961578188E+001,1.160039504141161E+002,
7.753665689149560E+009,-3.270973351172459E+001,9.790413064434544E+001,
7.757575757575758E+009,-3.275989346425553E+001,7.988130016404111E+001,
7.761485826001955E+009,-3.263141144919291E+001,6.176028767511108E+001,
7.765395894428152E+009,-3.238563996715173E+001,4.256029034552390E+001,
7.769305962854350E+009,-3.208457030771724E+001,2.238773571284372E+001,
7.773216031280548E+009,-3.187052861855513E+001,2.212201243515562E+000,
7.777126099706745E+009,-3.151570006123039E+001,-1.946817860639782E+001,
7.781036168132942E+009,-3.135858534359553E+001,-4.296833968293183E+001,
7.784946236559139E+009,-3.157305050871203E+001,-6.645086653756164E+001,
7.788856304985337E+009,-3.197438527785454E+001,-8.823623987036073E+001,
7.792766373411535E+009,-3.241451141445695E+001,-1.092460383038118E+002,
7.796676441837732E+009,-3.280571105233172E+001,-1.293062913789731E+002,
7.800586510263929E+009,-3.312459566145561E+001,-1.486386774227309E+002,
7.804496578690127E+009,-3.346546399470013E+001,-1.666359750132841E+002,
7.808406647116324E+009,-3.350909793665789E+001,1.769556361727791E+002,
7.812316715542522E+009,-3.336522545401667E+001,1.587929300401089E+002,
7.816226783968720E+009,-3.298207685210974E+001,1.401708581743743E+002,
7.820136852394917E+009,-3.233405608157629E+001,1.201178538824746E+002,
7.824046920821115E+009,-3.189847516701565E+001,9.673065259284813E+001,
7.827956989247313E+009,-3.187310204317415E+001,7.277591800497925E+001,
7.831867057673510E+009,-3.219187723198414E+001,4.889699363572500E+001,
7.835777126099707E+009,-3.277711402580033E+001,2.834750496274704E+001,
7.839687194525904E+009,-3.310200890100336E+001,9.755618320685352E+000,
7.843597262952102E+009,-3.301078025024939E+001,-9.541470686891676E+000,
7.847507331378300E+009,-3.317811057904833E+001,-2.993915647087079E+001,
7.851417399804497E+009,-3.339237354981261E+001,-4.808214419542435E+001,
7.855327468230694E+009,-3.325870444197646E+001,-6.577968641270726E+001,
7.859237536656891E+009,-3.299362784870710E+001,-8.481135002995153E+001,
7.863147605083089E+009,-3.255380644604212E+001,-1.041704425068047E+002,
7.867057673509287E+009,-3.227082297293196E+001,-1.264417762288020E+002,
7.870967741935484E+009,-3.228442883434256E+001,-1.484832134640394E+002,
7.874877810361681E+009,-3.250392028201436E+001,-1.696483276130390E+002,
7.878787878787879E+009,-3.269159469769870E+001,1.705186928401426E+002,
7.882697947214077E+009,-3.294420359434775E+001,1.506393799318077E+002,
7.886608015640274E+009,-3.318028405091334E+001,1.325104291131998E+002,
7.890518084066471E+009,-3.318189064913468E+001,1.154225272456273E+002,
7.894428152492668E+009,-3.290306354130836E+001,9.836916995422209E+001,
7.898338220918866E+009,-3.252172341582045E+001,7.991693924370615E+001,
7.902248289345064E+009,-3.219650804538388E+001,6.126240587060102E+001,
7.906158357771261E+009,-3.173118362080944E+001,4.115022496444558E+001,
7.910068426197458E+009,-3.136419316971785E+001,1.955607972674669E+001,
7.913978494623655E+009,-3.120866284679219E+001,-3.042729447868678E+000,
7.917888563049853E+009,-3.131562558002761E+001,-2.411637126830813E+001,
7.921798631476051E+009,-3.150077076864232E+001,-4.510918921683003E+001,
7.925708699902248E+009,-3.183282592042274E+001,-6.543680852966070E+001,
7.929618768328445E+009,-3.212693628270645E+001,-8.351924723476387E+001,
7.933528836754643E+009,-3.208832714607757E+001,-1.008282060152873E+002,
7.937438905180841E+009,-3.196681955280851E+001,-1.191200543921168E+002,
7.941348973607039E+009,-3.200462651708080E+001,-1.378165389341003E+002,
7.945259042033236E+009,-3.197931137299016E+001,-1.548181178362160E+002,
7.949169110459433E+009,-3.158346066156548E+001,-1.733388997281553E+002,
7.953079178885631E+009,-3.130776752024806E+001,1.675114648945919E+002,
7.956989247311829E+009,-3.097044876079106E+001,1.468715779418126E+002,
7.960899315738026E+009,-3.094665649236126E+001,1.255500436415723E+002,
7.964809384164223E+009,-3.109508201352965E+001,1.044634396872681E+002,
7.968719452590420E+009,-3.146513750629516E+001,8.418206791121678E+001,
7.972629521016618E+009,-3.193055376954007E+001,6.598984162073346E+001,
7.976539589442816E+009,-3.216703708356459E+001,5.050619787323486E+001,
7.980449657869013E+009,-3.209527563676613E+001,3.489507859300732E+001,
7.984359726295210E+009,-3.187403910697725E+001,1.817310654297963E+001,
7.988269794721408E+009,-3.160628568562098E+001,1.460298089313854E+000,
7.992179863147605E+009,-3.107805731616310E+001,-1.589970881122448E+001,
7.996089931573803E+009,-3.049203188761747E+001,-3.628532073937860E+001,
8.000000000000000E+009,-3.026508261905185E+001,-5.774868730803225E+001,
