% Version 1.00
%
%freq[Hz];db:Trc1_S21;ang:Trc1_S21;
4.000000000000000E+009,-2.892314430931097E+001,-1.745588847095153E+002,
4.003910068426198E+009,-2.955947761776303E+001,1.663526694335556E+002,
4.007820136852395E+009,-2.992074423805007E+001,1.463132054313987E+002,
4.011730205278593E+009,-3.083383643776230E+001,1.276127867019368E+002,
4.015640273704790E+009,-3.060053111263755E+001,1.130153281701789E+002,
4.019550342130987E+009,-3.025353698742750E+001,9.151343852416137E+001,
4.023460410557185E+009,-3.001558870558405E+001,6.564913345262330E+001,
4.027370478983382E+009,-2.998871374586611E+001,3.745989082848940E+001,
4.031280547409580E+009,-3.057500849855353E+001,8.779557320322262E+000,
4.035190615835777E+009,-3.183588507792233E+001,-1.661556996019930E+001,
4.039100684261975E+009,-3.275867315263872E+001,-3.681057754276748E+001,
4.043010752688172E+009,-3.299880120667555E+001,-5.780285928013731E+001,
4.046920821114369E+009,-3.312349164233758E+001,-8.170381150957874E+001,
4.050830889540567E+009,-3.325941463456798E+001,-1.050497875652702E+002,
4.054740957966765E+009,-3.314533653303526E+001,-1.293615001590378E+002,
4.058651026392962E+009,-3.347129506203204E+001,-1.521265486051129E+002,
4.062561094819160E+009,-3.286274751432495E+001,-1.740688866182326E+002,
4.066471163245357E+009,-3.242921430066290E+001,1.607190377784061E+002,
4.070381231671554E+009,-3.240481216681113E+001,1.378306738525722E+002,
4.074291300097752E+009,-3.171762162577632E+001,1.162779157610489E+002,
4.078201368523949E+009,-3.129162603963625E+001,9.185479200637505E+001,
4.082111436950147E+009,-3.085744040924441E+001,7.017225124751806E+001,
4.086021505376344E+009,-3.033014464375840E+001,4.665006171649782E+001,
4.089931573802542E+009,-2.989533700263017E+001,2.315734434185235E+001,
4.093841642228739E+009,-2.968715186272170E+001,-4.669578515984401E-001,
4.097751710654936E+009,-2.966089042793195E+001,-2.314473054293502E+001,
4.101661779081134E+009,-2.968136770249273E+001,-4.083351291926022E+001,
4.105571847507331E+009,-2.912050187267269E+001,-6.246178117862143E+001,
4.109481915933529E+009,-2.890819731302283E+001,-8.451912989958319E+001,
4.113391984359726E+009,-2.862355847234490E+001,-1.051337055556590E+002,
4.117302052785924E+009,-2.845052371702339E+001,-1.257347378639336E+002,
4.121212121212121E+009,-2.833865731941391E+001,-1.476435972929403E+002,
4.125122189638319E+009,-2.826643061340382E+001,-1.670508089107241E+002,
4.129032258064516E+009,-2.831497348373904E+001,1.705571865364169E+002,
4.132942326490714E+009,-2.881539195302913E+001,1.508903852232730E+002,
4.136852394916911E+009,-2.877389811288648E+001,1.321548768080047E+002,
4.140762463343109E+009,-2.929261889819669E+001,1.121472288948474E+002,
4.144672531769306E+009,-2.966230013937805E+001,9.748064880888802E+001,
4.148582600195503E+009,-2.960203848853245E+001,8.416584254384878E+001,
4.152492668621701E+009,-2.890747099168207E+001,6.761300679236598E+001,
4.156402737047898E+009,-2.842240752116594E+001,4.817221893610034E+001,
4.160312805474096E+009,-2.829940520163923E+001,2.812200916975843E+001,
4.164222873900293E+009,-2.853375635239710E+001,9.427524938164211E+000,
4.168132942326491E+009,-2.840275691536789E+001,-7.779085577563080E+000,
4.172043010752688E+009,-2.861349927496172E+001,-2.439885551704050E+001,
4.175953079178886E+009,-2.821283283952043E+001,-3.980679423680463E+001,
4.179863147605083E+009,-2.790244215856421E+001,-5.816670786573108E+001,
4.183773216031281E+009,-2.756531929435967E+001,-7.584203919710136E+001,
4.187683284457478E+009,-2.726823510510810E+001,-9.369384959523924E+001,
4.191593352883676E+009,-2.702539277472710E+001,-1.133261633308265E+002,
4.195503421309873E+009,-2.679284079014017E+001,-1.320357879283885E+002,
4.199413489736071E+009,-2.645170603423834E+001,-1.498493950435829E+002,
4.203323558162268E+009,-2.627874259365370E+001,-1.699312514568962E+002,
4.207233626588465E+009,-2.635464645473872E+001,1.702163022803316E+002,
4.211143695014663E+009,-2.630598728360880E+001,1.513003275049989E+002,
4.215053763440860E+009,-2.638916175516151E+001,1.313792144324806E+002,
4.218963831867058E+009,-2.666698913976016E+001,1.123664363427121E+002,
4.222873900293255E+009,-2.661319536872004E+001,9.460131701204024E+001,
4.226783968719452E+009,-2.674487520378431E+001,7.644361221878602E+001,
4.230694037145650E+009,-2.664997094357158E+001,5.731505896050121E+001,
4.234604105571847E+009,-2.699433396388733E+001,3.876628361431654E+001,
4.238514173998045E+009,-2.712140252527684E+001,2.217078047217579E+001,
4.242424242424243E+009,-2.709121765732701E+001,5.543766512961692E+000,
4.246334310850440E+009,-2.707300353469204E+001,-1.339000981350808E+001,
4.250244379276638E+009,-2.746350995843947E+001,-3.220681319637953E+001,
4.254154447702835E+009,-2.741932595405242E+001,-4.843912104486171E+001,
4.258064516129032E+009,-2.751677886546915E+001,-6.755101746073407E+001,
4.261974584555230E+009,-2.767123650248035E+001,-8.775808090350229E+001,
4.265884652981427E+009,-2.854905048622171E+001,-1.060326739208282E+002,
4.269794721407625E+009,-2.908769077611108E+001,-1.182991280303242E+002,
4.273704789833822E+009,-2.896755874746006E+001,-1.325635945095881E+002,
4.277614858260019E+009,-2.890630650111710E+001,-1.492281185293807E+002,
4.281524926686217E+009,-2.903863948593358E+001,-1.632089688991408E+002,
4.285434995112414E+009,-2.880770660443525E+001,-1.780475733593522E+002,
4.289345063538612E+009,-2.858506582853763E+001,1.649639540461133E+002,
4.293255131964809E+009,-2.846931852756523E+001,1.475613395940281E+002,
4.297165200391007E+009,-2.826324740652920E+001,1.313892026878043E+002,
4.301075268817205E+009,-2.834230051471641E+001,1.136505850645998E+002,
4.304985337243402E+009,-2.811896881101531E+001,9.857517776639244E+001,
4.308895405669600E+009,-2.781362212760127E+001,8.109710745822542E+001,
4.312805474095797E+009,-2.788141702492603E+001,6.341648865500407E+001,
4.316715542521994E+009,-2.775272193333037E+001,4.674854824218171E+001,
4.320625610948192E+009,-2.787757411183485E+001,2.997531062998539E+001,
4.324535679374389E+009,-2.767759042857246E+001,1.515013673509786E+001,
4.328445747800587E+009,-2.704734010934529E+001,-1.604339023351642E+000,
4.332355816226784E+009,-2.689204382305717E+001,-1.986514939742411E+001,
4.336265884652982E+009,-2.671349974908022E+001,-3.784115376998812E+001,
4.340175953079179E+009,-2.677752478638520E+001,-5.683758700855188E+001,
4.344086021505377E+009,-2.682269834600339E+001,-7.258877025486729E+001,
4.347996089931574E+009,-2.662000564728707E+001,-8.774473714448706E+001,
4.351906158357771E+009,-2.617281340407568E+001,-1.043161154186226E+002,
4.355816226783969E+009,-2.570999445945871E+001,-1.230262264069018E+002,
4.359726295210166E+009,-2.551643339984200E+001,-1.429872834057337E+002,
4.363636363636364E+009,-2.551555829378102E+001,-1.623242948199652E+002,
4.367546432062561E+009,-2.559673865836079E+001,-1.791271718957440E+002,
4.371456500488758E+009,-2.532985611584380E+001,1.630455734733999E+002,
4.375366568914956E+009,-2.517863881287118E+001,1.442251747581121E+002,
4.379276637341153E+009,-2.522360971457368E+001,1.269666406987972E+002,
4.383186705767351E+009,-2.502061625761252E+001,1.090303164003296E+002,
4.387096774193548E+009,-2.486952864393150E+001,9.063915075094100E+001,
4.391006842619746E+009,-2.477605765548492E+001,7.299978591386061E+001,
4.394916911045943E+009,-2.444950727771975E+001,5.509497811842187E+001,
4.398826979472141E+009,-2.410761492592677E+001,3.663126491334267E+001,
4.402737047898338E+009,-2.400387960482396E+001,1.613818782737493E+001,
4.406647116324535E+009,-2.422304355535549E+001,-3.579423535901009E+000,
4.410557184750733E+009,-2.460623821339627E+001,-2.109163708396910E+001,
4.414467253176930E+009,-2.447395469626306E+001,-3.777952812305854E+001,
4.418377321603128E+009,-2.443128990041813E+001,-5.685482748163646E+001,
4.422287390029326E+009,-2.450675260311385E+001,-7.384713933992749E+001,
4.426197458455523E+009,-2.452167285956520E+001,-9.106281858001921E+001,
4.430107526881721E+009,-2.455982791649882E+001,-1.075812491447736E+002,
4.434017595307918E+009,-2.409541510836182E+001,-1.241476210615955E+002,
4.437927663734116E+009,-2.373581153290947E+001,-1.426308451757647E+002,
4.441837732160313E+009,-2.349311200033725E+001,-1.614512068553761E+002,
4.445747800586511E+009,-2.330517023713745E+001,1.787484717475672E+002,
4.449657869012708E+009,-2.342304740007332E+001,1.597081257219677E+002,
4.453567937438905E+009,-2.343102078645945E+001,1.424812697156027E+002,
4.457478005865103E+009,-2.329472632349720E+001,1.233678375701698E+002,
4.461388074291300E+009,-2.317795639080655E+001,1.047665103387706E+002,
4.465298142717498E+009,-2.309682130002332E+001,8.643267526999402E+001,
4.469208211143695E+009,-2.304928617621853E+001,6.725688270792958E+001,
4.473118279569893E+009,-2.307875825807706E+001,4.870793508665448E+001,
4.477028347996090E+009,-2.294245683958528E+001,3.060916490392791E+001,
4.480938416422287E+009,-2.287803000195592E+001,1.179937177568605E+001,
4.484848484848485E+009,-2.286761318864499E+001,-7.566763993474777E+000,
4.488758553274682E+009,-2.297020001426542E+001,-2.613226001778572E+001,
4.492668621700880E+009,-2.300449800126227E+001,-4.379561103299066E+001,
4.496578690127077E+009,-2.301335348476887E+001,-6.190822922246906E+001,
4.500488758553275E+009,-2.298526451975164E+001,-7.950955393594023E+001,
4.504398826979472E+009,-2.282451175773479E+001,-9.731929794245268E+001,
4.508308895405669E+009,-2.270537093815975E+001,-1.161576251088995E+002,
4.512218963831867E+009,-2.276178970674440E+001,-1.349988598298457E+002,
4.516129032258064E+009,-2.282150579007967E+001,-1.525994480365908E+002,
4.520039100684262E+009,-2.270767824504206E+001,-1.716575087644288E+002,
4.523949169110459E+009,-2.265639374837377E+001,1.700227706167610E+002,
4.527859237536657E+009,-2.257158035679018E+001,1.518852004870612E+002,
4.531769305962854E+009,-2.257370151220841E+001,1.324935394736155E+002,
4.535679374389051E+009,-2.259961035950744E+001,1.137755590471618E+002,
4.539589442815249E+009,-2.268966405114908E+001,9.475936129903327E+001,
4.543499511241447E+009,-2.265255780363155E+001,7.540105358699040E+001,
4.547409579667645E+009,-2.291420413091460E+001,5.657531403083702E+001,
4.551319648093842E+009,-2.297931275773642E+001,3.843588010635284E+001,
4.555229716520039E+009,-2.306734307387663E+001,2.122775182095081E+001,
4.559139784946237E+009,-2.301802731903553E+001,2.922611080695127E+000,
4.563049853372434E+009,-2.323179780567542E+001,-1.622284008789928E+001,
4.566959921798632E+009,-2.333458770979248E+001,-3.419617129855831E+001,
4.570869990224829E+009,-2.342293225922500E+001,-5.118131474476826E+001,
4.574780058651027E+009,-2.326558334477758E+001,-6.886152094858350E+001,
4.578690127077224E+009,-2.331197392028627E+001,-8.831844986347241E+001,
4.582600195503422E+009,-2.351019635232085E+001,-1.058591609612165E+002,
4.586510263929619E+009,-2.368391515417473E+001,-1.236922116105984E+002,
4.590420332355816E+009,-2.372454146815360E+001,-1.403676423806712E+002,
4.594330400782014E+009,-2.370462248872211E+001,-1.575791137207713E+002,
4.598240469208211E+009,-2.358275936215035E+001,-1.749134194847809E+002,
4.602150537634409E+009,-2.343675683360779E+001,1.668686654015732E+002,
4.606060606060606E+009,-2.338597275570957E+001,1.501284260617366E+002,
4.609970674486803E+009,-2.322535120380986E+001,1.317631499699777E+002,
4.613880742913001E+009,-2.304814153010617E+001,1.134633957989776E+002,
4.617790811339198E+009,-2.290232940716731E+001,9.500075264933045E+001,
4.621700879765396E+009,-2.273434538563345E+001,7.581410357715411E+001,
4.625610948191593E+009,-2.260734997047122E+001,5.643593303864532E+001,
4.629521016617791E+009,-2.256952113452132E+001,3.798697569373503E+001,
4.633431085043988E+009,-2.238402383804655E+001,1.845393143129728E+001,
4.637341153470186E+009,-2.242042832974294E+001,-6.349806448436060E-001,
4.641251221896383E+009,-2.235909877154349E+001,-1.976636580029355E+001,
4.645161290322580E+009,-2.227566999171307E+001,-3.954536674560067E+001,
4.649071358748778E+009,-2.229144480361171E+001,-5.962599818013908E+001,
4.652981427174975E+009,-2.232134559254740E+001,-7.870423487926334E+001,
4.656891495601173E+009,-2.248062263137573E+001,-9.875080551509363E+001,
4.660801564027371E+009,-2.259220593401015E+001,-1.176917090659722E+002,
4.664711632453568E+009,-2.252010043841777E+001,-1.368019642506155E+002,
4.668621700879766E+009,-2.245996402052278E+001,-1.573119752107735E+002,
4.672531769305963E+009,-2.257193845684992E+001,-1.761932428636035E+002,
4.676441837732161E+009,-2.268390380732132E+001,1.638744713537717E+002,
4.680351906158358E+009,-2.285668505505506E+001,1.443881536814771E+002,
4.684261974584556E+009,-2.279209869203090E+001,1.256166243754901E+002,
4.688172043010753E+009,-2.285844578230603E+001,1.049161474867785E+002,
4.692082111436951E+009,-2.298409428902472E+001,8.420485834663302E+001,
4.695992179863148E+009,-2.324521014082114E+001,6.484309723181147E+001,
4.699902248289345E+009,-2.332772889490186E+001,4.475260032868747E+001,
4.703812316715543E+009,-2.355483657851488E+001,2.360049648323268E+001,
4.707722385141740E+009,-2.402140742659622E+001,3.524783801675159E+000,
4.711632453567938E+009,-2.431814872611087E+001,-1.530914425189446E+001,
4.715542521994135E+009,-2.437979811164275E+001,-3.413180437359140E+001,
4.719452590420332E+009,-2.448563468888450E+001,-5.457074426865484E+001,
4.723362658846530E+009,-2.465431327905321E+001,-7.494413958495305E+001,
4.727272727272727E+009,-2.496509958600573E+001,-9.567856035235451E+001,
4.731182795698925E+009,-2.500664286085838E+001,-1.170054141099682E+002,
4.735092864125122E+009,-2.529684537623331E+001,-1.392558782315805E+002,
4.739002932551320E+009,-2.592682137687532E+001,-1.613154134881180E+002,
4.742913000977517E+009,-2.670455960524707E+001,1.773605173815567E+002,
4.746823069403714E+009,-2.729075814052506E+001,1.563640080086024E+002,
4.750733137829912E+009,-2.787992305041789E+001,1.361353608083135E+002,
4.754643206256109E+009,-2.882825602387554E+001,1.156651935426135E+002,
4.758553274682307E+009,-2.950556782575697E+001,9.651029554739658E+001,
4.762463343108504E+009,-3.003217761984557E+001,7.650978502700137E+001,
4.766373411534702E+009,-3.058732157481811E+001,5.560252877407358E+001,
4.770283479960899E+009,-3.136480430784629E+001,3.338555710714974E+001,
4.774193548387096E+009,-3.220688149964725E+001,1.306001696819865E+001,
4.778103616813294E+009,-3.336119644614358E+001,-8.249239938167227E+000,
4.782013685239492E+009,-3.426623254174873E+001,-2.866031151568431E+001,
4.785923753665690E+009,-3.514156686143139E+001,-5.102390226215719E+001,
4.789833822091887E+009,-3.608425469731159E+001,-7.444861668607470E+001,
4.793743890518084E+009,-3.744652126104403E+001,-9.853025851302886E+001,
4.797653958944282E+009,-3.896193498676703E+001,-1.217169869516975E+002,
4.801564027370479E+009,-4.022072293571042E+001,-1.454848789659668E+002,
4.805474095796677E+009,-4.117840934615244E+001,-1.729749555900339E+002,
4.809384164222874E+009,-4.231923775292904E+001,1.557828889291085E+002,
4.813294232649072E+009,-4.391586673041829E+001,1.240651489040266E+002,
4.817204301075269E+009,-4.431877446637980E+001,9.496711239082927E+001,
4.821114369501467E+009,-4.383986001679578E+001,6.353082987296000E+001,
4.825024437927664E+009,-4.325616050692541E+001,3.019781037067789E+001,
4.828934506353861E+009,-4.278813712083584E+001,-1.551477727170488E+000,
4.832844574780059E+009,-4.187011693557938E+001,-2.665715293718342E+001,
4.836754643206256E+009,-4.084690791699302E+001,-5.195519927837195E+001,
4.840664711632454E+009,-3.957638198098198E+001,-7.936359839029139E+001,
4.844574780058651E+009,-3.917183550393619E+001,-1.106601793187300E+002,
4.848484848484848E+009,-3.997095642493163E+001,-1.366260235172499E+002,
4.852394916911046E+009,-4.083624932647359E+001,-1.538567817499015E+002,
4.856304985337243E+009,-4.099076698210304E+001,-1.688388145220824E+002,
4.860215053763441E+009,-4.051660562614862E+001,-1.791842992482326E+002,
4.864125122189638E+009,-3.916914595094609E+001,1.610847243646826E+002,
4.868035190615836E+009,-3.905415100638130E+001,1.415029942921719E+002,
4.871945259042033E+009,-3.910782018419510E+001,1.219114699192275E+002,
4.875855327468231E+009,-3.903549138515665E+001,1.086893200797591E+002,
4.879765395894428E+009,-3.806439476564596E+001,9.289898141557212E+001,
4.883675464320625E+009,-3.726321661075916E+001,7.167248195614951E+001,
4.887585532746823E+009,-3.714441674950982E+001,4.973067500701784E+001,
4.891495601173020E+009,-3.746999243749247E+001,2.904917060486557E+001,
4.895405669599218E+009,-3.795711137735109E+001,1.116622828236122E+001,
4.899315738025415E+009,-3.860871198098839E+001,-5.688297290138467E+000,
4.903225806451613E+009,-3.878328803214021E+001,-1.644821760239582E+001,
4.907135874877811E+009,-3.843274376383120E+001,-3.358616515827591E+001,
4.911045943304008E+009,-3.885376228203765E+001,-4.884683118962673E+001,
4.914956011730206E+009,-3.896083273453505E+001,-6.422647507852619E+001,
4.918866080156403E+009,-3.943253684350445E+001,-7.713887378764395E+001,
4.922776148582601E+009,-3.919988877358930E+001,-8.560532108333131E+001,
4.926686217008798E+009,-3.893573649467908E+001,-9.851894227408494E+001,
4.930596285434996E+009,-3.827397692884073E+001,-1.079333039367925E+002,
4.934506353861193E+009,-3.704769694679990E+001,-1.215286499744110E+002,
4.938416422287390E+009,-3.595803987556165E+001,-1.395497166521569E+002,
4.942326490713588E+009,-3.553134265099592E+001,-1.590123232699209E+002,
4.946236559139785E+009,-3.540899894194076E+001,-1.786868017222322E+002,
4.950146627565983E+009,-3.571692100009807E+001,1.650466119143441E+002,
4.954056695992180E+009,-3.558261226342113E+001,1.532141590703808E+002,
4.957966764418377E+009,-3.494266546535481E+001,1.390398211078877E+002,
4.961876832844575E+009,-3.464289240163179E+001,1.234320825673787E+002,
4.965786901270772E+009,-3.414612697555927E+001,1.101407994548741E+002,
4.969696969696970E+009,-3.327166537702981E+001,9.546632778342573E+001,
4.973607038123167E+009,-3.230375592134463E+001,7.943177319959621E+001,
4.977517106549365E+009,-3.138593657562140E+001,6.127886075199842E+001,
4.981427174975562E+009,-3.060547962634285E+001,4.155998185764192E+001,
4.985337243401759E+009,-3.031427721012457E+001,2.054183056119349E+001,
4.989247311827957E+009,-3.026223005903038E+001,2.541842687488597E+000,
4.993157380254154E+009,-2.989669691295566E+001,-1.388432580199097E+001,
4.997067448680352E+009,-2.972795460264995E+001,-3.346360592729018E+001,
5.000977517106549E+009,-2.979029757876299E+001,-5.130730500044682E+001,
5.004887585532747E+009,-2.942408510209880E+001,-6.720152832869110E+001,
5.008797653958944E+009,-2.891920107452268E+001,-8.274436117744222E+001,
5.012707722385141E+009,-2.858617956099238E+001,-1.009119205168384E+002,
5.016617790811339E+009,-2.811986587439456E+001,-1.175135670807670E+002,
5.020527859237536E+009,-2.760735764395509E+001,-1.360289123115231E+002,
5.024437927663734E+009,-2.710447873025905E+001,-1.553565888933986E+002,
5.028347996089932E+009,-2.666810730301361E+001,-1.747287406826584E+002,
5.032258064516129E+009,-2.665352518069823E+001,1.648537349299217E+002,
5.036168132942327E+009,-2.672558977263671E+001,1.455321813979273E+002,
5.040078201368524E+009,-2.691511846931589E+001,1.274872363507002E+002,
5.043988269794722E+009,-2.712592453521889E+001,1.113637824769025E+002,
5.047898338220919E+009,-2.689157737351767E+001,9.608386402610734E+001,
5.051808406647117E+009,-2.635606537706979E+001,8.088414078608129E+001,
5.055718475073314E+009,-2.591355429107696E+001,6.348656491079633E+001,
5.059628543499512E+009,-2.543625655731987E+001,4.589114251365183E+001,
5.063538611925709E+009,-2.510082878027458E+001,2.760035420958970E+001,
5.067448680351906E+009,-2.456729498942332E+001,7.774682327692911E+000,
5.071358748778104E+009,-2.439569119486455E+001,-1.325339032537682E+001,
5.075268817204301E+009,-2.446375974648637E+001,-3.374406515582449E+001,
5.079178885630499E+009,-2.460078088069195E+001,-5.172033317040163E+001,
5.083088954056696E+009,-2.477994779863119E+001,-7.076792035470903E+001,
5.086999022482893E+009,-2.491965246778090E+001,-8.656337790892303E+001,
5.090909090909091E+009,-2.492718602615200E+001,-1.021818426787580E+002,
5.094819159335288E+009,-2.462317708217773E+001,-1.177195886914663E+002,
5.098729227761486E+009,-2.420060590820132E+001,-1.346662910832930E+002,
5.102639296187683E+009,-2.382370925199913E+001,-1.525828423914369E+002,
5.106549364613881E+009,-2.346373074864655E+001,-1.709271437702322E+002,
5.110459433040078E+009,-2.319570664889920E+001,1.699178742990310E+002,
5.114369501466276E+009,-2.289000720772723E+001,1.503465587651243E+002,
5.118279569892473E+009,-2.289822277688759E+001,1.303973287678778E+002,
5.122189638318670E+009,-2.301052140923180E+001,1.112724969562205E+002,
5.126099706744868E+009,-2.309870971266458E+001,9.322735339467924E+001,
5.130009775171065E+009,-2.316565385143859E+001,7.528539663259787E+001,
5.133919843597263E+009,-2.316310894757794E+001,5.798421958035417E+001,
5.137829912023460E+009,-2.322908444306011E+001,4.015540749327908E+001,
5.141739980449657E+009,-2.299940844115396E+001,2.341715380151599E+001,
5.145650048875855E+009,-2.287050080869753E+001,4.707376160510292E+000,
5.149560117302053E+009,-2.287444162429427E+001,-1.298708729507189E+001,
5.153470185728251E+009,-2.274025590219276E+001,-3.062727403080388E+001,
5.157380254154448E+009,-2.258996768189446E+001,-4.834318908991950E+001,
5.161290322580645E+009,-2.245883402733446E+001,-6.704377789035334E+001,
5.165200391006843E+009,-2.242206433835438E+001,-8.576421674413531E+001,
5.169110459433041E+009,-2.247866492753733E+001,-1.041416720946064E+002,
5.173020527859238E+009,-2.256333660459244E+001,-1.215907602651894E+002,
5.176930596285435E+009,-2.257453795319902E+001,-1.394826788723914E+002,
5.180840664711633E+009,-2.254889576459636E+001,-1.566902429530071E+002,
5.184750733137830E+009,-2.251364738036858E+001,-1.736261105545819E+002,
5.188660801564028E+009,-2.240193705206094E+001,1.683116849106449E+002,
5.192570869990225E+009,-2.228959577354621E+001,1.508231040811851E+002,
5.196480938416422E+009,-2.206193589016503E+001,1.320474954011434E+002,
5.200391006842620E+009,-2.212386173079054E+001,1.135202565202851E+002,
5.204301075268817E+009,-2.208595243151404E+001,9.503594685893725E+001,
5.208211143695015E+009,-2.214905309452457E+001,7.688308674069873E+001,
5.212121212121212E+009,-2.218976856212542E+001,5.962393070849360E+001,
5.216031280547409E+009,-2.222523957994051E+001,4.217436311945995E+001,
5.219941348973607E+009,-2.216433658075663E+001,2.426858137149946E+001,
5.223851417399805E+009,-2.225402902037153E+001,6.519635994777262E+000,
5.227761485826002E+009,-2.226855500144040E+001,-1.076959891180191E+001,
5.231671554252199E+009,-2.211522664590006E+001,-2.759053669139899E+001,
5.235581622678397E+009,-2.195768497664461E+001,-4.571590604546699E+001,
5.239491691104594E+009,-2.186938257717359E+001,-6.367467126974350E+001,
5.243401759530792E+009,-2.178622682678352E+001,-8.196554670633907E+001,
5.247311827956989E+009,-2.169361170297026E+001,-1.001209926887252E+002,
5.251221896383186E+009,-2.163494247664637E+001,-1.189352502865097E+002,
5.255131964809384E+009,-2.167418572291709E+001,-1.382157327375098E+002,
5.259042033235581E+009,-2.186348773022040E+001,-1.569920214612459E+002,
5.262952101661779E+009,-2.196192605005053E+001,-1.749072102152182E+002,
5.266862170087977E+009,-2.202786417562527E+001,1.669812446703640E+002,
5.270772238514174E+009,-2.223305975745632E+001,1.494300957572658E+002,
5.274682306940372E+009,-2.238821799531705E+001,1.335229994073415E+002,
5.278592375366570E+009,-2.223995269411719E+001,1.168486794133339E+002,
5.282502443792767E+009,-2.215408716186803E+001,9.900171293392121E+001,
5.286412512218964E+009,-2.192320554552972E+001,8.147264886458632E+001,
5.290322580645162E+009,-2.175404042568821E+001,6.305920994572810E+001,
5.294232649071359E+009,-2.165480826165983E+001,4.408288307013075E+001,
5.298142717497557E+009,-2.148873581348305E+001,2.527445350830793E+001,
5.302052785923754E+009,-2.155724469959465E+001,5.639093681265965E+000,
5.305962854349951E+009,-2.172725188516457E+001,-1.392251081735863E+001,
5.309872922776149E+009,-2.203423747535067E+001,-3.283347130084418E+001,
5.313782991202346E+009,-2.218709905465283E+001,-5.038924120280890E+001,
5.317693059628544E+009,-2.237000241301539E+001,-6.765339158645800E+001,
5.321603128054741E+009,-2.224936125831164E+001,-8.437304391360776E+001,
5.325513196480938E+009,-2.219200361819067E+001,-1.029354098808577E+002,
5.329423264907136E+009,-2.222725938372936E+001,-1.211899247761622E+002,
5.333333333333333E+009,-2.233351123359659E+001,-1.401804696620010E+002,
5.337243401759531E+009,-2.253506239840247E+001,-1.583887055425335E+002,
5.341153470185728E+009,-2.261948649275277E+001,-1.775503248480633E+002,
5.345063538611926E+009,-2.279900464246080E+001,1.649480004140623E+002,
5.348973607038123E+009,-2.308669463522500E+001,1.461906951995473E+002,
5.352883675464321E+009,-2.322238191655358E+001,1.301702969019487E+002,
5.356793743890518E+009,-2.322842727760898E+001,1.124800812021459E+002,
5.360703812316715E+009,-2.332369210231417E+001,9.496808883102928E+001,
5.364613880742913E+009,-2.356629662260317E+001,7.689434096983219E+001,
5.368523949169110E+009,-2.364916185266874E+001,6.062514833362206E+001,
5.372434017595308E+009,-2.348679246986178E+001,4.363354427572275E+001,
5.376344086021505E+009,-2.343397475423678E+001,2.465873440255794E+001,
5.380254154447702E+009,-2.354617446003979E+001,6.010367188947116E+000,
5.384164222873900E+009,-2.360123634351344E+001,-1.148479711638818E+001,
5.388074291300098E+009,-2.368294451929875E+001,-2.974397483414228E+001,
5.391984359726296E+009,-2.390379585731573E+001,-4.715167294342155E+001,
5.395894428152493E+009,-2.394815204911197E+001,-6.457243088752253E+001,
5.399804496578690E+009,-2.382289125170834E+001,-8.189067886269869E+001,
5.403714565004888E+009,-2.393842541643210E+001,-1.003829811075995E+002,
5.407624633431086E+009,-2.398150363196046E+001,-1.180386901601629E+002,
5.411534701857283E+009,-2.401918419580263E+001,-1.358891209656914E+002,
5.415444770283480E+009,-2.381394884930266E+001,-1.535782872282207E+002,
5.419354838709678E+009,-2.362902025708893E+001,-1.718782583288397E+002,
5.423264907135875E+009,-2.335772670251804E+001,1.688761076133105E+002,
5.427174975562073E+009,-2.323081726222773E+001,1.484605122729305E+002,
5.431085043988270E+009,-2.337655117457805E+001,1.275292160118615E+002,
5.434995112414467E+009,-2.379563103545628E+001,1.072163783160840E+002,
5.438905180840665E+009,-2.402140897391016E+001,8.908862806310663E+001,
5.442815249266862E+009,-2.407288526975717E+001,7.094617802866057E+001,
5.446725317693060E+009,-2.418748726927611E+001,5.140518585637033E+001,
5.450635386119257E+009,-2.424956804211142E+001,3.228501955577051E+001,
5.454545454545454E+009,-2.433729372889795E+001,1.280592777550834E+001,
5.458455522971652E+009,-2.439685467170554E+001,-5.893444178560892E+000,
5.462365591397850E+009,-2.439312138726986E+001,-2.675350742790826E+001,
5.466275659824047E+009,-2.459238653783753E+001,-4.782087588526279E+001,
5.470185728250244E+009,-2.471491039805418E+001,-6.857839229376936E+001,
5.474095796676442E+009,-2.513947603217424E+001,-9.006710510900821E+001,
5.478005865102639E+009,-2.562884587832395E+001,-1.104477859071585E+002,
5.481915933528837E+009,-2.596970900069124E+001,-1.295530588372219E+002,
5.485826001955034E+009,-2.633554540402981E+001,-1.503015702309793E+002,
5.489736070381231E+009,-2.657320518925545E+001,-1.707023295118790E+002,
5.493646138807429E+009,-2.683052683882551E+001,1.695311212176741E+002,
5.497556207233626E+009,-2.721508079950847E+001,1.462364711447844E+002,
5.501466275659824E+009,-2.808021716572585E+001,1.262980777926113E+002,
5.505376344086021E+009,-2.867813103623139E+001,1.070346720441590E+002,
5.509286412512219E+009,-2.891788875942039E+001,8.721204885164576E+001,
5.513196480938417E+009,-2.936730374711461E+001,6.646756037981849E+001,
5.517106549364615E+009,-2.970912679260580E+001,4.451226141568958E+001,
5.521016617790812E+009,-3.030417332407465E+001,2.310832727735021E+001,
5.524926686217009E+009,-3.099487579249287E+001,2.314593403829515E+000,
5.528836754643207E+009,-3.153573985364141E+001,-2.006302186851215E+001,
5.532746823069404E+009,-3.242346057646354E+001,-4.376213992389982E+001,
5.536656891495602E+009,-3.290382744659259E+001,-6.308092858762684E+001,
5.540566959921799E+009,-3.323218704626324E+001,-8.532092648937064E+001,
5.544477028347996E+009,-3.380293771409917E+001,-1.093486383791442E+002,
5.548387096774194E+009,-3.434476876660719E+001,-1.336052317028952E+002,
5.552297165200391E+009,-3.510030630186067E+001,-1.584291254136460E+002,
5.556207233626589E+009,-3.557923973939428E+001,1.788428468448766E+002,
5.560117302052786E+009,-3.578463584509276E+001,1.527443364032236E+002,
5.564027370478983E+009,-3.638027006716698E+001,1.246968051051881E+002,
5.567937438905181E+009,-3.721828048376433E+001,1.002080391198391E+002,
5.571847507331378E+009,-3.758392042264168E+001,7.679794108834241E+001,
5.575757575757576E+009,-3.755074209956158E+001,5.358723347481492E+001,
5.579667644183773E+009,-3.733346491612957E+001,2.777800173106661E+001,
5.583577712609971E+009,-3.703027202755362E+001,1.747781969722509E+000,
5.587487781036168E+009,-3.696746954607161E+001,-2.576050049328311E+001,
5.591397849462366E+009,-3.712111204172626E+001,-5.160433593874625E+001,
5.595307917888563E+009,-3.751404320739117E+001,-7.612470749400654E+001,
5.599217986314760E+009,-3.787021829976000E+001,-9.798673191403957E+001,
5.603128054740958E+009,-3.837863353274151E+001,-1.165297425783464E+002,
5.607038123167155E+009,-3.824114803417316E+001,-1.330005815585126E+002,
5.610948191593353E+009,-3.789891756397451E+001,-1.498526848175023E+002,
5.614858260019550E+009,-3.729763153995711E+001,-1.676633890355605E+002,
5.618768328445747E+009,-3.657434147474525E+001,1.725950200711395E+002,
5.622678396871945E+009,-3.635995630295510E+001,1.504036857117233E+002,
5.626588465298142E+009,-3.615187087143619E+001,1.321598997268484E+002,
5.630498533724340E+009,-3.583031074980796E+001,1.102425114285230E+002,
5.634408602150538E+009,-3.635779976703869E+001,9.186319840510205E+001,
5.638318670576735E+009,-3.622036009673825E+001,7.846282820503288E+001,
5.642228739002933E+009,-3.560949065481496E+001,6.372014173805970E+001,
5.646138807429131E+009,-3.490157038355641E+001,4.504409407853647E+001,
5.650048875855328E+009,-3.439450505319750E+001,2.457864816564159E+001,
5.653958944281525E+009,-3.455622766363822E+001,6.882968274644176E+000,
5.657869012707723E+009,-3.442896695545570E+001,-8.435851066793456E+000,
5.661779081133920E+009,-3.376230065737117E+001,-2.220770507405777E+001,
5.665689149560118E+009,-3.264837351980162E+001,-3.855048580316370E+001,
5.669599217986315E+009,-3.158328072358237E+001,-6.017151276351756E+001,
5.673509286412512E+009,-3.079712780523873E+001,-8.242589523090940E+001,
5.677419354838710E+009,-3.055379160332036E+001,-1.076548606940761E+002,
5.681329423264907E+009,-3.092458483638985E+001,-1.296685150531297E+002,
5.685239491691105E+009,-3.119036742208917E+001,-1.503994293442030E+002,
5.689149560117302E+009,-3.192257785470039E+001,-1.685187940263262E+002,
5.693059628543499E+009,-3.209429363564524E+001,1.769294781520082E+002,
5.696969696969697E+009,-3.196816979259534E+001,1.619471943463297E+002,
5.700879765395895E+009,-3.165148799121046E+001,1.451803109506074E+002,
5.704789833822092E+009,-3.164351263149993E+001,1.292755310533655E+002,
5.708699902248289E+009,-3.103395355401271E+001,1.145784764011592E+002,
5.712609970674487E+009,-3.010842886826251E+001,9.691380375124722E+001,
5.716520039100684E+009,-2.959343159932373E+001,7.448858704074192E+001,
5.720430107526882E+009,-2.908031331521098E+001,5.392652699182168E+001,
5.724340175953079E+009,-2.900081942937465E+001,3.093017061815355E+001,
5.728250244379276E+009,-2.948491283474176E+001,8.035874038822415E+000,
5.732160312805474E+009,-3.032349597432137E+001,-1.032912763450055E+001,
5.736070381231671E+009,-3.052953594203519E+001,-2.368823340664696E+001,
5.739980449657869E+009,-3.052376362532462E+001,-3.987252468891499E+001,
5.743890518084066E+009,-3.008720797211363E+001,-5.438178068691717E+001,
5.747800586510263E+009,-2.971354352152835E+001,-7.308878957105193E+001,
5.751710654936461E+009,-2.952010069840139E+001,-9.182493726828768E+001,
5.755620723362660E+009,-2.933913931974426E+001,-1.094051895483633E+002,
5.759530791788857E+009,-2.899891752386342E+001,-1.286667835769529E+002,
5.763440860215054E+009,-2.883982912955408E+001,-1.487908639540560E+002,
5.767350928641252E+009,-2.922012832802817E+001,-1.691584511564044E+002,
5.771260997067449E+009,-2.929491360262404E+001,1.726887289486006E+002,
5.775171065493647E+009,-2.977369520894233E+001,1.530720742812190E+002,
5.779081133919844E+009,-2.976162732555946E+001,1.351175361900782E+002,
5.782991202346041E+009,-2.973950697626039E+001,1.191449991872032E+002,
5.786901270772239E+009,-2.988672062164690E+001,1.012770292916208E+002,
5.790811339198436E+009,-2.983202356619469E+001,8.730007829146389E+001,
5.794721407624634E+009,-2.938032930957750E+001,6.749166434113671E+001,
5.798631476050831E+009,-2.948127139756265E+001,4.821376015282716E+001,
5.802541544477028E+009,-2.978970554291071E+001,2.855897821746243E+001,
5.806451612903226E+009,-2.974021065953298E+001,1.097929617046501E+001,
5.810361681329423E+009,-3.009897144128188E+001,-6.817153231371265E+000,
5.814271749755621E+009,-3.039303299113029E+001,-2.347519763497886E+001,
5.818181818181818E+009,-3.033020212030697E+001,-4.075668254151722E+001,
5.822091886608016E+009,-3.052058163486640E+001,-5.641621539092308E+001,
5.826001955034213E+009,-3.068068502931820E+001,-7.353766667649184E+001,
5.829912023460411E+009,-3.088094682206029E+001,-9.076966690189161E+001,
5.833822091886608E+009,-3.089788140101776E+001,-1.046397637954650E+002,
5.837732160312805E+009,-3.074183206207985E+001,-1.216859448011433E+002,
5.841642228739003E+009,-3.057818504633946E+001,-1.386467018096803E+002,
5.845552297165200E+009,-3.042281493004136E+001,-1.557060493222935E+002,
5.849462365591398E+009,-3.039593985169005E+001,-1.737247837937316E+002,
5.853372434017595E+009,-3.047603864293544E+001,1.684526307907951E+002,
5.857282502443792E+009,-3.043880261638805E+001,1.511171534681977E+002,
5.861192570869990E+009,-3.053254869313463E+001,1.344771124073496E+002,
5.865102639296187E+009,-3.067071096463275E+001,1.158744768402748E+002,
5.869012707722385E+009,-3.098262144485755E+001,9.920412742275488E+001,
5.872922776148583E+009,-3.075783924139292E+001,8.547931491586557E+001,
5.876832844574780E+009,-3.045548156230464E+001,6.826681047859081E+001,
5.880742913000978E+009,-3.047083489128810E+001,4.960467356768493E+001,
5.884652981427176E+009,-3.064184100428257E+001,3.451032140110984E+001,
5.888563049853373E+009,-3.031001650031401E+001,1.690334854478349E+001,
5.892473118279570E+009,-3.019719065901018E+001,3.920169835838085E-001,
5.896383186705768E+009,-3.023510996112923E+001,-1.684750036593993E+001,
5.900293255131965E+009,-3.015428011376355E+001,-3.409922428287909E+001,
5.904203323558163E+009,-3.016866656326245E+001,-4.779417061006044E+001,
5.908113391984360E+009,-2.970886774492604E+001,-6.536036557893314E+001,
5.912023460410557E+009,-2.954819620373550E+001,-8.523441628479382E+001,
5.915933528836755E+009,-2.943216145782889E+001,-1.030426087918012E+002,
5.919843597262952E+009,-2.947821442391977E+001,-1.206947038685174E+002,
5.923753665689150E+009,-2.948995601592690E+001,-1.387898351705836E+002,
5.927663734115347E+009,-2.969384323934744E+001,-1.549759585594929E+002,
5.931573802541544E+009,-2.972806665208001E+001,-1.696893327635941E+002,
5.935483870967742E+009,-2.962786023381506E+001,1.750602280450820E+002,
5.939393939393940E+009,-2.942139119066124E+001,1.594936134462837E+002,
5.943304007820137E+009,-2.896174876949095E+001,1.428453543013358E+002,
5.947214076246334E+009,-2.858174964780828E+001,1.257705565265625E+002,
5.951124144672532E+009,-2.795595987204471E+001,1.075004509609362E+002,
5.955034213098729E+009,-2.783058682850328E+001,8.782255917999046E+001,
5.958944281524927E+009,-2.789113271869043E+001,6.989764901704012E+001,
5.962854349951124E+009,-2.785865021610020E+001,5.293555101449033E+001,
5.966764418377321E+009,-2.763790017230658E+001,3.620883247348665E+001,
5.970674486803519E+009,-2.727738138777450E+001,2.030660957535760E+001,
5.974584555229716E+009,-2.693683240004249E+001,1.432394964485589E+000,
5.978494623655914E+009,-2.662604259760446E+001,-1.586049372571466E+001,
5.982404692082111E+009,-2.620391955260448E+001,-3.481039604272683E+001,
5.986314760508308E+009,-2.584634124214502E+001,-5.438149617997483E+001,
5.990224828934506E+009,-2.573287446868354E+001,-7.537029059818809E+001,
5.994134897360704E+009,-2.566206880061140E+001,-9.556897696191561E+001,
5.998044965786902E+009,-2.569806269548704E+001,-1.144613783048008E+002,
6.001955034213099E+009,-2.572618452657800E+001,-1.331106146121382E+002,
6.005865102639297E+009,-2.565999620440174E+001,-1.524471971869815E+002,
6.009775171065494E+009,-2.592706811383780E+001,-1.713915245362563E+002,
6.013685239491692E+009,-2.600839844455096E+001,1.721069937589035E+002,
6.017595307917889E+009,-2.593537545540368E+001,1.546404056186003E+002,
6.021505376344086E+009,-2.585924684538611E+001,1.368435968021079E+002,
6.025415444770284E+009,-2.565764816125277E+001,1.198727709092849E+002,
6.029325513196481E+009,-2.530315925840735E+001,1.006197920484414E+002,
6.033235581622679E+009,-2.544238365359789E+001,8.079991760344618E+001,
6.037145650048876E+009,-2.549724087788255E+001,6.198847824615950E+001,
6.041055718475073E+009,-2.552549840021447E+001,4.338336983306824E+001,
6.044965786901271E+009,-2.555868377307345E+001,2.543836794734161E+001,
6.048875855327468E+009,-2.543152612044454E+001,8.288626212030405E+000,
6.052785923753666E+009,-2.536816398681996E+001,-1.068300279147015E+001,
6.056695992179863E+009,-2.545138924647266E+001,-2.914313383962448E+001,
6.060606060606061E+009,-2.544717193539569E+001,-4.664444011814092E+001,
6.064516129032258E+009,-2.518132411464468E+001,-6.424071817100295E+001,
6.068426197458456E+009,-2.497056438328097E+001,-8.295115626374989E+001,
6.072336265884653E+009,-2.492549106780856E+001,-1.031286110920205E+002,
6.076246334310850E+009,-2.496693984113647E+001,-1.223145073503290E+002,
6.080156402737048E+009,-2.500994087767512E+001,-1.422408908839139E+002,
6.084066471163245E+009,-2.510321735585162E+001,-1.606793907841852E+002,
6.087976539589443E+009,-2.514662064706565E+001,-1.790321536429482E+002,
6.091886608015640E+009,-2.499351217688249E+001,1.625353302272485E+002,
6.095796676441837E+009,-2.489899292122933E+001,1.438001583758570E+002,
6.099706744868035E+009,-2.490621855198221E+001,1.245558442108709E+002,
6.103616813294232E+009,-2.485192044653436E+001,1.055546027138846E+002,
6.107526881720430E+009,-2.486341558866825E+001,8.536863137265469E+001,
6.111436950146627E+009,-2.499389300622021E+001,6.608303742529041E+001,
6.115347018572825E+009,-2.510112503210568E+001,4.488289725203401E+001,
6.119257086999023E+009,-2.547642327363001E+001,2.469322580636042E+001,
6.123167155425221E+009,-2.603019839983973E+001,6.622446189780370E+000,
6.127077223851418E+009,-2.641459070271095E+001,-8.904979721801922E+000,
6.130987292277615E+009,-2.629237372972862E+001,-2.495834126759369E+001,
6.134897360703813E+009,-2.603150259859611E+001,-4.383890118761358E+001,
6.138807429130010E+009,-2.593983482293928E+001,-6.341528812030153E+001,
6.142717497556208E+009,-2.621286686931601E+001,-8.221538912270823E+001,
6.146627565982405E+009,-2.629860648346572E+001,-1.001209914447779E+002,
6.150537634408602E+009,-2.612610321452929E+001,-1.197026270313199E+002,
6.154447702834800E+009,-2.615057658219578E+001,-1.393166975249294E+002,
6.158357771260998E+009,-2.618477462678703E+001,-1.591888445725666E+002,
6.162267839687195E+009,-2.642708931711024E+001,-1.793498437619813E+002,
6.166177908113392E+009,-2.673425793552502E+001,1.605086589494753E+002,
6.170087976539589E+009,-2.709523411643270E+001,1.411511837035586E+002,
6.173998044965787E+009,-2.761030803124010E+001,1.234300941784866E+002,
6.177908113391985E+009,-2.782612237968382E+001,1.065814350209996E+002,
6.181818181818182E+009,-2.788349778063306E+001,8.834888296897961E+001,
6.185728250244379E+009,-2.819037331708828E+001,7.134001906585341E+001,
6.189638318670576E+009,-2.819687532624334E+001,5.441520799274607E+001,
6.193548387096774E+009,-2.783382570295114E+001,3.780039151970026E+001,
6.197458455522972E+009,-2.758189548351328E+001,1.735675701975529E+001,
6.201368523949169E+009,-2.772582174920324E+001,-3.422136659952810E+000,
6.205278592375366E+009,-2.800210685233734E+001,-2.332919455349558E+001,
6.209188660801564E+009,-2.824481718989171E+001,-4.116212037305011E+001,
6.213098729227762E+009,-2.816155624621104E+001,-5.999662261437259E+001,
6.217008797653959E+009,-2.813598471298384E+001,-7.908625665500904E+001,
6.220918866080156E+009,-2.834136309529722E+001,-9.950555904939735E+001,
6.224828934506353E+009,-2.854047474071658E+001,-1.193406371233218E+002,
6.228739002932551E+009,-2.880847285475083E+001,-1.388098446901003E+002,
6.232649071358749E+009,-2.905622614576264E+001,-1.571993591649861E+002,
6.236559139784946E+009,-2.899163415030070E+001,-1.759006323153314E+002,
6.240469208211144E+009,-2.903054129443752E+001,1.638367054592029E+002,
6.244379276637341E+009,-2.927624386249627E+001,1.430533734484035E+002,
6.248289345063539E+009,-2.964832556618738E+001,1.238132076622435E+002,
6.252199413489737E+009,-2.961504883957217E+001,1.049728729654558E+002,
6.256109481915934E+009,-2.950385197696934E+001,8.389773060767311E+001,
6.260019550342131E+009,-2.956097804698107E+001,6.398581634027978E+001,
6.263929618768329E+009,-2.957245709579725E+001,4.326288301147793E+001,
6.267839687194526E+009,-2.974437199034857E+001,1.869410923150634E+001,
6.271749755620724E+009,-3.055389796192351E+001,-2.830036221209171E+000,
6.275659824046921E+009,-3.107622417185653E+001,-2.270901629549596E+001,
6.279569892473118E+009,-3.155970199109962E+001,-4.209758394171857E+001,
6.283479960899316E+009,-3.201194360656181E+001,-6.346901987833764E+001,
6.287390029325514E+009,-3.275337149530986E+001,-8.348239694460604E+001,
6.291300097751711E+009,-3.325511239813223E+001,-1.021471349829245E+002,
6.295210166177908E+009,-3.362325732303988E+001,-1.194336361246327E+002,
6.299120234604105E+009,-3.341631819263419E+001,-1.366648947239310E+002,
6.303030303030303E+009,-3.334190837780775E+001,-1.586577572339456E+002,
6.306940371456501E+009,-3.331235660770085E+001,1.789586352429737E+002,
6.310850439882698E+009,-3.354499563617034E+001,1.543863756224118E+002,
6.314760508308895E+009,-3.416653262089130E+001,1.306354710856413E+002,
6.318670576735093E+009,-3.477980863897226E+001,1.090337243180754E+002,
6.322580645161290E+009,-3.550518097831092E+001,8.707775042051600E+001,
6.326490713587488E+009,-3.591953131612709E+001,6.560017468990448E+001,
6.330400782013685E+009,-3.669594398666596E+001,4.153286981434910E+001,
6.334310850439882E+009,-3.793704556437654E+001,1.948074432570296E+001,
6.338220918866080E+009,-3.976809817774884E+001,1.566432514185508E+000,
6.342130987292278E+009,-3.999186900190230E+001,-5.765907438883595E+000,
6.346041055718475E+009,-3.953103030317912E+001,-2.242682905018529E+001,
6.349951124144672E+009,-3.889879714182646E+001,-4.099745374366083E+001,
6.353861192570869E+009,-3.844622882357504E+001,-6.567643969736237E+001,
6.357771260997068E+009,-3.856864267898737E+001,-9.091396833508280E+001,
6.361681329423266E+009,-3.887249957040870E+001,-1.146222459927336E+002,
6.365591397849463E+009,-3.953744634629962E+001,-1.393371177403992E+002,
6.369501466275660E+009,-4.070483376603588E+001,-1.594229187234532E+002,
6.373411534701857E+009,-4.144454476581686E+001,-1.777437475442173E+002,
6.377321603128055E+009,-4.200198854987298E+001,1.659090966856651E+002,
6.381231671554253E+009,-4.214470234334047E+001,1.463553665963716E+002,
6.385141739980450E+009,-4.359481218314222E+001,1.319450830278210E+002,
6.389051808406647E+009,-4.308183977050416E+001,1.234293139900261E+002,
6.392961876832845E+009,-4.244172289577379E+001,1.108421029900072E+002,
6.396871945259043E+009,-4.089550278640905E+001,9.547309918056048E+001,
6.400782013685240E+009,-3.975301766278993E+001,7.351269798751767E+001,
6.404692082111437E+009,-3.885885011312268E+001,5.031376049213525E+001,
6.408602150537634E+009,-3.898250329020793E+001,2.682872220148484E+001,
6.412512218963832E+009,-3.881100588257212E+001,6.287246947965964E+000,
6.416422287390030E+009,-3.873478073394367E+001,-1.117382013518323E+001,
6.420332355816227E+009,-3.791178517934942E+001,-2.887187754812736E+001,
6.424242424242424E+009,-3.730745737892167E+001,-5.076309012208169E+001,
6.428152492668621E+009,-3.685900071580655E+001,-7.356183272372107E+001,
6.432062561094819E+009,-3.677544472845957E+001,-9.535731716229579E+001,
6.435972629521017E+009,-3.706658805166114E+001,-1.164679171297661E+002,
6.439882697947214E+009,-3.726574101518892E+001,-1.343696255378316E+002,
6.443792766373411E+009,-3.716918110813474E+001,-1.490564148370632E+002,
6.447702834799609E+009,-3.625714639846567E+001,-1.653287148069103E+002,
6.451612903225807E+009,-3.546083619986756E+001,1.744631705843645E+002,
6.455522971652004E+009,-3.462662344326152E+001,1.522381262762546E+002,
6.459433040078201E+009,-3.432275500595026E+001,1.271319218704648E+002,
6.463343108504398E+009,-3.460948176926758E+001,1.041130701273895E+002,
6.467253176930596E+009,-3.509784904152152E+001,8.419272077345799E+001,
6.471163245356794E+009,-3.496335691943943E+001,6.726332073270829E+001,
6.475073313782991E+009,-3.474050488336965E+001,4.756535965332481E+001,
6.478983382209189E+009,-3.467911026180363E+001,2.724962152199290E+001,
6.482893450635386E+009,-3.495142745462209E+001,5.690326542949303E+000,
6.486803519061584E+009,-3.568775897730772E+001,-1.197943027938049E+001,
6.490713587487782E+009,-3.575769125580870E+001,-2.387079979804501E+001,
6.494623655913979E+009,-3.499359233530299E+001,-3.922605215578012E+001,
6.498533724340176E+009,-3.417920976326328E+001,-5.801470846810445E+001,
6.502443792766374E+009,-3.361484750441322E+001,-8.094790863458029E+001,
6.506353861192571E+009,-3.390552684351589E+001,-1.040220265826521E+002,
6.510263929618769E+009,-3.435371553329593E+001,-1.231467969824373E+002,
6.514173998044966E+009,-3.457960564914816E+001,-1.387377779725518E+002,
6.518084066471163E+009,-3.421382144212745E+001,-1.556083197949919E+002,
6.521994134897361E+009,-3.374448249485090E+001,-1.762367969721981E+002,
6.525904203323559E+009,-3.419211133555262E+001,1.619569577598713E+002,
6.529814271749756E+009,-3.488228429725753E+001,1.443325926941050E+002,
6.533724340175953E+009,-3.510981410133501E+001,1.322831227857164E+002,
6.537634408602150E+009,-3.436463247816155E+001,1.174628217608013E+002,
6.541544477028348E+009,-3.389579379248480E+001,9.665414629627007E+001,
6.545454545454546E+009,-3.385937479963580E+001,7.597901496455037E+001,
6.549364613880743E+009,-3.425112198850405E+001,5.659658139303867E+001,
6.553274682306940E+009,-3.448471666554453E+001,4.123888588838278E+001,
6.557184750733138E+009,-3.436650737239933E+001,2.602441545535361E+001,
6.561094819159335E+009,-3.396696893079871E+001,8.852255079844957E+000,
6.565004887585533E+009,-3.367333781143866E+001,-1.051466164566900E+001,
6.568914956011730E+009,-3.387446010934967E+001,-2.987581529782844E+001,
6.572825024437927E+009,-3.393769307164935E+001,-4.660476109283774E+001,
6.576735092864125E+009,-3.374764922610986E+001,-6.404359724176432E+001,
6.580645161290323E+009,-3.351201949237421E+001,-8.200440721595433E+001,
6.584555229716520E+009,-3.354864899262311E+001,-1.028011952336226E+002,
6.588465298142717E+009,-3.393947731984694E+001,-1.202734953283288E+002,
6.592375366568914E+009,-3.399957908767789E+001,-1.375853295135197E+002,
6.596285434995112E+009,-3.419864352483846E+001,-1.549519754112869E+002,
6.600195503421310E+009,-3.442243621161765E+001,-1.717092356092707E+002,
6.604105571847508E+009,-3.460169169877849E+001,1.730909230752365E+002,
6.608015640273705E+009,-3.448891416037984E+001,1.565444583894463E+002,
6.611925708699902E+009,-3.488688091016371E+001,1.417462482249652E+002,
6.615835777126100E+009,-3.468090251877958E+001,1.301998371727160E+002,
6.619745845552298E+009,-3.368325741755889E+001,1.168116468075786E+002,
6.623655913978495E+009,-3.269905954915734E+001,9.736550949240545E+001,
6.627565982404692E+009,-3.214196237627758E+001,7.619456655345647E+001,
6.631476050830890E+009,-3.210500179768913E+001,5.514410677016856E+001,
6.635386119257088E+009,-3.187977336542671E+001,3.576751599393400E+001,
6.639296187683285E+009,-3.188869385557193E+001,1.456323111734542E+001,
6.643206256109482E+009,-3.229213794304518E+001,-5.995574244711916E+000,
6.647116324535679E+009,-3.279430079328633E+001,-2.242101415101302E+001,
6.651026392961877E+009,-3.278044808480355E+001,-4.033231621193096E+001,
6.654936461388075E+009,-3.341238515944362E+001,-5.667560228670844E+001,
6.658846529814272E+009,-3.351011307652445E+001,-6.855289018586711E+001,
6.662756598240469E+009,-3.293699522270003E+001,-8.183000085036572E+001,
6.666666666666666E+009,-3.209021619315983E+001,-9.822316663578073E+001,
6.670576735092864E+009,-3.133898035132443E+001,-1.185975439684107E+002,
6.674486803519062E+009,-3.104850899651505E+001,-1.398125568798886E+002,
6.678396871945259E+009,-3.098473584582012E+001,-1.610776341886503E+002,
6.682306940371456E+009,-3.101472601720828E+001,1.784235637048134E+002,
6.686217008797654E+009,-3.124025858626673E+001,1.569147136337013E+002,
6.690127077223852E+009,-3.201501441508739E+001,1.376679843536788E+002,
6.694037145650049E+009,-3.253368901686331E+001,1.222818262732116E+002,
6.697947214076246E+009,-3.280106653491408E+001,1.069823542418639E+002,
6.701857282502443E+009,-3.291893836127404E+001,9.375610937233552E+001,
6.705767350928641E+009,-3.225517079892629E+001,7.997377197216839E+001,
6.709677419354839E+009,-3.155851980557140E+001,6.123120224646420E+001,
6.713587487781036E+009,-3.116760495779244E+001,4.091462256419958E+001,
6.717497556207233E+009,-3.087720372889433E+001,1.850721922160044E+001,
6.721407624633431E+009,-3.130447771762250E+001,-3.558127835561456E+000,
6.725317693059629E+009,-3.201057137365319E+001,-2.297999919759967E+001,
6.729227761485827E+009,-3.268063288599217E+001,-3.909347626069777E+001,
6.733137829912024E+009,-3.303691327649722E+001,-5.488899609254717E+001,
6.737047898338221E+009,-3.339411620640203E+001,-6.992856839985531E+001,
6.740957966764419E+009,-3.343934847549870E+001,-8.404952417415255E+001,
6.744868035190616E+009,-3.347732748210730E+001,-9.765754096914699E+001,
6.748778103616814E+009,-3.314121650015684E+001,-1.111029176132706E+002,
6.752688172043011E+009,-3.235833016329784E+001,-1.262260921764577E+002,
6.756598240469208E+009,-3.161945028151073E+001,-1.456515062415634E+002,
6.760508308895406E+009,-3.131043596449581E+001,-1.669068284583324E+002,
6.764418377321604E+009,-3.131288279919935E+001,1.717791121107801E+002,
6.768328445747801E+009,-3.185316914433654E+001,1.517097277965517E+002,
6.772238514173998E+009,-3.235265913193938E+001,1.351041270489924E+002,
6.776148582600195E+009,-3.279857043587227E+001,1.198080229558671E+002,
6.780058651026393E+009,-3.303475356678330E+001,1.057639751273285E+002,
6.783968719452591E+009,-3.302861515411574E+001,9.296826548797029E+001,
6.787878787878788E+009,-3.259038702830569E+001,8.026118823100728E+001,
6.791788856304985E+009,-3.175217201182823E+001,6.560328571703136E+001,
6.795698924731183E+009,-3.079971287206043E+001,4.723260876955418E+001,
6.799608993157380E+009,-3.025923439468130E+001,2.727310808455540E+001,
6.803519061583578E+009,-2.988989037908091E+001,6.077042860811098E+000,
6.807429130009775E+009,-2.991734414901984E+001,-1.551671657999560E+001,
6.811339198435972E+009,-3.024789553707325E+001,-3.366456242742458E+001,
6.815249266862170E+009,-3.033786333968072E+001,-5.077387511938775E+001,
6.819159335288368E+009,-3.038511481335186E+001,-6.710703387338033E+001,
6.823069403714565E+009,-3.012339580791114E+001,-8.287789826583376E+001,
6.826979472140762E+009,-2.971603186379091E+001,-1.006207289356930E+002,
6.830889540566959E+009,-2.930013447379501E+001,-1.184314572405879E+002,
6.834799608993157E+009,-2.888115042722195E+001,-1.368209724654053E+002,
6.838709677419355E+009,-2.858948812955467E+001,-1.569715212642946E+002,
6.842619745845552E+009,-2.861615202642448E+001,-1.783175621729242E+002,
6.846529814271750E+009,-2.866067804236643E+001,1.627794306249102E+002,
6.850439882697948E+009,-2.861426111636343E+001,1.438230505923003E+002,
6.854349951124145E+009,-2.864148095396438E+001,1.237916473329173E+002,
6.858260019550343E+009,-2.861208676591850E+001,1.045745466989750E+002,
6.862170087976540E+009,-2.891419197681611E+001,8.567838182049495E+001,
6.866080156402737E+009,-2.891934647914367E+001,6.990844672274123E+001,
6.869990224828935E+009,-2.877045073673117E+001,5.336003688403510E+001,
6.873900293255133E+009,-2.839613287418940E+001,3.496420904839225E+001,
6.877810361681330E+009,-2.800755150277162E+001,1.515303687769974E+001,
6.881720430107527E+009,-2.783148472354165E+001,-4.351019414353362E+000,
6.885630498533724E+009,-2.779968859646539E+001,-2.557465769724245E+001,
6.889540566959922E+009,-2.784778131595281E+001,-4.499099831513494E+001,
6.893450635386120E+009,-2.786522466348224E+001,-6.624556978887003E+001,
6.897360703812317E+009,-2.807651392965726E+001,-8.624892281331022E+001,
6.901270772238514E+009,-2.817684288099969E+001,-1.049057220435016E+002,
6.905180840664711E+009,-2.838719894876235E+001,-1.244975369800876E+002,
6.909090909090909E+009,-2.862070567598434E+001,-1.430873752230596E+002,
6.913000977517107E+009,-2.901445076840780E+001,-1.611043572909037E+002,
6.916911045943304E+009,-2.899287541648378E+001,-1.780282946229378E+002,
6.920821114369501E+009,-2.884800943093945E+001,1.642463262801310E+002,
6.924731182795699E+009,-2.876116573970016E+001,1.453407826945930E+002,
6.928641251221897E+009,-2.860756554211242E+001,1.265834029112803E+002,
6.932551319648094E+009,-2.874494164943053E+001,1.060806444946111E+002,
6.936461388074291E+009,-2.882792123736701E+001,8.520593998238375E+001,
6.940371456500488E+009,-2.895862350883323E+001,6.417974746039877E+001,
6.944281524926686E+009,-2.926541401726688E+001,4.603363053536248E+001,
6.948191593352884E+009,-2.936846437370795E+001,2.712931857095773E+001,
6.952101661779081E+009,-2.948538101492363E+001,7.386036213873534E+000,
6.956011730205278E+009,-2.985597029595979E+001,-1.061145295762004E+001,
6.959921798631475E+009,-3.030377837809552E+001,-2.790162595091064E+001,
6.963831867057674E+009,-3.042301547718704E+001,-4.424288760597511E+001,
6.967741935483872E+009,-2.996752847187864E+001,-6.164647905112408E+001,
6.971652003910069E+009,-2.999806333066253E+001,-8.351339107411243E+001,
6.975562072336266E+009,-2.996917414156231E+001,-1.019752312438240E+002,
6.979472140762464E+009,-2.990007103798747E+001,-1.213381830896617E+002,
6.983382209188661E+009,-2.984940011082063E+001,-1.409230930568442E+002,
6.987292277614859E+009,-3.015287722692148E+001,-1.612456220201110E+002,
6.991202346041056E+009,-3.005259774325391E+001,1.771231679430570E+002,
6.995112414467253E+009,-3.012381249652601E+001,1.566115734605406E+002,
6.999022482893451E+009,-3.053805322462481E+001,1.375815023297317E+002,
7.002932551319649E+009,-3.068442339413111E+001,1.187069849173609E+002,
7.006842619745846E+009,-3.072098424731702E+001,1.001906837265035E+002,
7.010752688172043E+009,-3.079972976444881E+001,7.922547427175542E+001,
7.014662756598240E+009,-3.082582101914888E+001,5.746332019112880E+001,
7.018572825024438E+009,-3.130007066712877E+001,3.750891679600569E+001,
7.022482893450636E+009,-3.170140112862111E+001,1.932767474991048E+001,
7.026392961876833E+009,-3.144265012483402E+001,5.585709294127187E-001,
7.030303030303030E+009,-3.144754636446450E+001,-1.957832672113069E+001,
7.034213098729228E+009,-3.156890621193650E+001,-4.081985235856129E+001,
7.038123167155425E+009,-3.177221656623649E+001,-6.244676731482655E+001,
7.042033235581623E+009,-3.221861896422821E+001,-8.277225371390411E+001,
7.045943304007820E+009,-3.224425200602617E+001,-1.033293868728435E+002,
7.049853372434017E+009,-3.221137980368280E+001,-1.229087060030113E+002,
7.053763440860215E+009,-3.231838064802390E+001,-1.418443895226906E+002,
7.057673509286413E+009,-3.201080806979417E+001,-1.634935798286107E+002,
7.061583577712610E+009,-3.246870841974693E+001,1.736772196636323E+002,
7.065493646138807E+009,-3.294200630634509E+001,1.543327672364428E+002,
7.069403714565004E+009,-3.294929819090866E+001,1.362522389917026E+002,
7.073313782991202E+009,-3.260470693664168E+001,1.158221841212384E+002,
7.077223851417400E+009,-3.258781828830306E+001,9.360840909925034E+001,
7.081133919843597E+009,-3.281909501714269E+001,7.269664552182644E+001,
7.085043988269795E+009,-3.289528979326549E+001,5.303525867982713E+001,
7.088954056695993E+009,-3.270336689455056E+001,3.316386839464491E+001,
7.092864125122190E+009,-3.238113265877046E+001,1.216967426688466E+001,
7.096774193548388E+009,-3.217043263081214E+001,-1.000778969995427E+001,
7.100684261974585E+009,-3.194951757148260E+001,-3.256548792176530E+001,
7.104594330400782E+009,-3.189969497499762E+001,-5.569854549815314E+001,
7.108504398826980E+009,-3.192687789243106E+001,-7.817060775773345E+001,
7.112414467253178E+009,-3.193331431854086E+001,-1.011224063913549E+002,
7.116324535679375E+009,-3.219504354607664E+001,-1.242038241143187E+002,
7.120234604105572E+009,-3.247041878859802E+001,-1.446113434381442E+002,
7.124144672531769E+009,-3.253402887241117E+001,-1.658355148396098E+002,
7.128054740957967E+009,-3.278902371038627E+001,1.732967474601421E+002,
7.131964809384165E+009,-3.278926095391947E+001,1.532818197083533E+002,
7.135874877810362E+009,-3.294660428506476E+001,1.316125604122912E+002,
7.139784946236559E+009,-3.336139209567523E+001,1.134173546827180E+002,
7.143695014662756E+009,-3.322475932602774E+001,9.547383591643528E+001,
7.147605083088954E+009,-3.304997517197241E+001,7.620288483392287E+001,
7.151515151515152E+009,-3.280010404354850E+001,5.682825336711519E+001,
7.155425219941349E+009,-3.250241281718374E+001,3.627813829622239E+001,
7.159335288367546E+009,-3.235510726582411E+001,1.512923114989634E+001,
7.163245356793744E+009,-3.233373205723193E+001,-5.677250640968449E+000,
7.167155425219942E+009,-3.242102499135248E+001,-2.605224387300994E+001,
7.171065493646139E+009,-3.251042114181063E+001,-4.653508438131716E+001,
7.174975562072336E+009,-3.262384330709662E+001,-6.695966087171591E+001,
7.178885630498533E+009,-3.289475519847109E+001,-8.666657708922662E+001,
7.182795698924731E+009,-3.326669983660487E+001,-1.043243602873914E+002,
7.186705767350929E+009,-3.311957982179064E+001,-1.202475966311211E+002,
7.190615835777126E+009,-3.280516964180792E+001,-1.385962227020493E+002,
7.194525904203323E+009,-3.253549143988238E+001,-1.574643120706555E+002,
7.198435972629520E+009,-3.235112270935880E+001,-1.766406616273186E+002,
7.202346041055718E+009,-3.219317068810219E+001,1.636548603527152E+002,
7.206256109481916E+009,-3.209619502114133E+001,1.437468759905443E+002,
7.210166177908114E+009,-3.226580427783840E+001,1.244331046951438E+002,
7.214076246334311E+009,-3.224884052895759E+001,1.068720900190117E+002,
7.217986314760509E+009,-3.209302170970601E+001,8.848491215624010E+001,
7.221896383186706E+009,-3.190070789085605E+001,7.020914024795782E+001,
7.225806451612904E+009,-3.171096405382136E+001,5.123259182891165E+001,
7.229716520039101E+009,-3.163646461637820E+001,3.170520799599875E+001,
7.233626588465298E+009,-3.157848774058449E+001,1.235827539237305E+001,
7.237536656891496E+009,-3.165705123299150E+001,-6.404882781547095E+000,
7.241446725317694E+009,-3.165189388926353E+001,-2.439151679100958E+001,
7.245356793743891E+009,-3.162999019935209E+001,-4.259975834272112E+001,
7.249266862170088E+009,-3.149772455242702E+001,-6.091757807329580E+001,
7.253176930596285E+009,-3.144672079710389E+001,-7.956592570803366E+001,
7.257086999022483E+009,-3.152490972118601E+001,-9.734724075737265E+001,
7.260997067448681E+009,-3.130141190908399E+001,-1.150257155293025E+002,
7.264907135874878E+009,-3.105591128746785E+001,-1.341288750627100E+002,
7.268817204301075E+009,-3.098435273342666E+001,-1.538093031631929E+002,
7.272727272727273E+009,-3.097351889770737E+001,-1.723615853058876E+002,
7.276637341153470E+009,-3.104132509732761E+001,1.683248029890767E+002,
7.280547409579668E+009,-3.107702322879755E+001,1.501507701740184E+002,
7.284457478005865E+009,-3.127849884096636E+001,1.315314382749133E+002,
7.288367546432062E+009,-3.131807149382901E+001,1.142261075471542E+002,
7.292277614858260E+009,-3.142845306959085E+001,9.758735119502430E+001,
7.296187683284458E+009,-3.132458463018126E+001,8.078405355829686E+001,
7.300097751710655E+009,-3.117432915033121E+001,6.369351698117097E+001,
7.304007820136852E+009,-3.092914602366624E+001,4.561371782238003E+001,
7.307917888563049E+009,-3.088460455089803E+001,2.680296014622213E+001,
7.311827956989247E+009,-3.092487797509591E+001,8.905663506759652E+000,
7.315738025415445E+009,-3.078039460767865E+001,-9.252347671536576E+000,
7.319648093841642E+009,-3.084807377791328E+001,-2.831278012836738E+001,
7.323558162267839E+009,-3.082444308389286E+001,-4.591175690377282E+001,
7.327468230694037E+009,-3.080815996002434E+001,-6.394212466402941E+001,
7.331378299120235E+009,-3.079936724787178E+001,-8.156359225731715E+001,
7.335288367546433E+009,-3.083024145350856E+001,-9.898504635503200E+001,
7.339198435972630E+009,-3.082499809878737E+001,-1.150523093075473E+002,
7.343108504398827E+009,-3.050263949603314E+001,-1.312122314164254E+002,
7.347018572825025E+009,-3.000272028015978E+001,-1.496708451557890E+002,
7.350928641251223E+009,-2.980470109674022E+001,-1.700953448186898E+002,
7.354838709677420E+009,-2.987251999739201E+001,1.707596001681341E+002,
7.358748778103617E+009,-2.988425296382837E+001,1.526431572375471E+002,
7.362658846529814E+009,-2.985019303059902E+001,1.340363845467275E+002,
7.366568914956012E+009,-2.989493849821781E+001,1.152516327913648E+002,
7.370478983382210E+009,-3.003269350146238E+001,9.741826443080784E+001,
7.374389051808407E+009,-2.997166320401780E+001,8.012539813788803E+001,
7.378299120234604E+009,-2.990178208306644E+001,6.183399094298081E+001,
7.382209188660801E+009,-3.000443265005035E+001,4.438345337988206E+001,
7.386119257086999E+009,-2.993353114714206E+001,2.765349069477352E+001,
7.390029325513197E+009,-2.959800701840335E+001,9.721268343136822E+000,
7.393939393939394E+009,-2.947356450119866E+001,-9.141014111604255E+000,
7.397849462365591E+009,-2.943121160917383E+001,-2.805350728392167E+001,
7.401759530791789E+009,-2.922621007453665E+001,-4.560149977508136E+001,
7.405669599217987E+009,-2.914089561053963E+001,-6.664773838605944E+001,
7.409579667644184E+009,-2.945272841493831E+001,-8.536367764510626E+001,
7.413489736070381E+009,-2.966871705084184E+001,-1.043805325482149E+002,
7.417399804496578E+009,-2.968925712195092E+001,-1.223567457428299E+002,
7.421309872922776E+009,-3.008490233838497E+001,-1.403868366567728E+002,
7.425219941348974E+009,-3.028158938397779E+001,-1.572191484344915E+002,
7.429130009775171E+009,-3.042941563708183E+001,-1.723793978708085E+002,
7.433040078201368E+009,-2.990716618915303E+001,1.720753957253082E+002,
7.436950146627565E+009,-2.944495538750903E+001,1.526293547691751E+002,
7.440860215053763E+009,-2.915843012399422E+001,1.315917369429427E+002,
7.444770283479961E+009,-2.926252741240393E+001,1.117318168759616E+002,
7.448680351906158E+009,-2.953764335837787E+001,9.203060855120742E+001,
7.452590420332356E+009,-3.024476073880735E+001,7.302182216897782E+001,
7.456500488758554E+009,-3.079576644985851E+001,5.619492443888683E+001,
7.460410557184751E+009,-3.081596333950406E+001,4.056383746651117E+001,
7.464320625610949E+009,-3.095699357095606E+001,2.263388326898942E+001,
7.468230694037146E+009,-3.133634522352960E+001,6.677084317405743E+000,
7.472140762463343E+009,-3.110918206456144E+001,-7.568029416264343E+000,
7.476050830889541E+009,-3.102941789006941E+001,-2.467856888524797E+001,
7.479960899315739E+009,-3.047438618850409E+001,-4.261153342042297E+001,
7.483870967741936E+009,-3.017928988190819E+001,-6.051257983743489E+001,
7.487781036168133E+009,-3.008632196209516E+001,-8.002556842908857E+001,
7.491691104594330E+009,-3.025664853035909E+001,-1.002509095844498E+002,
7.495601173020528E+009,-3.038937499487811E+001,-1.197629181931169E+002,
7.499511241446726E+009,-3.081396277441106E+001,-1.362156905562759E+002,
7.503421309872923E+009,-3.085488853607267E+001,-1.519538916769698E+002,
7.507331378299120E+009,-3.074696187356845E+001,-1.695966953865097E+002,
7.511241446725318E+009,-3.113827680319369E+001,1.717066972713735E+002,
7.515151515151515E+009,-3.110885692298071E+001,1.581042015167847E+002,
7.519061583577713E+009,-3.071313440777983E+001,1.429840953973087E+002,
7.522971652003910E+009,-3.014681387490253E+001,1.243666995933115E+002,
7.526881720430107E+009,-3.000248292778615E+001,1.037982519450057E+002,
7.530791788856305E+009,-2.983439693640030E+001,8.404301718817644E+001,
7.534701857282503E+009,-2.995919309526350E+001,6.476845055673837E+001,
7.538611925708700E+009,-3.019695972126730E+001,4.690457067471188E+001,
7.542521994134897E+009,-3.030379081580277E+001,3.009999025771821E+001,
7.546432062561094E+009,-3.031681375050018E+001,1.300286582277207E+001,
7.550342130987292E+009,-3.012505914923064E+001,-6.091765547430653E+000,
7.554252199413490E+009,-3.024514864966147E+001,-2.340028070287131E+001,
7.558162267839687E+009,-3.035680862295377E+001,-4.077605058130111E+001,
7.562072336265884E+009,-2.992964869180127E+001,-5.745623998381738E+001,
7.565982404692082E+009,-2.949550304301156E+001,-7.645215606212027E+001,
7.569892473118280E+009,-2.950532858322473E+001,-9.875526826720125E+001,
7.573802541544478E+009,-2.984994214528225E+001,-1.180617563239575E+002,
7.577712609970675E+009,-2.978464588460618E+001,-1.371933030254344E+002,
7.581622678396872E+009,-3.007832901615778E+001,-1.562669937177171E+002,
7.585532746823070E+009,-3.033685869086049E+001,-1.740260105595368E+002,
7.589442815249268E+009,-3.054636122803458E+001,1.675314111824169E+002,
7.593352883675465E+009,-3.047891073798181E+001,1.533308749517262E+002,
7.597262952101662E+009,-3.006248243354814E+001,1.364240953170260E+002,
7.601173020527859E+009,-3.002154846805794E+001,1.184856721837131E+002,
7.605083088954057E+009,-2.953911577032367E+001,9.933699802851697E+001,
7.608993157380255E+009,-2.931086820187335E+001,7.993977457742932E+001,
7.612903225806452E+009,-2.932033591862567E+001,5.808788635207340E+001,
7.616813294232649E+009,-2.929832577033838E+001,3.685014532872098E+001,
7.620723362658846E+009,-2.974272515507921E+001,1.407523176986386E+001,
7.624633431085044E+009,-3.057789477075610E+001,-5.281415300207854E+000,
7.628543499511242E+009,-3.100897492001916E+001,-2.136323200494132E+001,
7.632453567937439E+009,-3.115597066592363E+001,-3.801316657800220E+001,
7.636363636363636E+009,-3.110588895638660E+001,-5.462687936511496E+001,
7.640273704789834E+009,-3.103996342851601E+001,-7.071405752460794E+001,
7.644183773216032E+009,-3.117994237701733E+001,-8.896978246683796E+001,
7.648093841642229E+009,-3.085249120455964E+001,-1.062866863966566E+002,
7.652003910068426E+009,-3.044330803198263E+001,-1.268296172366278E+002,
7.655913978494623E+009,-3.041763231306476E+001,-1.468762198224505E+002,
7.659824046920821E+009,-3.037021114390492E+001,-1.657605998669145E+002,
7.663734115347019E+009,-3.033291612729571E+001,1.734415019988961E+002,
7.667644183773216E+009,-3.071195494957611E+001,1.529841660007977E+002,
7.671554252199413E+009,-3.128432425659544E+001,1.340740750985551E+002,
7.675464320625610E+009,-3.158749165374179E+001,1.179617982777505E+002,
7.679374389051808E+009,-3.164866150835102E+001,1.005181544637490E+002,
7.683284457478006E+009,-3.143767576001924E+001,8.007808941220584E+001,
7.687194525904203E+009,-3.187512907067265E+001,6.186328532099183E+001,
7.691104594330401E+009,-3.202679661737862E+001,4.553008886456522E+001,
7.695014662756599E+009,-3.179924282496172E+001,2.819475411800647E+001,
7.698924731182797E+009,-3.152384467952352E+001,7.505406531320872E+000,
7.702834799608994E+009,-3.160032876731322E+001,-1.300714753663259E+001,
7.706744868035191E+009,-3.190911481424704E+001,-3.433136823615747E+001,
7.710654936461388E+009,-3.239372644949270E+001,-5.193383996725977E+001,
7.714565004887586E+009,-3.260550211126670E+001,-6.811711902202795E+001,
7.718475073313784E+009,-3.255875545765210E+001,-8.410765817484105E+001,
7.722385141739981E+009,-3.212382588192216E+001,-1.015865154735473E+002,
7.726295210166178E+009,-3.178790028661839E+001,-1.216944780262965E+002,
7.730205278592375E+009,-3.167249006775342E+001,-1.422796419318324E+002,
7.734115347018573E+009,-3.164536794710577E+001,-1.625093092384202E+002,
7.738025415444771E+009,-3.148146625892909E+001,1.762904904196060E+002,
7.741935483870968E+009,-3.168758737502121E+001,1.544847854171082E+002,
7.745845552297165E+009,-3.202870890139525E+001,1.352833892120934E+002,
7.749755620723363E+009,-3.221790310621677E+001,1.155983056303808E+002,
7.753665689149560E+009,-3.244483626895607E+001,9.678738532399926E+001,
7.757575757575758E+009,-3.258477371744221E+001,7.875779905975412E+001,
7.761485826001955E+009,-3.251904874295312E+001,6.092055215730240E+001,
7.765395894428152E+009,-3.225184882470964E+001,4.238777964132170E+001,
7.769305962854350E+009,-3.199575053410447E+001,2.231824372906369E+001,
7.773216031280548E+009,-3.179018723187266E+001,2.364380324958185E+000,
7.777126099706745E+009,-3.137076328470961E+001,-1.925589896893918E+001,
7.781036168132942E+009,-3.122106853579469E+001,-4.239002191054014E+001,
7.784946236559139E+009,-3.138497620359302E+001,-6.579371501325220E+001,
7.788856304985337E+009,-3.168158922695902E+001,-8.817617886738802E+001,
7.792766373411535E+009,-3.202302397269531E+001,-1.091996615980023E+002,
7.796676441837732E+009,-3.247246751919564E+001,-1.301784651077117E+002,
7.800586510263929E+009,-3.297099778376511E+001,-1.490949981295500E+002,
7.804496578690127E+009,-3.330393227085934E+001,-1.672670133516020E+002,
7.808406647116324E+009,-3.345562562569410E+001,1.760390966122635E+002,
7.812316715542522E+009,-3.331607444611699E+001,1.578767150347025E+002,
7.816226783968720E+009,-3.294299144242122E+001,1.403233740493681E+002,
7.820136852394917E+009,-3.232210393471733E+001,1.203953496370358E+002,
7.824046920821115E+009,-3.177980439404454E+001,9.745440927907384E+001,
7.827956989247313E+009,-3.170731544588334E+001,7.304833975141223E+001,
7.831867057673510E+009,-3.205102648736167E+001,4.911122255759057E+001,
7.835777126099707E+009,-3.249608405334512E+001,2.803256526026517E+001,
7.839687194525904E+009,-3.287391940632136E+001,9.014990449269435E+000,
7.843597262952102E+009,-3.294545397214169E+001,-1.096819576584117E+001,
7.847507331378300E+009,-3.314333081889664E+001,-3.057419671441155E+001,
7.851417399804497E+009,-3.336830946978117E+001,-4.813884410940937E+001,
7.855327468230694E+009,-3.309229198720116E+001,-6.549302195774743E+001,
7.859237536656891E+009,-3.286121478569723E+001,-8.547629564954785E+001,
7.863147605083089E+009,-3.252071455520187E+001,-1.050241127975542E+002,
7.867057673509287E+009,-3.220726499354684E+001,-1.271201372015221E+002,
7.870967741935484E+009,-3.221578283102388E+001,-1.495814486898110E+002,
7.874877810361681E+009,-3.245331597505039E+001,-1.708378777125472E+002,
7.878787878787879E+009,-3.270664196902374E+001,1.693217736768938E+002,
7.882697947214077E+009,-3.291872911700168E+001,1.490497153417385E+002,
7.886608015640274E+009,-3.335376365481483E+001,1.308488098430429E+002,
7.890518084066471E+009,-3.339158119577486E+001,1.148324851080908E+002,
7.894428152492668E+009,-3.312215834896665E+001,9.731667043098462E+001,
7.898338220918866E+009,-3.282013570398584E+001,7.949093152335688E+001,
7.902248289345064E+009,-3.247240504674725E+001,6.142627991693602E+001,
7.906158357771261E+009,-3.189266014659344E+001,4.156952172354836E+001,
7.910068426197458E+009,-3.151217748874441E+001,2.023902602364208E+001,
7.913978494623655E+009,-3.128290782147071E+001,-1.769649832726017E+000,
7.917888563049853E+009,-3.131209733531100E+001,-2.336006614059899E+001,
7.921798631476051E+009,-3.149060618098937E+001,-4.468238096009243E+001,
7.925708699902248E+009,-3.177385142161090E+001,-6.490140783600393E+001,
7.929618768328445E+009,-3.213831096679672E+001,-8.327237735326659E+001,
7.933528836754643E+009,-3.209917708093611E+001,-1.002858685355753E+002,
7.937438905180841E+009,-3.202011346470954E+001,-1.186725774397082E+002,
7.941348973607039E+009,-3.200547809477384E+001,-1.373056890748099E+002,
7.945259042033236E+009,-3.190612539581600E+001,-1.546296795998765E+002,
7.949169110459433E+009,-3.154678580172890E+001,-1.726306737919191E+002,
7.953079178885631E+009,-3.123415995868603E+001,1.679839188357184E+002,
7.956989247311829E+009,-3.093379268796147E+001,1.472118999298137E+002,
7.960899315738026E+009,-3.086791513313516E+001,1.263387089678441E+002,
7.964809384164223E+009,-3.098914613596200E+001,1.050341470152345E+002,
7.968719452590420E+009,-3.133611583150591E+001,8.485752385249302E+001,
7.972629521016618E+009,-3.176528368745474E+001,6.685925774023689E+001,
7.976539589442816E+009,-3.195782215325306E+001,5.096347733760915E+001,
7.980449657869013E+009,-3.187858648348076E+001,3.489622566260957E+001,
7.984359726295210E+009,-3.165881969454686E+001,1.801317314038736E+001,
7.988269794721408E+009,-3.138816668882259E+001,1.235785972665786E+000,
7.992179863147605E+009,-3.082581515213548E+001,-1.618911737648099E+001,
7.996089931573803E+009,-3.030610652679237E+001,-3.672550804047469E+001,
8.000000000000000E+009,-3.009231569596649E+001,-5.826502670399105E+001,
