% Version 1.00
%
%freq[Hz];db:Trc1_S21;ang:Trc1_S21;
4.000000000000000E+009,-2.846625852497597E+001,1.724716969586119E+002,
4.003910068426198E+009,-2.847138731429519E+001,1.517193969029884E+002,
4.007820136852395E+009,-2.851264118677332E+001,1.322361116662897E+002,
4.011730205278593E+009,-2.836746575434194E+001,1.111781444122176E+002,
4.015640273704790E+009,-2.852212571738512E+001,9.103066827024472E+001,
4.019550342130987E+009,-2.843265386103649E+001,7.135736563820537E+001,
4.023460410557185E+009,-2.830062250114678E+001,5.110377209313084E+001,
4.027370478983382E+009,-2.830336450340111E+001,3.213546484260616E+001,
4.031280547409580E+009,-2.786625322099088E+001,1.281719176276500E+001,
4.035190615835777E+009,-2.745036326402794E+001,-8.236381871718495E+000,
4.039100684261975E+009,-2.726203305260831E+001,-2.967592988434163E+001,
4.043010752688172E+009,-2.701260687520710E+001,-4.998263729739041E+001,
4.046920821114369E+009,-2.684183062626619E+001,-7.186769537703532E+001,
4.050830889540567E+009,-2.682469887773675E+001,-9.203343841339753E+001,
4.054740957966765E+009,-2.666705286511753E+001,-1.118153327694527E+002,
4.058651026392962E+009,-2.643376279759605E+001,-1.309257774065281E+002,
4.062561094819160E+009,-2.610860311654272E+001,-1.517654364053042E+002,
4.066471163245357E+009,-2.596360876137853E+001,-1.716819650046648E+002,
4.070381231671554E+009,-2.564396519184907E+001,1.690725502669613E+002,
4.074291300097752E+009,-2.528703467792551E+001,1.478729280510383E+002,
4.078201368523949E+009,-2.522623179274191E+001,1.273073386129420E+002,
4.082111436950147E+009,-2.483767040699495E+001,1.078557299702756E+002,
4.086021505376344E+009,-2.483490800571071E+001,8.498807134522502E+001,
4.089931573802542E+009,-2.510729757522001E+001,6.635453605506827E+001,
4.093841642228739E+009,-2.497170376285656E+001,4.783025572800499E+001,
4.097751710654936E+009,-2.489723995534377E+001,2.981613138726578E+001,
4.101661779081134E+009,-2.462516422659234E+001,1.282413557063890E+001,
4.105571847507331E+009,-2.414489668750832E+001,-5.236387415882778E+000,
4.109481915933529E+009,-2.363029919650749E+001,-2.614090553722195E+001,
4.113391984359726E+009,-2.350536345254259E+001,-4.678338764660859E+001,
4.117302052785924E+009,-2.337004639309221E+001,-6.656575708898265E+001,
4.121212121212121E+009,-2.329507439259160E+001,-8.590330697620816E+001,
4.125122189638319E+009,-2.317191378934872E+001,-1.049684747628938E+002,
4.129032258064516E+009,-2.310925991964405E+001,-1.248443967013348E+002,
4.132942326490714E+009,-2.317095313557728E+001,-1.420145303973156E+002,
4.136852394916911E+009,-2.282506844478352E+001,-1.593031198203021E+002,
4.140762463343109E+009,-2.237707789840093E+001,-1.773725337699763E+002,
4.144672531769306E+009,-2.188167668364673E+001,1.629480357132893E+002,
4.148582600195503E+009,-2.152294552858592E+001,1.414242765861707E+002,
4.152492668621701E+009,-2.143667894647417E+001,1.196168731004371E+002,
4.156402737047898E+009,-2.162716321556048E+001,9.970172619360406E+001,
4.160312805474096E+009,-2.165102867157848E+001,8.099351719540924E+001,
4.164222873900293E+009,-2.161046863925933E+001,6.158073399568592E+001,
4.168132942326491E+009,-2.163345737284221E+001,4.269653930716306E+001,
4.172043010752688E+009,-2.178070520071913E+001,2.420747502188203E+001,
4.175953079178886E+009,-2.170039537688199E+001,6.808246475506390E+000,
4.179863147605083E+009,-2.147905682275762E+001,-1.102185122481498E+001,
4.183773216031281E+009,-2.112828512833765E+001,-2.998526409432028E+001,
4.187683284457478E+009,-2.088632143641927E+001,-5.032926322499114E+001,
4.191593352883676E+009,-2.076722901356172E+001,-7.046149490736519E+001,
4.195503421309873E+009,-2.078120124173340E+001,-9.170161178921396E+001,
4.199413489736071E+009,-2.108554130799529E+001,-1.119270307978196E+002,
4.203323558162268E+009,-2.145857940021978E+001,-1.299931325607079E+002,
4.207233626588465E+009,-2.161892039360850E+001,-1.471356117092342E+002,
4.211143695014663E+009,-2.168409108557984E+001,-1.635989597967344E+002,
4.215053763440860E+009,-2.141749989305499E+001,1.790266551247670E+002,
4.218963831867058E+009,-2.123101687086448E+001,1.604999772971506E+002,
4.222873900293255E+009,-2.105766906214931E+001,1.411090018453074E+002,
4.226783968719452E+009,-2.102086507302320E+001,1.214350753734129E+002,
4.230694037145650E+009,-2.103857038093378E+001,1.014996255612555E+002,
4.234604105571847E+009,-2.117464336872462E+001,8.252889032794754E+001,
4.238514173998045E+009,-2.130509990979432E+001,6.321457483143963E+001,
4.242424242424243E+009,-2.151565781432720E+001,4.458979088571503E+001,
4.246334310850440E+009,-2.179184661849016E+001,2.614679617679224E+001,
4.250244379276638E+009,-2.192909072953850E+001,8.747076665375777E+000,
4.254154447702835E+009,-2.195432912890163E+001,-8.647429178249835E+000,
4.258064516129032E+009,-2.204486606301693E+001,-2.640809845874253E+001,
4.261974584555230E+009,-2.194746272107864E+001,-4.509807270851749E+001,
4.265884652981427E+009,-2.204483845935482E+001,-6.457935584743908E+001,
4.269794721407625E+009,-2.230964939310685E+001,-8.337558487177151E+001,
4.273704789833822E+009,-2.253391821382812E+001,-1.007378259828730E+002,
4.277614858260019E+009,-2.268616135978657E+001,-1.192006980777143E+002,
4.281524926686217E+009,-2.297679892001444E+001,-1.370860460079634E+002,
4.285434995112414E+009,-2.315261938470536E+001,-1.531223297618528E+002,
4.289345063538612E+009,-2.320166325306226E+001,-1.716034005510422E+002,
4.293255131964809E+009,-2.351702794392812E+001,1.714259770628496E+002,
4.297165200391007E+009,-2.347604480804129E+001,1.558024912491626E+002,
4.301075268817205E+009,-2.355485355340252E+001,1.381771167159349E+002,
4.304985337243402E+009,-2.343759578940130E+001,1.212741310190375E+002,
4.308895405669600E+009,-2.339734056609954E+001,1.031725343799469E+002,
4.312805474095797E+009,-2.345669521090432E+001,8.524929118434319E+001,
4.316715542521994E+009,-2.351156125772509E+001,6.586715387651806E+001,
4.320625610948192E+009,-2.387862281523998E+001,4.806673138653972E+001,
4.324535679374389E+009,-2.423377806602945E+001,3.207555487479907E+001,
4.328445747800587E+009,-2.438400604200993E+001,1.578766458322101E+001,
4.332355816226784E+009,-2.443014335073094E+001,9.351792101139600E-002,
4.336265884652982E+009,-2.442918716502367E+001,-1.568954455808039E+001,
4.340175953079179E+009,-2.416143616017996E+001,-3.087240111751481E+001,
4.344086021505377E+009,-2.383377753687739E+001,-4.847798834869145E+001,
4.347996089931574E+009,-2.366562894842800E+001,-6.622388910309206E+001,
4.351906158357771E+009,-2.347286008324670E+001,-8.498022491413681E+001,
4.355816226783969E+009,-2.343931549908266E+001,-1.039851952058471E+002,
4.359726295210166E+009,-2.354536266386936E+001,-1.231632559076385E+002,
4.363636363636364E+009,-2.378214499952800E+001,-1.415573073176966E+002,
4.367546432062561E+009,-2.404599543724039E+001,-1.577887865844681E+002,
4.371456500488758E+009,-2.398340771838173E+001,-1.731374830473393E+002,
4.375366568914956E+009,-2.386394570515381E+001,1.694464447339050E+002,
4.379276637341153E+009,-2.381514505912629E+001,1.524665053869359E+002,
4.383186705767351E+009,-2.357904024326752E+001,1.357412697655421E+002,
4.387096774193548E+009,-2.323518435498108E+001,1.182425587498398E+002,
4.391006842619746E+009,-2.306693824644784E+001,9.874781883425989E+001,
4.394916911045943E+009,-2.306109733261345E+001,7.996272943264518E+001,
4.398826979472141E+009,-2.302349930913263E+001,6.160145890350639E+001,
4.402737047898338E+009,-2.303016372286611E+001,4.287345073704639E+001,
4.406647116324535E+009,-2.300303409495170E+001,2.467000634192884E+001,
4.410557184750733E+009,-2.302695374995181E+001,5.195129731594744E+000,
4.414467253176930E+009,-2.338027477220127E+001,-1.256515365806152E+001,
4.418377321603128E+009,-2.337325211203314E+001,-2.767892752234464E+001,
4.422287390029326E+009,-2.305342632815553E+001,-4.520821396834966E+001,
4.426197458455523E+009,-2.302030593638235E+001,-6.369189064064647E+001,
4.430107526881721E+009,-2.292138249025737E+001,-8.143682203414241E+001,
4.434017595307918E+009,-2.265106028437693E+001,-1.001797581971619E+002,
4.437927663734116E+009,-2.265233168502119E+001,-1.195341671074200E+002,
4.441837732160313E+009,-2.275209959671141E+001,-1.382951724826916E+002,
4.445747800586511E+009,-2.273976001611555E+001,-1.563898123343056E+002,
4.449657869012708E+009,-2.273343376840919E+001,-1.744537003041161E+002,
4.453567937438905E+009,-2.269391497837498E+001,1.675260032067630E+002,
4.457478005865103E+009,-2.269006684919739E+001,1.497377821768257E+002,
4.461388074291300E+009,-2.257986615175521E+001,1.315746135690023E+002,
4.465298142717498E+009,-2.252108264352719E+001,1.129105719238939E+002,
4.469208211143695E+009,-2.242427753384428E+001,9.492938641142163E+001,
4.473118279569893E+009,-2.218778105539094E+001,7.633016215224546E+001,
4.477028347996090E+009,-2.210826027715783E+001,5.696299393684445E+001,
4.480938416422287E+009,-2.203239751129937E+001,3.751181134480102E+001,
4.484848484848485E+009,-2.203916837659888E+001,1.828223862757607E+001,
4.488758553274682E+009,-2.195198871812338E+001,-1.256072764053817E+000,
4.492668621700880E+009,-2.221351258190072E+001,-2.102574436954087E+001,
4.496578690127077E+009,-2.226312676777433E+001,-3.878510884311161E+001,
4.500488758553275E+009,-2.229568336541520E+001,-5.681605603111205E+001,
4.504398826979472E+009,-2.236373853334267E+001,-7.519625226965272E+001,
4.508308895405669E+009,-2.217549342149365E+001,-9.282361217911759E+001,
4.512218963831867E+009,-2.209857828022869E+001,-1.114410022385018E+002,
4.516129032258064E+009,-2.191828749649161E+001,-1.301761582704271E+002,
4.520039100684262E+009,-2.172952232634963E+001,-1.499957613058048E+002,
4.523949169110459E+009,-2.160791878554975E+001,-1.700194171662205E+002,
4.527859237536657E+009,-2.160388284962927E+001,1.690718478199044E+002,
4.531769305962854E+009,-2.175182257454889E+001,1.487920236100712E+002,
4.535679374389051E+009,-2.195676055248526E+001,1.285656331323047E+002,
4.539589442815249E+009,-2.226818079692760E+001,1.090819952471413E+002,
4.543499511241447E+009,-2.245167753108534E+001,9.043503083223490E+001,
4.547409579667645E+009,-2.269042541313677E+001,7.200098286924424E+001,
4.551319648093842E+009,-2.279197369933560E+001,5.377296368184935E+001,
4.555229716520039E+009,-2.297726162733135E+001,3.541616517423805E+001,
4.559139784946237E+009,-2.283112869795740E+001,1.749355230333002E+001,
4.563049853372434E+009,-2.282791694169760E+001,-2.573208930804848E+000,
4.566959921798632E+009,-2.288442255144084E+001,-2.171209097807492E+001,
4.570869990224829E+009,-2.299568972421967E+001,-4.038084438029411E+001,
4.574780058651027E+009,-2.305706601962408E+001,-5.968243351591662E+001,
4.578690127077224E+009,-2.315213881688259E+001,-7.859717536842807E+001,
4.582600195503422E+009,-2.326346085244569E+001,-9.723835440949299E+001,
4.586510263929619E+009,-2.332026989986499E+001,-1.166680488738230E+002,
4.590420332355816E+009,-2.348309798307176E+001,-1.353541405349290E+002,
4.594330400782014E+009,-2.361709789085185E+001,-1.535538983301055E+002,
4.598240469208211E+009,-2.378742282622384E+001,-1.715565338889868E+002,
4.602150537634409E+009,-2.372694989812420E+001,1.710446064755587E+002,
4.606060606060606E+009,-2.358528219022500E+001,1.530494483961702E+002,
4.609970674486803E+009,-2.341343048964544E+001,1.338684275158991E+002,
4.613880742913001E+009,-2.337201208946728E+001,1.146618419434814E+002,
4.617790811339198E+009,-2.329737517263752E+001,9.555683593123119E+001,
4.621700879765396E+009,-2.327665828180173E+001,7.596260550593304E+001,
4.625610948191593E+009,-2.318980812562003E+001,5.650253406270041E+001,
4.629521016617791E+009,-2.321161718789222E+001,3.657472687992440E+001,
4.633431085043988E+009,-2.313641910052017E+001,1.696754040727788E+001,
4.637341153470186E+009,-2.316319636392066E+001,-3.512075312869945E+000,
4.641251221896383E+009,-2.329425546365539E+001,-2.359078196420440E+001,
4.645161290322580E+009,-2.340997092804806E+001,-4.298048727225635E+001,
4.649071358748778E+009,-2.366376504906562E+001,-6.071097149191134E+001,
4.652981427174975E+009,-2.351041245112893E+001,-7.968032935826273E+001,
4.656891495601173E+009,-2.344785266409523E+001,-9.895345383951856E+001,
4.660801564027371E+009,-2.339835352650273E+001,-1.178621962803867E+002,
4.664711632453568E+009,-2.339902653324046E+001,-1.378211473915972E+002,
4.668621700879766E+009,-2.329019228197868E+001,-1.573830721098635E+002,
4.672531769305963E+009,-2.342831128002502E+001,-1.773751038898373E+002,
4.676441837732161E+009,-2.334436860272493E+001,1.637506446197702E+002,
4.680351906158358E+009,-2.322361244289851E+001,1.447611993888942E+002,
4.684261974584556E+009,-2.310959180322296E+001,1.250244679565498E+002,
4.688172043010753E+009,-2.298338971359741E+001,1.046510290070554E+002,
4.692082111436951E+009,-2.297263798532818E+001,8.375363273641914E+001,
4.695992179863148E+009,-2.303138258149014E+001,6.355403061671699E+001,
4.699902248289345E+009,-2.298521582157254E+001,4.346688660372040E+001,
4.703812316715543E+009,-2.310130215972368E+001,2.257748861811373E+001,
4.707722385141740E+009,-2.317861700474409E+001,2.682530369579488E+000,
4.711632453567938E+009,-2.316711379279806E+001,-1.762733431266490E+001,
4.715542521994135E+009,-2.327073223364042E+001,-3.872391044830791E+001,
4.719452590420332E+009,-2.344325225720809E+001,-5.880908085219833E+001,
4.723362658846530E+009,-2.361682445537822E+001,-7.852591920223085E+001,
4.727272727272727E+009,-2.371414525083450E+001,-9.840599986954543E+001,
4.731182795698925E+009,-2.372026888104098E+001,-1.178647587610120E+002,
4.735092864125122E+009,-2.377751049145884E+001,-1.387409748245413E+002,
4.739002932551320E+009,-2.392339826511537E+001,-1.590856787964915E+002,
4.742913000977517E+009,-2.401498041522380E+001,-1.793261749509352E+002,
4.746823069403714E+009,-2.418644722943204E+001,1.598274375102128E+002,
4.750733137829912E+009,-2.449324977959270E+001,1.388394519534160E+002,
4.754643206256109E+009,-2.500169394822146E+001,1.194509175507148E+002,
4.758553274682307E+009,-2.505097993723231E+001,1.010903322179264E+002,
4.762463343108504E+009,-2.528275668434937E+001,8.145731636287862E+001,
4.766373411534702E+009,-2.555510765974514E+001,6.285110344587999E+001,
4.770283479960899E+009,-2.558438068717711E+001,4.452959312052163E+001,
4.774193548387096E+009,-2.557182596823442E+001,2.638289242619689E+001,
4.778103616813294E+009,-2.536327331884938E+001,6.726580844912421E+000,
4.782013685239492E+009,-2.546929845273954E+001,-1.463725738959844E+001,
4.785923753665690E+009,-2.566528807717715E+001,-3.465938616834279E+001,
4.789833822091887E+009,-2.590570133791326E+001,-5.421075330155725E+001,
4.793743890518084E+009,-2.624360181961598E+001,-7.357415331232176E+001,
4.797653958944282E+009,-2.608410364574917E+001,-9.184462046485236E+001,
4.801564027370479E+009,-2.614670915499902E+001,-1.117059945502018E+002,
4.805474095796677E+009,-2.621281090325144E+001,-1.328223133559737E+002,
4.809384164222874E+009,-2.643855326037416E+001,-1.530338145599557E+002,
4.813294232649072E+009,-2.685166253950698E+001,-1.711748829855711E+002,
4.817204301075269E+009,-2.689869676580996E+001,1.711410930842284E+002,
4.821114369501467E+009,-2.657800531164525E+001,1.511933224243037E+002,
4.825024437927664E+009,-2.642990087451004E+001,1.302933127236892E+002,
4.828934506353861E+009,-2.661210400100933E+001,1.089636177611865E+002,
4.832844574780059E+009,-2.701400663385070E+001,8.826843762718212E+001,
4.836754643206256E+009,-2.732018617623000E+001,6.885460545119125E+001,
4.840664711632454E+009,-2.753919652168687E+001,4.945791631736433E+001,
4.844574780058651E+009,-2.765267482506435E+001,3.044206360331233E+001,
4.848484848484848E+009,-2.788401927490970E+001,1.213749740508758E+001,
4.852394916911046E+009,-2.786911664463990E+001,-6.930130491728082E+000,
4.856304985337243E+009,-2.800301709986150E+001,-2.748825182243415E+001,
4.860215053763441E+009,-2.816734880599163E+001,-4.550584186418475E+001,
4.864125122189638E+009,-2.793693079331732E+001,-6.494770176120505E+001,
4.868035190615836E+009,-2.807617223754396E+001,-8.544701498112666E+001,
4.871945259042033E+009,-2.837952472368361E+001,-1.045914350492174E+002,
4.875855327468231E+009,-2.839984524045923E+001,-1.229781422337031E+002,
4.879765395894428E+009,-2.827954967544274E+001,-1.432834661137531E+002,
4.883675464320625E+009,-2.834481050054377E+001,-1.631328952415494E+002,
4.887585532746823E+009,-2.852920884459931E+001,1.762600976667900E+002,
4.891495601173020E+009,-2.883045872319699E+001,1.558087289901483E+002,
4.895405669599218E+009,-2.916726714119788E+001,1.376681605584103E+002,
4.899315738025415E+009,-2.952033881583657E+001,1.197599730920922E+002,
4.903225806451613E+009,-2.944319801440913E+001,1.026590049707906E+002,
4.907135874877811E+009,-2.942697763709807E+001,8.316573807680078E+001,
4.911045943304008E+009,-2.959459074875865E+001,6.454592712939427E+001,
4.914956011730206E+009,-2.974912895528513E+001,4.661720378834481E+001,
4.918866080156403E+009,-2.987208768681106E+001,2.927756832485988E+001,
4.922776148582601E+009,-2.981862239761258E+001,1.208146217317615E+001,
4.926686217008798E+009,-2.951348623252906E+001,-6.147904610021033E+000,
4.930596285434996E+009,-2.946355311195438E+001,-2.686025956436781E+001,
4.934506353861193E+009,-3.002637566359113E+001,-4.601269106852219E+001,
4.938416422287390E+009,-3.008813637637254E+001,-6.109631857935250E+001,
4.942326490713588E+009,-3.019700418904060E+001,-7.601404235250438E+001,
4.946236559139785E+009,-2.962067246700454E+001,-9.093879154345810E+001,
4.950146627565983E+009,-2.899293190473661E+001,-1.091226468070395E+002,
4.954056695992180E+009,-2.856787210734129E+001,-1.278483329342258E+002,
4.957966764418377E+009,-2.822399072628066E+001,-1.484455059922134E+002,
4.961876832844575E+009,-2.789908619343223E+001,-1.677109447274630E+002,
4.965786901270772E+009,-2.770466589231635E+001,1.721439749717986E+002,
4.969696969696970E+009,-2.769222113941100E+001,1.520821368990332E+002,
4.973607038123167E+009,-2.768333248396388E+001,1.329710409238701E+002,
4.977517106549365E+009,-2.761911404109222E+001,1.137644568023710E+002,
4.981427174975562E+009,-2.742085274728174E+001,9.548094105745193E+001,
4.985337243401759E+009,-2.740538580535154E+001,7.742584138349341E+001,
4.989247311827957E+009,-2.732300956494268E+001,5.895717206027623E+001,
4.993157380254154E+009,-2.709277639383330E+001,4.110465091579293E+001,
4.997067448680352E+009,-2.681907643634159E+001,2.398989568873155E+001,
5.000977517106549E+009,-2.627636949938579E+001,3.762800339161058E+000,
5.004887585532747E+009,-2.613790872922435E+001,-1.745059505729011E+001,
5.008797653958944E+009,-2.613932643947374E+001,-3.722981746626668E+001,
5.012707722385141E+009,-2.608740291226889E+001,-5.700968034158175E+001,
5.016617790811339E+009,-2.630334142187448E+001,-7.618719693350231E+001,
5.020527859237536E+009,-2.630768856314459E+001,-9.359771182171696E+001,
5.024437927663734E+009,-2.633301085300219E+001,-1.112683937876082E+002,
5.028347996089932E+009,-2.609773399835817E+001,-1.283253997993684E+002,
5.032258064516129E+009,-2.582779340704589E+001,-1.462904726949502E+002,
5.036168132942327E+009,-2.559457486131899E+001,-1.652154704456681E+002,
5.040078201368524E+009,-2.538301679692076E+001,1.755521741320391E+002,
5.043988269794722E+009,-2.525386260622097E+001,1.557582176556947E+002,
5.047898338220919E+009,-2.523522263163329E+001,1.357034442413084E+002,
5.051808406647117E+009,-2.528094587094044E+001,1.175190297849846E+002,
5.055718475073314E+009,-2.529545094346610E+001,9.829811453165362E+001,
5.059628543499512E+009,-2.547652338681475E+001,8.113511630879138E+001,
5.063538611925709E+009,-2.552992838139977E+001,6.568030748498853E+001,
5.067448680351906E+009,-2.526251949880466E+001,5.007675688939733E+001,
5.071358748778104E+009,-2.467055819944808E+001,3.241117956657116E+001,
5.075268817204301E+009,-2.417231992293515E+001,1.349892089823370E+001,
5.079178885630499E+009,-2.385210158752917E+001,-6.129729977836318E+000,
5.083088954056696E+009,-2.364448250287251E+001,-2.584174478392415E+001,
5.086999022482893E+009,-2.344840195159301E+001,-4.533936939947886E+001,
5.090909090909091E+009,-2.338485278306107E+001,-6.545911473364208E+001,
5.094819159335288E+009,-2.337071809102881E+001,-8.515281774336884E+001,
5.098729227761486E+009,-2.350972873382656E+001,-1.040559878202034E+002,
5.102639296187683E+009,-2.360421936703083E+001,-1.216193534913953E+002,
5.106549364613881E+009,-2.349021196143601E+001,-1.378482865826180E+002,
5.110459433040078E+009,-2.312422293341917E+001,-1.554491863183994E+002,
5.114369501466276E+009,-2.272564114202846E+001,-1.751834746625390E+002,
5.118279569892473E+009,-2.262689317540076E+001,1.646343093628411E+002,
5.122189638318670E+009,-2.255467411871941E+001,1.455274018835390E+002,
5.126099706744868E+009,-2.257360416908630E+001,1.266614350893804E+002,
5.130009775171065E+009,-2.248466689973157E+001,1.081308054672873E+002,
5.133919843597263E+009,-2.244476798407838E+001,8.918931509564395E+001,
5.137829912023460E+009,-2.240660938704305E+001,7.008699886393735E+001,
5.141739980449657E+009,-2.249815898480322E+001,5.171335957758186E+001,
5.145650048875855E+009,-2.247019196148643E+001,3.439345880926268E+001,
5.149560117302053E+009,-2.226017480985177E+001,1.645575761043621E+001,
5.153470185728251E+009,-2.200420155383144E+001,-2.415443415108415E+000,
5.157380254154448E+009,-2.182963153689748E+001,-2.165833183101037E+001,
5.161290322580645E+009,-2.179316667408233E+001,-4.092059649834601E+001,
5.165200391006843E+009,-2.167283075377208E+001,-5.947086684889436E+001,
5.169110459433041E+009,-2.156597812077736E+001,-7.858148689486556E+001,
5.173020527859238E+009,-2.154921716670661E+001,-9.823113595386045E+001,
5.176930596285435E+009,-2.154625052111247E+001,-1.172109544512183E+002,
5.180840664711633E+009,-2.156503053133325E+001,-1.357646553386524E+002,
5.184750733137830E+009,-2.145181516123898E+001,-1.545925962682724E+002,
5.188660801564028E+009,-2.150312171264215E+001,-1.740765038009422E+002,
5.192570869990225E+009,-2.151004760871217E+001,1.675797929095131E+002,
5.196480938416422E+009,-2.145417010394255E+001,1.488756349857361E+002,
5.200391006842620E+009,-2.143711428660773E+001,1.298922529354080E+002,
5.204301075268817E+009,-2.144372731656040E+001,1.109198785194303E+002,
5.208211143695015E+009,-2.159473378513951E+001,9.169429206192143E+001,
5.212121212121212E+009,-2.166914343692842E+001,7.325646448699233E+001,
5.216031280547409E+009,-2.175573907327399E+001,5.500714492526551E+001,
5.219941348973607E+009,-2.184718328067509E+001,3.719034825514235E+001,
5.223851417399805E+009,-2.182408745546876E+001,1.882091197731741E+001,
5.227761485826002E+009,-2.184494651991894E+001,7.344334906821810E-001,
5.231671554252199E+009,-2.193216386780573E+001,-1.750394659623791E+001,
5.235581622678397E+009,-2.183936963232348E+001,-3.456188920076801E+001,
5.239491691104594E+009,-2.171722028328440E+001,-5.250129068151012E+001,
5.243401759530792E+009,-2.153506219480250E+001,-7.140477856439570E+001,
5.247311827956989E+009,-2.146033708691790E+001,-9.066738411375594E+001,
5.251221896383186E+009,-2.146654409319716E+001,-1.099409367216846E+002,
5.255131964809384E+009,-2.150667144349252E+001,-1.290660873156214E+002,
5.259042033235581E+009,-2.165177989087050E+001,-1.474796900846445E+002,
5.262952101661779E+009,-2.172651252042561E+001,-1.659594914694199E+002,
5.266862170087977E+009,-2.180039930043612E+001,1.760067165484616E+002,
5.270772238514174E+009,-2.186818016537124E+001,1.584543642178385E+002,
5.274682306940372E+009,-2.175109320566351E+001,1.409698063773094E+002,
5.278592375366570E+009,-2.161343936694380E+001,1.227461829661107E+002,
5.282502443792767E+009,-2.145602363339396E+001,1.039378443006228E+002,
5.286412512218964E+009,-2.133362265546778E+001,8.518399675268863E+001,
5.290322580645162E+009,-2.125821210719760E+001,6.634483571650074E+001,
5.294232649071359E+009,-2.105961568661343E+001,4.683412083773438E+001,
5.298142717497557E+009,-2.110094134106074E+001,2.630332464383670E+001,
5.302052785923754E+009,-2.121730861733248E+001,6.981035744200486E+000,
5.305962854349951E+009,-2.132714769615592E+001,-1.226593565256842E+001,
5.309872922776149E+009,-2.154764528718283E+001,-3.078272451154859E+001,
5.313782991202346E+009,-2.157938684238409E+001,-4.821725893404930E+001,
5.317693059628544E+009,-2.146635971858785E+001,-6.631993739342714E+001,
5.321603128054741E+009,-2.133560179934560E+001,-8.518913792162374E+001,
5.325513196480938E+009,-2.122927525395720E+001,-1.054815806909826E+002,
5.329423264907136E+009,-2.123641555706946E+001,-1.255364669859874E+002,
5.333333333333333E+009,-2.138373504871156E+001,-1.453130557040454E+002,
5.337243401759531E+009,-2.150675214221230E+001,-1.646803185001529E+002,
5.341153470185728E+009,-2.168269722353158E+001,1.753360000217788E+002,
5.345063538611926E+009,-2.201208845740359E+001,1.565192055085733E+002,
5.348973607038123E+009,-2.214546027946044E+001,1.386066472394845E+002,
5.352883675464321E+009,-2.229290218968960E+001,1.201445421578275E+002,
5.356793743890518E+009,-2.245354077403692E+001,1.024779667905838E+002,
5.360703812316715E+009,-2.243055617094132E+001,8.422716190854909E+001,
5.364613880742913E+009,-2.253930550654147E+001,6.562354219809140E+001,
5.368523949169110E+009,-2.250571466636595E+001,4.710842755688225E+001,
5.372434017595308E+009,-2.259862687444681E+001,2.861130824574984E+001,
5.376344086021505E+009,-2.259572759048484E+001,9.643204423931062E+000,
5.380254154447702E+009,-2.253506557145121E+001,-9.779940920155047E+000,
5.384164222873900E+009,-2.270475580782979E+001,-3.067170277286888E+001,
5.388074291300098E+009,-2.304036352828603E+001,-4.930805056014545E+001,
5.391984359726296E+009,-2.322919491710781E+001,-6.775016168430601E+001,
5.395894428152493E+009,-2.349113480444503E+001,-8.579439042861662E+001,
5.399804496578690E+009,-2.365070195199088E+001,-1.039207514434858E+002,
5.403714565004888E+009,-2.381207588097728E+001,-1.213552840102030E+002,
5.407624633431086E+009,-2.392288099478561E+001,-1.388573019481478E+002,
5.411534701857283E+009,-2.396550296955911E+001,-1.547397260931313E+002,
5.415444770283480E+009,-2.362482097227656E+001,-1.728180318779177E+002,
5.419354838709678E+009,-2.340236163696018E+001,1.681822847815764E+002,
5.423264907135875E+009,-2.328659280537693E+001,1.488496035221720E+002,
5.427174975562073E+009,-2.312433990436988E+001,1.289156090203512E+002,
5.431085043988270E+009,-2.311770256546890E+001,1.087905050008540E+002,
5.434995112414467E+009,-2.338122248414010E+001,8.832256262697653E+001,
5.438905180840665E+009,-2.366004277839080E+001,6.998155042114627E+001,
5.442815249266862E+009,-2.381918063341563E+001,5.324816537192432E+001,
5.446725317693060E+009,-2.365912580141799E+001,3.587927865859120E+001,
5.450635386119257E+009,-2.328614532380565E+001,1.692279946027503E+001,
5.454545454545454E+009,-2.313540527963802E+001,-3.205373300657663E+000,
5.458455522971652E+009,-2.310079486993571E+001,-2.251996048036471E+001,
5.462365591397850E+009,-2.296605194846852E+001,-4.267992534997677E+001,
5.466275659824047E+009,-2.283001386947666E+001,-6.313846994044078E+001,
5.470185728250244E+009,-2.293036832853316E+001,-8.464486874523391E+001,
5.474095796676442E+009,-2.319988721705900E+001,-1.060723065627954E+002,
5.478005865102639E+009,-2.355217964030605E+001,-1.255579241873070E+002,
5.481915933528837E+009,-2.376460861348955E+001,-1.435691780885491E+002,
5.485826001955034E+009,-2.387272691213740E+001,-1.613387678638323E+002,
5.489736070381231E+009,-2.383091213093226E+001,-1.798438996076153E+002,
5.493646138807429E+009,-2.381674536454925E+001,1.608912686939201E+002,
5.497556207233626E+009,-2.378749458902446E+001,1.420076779281760E+002,
5.501466275659824E+009,-2.359700033403599E+001,1.229947330458792E+002,
5.505376344086021E+009,-2.349434477346146E+001,1.017806442391954E+002,
5.509286412512219E+009,-2.361887491420580E+001,8.052276000194286E+001,
5.513196480938417E+009,-2.386624316230950E+001,5.977591462648601E+001,
5.517106549364615E+009,-2.415451775182715E+001,4.042560844694201E+001,
5.521016617790812E+009,-2.435806192357157E+001,2.132118112528114E+001,
5.524926686217009E+009,-2.458570283644885E+001,3.941356169089334E+000,
5.528836754643207E+009,-2.469697456169813E+001,-1.520530840363543E+001,
5.532746823069404E+009,-2.477414957183225E+001,-3.312493397516010E+001,
5.536656891495602E+009,-2.477652935711238E+001,-5.129568989205888E+001,
5.540566959921799E+009,-2.464631220676534E+001,-6.998040683649015E+001,
5.544477028347996E+009,-2.448888900075501E+001,-8.856372211706197E+001,
5.548387096774194E+009,-2.424484002448797E+001,-1.084225101225724E+002,
5.552297165200391E+009,-2.428004191907860E+001,-1.292057939650397E+002,
5.556207233626589E+009,-2.438549516668925E+001,-1.500408031923474E+002,
5.560117302052786E+009,-2.467897612519868E+001,-1.691904187811762E+002,
5.564027370478983E+009,-2.489577398900860E+001,1.725412583818224E+002,
5.567937438905181E+009,-2.482498613424587E+001,1.541998480702335E+002,
5.571847507331378E+009,-2.476566641072184E+001,1.346421926146122E+002,
5.575757575757576E+009,-2.497853265314227E+001,1.152667268637678E+002,
5.579667644183773E+009,-2.512327593130211E+001,9.806951917106096E+001,
5.583577712609971E+009,-2.485849051718294E+001,8.026973911369935E+001,
5.587487781036168E+009,-2.461924285414607E+001,6.060739081894123E+001,
5.591397849462366E+009,-2.462978035598238E+001,4.057453195778974E+001,
5.595307917888563E+009,-2.473063522732083E+001,2.102363847618869E+001,
5.599217986314760E+009,-2.484410044838445E+001,2.371165908492614E+000,
5.603128054740958E+009,-2.479014837179934E+001,-1.661711194595465E+001,
5.607038123167155E+009,-2.474341003740406E+001,-3.510281953047667E+001,
5.610948191593353E+009,-2.475426637377536E+001,-5.455261737502435E+001,
5.614858260019550E+009,-2.482895720524220E+001,-7.388007958385330E+001,
5.618768328445747E+009,-2.489241373891615E+001,-9.187117582018601E+001,
5.622678396871945E+009,-2.482939558715454E+001,-1.097574132643264E+002,
5.626588465298142E+009,-2.446262939520521E+001,-1.280478903719477E+002,
5.630498533724340E+009,-2.427739650474750E+001,-1.486946381197235E+002,
5.634408602150538E+009,-2.421778715165924E+001,-1.684027248294721E+002,
5.638318670576735E+009,-2.419394927113936E+001,1.713209907996099E+002,
5.642228739002933E+009,-2.435126175053167E+001,1.516935733382604E+002,
5.646138807429131E+009,-2.430261520662619E+001,1.327141732805057E+002,
5.650048875855328E+009,-2.436358058672028E+001,1.138780514562623E+002,
5.653958944281525E+009,-2.439591584578206E+001,9.523889356219621E+001,
5.657869012707723E+009,-2.432747810583143E+001,7.686593617389012E+001,
5.661779081133920E+009,-2.410423629463817E+001,5.815655815555461E+001,
5.665689149560118E+009,-2.394377229239630E+001,3.877648714906150E+001,
5.669599217986315E+009,-2.382355661229911E+001,1.816473443103442E+001,
5.673509286412512E+009,-2.381000862257830E+001,-2.250585322611018E+000,
5.677419354838710E+009,-2.389643191397317E+001,-2.315367069095734E+001,
5.681329423264907E+009,-2.405602672921925E+001,-4.315096867415986E+001,
5.685239491691105E+009,-2.436574902844570E+001,-6.316887030302550E+001,
5.689149560117302E+009,-2.463438344430405E+001,-8.150734183104481E+001,
5.693059628543499E+009,-2.466937057294076E+001,-9.895028108881228E+001,
5.696969696969697E+009,-2.476039215327796E+001,-1.171507642208276E+002,
5.700879765395895E+009,-2.462356202301196E+001,-1.344581744865750E+002,
5.704789833822092E+009,-2.441481430616089E+001,-1.542296553083131E+002,
5.708699902248289E+009,-2.439080310440670E+001,-1.740312402591491E+002,
5.712609970674487E+009,-2.436968875818855E+001,1.659890447079723E+002,
5.716520039100684E+009,-2.440850114612147E+001,1.462491920256742E+002,
5.720430107526882E+009,-2.453945111275690E+001,1.258633040979838E+002,
5.724340175953079E+009,-2.485815997441057E+001,1.065116695620169E+002,
5.728250244379276E+009,-2.507290436172508E+001,8.862050930806821E+001,
5.732160312805474E+009,-2.501714975812540E+001,7.021889173700934E+001,
5.736070381231671E+009,-2.502888186485864E+001,5.068324110880435E+001,
5.739980449657869E+009,-2.507783048916180E+001,3.095323994414766E+001,
5.743890518084066E+009,-2.535770049116374E+001,1.169753241338560E+001,
5.747800586510263E+009,-2.545719405178684E+001,-6.921030051700207E+000,
5.751710654936461E+009,-2.561737761985879E+001,-2.591379931836118E+001,
5.755620723362660E+009,-2.562380641743813E+001,-4.450246975614203E+001,
5.759530791788857E+009,-2.580373502578198E+001,-6.341344489961539E+001,
5.763440860215054E+009,-2.594508196206417E+001,-8.269348537111502E+001,
5.767350928641252E+009,-2.606210188924992E+001,-1.016618100539487E+002,
5.771260997067449E+009,-2.629753448128337E+001,-1.214228632023123E+002,
5.775171065493647E+009,-2.650037191207009E+001,-1.403964979034797E+002,
5.779081133919844E+009,-2.688930398551594E+001,-1.585245601846939E+002,
5.782991202346041E+009,-2.726013028739004E+001,-1.759977364285994E+002,
5.786901270772239E+009,-2.743138674435500E+001,1.670272955234803E+002,
5.790811339198436E+009,-2.753666426786456E+001,1.490240616465053E+002,
5.794721407624634E+009,-2.770913669455480E+001,1.303474339048161E+002,
5.798631476050831E+009,-2.799561702666231E+001,1.153835159968516E+002,
5.802541544477028E+009,-2.801685555305698E+001,9.790870807525923E+001,
5.806451612903226E+009,-2.793220699266681E+001,8.061799593773182E+001,
5.810361681329423E+009,-2.777636845561800E+001,6.394221457992295E+001,
5.814271749755621E+009,-2.767458670662613E+001,4.492783970275375E+001,
5.818181818181818E+009,-2.773773900477906E+001,2.688283640928322E+001,
5.822091886608016E+009,-2.749914463081032E+001,7.879118719983209E+000,
5.826001955034213E+009,-2.751032721706852E+001,-1.190218280669631E+001,
5.829912023460411E+009,-2.791084671856428E+001,-3.108162578008175E+001,
5.833822091886608E+009,-2.823475935780062E+001,-4.714596629538953E+001,
5.837732160312805E+009,-2.827570016151143E+001,-6.317778216716269E+001,
5.841642228739003E+009,-2.808727196442817E+001,-7.970932160663939E+001,
5.845552297165200E+009,-2.776009429212479E+001,-9.854431770593813E+001,
5.849462365591398E+009,-2.766570747598179E+001,-1.162940377791620E+002,
5.853372434017595E+009,-2.747017076719250E+001,-1.359363527933868E+002,
5.857282502443792E+009,-2.744217746857692E+001,-1.545864077313020E+002,
5.861192570869990E+009,-2.727214601457721E+001,-1.732883078455377E+002,
5.865102639296187E+009,-2.720162018642182E+001,1.668951937422185E+002,
5.869012707722385E+009,-2.726881821772478E+001,1.465845936166072E+002,
5.872922776148583E+009,-2.747984842507057E+001,1.273882021098284E+002,
5.876832844574780E+009,-2.758600503244318E+001,1.087813199755233E+002,
5.880742913000978E+009,-2.774311608805954E+001,9.086189296964122E+001,
5.884652981427176E+009,-2.774081021309945E+001,7.335004299715725E+001,
5.888563049853373E+009,-2.761705492791310E+001,5.561557565937731E+001,
5.892473118279570E+009,-2.764389335574910E+001,3.629910247475087E+001,
5.896383186705768E+009,-2.766489774199635E+001,1.883678255896606E+001,
5.900293255131965E+009,-2.745223804689292E+001,6.899856984720468E-001,
5.904203323558163E+009,-2.734860095560761E+001,-1.968808743241873E+001,
5.908113391984360E+009,-2.723149637816427E+001,-3.890792715148714E+001,
5.912023460410557E+009,-2.723271943796567E+001,-5.978698713342343E+001,
5.915933528836755E+009,-2.729302828646085E+001,-7.961926043464015E+001,
5.919843597262952E+009,-2.752571991438732E+001,-9.813131858385823E+001,
5.923753665689150E+009,-2.779565736682958E+001,-1.156543579106382E+002,
5.927663734115347E+009,-2.767528991842289E+001,-1.332554521612611E+002,
5.931573802541544E+009,-2.761779312026127E+001,-1.520712493357565E+002,
5.935483870967742E+009,-2.770746165822174E+001,-1.716626486287666E+002,
5.939393939393940E+009,-2.772020229723773E+001,1.715426369708061E+002,
5.943304007820137E+009,-2.751180979743307E+001,1.528712024652570E+002,
5.947214076246334E+009,-2.729897687800195E+001,1.336223397675701E+002,
5.951124144672532E+009,-2.727687444080297E+001,1.144115417160453E+002,
5.955034213098729E+009,-2.712880637483380E+001,9.558103475825809E+001,
5.958944281524927E+009,-2.715513008735417E+001,7.574819279710728E+001,
5.962854349951124E+009,-2.713466842898341E+001,5.648993701419888E+001,
5.966764418377321E+009,-2.726802408671719E+001,3.843709504741801E+001,
5.970674486803519E+009,-2.704278220697796E+001,2.066239052503178E+001,
5.974584555229716E+009,-2.683063171588625E+001,1.604919527301238E+000,
5.978494623655914E+009,-2.670423678869173E+001,-1.785932764395000E+001,
5.982404692082111E+009,-2.651645802799314E+001,-3.651040002929081E+001,
5.986314760508308E+009,-2.633970179802741E+001,-5.692252877888301E+001,
5.990224828934506E+009,-2.624101110117674E+001,-7.718977461157891E+001,
5.994134897360704E+009,-2.608427670684364E+001,-9.676351611091202E+001,
5.998044965786902E+009,-2.603806649719581E+001,-1.166002103025400E+002,
6.001955034213099E+009,-2.600409592059387E+001,-1.365860316612056E+002,
6.005865102639297E+009,-2.585227776032169E+001,-1.570459942763374E+002,
6.009775171065494E+009,-2.581324053947863E+001,-1.766643207732577E+002,
6.013685239491692E+009,-2.560489826189986E+001,1.632546743002744E+002,
6.017595307917889E+009,-2.554776181804453E+001,1.421079124799024E+002,
6.021505376344086E+009,-2.561786082705685E+001,1.223360428970129E+002,
6.025415444770284E+009,-2.547527204023409E+001,1.022441452332279E+002,
6.029325513196481E+009,-2.547527457131012E+001,8.142132939536025E+001,
6.033235581622679E+009,-2.549129577389950E+001,6.127001466019217E+001,
6.037145650048876E+009,-2.553344314163334E+001,3.986423877193390E+001,
6.041055718475073E+009,-2.571454014012046E+001,1.938278698228609E+001,
6.044965786901271E+009,-2.587058107222263E+001,-1.691981530816611E-001,
6.048875855327468E+009,-2.588554457055122E+001,-2.019269147043142E+001,
6.052785923753666E+009,-2.606465701888671E+001,-4.018246097586613E+001,
6.056695992179863E+009,-2.618098014572327E+001,-5.934942601827737E+001,
6.060606060606061E+009,-2.626010623892993E+001,-7.924955754409905E+001,
6.064516129032258E+009,-2.638150298811762E+001,-9.780333141582722E+001,
6.068426197458456E+009,-2.621542143416228E+001,-1.168748996325313E+002,
6.072336265884653E+009,-2.620701632419115E+001,-1.370859901303710E+002,
6.076246334310850E+009,-2.625950498233540E+001,-1.575414251652405E+002,
6.080156402737048E+009,-2.633054803037504E+001,-1.786462414544984E+002,
6.084066471163245E+009,-2.668403841320045E+001,1.612794335541724E+002,
6.087976539589443E+009,-2.693598888469456E+001,1.419693599622447E+002,
6.091886608015640E+009,-2.706570010652825E+001,1.238735881749571E+002,
6.095796676441837E+009,-2.723870241773239E+001,1.045709599464184E+002,
6.099706744868035E+009,-2.736138270466594E+001,8.683364570590972E+001,
6.103616813294232E+009,-2.714915105434587E+001,6.858782490352451E+001,
6.107526881720430E+009,-2.706983145271548E+001,4.915521772564666E+001,
6.111436950146627E+009,-2.699811331159288E+001,2.929098858726329E+001,
6.115347018572825E+009,-2.702706772122177E+001,8.290301995065947E+000,
6.119257086999023E+009,-2.720932139135116E+001,-1.226637035896885E+001,
6.123167155425221E+009,-2.766096972777419E+001,-3.246615183325481E+001,
6.127077223851418E+009,-2.800637204421046E+001,-5.048952950350305E+001,
6.130987292277615E+009,-2.812092358993219E+001,-6.848592828112732E+001,
6.134897360703813E+009,-2.826763031709807E+001,-8.672382548667174E+001,
6.138807429130010E+009,-2.837974825791523E+001,-1.050710807158004E+002,
6.142717497556208E+009,-2.876569099675333E+001,-1.219092395209924E+002,
6.146627565982405E+009,-2.868335706196770E+001,-1.387093074544858E+002,
6.150537634408602E+009,-2.838382149731672E+001,-1.560127339193653E+002,
6.154447702834800E+009,-2.805634201998490E+001,-1.752348513381801E+002,
6.158357771260998E+009,-2.792342870786536E+001,1.630259247706048E+002,
6.162267839687195E+009,-2.821815515856525E+001,1.416163362392617E+002,
6.166177908113392E+009,-2.881770021019782E+001,1.224241198853011E+002,
6.170087976539589E+009,-2.921109939410477E+001,1.060936208742915E+002,
6.173998044965787E+009,-2.931163591056901E+001,8.932771834199133E+001,
6.177908113391985E+009,-2.944459231838431E+001,7.364360417936749E+001,
6.181818181818182E+009,-2.939870550869284E+001,5.603894419349336E+001,
6.185728250244379E+009,-2.938291350506173E+001,3.972920308089955E+001,
6.189638318670576E+009,-2.927646603852733E+001,2.346745093918190E+001,
6.193548387096774E+009,-2.887618592058235E+001,7.210752712142018E+000,
6.197458455522972E+009,-2.849061741095083E+001,-1.229510506672074E+001,
6.201368523949169E+009,-2.842850297923359E+001,-3.223664787638916E+001,
6.205278592375366E+009,-2.850862344645692E+001,-5.041775977160660E+001,
6.209188660801564E+009,-2.834614672786898E+001,-6.800749206346758E+001,
6.213098729227762E+009,-2.828490586867585E+001,-8.708539863225283E+001,
6.217008797653959E+009,-2.839803901993567E+001,-1.054187269514412E+002,
6.220918866080156E+009,-2.829813692073784E+001,-1.235686621966109E+002,
6.224828934506353E+009,-2.838245431777559E+001,-1.411693565003884E+002,
6.228739002932551E+009,-2.830544631030815E+001,-1.588511670125587E+002,
6.232649071358749E+009,-2.828627139454547E+001,-1.757137198363783E+002,
6.236559139784946E+009,-2.795781249557083E+001,1.678526048013362E+002,
6.240469208211144E+009,-2.755168281630537E+001,1.503071846490901E+002,
6.244379276637341E+009,-2.708332044599926E+001,1.313246720126723E+002,
6.248289345063539E+009,-2.664940634904276E+001,1.120516877811547E+002,
6.252199413489737E+009,-2.647502675797265E+001,9.112012710992752E+001,
6.256109481915934E+009,-2.639158015983460E+001,7.080230033504576E+001,
6.260019550342131E+009,-2.649234980836153E+001,5.077171440520588E+001,
6.263929618768329E+009,-2.643898192251026E+001,3.133251407393033E+001,
6.267839687194526E+009,-2.674765765820609E+001,1.136892630781221E+001,
6.271749755620724E+009,-2.699958915261951E+001,-5.595968846051403E+000,
6.275659824046921E+009,-2.696108679199871E+001,-2.242395864464632E+001,
6.279569892473118E+009,-2.669363197479257E+001,-3.884670536837890E+001,
6.283479960899316E+009,-2.625719128848336E+001,-5.762131960276608E+001,
6.287390029325514E+009,-2.603804518464253E+001,-7.740923014163539E+001,
6.291300097751711E+009,-2.592769614673490E+001,-9.795343017885304E+001,
6.295210166177908E+009,-2.601060606378185E+001,-1.180543978027562E+002,
6.299120234604105E+009,-2.603461932655506E+001,-1.373153310257507E+002,
6.303030303030303E+009,-2.615779174559673E+001,-1.567849519388815E+002,
6.306940371456501E+009,-2.627090774289335E+001,-1.754652818548871E+002,
6.310850439882698E+009,-2.629278496519977E+001,1.667069903008641E+002,
6.314760508308895E+009,-2.631565614073132E+001,1.484697763360048E+002,
6.318670576735093E+009,-2.637353122264289E+001,1.307591587617673E+002,
6.322580645161290E+009,-2.624704380261283E+001,1.132523404527855E+002,
6.326490713587488E+009,-2.602410819853594E+001,9.441188533588668E+001,
6.330400782013685E+009,-2.589261197873501E+001,7.503199957386156E+001,
6.334310850439882E+009,-2.580882166820894E+001,5.480381262272048E+001,
6.338220918866080E+009,-2.592087456060844E+001,3.550448282334438E+001,
6.342130987292278E+009,-2.600756797345009E+001,1.585621247568897E+001,
6.346041055718475E+009,-2.606149721159677E+001,-2.627672855539531E+000,
6.349951124144672E+009,-2.634875802271883E+001,-2.137624919190555E+001,
6.353861192570869E+009,-2.639291637610776E+001,-3.871329552203195E+001,
6.357771260997068E+009,-2.626725741928097E+001,-5.651748838247436E+001,
6.361681329423266E+009,-2.610484693723631E+001,-7.523113046778755E+001,
6.365591397849463E+009,-2.600740083597901E+001,-9.465180462950639E+001,
6.369501466275660E+009,-2.593474217388380E+001,-1.136739918366783E+002,
6.373411534701857E+009,-2.598684687584287E+001,-1.341769823096725E+002,
6.377321603128055E+009,-2.606228234474777E+001,-1.547141259509435E+002,
6.381231671554253E+009,-2.634162517213238E+001,-1.745056933686443E+002,
6.385141739980450E+009,-2.655773691423958E+001,1.668028850103061E+002,
6.389051808406647E+009,-2.685224760080767E+001,1.473943549262512E+002,
6.392961876832845E+009,-2.710314746377817E+001,1.292259445374267E+002,
6.396871945259043E+009,-2.749137401933652E+001,1.126949198958673E+002,
6.400782013685240E+009,-2.757135350736708E+001,9.473325014624011E+001,
6.404692082111437E+009,-2.774289842101781E+001,7.740817403462869E+001,
6.408602150537634E+009,-2.780699327687817E+001,6.079779304777802E+001,
6.412512218963832E+009,-2.765944303327561E+001,4.394019957250491E+001,
6.416422287390030E+009,-2.742878816320151E+001,2.513030593356343E+001,
6.420332355816227E+009,-2.737397124236610E+001,5.974721292445560E+000,
6.424242424242424E+009,-2.742472923837895E+001,-1.287679544575364E+001,
6.428152492668621E+009,-2.749273472337752E+001,-3.132908753963852E+001,
6.432062561094819E+009,-2.779204272903742E+001,-4.987664334177043E+001,
6.435972629521017E+009,-2.784232971139063E+001,-6.824688411743364E+001,
6.439882697947214E+009,-2.811468475596273E+001,-8.612215873548598E+001,
6.443792766373411E+009,-2.812134295977643E+001,-1.024020608583110E+002,
6.447702834799609E+009,-2.812008196300940E+001,-1.196575569544390E+002,
6.451612903225807E+009,-2.806268753242740E+001,-1.361281366212730E+002,
6.455522971652004E+009,-2.767104365433656E+001,-1.537189869236495E+002,
6.459433040078201E+009,-2.727308475278626E+001,-1.730607054669749E+002,
6.463343108504398E+009,-2.723952194258363E+001,1.661027123907811E+002,
6.467253176930596E+009,-2.738744849038434E+001,1.461527089327003E+002,
6.471163245356794E+009,-2.746978861551574E+001,1.268672776266482E+002,
6.475073313782991E+009,-2.768590828348488E+001,1.080596735718156E+002,
6.478983382209189E+009,-2.788225512948052E+001,9.099193424159326E+001,
6.482893450635386E+009,-2.800452443092988E+001,7.275869740472940E+001,
6.486803519061584E+009,-2.786742459777392E+001,5.606133379557366E+001,
6.490713587487782E+009,-2.772110326244794E+001,3.803992279768568E+001,
6.494623655913979E+009,-2.740865104217809E+001,1.995716197198943E+001,
6.498533724340176E+009,-2.719294972709553E+001,-6.633787312861162E-001,
6.502443792766374E+009,-2.720158895604847E+001,-2.299713303980802E+001,
6.506353861192571E+009,-2.751141234647810E+001,-4.225942565773728E+001,
6.510263929618769E+009,-2.788017410934584E+001,-6.114956241022658E+001,
6.514173998044966E+009,-2.807298869199374E+001,-7.805460860548362E+001,
6.518084066471163E+009,-2.818573005895562E+001,-9.381854149124590E+001,
6.521994134897361E+009,-2.785999861396796E+001,-1.121137539752507E+002,
6.525904203323559E+009,-2.778613398973135E+001,-1.302334802300426E+002,
6.529814271749756E+009,-2.747382084882614E+001,-1.494201508236168E+002,
6.533724340175953E+009,-2.714569301082488E+001,-1.707109691317453E+002,
6.537634408602150E+009,-2.730089508338821E+001,1.688757488610644E+002,
6.541544477028348E+009,-2.746688834751094E+001,1.484154046292458E+002,
6.545454545454546E+009,-2.776779361183326E+001,1.282521792344913E+002,
6.549364613880743E+009,-2.802654659826111E+001,1.085500169997096E+002,
6.553274682306940E+009,-2.823876085554982E+001,9.002325492087947E+001,
6.557184750733138E+009,-2.840158684213427E+001,7.256221655290308E+001,
6.561094819159335E+009,-2.849054945690264E+001,5.423317663769787E+001,
6.565004887585533E+009,-2.837656355672139E+001,3.568635331828661E+001,
6.568914956011730E+009,-2.827118475277539E+001,1.614675174538568E+001,
6.572825024437927E+009,-2.836494996783135E+001,-5.745223121844776E+000,
6.576735092864125E+009,-2.882803697769578E+001,-2.417402078635687E+001,
6.580645161290323E+009,-2.888942245222097E+001,-4.283581014325580E+001,
6.584555229716520E+009,-2.908560132655879E+001,-6.328994285327025E+001,
6.588465298142717E+009,-2.918754825651241E+001,-8.254631108772517E+001,
6.592375366568914E+009,-2.952306821510354E+001,-1.018404081572697E+002,
6.596285434995112E+009,-2.973892668278199E+001,-1.220950645477328E+002,
6.600195503421310E+009,-3.038779009499105E+001,-1.403552824961507E+002,
6.604105571847508E+009,-3.068712819878881E+001,-1.575032064812556E+002,
6.608015640273705E+009,-3.054685308619998E+001,-1.748693396393272E+002,
6.611925708699902E+009,-3.058704808036027E+001,1.663913308818819E+002,
6.615835777126100E+009,-3.068554802275975E+001,1.467799375599850E+002,
6.619745845552298E+009,-3.091310759742696E+001,1.263366634950733E+002,
6.623655913978495E+009,-3.131158978753488E+001,1.072164927220503E+002,
6.627565982404692E+009,-3.180168820089796E+001,8.947876465357709E+001,
6.631476050830890E+009,-3.186323201564271E+001,7.194029338759546E+001,
6.635386119257088E+009,-3.248493327335097E+001,5.568891200235115E+001,
6.639296187683285E+009,-3.250557416647035E+001,3.912531022233032E+001,
6.643206256109482E+009,-3.234846503421473E+001,2.271644253531333E+001,
6.647116324535679E+009,-3.204426970845673E+001,3.443413969731355E+000,
6.651026392961877E+009,-3.227629438836667E+001,-1.673366463947546E+001,
6.654936461388075E+009,-3.255967599585963E+001,-3.529424798305391E+001,
6.658846529814272E+009,-3.271922199578579E+001,-5.286199536395321E+001,
6.662756598240469E+009,-3.279506273251754E+001,-7.166410935517833E+001,
6.666666666666666E+009,-3.304453009816459E+001,-8.875719244037408E+001,
6.670576735092864E+009,-3.294548599408594E+001,-1.071672847910186E+002,
6.674486803519062E+009,-3.314136068630256E+001,-1.251717362997408E+002,
6.678396871945259E+009,-3.320283442573113E+001,-1.433906872497220E+002,
6.682306940371456E+009,-3.331936992888305E+001,-1.607227028023032E+002,
6.686217008797654E+009,-3.319221324335464E+001,-1.778270930931059E+002,
6.690127077223852E+009,-3.285027397250561E+001,1.630663619718823E+002,
6.694037145650049E+009,-3.299892092693517E+001,1.423331117315831E+002,
6.697947214076246E+009,-3.333410878516511E+001,1.237602791453657E+002,
6.701857282502443E+009,-3.362361667954605E+001,1.076610414417937E+002,
6.705767350928641E+009,-3.352358139101350E+001,9.115834590715198E+001,
6.709677419354839E+009,-3.329440083529288E+001,7.481768887595165E+001,
6.713587487781036E+009,-3.283854187310547E+001,5.719048072671059E+001,
6.717497556207233E+009,-3.243579613941731E+001,3.731822325097517E+001,
6.721407624633431E+009,-3.222881300473634E+001,1.607182103647079E+001,
6.725317693059629E+009,-3.243022885282876E+001,-3.110019044911151E+000,
6.729227761485827E+009,-3.224915501027772E+001,-2.066884267607678E+001,
6.733137829912024E+009,-3.190937054908694E+001,-4.045217654608770E+001,
6.737047898338221E+009,-3.178785882595355E+001,-6.126744767704255E+001,
6.740957966764419E+009,-3.188764504092337E+001,-8.198803653386889E+001,
6.744868035190616E+009,-3.200809671109245E+001,-1.006797197622201E+002,
6.748778103616814E+009,-3.203547393419721E+001,-1.197597546132078E+002,
6.752688172043011E+009,-3.209761314329187E+001,-1.373002367689193E+002,
6.756598240469208E+009,-3.169806224844060E+001,-1.555387713457261E+002,
6.760508308895406E+009,-3.150276886900139E+001,-1.760724852477661E+002,
6.764418377321604E+009,-3.137254043642501E+001,1.632627764383721E+002,
6.768328445747801E+009,-3.151068971212391E+001,1.422254477487769E+002,
6.772238514173998E+009,-3.177680093264112E+001,1.239098739901739E+002,
6.776148582600195E+009,-3.181632625943244E+001,1.061801299365909E+002,
6.780058651026393E+009,-3.175108835750065E+001,8.812706363571405E+001,
6.783968719452591E+009,-3.175169225263535E+001,6.903502616815923E+001,
6.787878787878788E+009,-3.160664288006932E+001,5.274285631935051E+001,
6.791788856304985E+009,-3.116046258817355E+001,3.348965185358943E+001,
6.795698924731183E+009,-3.094335965529545E+001,1.333183065055210E+001,
6.799608993157380E+009,-3.086043593575043E+001,-5.649337921261274E+000,
6.803519061583578E+009,-3.072076824818210E+001,-2.600871935873499E+001,
6.807429130009775E+009,-3.080643618485044E+001,-4.501622357050533E+001,
6.811339198435972E+009,-3.065117466235376E+001,-6.282910360244046E+001,
6.815249266862170E+009,-3.043174139669218E+001,-8.165399543236507E+001,
6.819159335288368E+009,-3.018730299744811E+001,-1.009629896698356E+002,
6.823069403714565E+009,-3.008742089721424E+001,-1.204051366680168E+002,
6.826979472140762E+009,-3.002433493552757E+001,-1.393911272412472E+002,
6.830889540566959E+009,-2.981152136972099E+001,-1.570287286325788E+002,
6.834799608993157E+009,-2.938860643383764E+001,-1.762392512289478E+002,
6.838709677419355E+009,-2.893190432495814E+001,1.645655098147465E+002,
6.842619745845552E+009,-2.846136151575565E+001,1.432337935018146E+002,
6.846529814271750E+009,-2.838731497970079E+001,1.214733668941588E+002,
6.850439882697948E+009,-2.850412295988129E+001,1.006516358945439E+002,
6.854349951124145E+009,-2.841549708230001E+001,8.113247564823313E+001,
6.858260019550343E+009,-2.823368442538266E+001,6.081806691929387E+001,
6.862170087976540E+009,-2.818001108787414E+001,3.986554026335878E+001,
6.866080156402737E+009,-2.810941304993411E+001,2.054975838697785E+001,
6.869990224828935E+009,-2.817473099968242E+001,-3.151261998558121E-001,
6.873900293255133E+009,-2.830810979717069E+001,-2.108746733055673E+001,
6.877810361681330E+009,-2.839739699667765E+001,-4.085772860502062E+001,
6.881720430107527E+009,-2.836352447315523E+001,-5.939795885505260E+001,
6.885630498533724E+009,-2.827306186705560E+001,-7.821168899321482E+001,
6.889540566959922E+009,-2.819060192893621E+001,-9.849752195426122E+001,
6.893450635386120E+009,-2.824476355560234E+001,-1.187720248835875E+002,
6.897360703812317E+009,-2.838901264690978E+001,-1.386083596462336E+002,
6.901270772238514E+009,-2.850247731260801E+001,-1.578758169268707E+002,
6.905180840664711E+009,-2.834850933444712E+001,-1.774796110104636E+002,
6.909090909090909E+009,-2.850693217603669E+001,1.632757450727310E+002,
6.913000977517107E+009,-2.868875226330829E+001,1.440598734365145E+002,
6.916911045943304E+009,-2.870337919761486E+001,1.245719413545902E+002,
6.920821114369501E+009,-2.877610142635311E+001,1.059124025038227E+002,
6.924731182795699E+009,-2.890745310359105E+001,8.621050644966003E+001,
6.928641251221897E+009,-2.905660742578268E+001,6.730311438647695E+001,
6.932551319648094E+009,-2.912358079067690E+001,4.892049003390080E+001,
6.936461388074291E+009,-2.913419544175616E+001,3.005890059697547E+001,
6.940371456500488E+009,-2.945294262078200E+001,1.033350006646666E+001,
6.944281524926686E+009,-2.966773247460179E+001,-7.152919713897200E+000,
6.948191593352884E+009,-2.996320885768192E+001,-2.318240407779718E+001,
6.952101661779081E+009,-2.982156720168798E+001,-4.018347586618398E+001,
6.956011730205278E+009,-2.977731889430512E+001,-5.785577571809972E+001,
6.959921798631475E+009,-2.963623187043207E+001,-7.609118366443833E+001,
6.963831867057674E+009,-2.949233288566473E+001,-9.401986172947949E+001,
6.967741935483872E+009,-2.960767928053591E+001,-1.128399444230812E+002,
6.971652003910069E+009,-2.966223891989873E+001,-1.299272111996405E+002,
6.975562072336266E+009,-2.958391920434994E+001,-1.470911555404398E+002,
6.979472140762464E+009,-2.942378240681804E+001,-1.655635395460117E+002,
6.983382209188661E+009,-2.926271460696587E+001,1.760764511850413E+002,
6.987292277614859E+009,-2.920329380274460E+001,1.567055827561061E+002,
6.991202346041056E+009,-2.912795369308343E+001,1.383909285492841E+002,
6.995112414467253E+009,-2.938682683140233E+001,1.206588774528906E+002,
6.999022482893451E+009,-2.937994243819968E+001,1.045743754949714E+002,
7.002932551319649E+009,-2.908604975420496E+001,8.722446310865718E+001,
7.006842619745846E+009,-2.893436288390714E+001,6.967972455942825E+001,
7.010752688172043E+009,-2.847145968395942E+001,5.227547152564273E+001,
7.014662756598240E+009,-2.813201061276105E+001,3.242932790099828E+001,
7.018572825024438E+009,-2.802941213990172E+001,1.268835931324389E+001,
7.022482893450636E+009,-2.798748173687086E+001,-6.825851541744626E+000,
7.026392961876833E+009,-2.797346796468446E+001,-2.532125956799280E+001,
7.030303030303030E+009,-2.802119623313105E+001,-4.489287103748124E+001,
7.034213098729228E+009,-2.800412415714260E+001,-6.438243689966170E+001,
7.038123167155425E+009,-2.815016289400258E+001,-8.252905310606681E+001,
7.042033235581623E+009,-2.806169795742340E+001,-9.953396426771882E+001,
7.045943304007820E+009,-2.794016120741770E+001,-1.173731515211147E+002,
7.049853372434017E+009,-2.788832601255547E+001,-1.355910422060350E+002,
7.053763440860215E+009,-2.772330514972897E+001,-1.538710264962332E+002,
7.057673509286413E+009,-2.749226178362378E+001,-1.722724356099110E+002,
7.061583577712610E+009,-2.731281405704403E+001,1.676280736707094E+002,
7.065493646138807E+009,-2.740818516562992E+001,1.490023778544240E+002,
7.069403714565004E+009,-2.745983448080405E+001,1.297707650974011E+002,
7.073313782991202E+009,-2.751492731763479E+001,1.110881006500314E+002,
7.077223851417400E+009,-2.761362857802437E+001,9.315604537540976E+001,
7.081133919843597E+009,-2.752783678449002E+001,7.661257244728135E+001,
7.085043988269795E+009,-2.739297789982370E+001,5.884369025539525E+001,
7.088954056695993E+009,-2.709301282609179E+001,4.051598554967108E+001,
7.092864125122190E+009,-2.705221175146845E+001,2.245148768818688E+001,
7.096774193548388E+009,-2.677679032562117E+001,4.457739723407900E+000,
7.100684261974585E+009,-2.649022628780447E+001,-1.484685100278071E+001,
7.104594330400782E+009,-2.630394148572318E+001,-3.505560751061356E+001,
7.108504398826980E+009,-2.634561352727769E+001,-5.601017967670593E+001,
7.112414467253178E+009,-2.651082920309804E+001,-7.492954198580220E+001,
7.116324535679375E+009,-2.668488043947968E+001,-9.326059304146745E+001,
7.120234604105572E+009,-2.675683564074632E+001,-1.104513016418069E+002,
7.124144672531769E+009,-2.674290356707524E+001,-1.272168258517324E+002,
7.128054740957967E+009,-2.642780811938088E+001,-1.445421743986875E+002,
7.131964809384165E+009,-2.602263920139958E+001,-1.633638314623746E+002,
7.135874877810362E+009,-2.577228728086606E+001,1.767399320646544E+002,
7.139784946236559E+009,-2.561000454205022E+001,1.567011824434007E+002,
7.143695014662756E+009,-2.544646101741812E+001,1.365910426400223E+002,
7.147605083088954E+009,-2.548573908012747E+001,1.155348893487565E+002,
7.151515151515152E+009,-2.578264596629668E+001,9.537148899541070E+001,
7.155425219941349E+009,-2.593463695668693E+001,7.647770542788136E+001,
7.159335288367546E+009,-2.611234706001120E+001,5.853821458953700E+001,
7.163245356793744E+009,-2.614589172695005E+001,3.970862964068360E+001,
7.167155425219942E+009,-2.625409039530186E+001,2.185537529748056E+001,
7.171065493646139E+009,-2.630730725564951E+001,4.284982375256096E+000,
7.174975562072336E+009,-2.623291324903656E+001,-1.379792461928117E+001,
7.178885630498533E+009,-2.610084100030971E+001,-3.338105558476943E+001,
7.182795698924731E+009,-2.606268913556848E+001,-5.220825870740902E+001,
7.186705767350929E+009,-2.602083437236873E+001,-7.176933693976885E+001,
7.190615835777126E+009,-2.607888695192484E+001,-9.209415355876649E+001,
7.194525904203323E+009,-2.645440472331769E+001,-1.101237118605268E+002,
7.198435972629520E+009,-2.657711729425844E+001,-1.280789091665420E+002,
7.202346041055718E+009,-2.635659837316003E+001,-1.458580099534747E+002,
7.206256109481916E+009,-2.642409618841990E+001,-1.646492098836386E+002,
7.210166177908114E+009,-2.630219145145894E+001,1.766332211232733E+002,
7.214076246334311E+009,-2.633643265994959E+001,1.574700641783161E+002,
7.217986314760509E+009,-2.631174303454460E+001,1.383796992542877E+002,
7.221896383186706E+009,-2.647744022207823E+001,1.197704009417016E+002,
7.225806451612904E+009,-2.654888966240849E+001,1.012412987089238E+002,
7.229716520039101E+009,-2.653444956093987E+001,8.225008399557298E+001,
7.233626588465298E+009,-2.656750507908924E+001,6.438138407440106E+001,
7.237536656891496E+009,-2.655664773450909E+001,4.505122590094281E+001,
7.241446725317694E+009,-2.666059206459746E+001,2.617899881389001E+001,
7.245356793743891E+009,-2.675953622640541E+001,7.643456661908283E+000,
7.249266862170088E+009,-2.677251308407974E+001,-9.888491406001302E+000,
7.253176930596285E+009,-2.668461290502277E+001,-2.830631866975608E+001,
7.257086999022483E+009,-2.653763385360787E+001,-4.699404357785612E+001,
7.260997067448681E+009,-2.649861826446488E+001,-6.575552897498156E+001,
7.264907135874878E+009,-2.645449827688959E+001,-8.536039414987658E+001,
7.268817204301075E+009,-2.647528274827900E+001,-1.042479829295710E+002,
7.272727272727273E+009,-2.648574928060548E+001,-1.242537388042697E+002,
7.276637341153470E+009,-2.657143412966864E+001,-1.435680838135965E+002,
7.280547409579668E+009,-2.665718931832048E+001,-1.626364270727448E+002,
7.284457478005865E+009,-2.684738748142790E+001,1.782788819223478E+002,
7.288367546432062E+009,-2.686875475352772E+001,1.596013395426836E+002,
7.292277614858260E+009,-2.707196615516065E+001,1.412302457915767E+002,
7.296187683284458E+009,-2.712630213588739E+001,1.237143142361917E+002,
7.300097751710655E+009,-2.713737437648295E+001,1.057334617720987E+002,
7.304007820136852E+009,-2.703070704836683E+001,8.786749975863876E+001,
7.307917888563049E+009,-2.692701107752420E+001,6.916644664374735E+001,
7.311827956989247E+009,-2.679902718737543E+001,4.972867237003899E+001,
7.315738025415445E+009,-2.674165397709886E+001,2.922201529213219E+001,
7.319648093841642E+009,-2.678880133520080E+001,9.433558086459664E+000,
7.323558162267839E+009,-2.683659389244034E+001,-1.060940368091943E+001,
7.327468230694037E+009,-2.694142283796588E+001,-3.055761710027060E+001,
7.331378299120235E+009,-2.706873484234361E+001,-5.006662141772776E+001,
7.335288367546433E+009,-2.737152566246454E+001,-6.859768130664524E+001,
7.339198435972630E+009,-2.737532664397067E+001,-8.558453805947784E+001,
7.343108504398827E+009,-2.724514568728582E+001,-1.037700161181869E+002,
7.347018572825025E+009,-2.706043764581380E+001,-1.232704732008274E+002,
7.350928641251223E+009,-2.699537296302389E+001,-1.438295984985201E+002,
7.354838709677420E+009,-2.699612835920204E+001,-1.641032066260634E+002,
7.358748778103617E+009,-2.707763963596396E+001,1.751697124600541E+002,
7.362658846529814E+009,-2.723646312444774E+001,1.550216298525806E+002,
7.366568914956012E+009,-2.750918690169346E+001,1.360092345755385E+002,
7.370478983382210E+009,-2.750303161889296E+001,1.159101193449744E+002,
7.374389051808407E+009,-2.768545458728005E+001,9.684743775818350E+001,
7.378299120234604E+009,-2.793690680053449E+001,7.800670989050596E+001,
7.382209188660801E+009,-2.776784937502743E+001,5.931928330414216E+001,
7.386119257086999E+009,-2.792906659641142E+001,3.849532122485825E+001,
7.390029325513197E+009,-2.803432488928928E+001,1.754749548729737E+001,
7.393939393939394E+009,-2.828350427640890E+001,-1.538005081135593E+000,
7.397849462365591E+009,-2.840545945138201E+001,-2.031971163162405E+001,
7.401759530791789E+009,-2.842554302709761E+001,-4.045943652236144E+001,
7.405669599217987E+009,-2.848856974646762E+001,-6.040974917819379E+001,
7.409579667644184E+009,-2.878799039272203E+001,-8.124360190547928E+001,
7.413489736070381E+009,-2.901289884705264E+001,-1.012061188058570E+002,
7.417399804496578E+009,-2.933908720877360E+001,-1.206553772356518E+002,
7.421309872922776E+009,-2.970057783858785E+001,-1.385826413153511E+002,
7.425219941348974E+009,-2.995770256504603E+001,-1.589124751073710E+002,
7.429130009775171E+009,-3.012988522461970E+001,-1.778980807985069E+002,
7.433040078201368E+009,-3.023217071965437E+001,1.621328188404682E+002,
7.436950146627565E+009,-3.075559291930892E+001,1.429295030706288E+002,
7.440860215053763E+009,-3.084614689584848E+001,1.246386942074324E+002,
7.444770283479961E+009,-3.089686496903498E+001,1.048594455236122E+002,
7.448680351906158E+009,-3.133755668968952E+001,8.558128838495134E+001,
7.452590420332356E+009,-3.178817905627892E+001,6.721033995990796E+001,
7.456500488758554E+009,-3.177390303486046E+001,4.804945720258837E+001,
7.460410557184751E+009,-3.205964146838938E+001,2.884940008428659E+001,
7.464320625610949E+009,-3.247414416474345E+001,8.784863483738754E+000,
7.468230694037146E+009,-3.310454701818405E+001,-8.755510068841717E+000,
7.472140762463343E+009,-3.351269471565508E+001,-2.477349923826094E+001,
7.476050830889541E+009,-3.360484307160800E+001,-3.977737582089340E+001,
7.479960899315739E+009,-3.341652337260050E+001,-5.644145998161462E+001,
7.483870967741936E+009,-3.337571943434425E+001,-7.487134894091714E+001,
7.487781036168133E+009,-3.335837084394350E+001,-9.296265078544479E+001,
7.491691104594330E+009,-3.330571388622083E+001,-1.113930581480902E+002,
7.495601173020528E+009,-3.326095581454487E+001,-1.309383540287908E+002,
7.499511241446726E+009,-3.337956025910698E+001,-1.497043854116737E+002,
7.503421309872923E+009,-3.350748409282672E+001,-1.683709778614774E+002,
7.507331378299120E+009,-3.391688871609864E+001,1.729540496256688E+002,
7.511241446725318E+009,-3.427880157442539E+001,1.572517048314392E+002,
7.515151515151515E+009,-3.416331181647976E+001,1.430331177040195E+002,
7.519061583577713E+009,-3.360607913984232E+001,1.277504346378717E+002,
7.522971652003910E+009,-3.287717276939164E+001,1.092304186479908E+002,
7.526881720430107E+009,-3.244305853064575E+001,8.796491339274492E+001,
7.530791788856305E+009,-3.239243452107783E+001,6.776622726027279E+001,
7.534701857282503E+009,-3.230508310232742E+001,4.807448725153400E+001,
7.538611925708700E+009,-3.217768739063228E+001,2.735013060366149E+001,
7.542521994134897E+009,-3.236308604287519E+001,6.801224241901195E+000,
7.546432062561094E+009,-3.247004098471528E+001,-1.166737993055206E+001,
7.550342130987292E+009,-3.270835411941094E+001,-3.032521465651178E+001,
7.554252199413490E+009,-3.284474276787692E+001,-4.646077569325087E+001,
7.558162267839687E+009,-3.263205887816027E+001,-6.186346685319064E+001,
7.562072336265884E+009,-3.194633438610691E+001,-7.963394672452115E+001,
7.565982404692082E+009,-3.144831027030331E+001,-1.002714523342673E+002,
7.569892473118280E+009,-3.120334715000809E+001,-1.215547307522002E+002,
7.573802541544478E+009,-3.111346749158577E+001,-1.426939899101735E+002,
7.577712609970675E+009,-3.116776959274599E+001,-1.625850792487047E+002,
7.581622678396872E+009,-3.116206379551823E+001,1.769314035908622E+002,
7.585532746823070E+009,-3.138294888950362E+001,1.570744373491777E+002,
7.589442815249268E+009,-3.165722163233776E+001,1.387463837085448E+002,
7.593352883675465E+009,-3.174073717072529E+001,1.220914084385432E+002,
7.597262952101662E+009,-3.161216244900261E+001,1.053739448278277E+002,
7.601173020527859E+009,-3.128167394823712E+001,8.820924755836525E+001,
7.605083088954057E+009,-3.083518333421502E+001,7.008179018545869E+001,
7.608993157380255E+009,-3.020847262938829E+001,5.011285015698533E+001,
7.612903225806452E+009,-2.987376008989483E+001,2.775766723441980E+001,
7.616813294232649E+009,-2.994939398813554E+001,6.462990082534457E+000,
7.620723362658846E+009,-3.001970769172625E+001,-1.451582081668118E+001,
7.624633431085044E+009,-3.025793540280105E+001,-3.493585009773622E+001,
7.628543499511242E+009,-3.046252457101203E+001,-5.403193380779408E+001,
7.632453567937439E+009,-3.053804905692269E+001,-7.112210563721723E+001,
7.636363636363636E+009,-3.051974677405406E+001,-8.865948791355402E+001,
7.640273704789834E+009,-3.035844642531405E+001,-1.062939005977708E+002,
7.644183773216032E+009,-3.019684779302462E+001,-1.252598172776296E+002,
7.648093841642229E+009,-3.007482041105838E+001,-1.435184723919863E+002,
7.652003910068426E+009,-2.976652080919192E+001,-1.619132357012265E+002,
7.655913978494623E+009,-2.942039734182078E+001,1.778062619649128E+002,
7.659824046920821E+009,-2.944657678967695E+001,1.563631934188059E+002,
7.663734115347019E+009,-2.956029167033135E+001,1.365307143980365E+002,
7.667644183773216E+009,-2.959806046642061E+001,1.171082720194404E+002,
7.671554252199413E+009,-2.983445100443077E+001,9.721784394439970E+001,
7.675464320625610E+009,-3.007071584350643E+001,7.894153404071034E+001,
7.679374389051808E+009,-3.024628669707358E+001,6.088949475187397E+001,
7.683284457478006E+009,-3.030405590062807E+001,4.337479829488399E+001,
7.687194525904203E+009,-3.025409309295611E+001,2.591390205480956E+001,
7.691104594330401E+009,-3.019132191025406E+001,7.950061225212739E+000,
7.695014662756599E+009,-3.007649592750444E+001,-9.356747772521706E+000,
7.698924731182797E+009,-2.978301623665436E+001,-2.798588994341060E+001,
7.702834799608994E+009,-2.962788621774925E+001,-4.815479291366812E+001,
7.706744868035191E+009,-2.970096907710769E+001,-6.826713989763248E+001,
7.710654936461388E+009,-2.992225510858215E+001,-8.668768169762794E+001,
7.714565004887586E+009,-2.998872009107880E+001,-1.048032717972720E+002,
7.718475073313784E+009,-3.003075382059237E+001,-1.229767428401534E+002,
7.722385141739981E+009,-3.020307338166069E+001,-1.403573305637677E+002,
7.726295210166178E+009,-3.021355261237417E+001,-1.566201273139778E+002,
7.730205278592375E+009,-3.013814133815426E+001,-1.731883837684102E+002,
7.734115347018573E+009,-2.984262619968087E+001,1.700509589994619E+002,
7.738025415444771E+009,-2.951893638608304E+001,1.523427089863614E+002,
7.741935483870968E+009,-2.909734428175055E+001,1.330362783186302E+002,
7.745845552297165E+009,-2.896916168275816E+001,1.127184917777343E+002,
7.749755620723363E+009,-2.896872231513391E+001,9.324781428011748E+001,
7.753665689149560E+009,-2.898474502911793E+001,7.457983954831812E+001,
7.757575757575758E+009,-2.908405629988796E+001,5.565602696213837E+001,
7.761485826001955E+009,-2.901576450451400E+001,3.693822164873929E+001,
7.765395894428152E+009,-2.923515477797324E+001,1.938097829675917E+001,
7.769305962854350E+009,-2.911178432810000E+001,2.305812877407723E+000,
7.773216031280548E+009,-2.890842718560934E+001,-1.524362099598048E+001,
7.777126099706745E+009,-2.875056928484801E+001,-3.238363629605229E+001,
7.781036168132942E+009,-2.834506914049605E+001,-5.224754936123416E+001,
7.784946236559139E+009,-2.817720030136019E+001,-7.152141588789083E+001,
7.788856304985337E+009,-2.809689641064263E+001,-9.113642136854402E+001,
7.792766373411535E+009,-2.810565004447457E+001,-1.107011559032626E+002,
7.796676441837732E+009,-2.824151349361276E+001,-1.296451323671201E+002,
7.800586510263929E+009,-2.831002846092059E+001,-1.481131034675307E+002,
7.804496578690127E+009,-2.826152855678721E+001,-1.658760971155965E+002,
7.808406647116324E+009,-2.823122632832247E+001,1.762229377036945E+002,
7.812316715542522E+009,-2.809130857896583E+001,1.587314141144289E+002,
7.816226783968720E+009,-2.789804158362234E+001,1.398721966416107E+002,
7.820136852394917E+009,-2.772425555044305E+001,1.203168964331833E+002,
7.824046920821115E+009,-2.756694009228411E+001,1.007844898196215E+002,
7.827956989247313E+009,-2.758844558796630E+001,8.128393357964879E+001,
7.831867057673510E+009,-2.749641988980001E+001,6.198598793195340E+001,
7.835777126099707E+009,-2.760778118823543E+001,4.228480614182745E+001,
7.839687194525904E+009,-2.768241245178385E+001,2.330075677329971E+001,
7.843597262952102E+009,-2.764912265999340E+001,4.570327953872279E+000,
7.847507331378300E+009,-2.767189334362023E+001,-1.430483644392120E+001,
7.851417399804497E+009,-2.759905395812659E+001,-3.361192022735737E+001,
7.855327468230694E+009,-2.763326798461351E+001,-5.145600177922876E+001,
7.859237536656891E+009,-2.755359694396086E+001,-7.164049508263040E+001,
7.863147605083089E+009,-2.767867117381619E+001,-9.095457980977182E+001,
7.867057673509287E+009,-2.778385496789036E+001,-1.098197807206527E+002,
7.870967741935484E+009,-2.781771699890734E+001,-1.283903546624420E+002,
7.874877810361681E+009,-2.773306375018866E+001,-1.481917823957617E+002,
7.878787878787879E+009,-2.792704502560724E+001,-1.673425587139160E+002,
7.882697947214077E+009,-2.793234903837513E+001,1.727413843023683E+002,
7.886608015640274E+009,-2.832740550640087E+001,1.544785732916871E+002,
7.890518084066471E+009,-2.845610124623347E+001,1.369443300370675E+002,
7.894428152492668E+009,-2.845780676980746E+001,1.189014182174393E+002,
7.898338220918866E+009,-2.843056333936911E+001,1.000350408133404E+002,
7.902248289345064E+009,-2.858960670489580E+001,8.069297489957232E+001,
7.906158357771261E+009,-2.884548146929848E+001,6.192415257894673E+001,
7.910068426197458E+009,-2.902175566872174E+001,4.513920838592073E+001,
7.913978494623655E+009,-2.900451343743112E+001,2.820354881864134E+001,
7.917888563049853E+009,-2.881171432033728E+001,9.906792665875317E+000,
7.921798631476051E+009,-2.876954372505111E+001,-9.696886841174061E+000,
7.925708699902248E+009,-2.896955027560895E+001,-2.812336422388017E+001,
7.929618768328445E+009,-2.895301783462704E+001,-4.666923569541728E+001,
7.933528836754643E+009,-2.903164052841291E+001,-6.600948999863535E+001,
7.937438905180841E+009,-2.923580763764063E+001,-8.339676565896356E+001,
7.941348973607039E+009,-2.919203748350213E+001,-1.007890425523143E+002,
7.945259042033236E+009,-2.921512134696665E+001,-1.197889961920488E+002,
7.949169110459433E+009,-2.924886228214947E+001,-1.386586970296233E+002,
7.953079178885631E+009,-2.941801448137980E+001,-1.555181488554508E+002,
7.956989247311829E+009,-2.894436356729260E+001,-1.727233357745460E+002,
7.960899315738026E+009,-2.886964625964069E+001,1.674677771513866E+002,
7.964809384164223E+009,-2.882006107103546E+001,1.469698523326266E+002,
7.968719452590420E+009,-2.903624272144460E+001,1.271758279921630E+002,
7.972629521016618E+009,-2.914499150933834E+001,1.092701068921404E+002,
7.976539589442816E+009,-2.911415073367273E+001,9.114405779498549E+001,
7.980449657869013E+009,-2.913456020604597E+001,7.213896365435848E+001,
7.984359726295210E+009,-2.919534902937620E+001,5.341513891220578E+001,
7.988269794721408E+009,-2.941488727598070E+001,3.452708228475348E+001,
7.992179863147605E+009,-2.944587221675146E+001,1.652583766374953E+001,
7.996089931573803E+009,-2.936334792155053E+001,-1.082328732102267E+000,
8.000000000000000E+009,-2.915523145006336E+001,-1.974932402050959E+001,
