% Version 1.00
%
%freq[Hz];db:Trc1_S21;ang:Trc1_S21;
4.000000000000000E+009,-2.842746190046151E+001,1.707018819841119E+002,
4.003910068426198E+009,-2.848005339009049E+001,1.507027386489923E+002,
4.007820136852395E+009,-2.850549650253641E+001,1.304194741250848E+002,
4.011730205278593E+009,-2.841558606828822E+001,1.094536944251694E+002,
4.015640273704790E+009,-2.867475808668910E+001,8.985743820633705E+001,
4.019550342130987E+009,-2.852270281415255E+001,7.106901969405905E+001,
4.023460410557185E+009,-2.826681554807280E+001,5.101419750898213E+001,
4.027370478983382E+009,-2.828989458916630E+001,3.125965561977021E+001,
4.031280547409580E+009,-2.794818926836090E+001,1.283224973393826E+001,
4.035190615835777E+009,-2.751058945706330E+001,-7.221417807859769E+000,
4.039100684261975E+009,-2.727758343763884E+001,-2.856048831895569E+001,
4.043010752688172E+009,-2.701118886876455E+001,-4.942110908642480E+001,
4.046920821114369E+009,-2.673472691161511E+001,-7.089677104822914E+001,
4.050830889540567E+009,-2.664945182548281E+001,-9.103870434980654E+001,
4.054740957966765E+009,-2.645394457001817E+001,-1.124197836778108E+002,
4.058651026392962E+009,-2.633292729047431E+001,-1.318092521550353E+002,
4.062561094819160E+009,-2.612706623185206E+001,-1.514368999507338E+002,
4.066471163245357E+009,-2.586956909838838E+001,-1.717318569325760E+002,
4.070381231671554E+009,-2.556139682633690E+001,1.675990749516616E+002,
4.074291300097752E+009,-2.541733431549753E+001,1.473385880551171E+002,
4.078201368523949E+009,-2.540997070644657E+001,1.274684276778058E+002,
4.082111436950147E+009,-2.511465976800021E+001,1.083821367584648E+002,
4.086021505376344E+009,-2.509539102153987E+001,8.700702769902649E+001,
4.089931573802542E+009,-2.505552430930821E+001,6.733235470903311E+001,
4.093841642228739E+009,-2.513128358510292E+001,4.854393416376726E+001,
4.097751710654936E+009,-2.527374234472373E+001,2.989508019848489E+001,
4.101661779081134E+009,-2.509215566645487E+001,1.510504267587227E+001,
4.105571847507331E+009,-2.456038616024436E+001,-2.703519047237073E+000,
4.109481915933529E+009,-2.400931490179055E+001,-2.262849804006372E+001,
4.113391984359726E+009,-2.376039407733494E+001,-4.213434033792701E+001,
4.117302052785924E+009,-2.347422689195539E+001,-6.165440428021530E+001,
4.121212121212121E+009,-2.326681192663340E+001,-8.133257769441103E+001,
4.125122189638319E+009,-2.316503723799822E+001,-1.013724821293738E+002,
4.129032258064516E+009,-2.303267482488070E+001,-1.205695874095560E+002,
4.132942326490714E+009,-2.295377593721001E+001,-1.388728834506926E+002,
4.136852394916911E+009,-2.269761143824272E+001,-1.567767216057703E+002,
4.140762463343109E+009,-2.232616068757005E+001,-1.748865175013412E+002,
4.144672531769306E+009,-2.186429299673070E+001,1.651241254420447E+002,
4.148582600195503E+009,-2.153938350108302E+001,1.447337631009590E+002,
4.152492668621701E+009,-2.145071023517242E+001,1.225834063738320E+002,
4.156402737047898E+009,-2.156984110957003E+001,1.026060601075660E+002,
4.160312805474096E+009,-2.167969635352439E+001,8.371278189633023E+001,
4.164222873900293E+009,-2.172136153616513E+001,6.448865259714482E+001,
4.168132942326491E+009,-2.177804337294935E+001,4.647492133029554E+001,
4.172043010752688E+009,-2.174311117644495E+001,2.841990179923653E+001,
4.175953079178886E+009,-2.163381905189311E+001,1.073720593833789E+001,
4.179863147605083E+009,-2.135879357123354E+001,-6.879514958502998E+000,
4.183773216031281E+009,-2.106265061407030E+001,-2.663126269207142E+001,
4.187683284457478E+009,-2.087281625508286E+001,-4.657614506904228E+001,
4.191593352883676E+009,-2.075128075971234E+001,-6.630504575052129E+001,
4.195503421309873E+009,-2.062856589142368E+001,-8.739178793876069E+001,
4.199413489736071E+009,-2.084781223980210E+001,-1.078236797130897E+002,
4.203323558162268E+009,-2.117721194392828E+001,-1.261582039274988E+002,
4.207233626588465E+009,-2.136008470304137E+001,-1.441212386089639E+002,
4.211143695014663E+009,-2.148465647152308E+001,-1.607756772708968E+002,
4.215053763440860E+009,-2.128672343458748E+001,-1.780510091067206E+002,
4.218963831867058E+009,-2.107195226494227E+001,1.627235108068811E+002,
4.222873900293255E+009,-2.101144011704566E+001,1.437330449119056E+002,
4.226783968719452E+009,-2.092171157529871E+001,1.243619536192170E+002,
4.230694037145650E+009,-2.101237618048117E+001,1.049632051227757E+002,
4.234604105571847E+009,-2.105674034441654E+001,8.586864410579101E+001,
4.238514173998045E+009,-2.117294991162313E+001,6.598540298163073E+001,
4.242424242424243E+009,-2.141452391303554E+001,4.725656756170871E+001,
4.246334310850440E+009,-2.169477372464490E+001,2.891033582251341E+001,
4.250244379276638E+009,-2.181671953960844E+001,1.166131659752339E+001,
4.254154447702835E+009,-2.189563963155241E+001,-6.121249335740746E+000,
4.258064516129032E+009,-2.198314501302717E+001,-2.513622031427664E+001,
4.261974584555230E+009,-2.200128728392558E+001,-4.330901954102543E+001,
4.265884652981427E+009,-2.214339352480425E+001,-6.197528430426176E+001,
4.269794721407625E+009,-2.240871149273545E+001,-8.001154799157017E+001,
4.273704789833822E+009,-2.264588038116379E+001,-9.748353455075180E+001,
4.277614858260019E+009,-2.266231327541178E+001,-1.153848553995851E+002,
4.281524926686217E+009,-2.281159105693778E+001,-1.328608997039401E+002,
4.285434995112414E+009,-2.292243136118327E+001,-1.507272850325874E+002,
4.289345063538612E+009,-2.306605888850217E+001,-1.696679911553816E+002,
4.293255131964809E+009,-2.340871004289521E+001,1.729075320690568E+002,
4.297165200391007E+009,-2.356629270756343E+001,1.565123767258675E+002,
4.301075268817205E+009,-2.369921237233468E+001,1.398089411924291E+002,
4.304985337243402E+009,-2.376483817050581E+001,1.230260768374334E+002,
4.308895405669600E+009,-2.390209919880783E+001,1.056751257979727E+002,
4.312805474095797E+009,-2.398252669313819E+001,8.862068684503390E+001,
4.316715542521994E+009,-2.401801280767093E+001,7.130428684097977E+001,
4.320625610948192E+009,-2.410857868305822E+001,5.502294703887285E+001,
4.324535679374389E+009,-2.412096526735645E+001,3.735196872168000E+001,
4.328445747800587E+009,-2.424827146485475E+001,1.984722171787969E+001,
4.332355816226784E+009,-2.440926641916501E+001,3.752735936153814E+000,
4.336265884652982E+009,-2.453127403123904E+001,-1.169563322585107E+001,
4.340175953079179E+009,-2.437373810351827E+001,-2.728763128315844E+001,
4.344086021505377E+009,-2.407173156176740E+001,-4.405800726050688E+001,
4.347996089931574E+009,-2.385324264807051E+001,-6.155954299060160E+001,
4.351906158357771E+009,-2.362119478458709E+001,-8.009872254404057E+001,
4.355816226783969E+009,-2.364894609131659E+001,-9.903326414512824E+001,
4.359726295210166E+009,-2.353899969370539E+001,-1.169402255704382E+002,
4.363636363636364E+009,-2.372680423060601E+001,-1.359224914441599E+002,
4.367546432062561E+009,-2.393990259247831E+001,-1.525356345275047E+002,
4.371456500488758E+009,-2.390036481031355E+001,-1.689566370355989E+002,
4.375366568914956E+009,-2.385206473996478E+001,1.736437246214512E+002,
4.379276637341153E+009,-2.383255733249960E+001,1.566011328142917E+002,
4.383186705767351E+009,-2.363407185497692E+001,1.400050731306982E+002,
4.387096774193548E+009,-2.341814457135373E+001,1.224758658052389E+002,
4.391006842619746E+009,-2.306663186050629E+001,1.035734881340718E+002,
4.394916911045943E+009,-2.305949264011436E+001,8.499947024762423E+001,
4.398826979472141E+009,-2.307641904645674E+001,6.671806272356787E+001,
4.402737047898338E+009,-2.309784854785718E+001,4.791718224175666E+001,
4.406647116324535E+009,-2.302381639882174E+001,2.963147849943119E+001,
4.410557184750733E+009,-2.310212413262044E+001,1.067753813278845E+001,
4.414467253176930E+009,-2.335539909424112E+001,-6.932982965373503E+000,
4.418377321603128E+009,-2.344510690383977E+001,-2.265517281326975E+001,
4.422287390029326E+009,-2.322150140873406E+001,-3.949646494881630E+001,
4.426197458455523E+009,-2.296133205431502E+001,-5.714648138658991E+001,
4.430107526881721E+009,-2.275811452965623E+001,-7.534707859781464E+001,
4.434017595307918E+009,-2.254470561736676E+001,-9.484157192536497E+001,
4.437927663734116E+009,-2.254584723279844E+001,-1.139973644662134E+002,
4.441837732160313E+009,-2.265390624094647E+001,-1.323826911616984E+002,
4.445747800586511E+009,-2.257693383346132E+001,-1.499696542010549E+002,
4.449657869012708E+009,-2.255150768105676E+001,-1.680564970800771E+002,
4.453567937438905E+009,-2.238477904030571E+001,1.731688094463010E+002,
4.457478005865103E+009,-2.242758017771216E+001,1.543781438909752E+002,
4.461388074291300E+009,-2.240881347870861E+001,1.367874726738670E+002,
4.465298142717498E+009,-2.225711631326704E+001,1.187467463010280E+002,
4.469208211143695E+009,-2.214326504475888E+001,1.000964452070587E+002,
4.473118279569893E+009,-2.194701456075257E+001,8.090104023921975E+001,
4.477028347996090E+009,-2.180422133003088E+001,6.160967607355590E+001,
4.480938416422287E+009,-2.176687502314785E+001,4.180201061726051E+001,
4.484848484848485E+009,-2.183293006795232E+001,2.246887231554839E+001,
4.488758553274682E+009,-2.184432431469531E+001,3.100591875808890E+000,
4.492668621700880E+009,-2.196342082659598E+001,-1.614950807674501E+001,
4.496578690127077E+009,-2.204268408970042E+001,-3.382934322203733E+001,
4.500488758553275E+009,-2.198962110269738E+001,-5.257968786004741E+001,
4.504398826979472E+009,-2.198205019846893E+001,-7.131864685139999E+001,
4.508308895405669E+009,-2.190638162652778E+001,-8.977027968619422E+001,
4.512218963831867E+009,-2.179029332657034E+001,-1.086040360036456E+002,
4.516129032258064E+009,-2.167032182951425E+001,-1.278588634940130E+002,
4.520039100684262E+009,-2.162224888526865E+001,-1.474532767629963E+002,
4.523949169110459E+009,-2.160295567636965E+001,-1.675203959495784E+002,
4.527859237536657E+009,-2.161009044029934E+001,1.722662406512845E+002,
4.531769305962854E+009,-2.180511611050808E+001,1.521894995523195E+002,
4.535679374389051E+009,-2.193766762152565E+001,1.325676210907245E+002,
4.539589442815249E+009,-2.211251232887733E+001,1.132144534692436E+002,
4.543499511241447E+009,-2.223321283109160E+001,9.429805277777525E+001,
4.547409579667645E+009,-2.236139684165456E+001,7.428123353049860E+001,
4.551319648093842E+009,-2.256377852671731E+001,5.554500853752356E+001,
4.555229716520039E+009,-2.279536003339911E+001,3.690872604284182E+001,
4.559139784946237E+009,-2.274853446153657E+001,1.894345019409222E+001,
4.563049853372434E+009,-2.276304421924180E+001,-9.522249839611520E-001,
4.566959921798632E+009,-2.289186985314198E+001,-2.073847229955792E+001,
4.570869990224829E+009,-2.311262020106707E+001,-3.989441029889221E+001,
4.574780058651027E+009,-2.320381773665949E+001,-5.834986615745083E+001,
4.578690127077224E+009,-2.336725328480281E+001,-7.698741650223201E+001,
4.582600195503422E+009,-2.345616123124188E+001,-9.563664784680056E+001,
4.586510263929619E+009,-2.355403770709851E+001,-1.142778636261321E+002,
4.590420332355816E+009,-2.364835219212901E+001,-1.328130516787476E+002,
4.594330400782014E+009,-2.374396566326897E+001,-1.516667412029655E+002,
4.598240469208211E+009,-2.387828617836100E+001,-1.697709051648917E+002,
4.602150537634409E+009,-2.389556299750096E+001,1.723314171016768E+002,
4.606060606060606E+009,-2.374467192220912E+001,1.542368182378243E+002,
4.609970674486803E+009,-2.369809082942426E+001,1.348089112574997E+002,
4.613880742913001E+009,-2.375501548799673E+001,1.159933721502811E+002,
4.617790811339198E+009,-2.365645057578307E+001,9.751063759794664E+001,
4.621700879765396E+009,-2.361653229498020E+001,7.853968170659762E+001,
4.625610948191593E+009,-2.345613156920017E+001,5.883966255144122E+001,
4.629521016617791E+009,-2.338536210095279E+001,3.910013580867594E+001,
4.633431085043988E+009,-2.338637677739412E+001,1.958062161004068E+001,
4.637341153470186E+009,-2.334490715047701E+001,-8.034121687664889E-001,
4.641251221896383E+009,-2.336014909500840E+001,-2.050450276248854E+001,
4.645161290322580E+009,-2.344476547452161E+001,-4.098990835321509E+001,
4.649071358748778E+009,-2.358840633752302E+001,-5.996096130600538E+001,
4.652981427174975E+009,-2.360946917500822E+001,-7.871056293654030E+001,
4.656891495601173E+009,-2.358944754301253E+001,-9.791528199824380E+001,
4.660801564027371E+009,-2.349363848420920E+001,-1.169609442477482E+002,
4.664711632453568E+009,-2.346953303681376E+001,-1.370936775788649E+002,
4.668621700879766E+009,-2.344248995705186E+001,-1.570912858865979E+002,
4.672531769305963E+009,-2.357098033863114E+001,-1.764901648612808E+002,
4.676441837732161E+009,-2.355670932439884E+001,1.648125813076485E+002,
4.680351906158358E+009,-2.337825130450037E+001,1.456029357927690E+002,
4.684261974584556E+009,-2.320966260931412E+001,1.247127637551728E+002,
4.688172043010753E+009,-2.321942959610352E+001,1.041717924982408E+002,
4.692082111436951E+009,-2.334134417258775E+001,8.423851969230282E+001,
4.695992179863148E+009,-2.332363361818363E+001,6.439793151399707E+001,
4.699902248289345E+009,-2.331775572309096E+001,4.371815330409226E+001,
4.703812316715543E+009,-2.337740649289505E+001,2.327537405773698E+001,
4.707722385141740E+009,-2.348697073287413E+001,3.691003522871299E+000,
4.711632453567938E+009,-2.340514494120446E+001,-1.569011091754864E+001,
4.715542521994135E+009,-2.341524530906975E+001,-3.666261446570506E+001,
4.719452590420332E+009,-2.349734943309623E+001,-5.768969636979620E+001,
4.723362658846530E+009,-2.367515635280864E+001,-7.743695018701564E+001,
4.727272727272727E+009,-2.368855429260719E+001,-9.756934755946979E+001,
4.731182795698925E+009,-2.385202637275106E+001,-1.174408726744263E+002,
4.735092864125122E+009,-2.384318145777402E+001,-1.381977023058977E+002,
4.739002932551320E+009,-2.402167434539477E+001,-1.584167726844007E+002,
4.742913000977517E+009,-2.415704983139494E+001,-1.792401534021457E+002,
4.746823069403714E+009,-2.433253439965541E+001,1.601091839335908E+002,
4.750733137829912E+009,-2.473030234272453E+001,1.399972685839279E+002,
4.754643206256109E+009,-2.507452722174129E+001,1.213630084398342E+002,
4.758553274682307E+009,-2.514759884874707E+001,1.027488346332383E+002,
4.762463343108504E+009,-2.521927662610100E+001,8.337710323810467E+001,
4.766373411534702E+009,-2.543347591047764E+001,6.409775397501744E+001,
4.770283479960899E+009,-2.559636607756989E+001,4.568064001454396E+001,
4.774193548387096E+009,-2.555208234955768E+001,2.713778177914678E+001,
4.778103616813294E+009,-2.546137280579593E+001,8.110564796755941E+000,
4.782013685239492E+009,-2.552865604613708E+001,-1.291168392604867E+001,
4.785923753665690E+009,-2.572780112657483E+001,-3.188549776319028E+001,
4.789833822091887E+009,-2.572920238716762E+001,-5.118292945432962E+001,
4.793743890518084E+009,-2.580713384803445E+001,-7.061406222872193E+001,
4.797653958944282E+009,-2.571656507566303E+001,-9.044060665932614E+001,
4.801564027370479E+009,-2.573751949021724E+001,-1.105814999918647E+002,
4.805474095796677E+009,-2.596923242694586E+001,-1.314930585672875E+002,
4.809384164222874E+009,-2.615112380269473E+001,-1.503992598359682E+002,
4.813294232649072E+009,-2.625904033107080E+001,-1.703975303450073E+002,
4.817204301075269E+009,-2.647288438458406E+001,1.715790321821480E+002,
4.821114369501467E+009,-2.632603073671469E+001,1.525292615535396E+002,
4.825024437927664E+009,-2.618214741868027E+001,1.315744029521977E+002,
4.828934506353861E+009,-2.627203608779209E+001,1.105855167727265E+002,
4.832844574780059E+009,-2.655506287248306E+001,8.900914219571119E+001,
4.836754643206256E+009,-2.690055227480259E+001,6.996303282392503E+001,
4.840664711632454E+009,-2.697717323638214E+001,5.026804393219327E+001,
4.844574780058651E+009,-2.733653240757584E+001,3.100080970158236E+001,
4.848484848484848E+009,-2.771823035952268E+001,1.200074232681666E+001,
4.852394916911046E+009,-2.764942020271381E+001,-5.460306852497002E+000,
4.856304985337243E+009,-2.759295951466019E+001,-2.483397974556167E+001,
4.860215053763441E+009,-2.755147400209947E+001,-4.484303293362951E+001,
4.864125122189638E+009,-2.765160049585514E+001,-6.487015201811748E+001,
4.868035190615836E+009,-2.789564702024971E+001,-8.590304084893285E+001,
4.871945259042033E+009,-2.821145354040320E+001,-1.039603957931118E+002,
4.875855327468231E+009,-2.828391258306843E+001,-1.230150285892844E+002,
4.879765395894428E+009,-2.823717856046893E+001,-1.421611876131862E+002,
4.883675464320625E+009,-2.842782013525347E+001,-1.620499518954439E+002,
4.887585532746823E+009,-2.862779126855011E+001,1.795471057360944E+002,
4.891495601173020E+009,-2.877939002765370E+001,1.606750334651977E+002,
4.895405669599218E+009,-2.862511345325434E+001,1.428209631853021E+002,
4.899315738025415E+009,-2.876961739316897E+001,1.231400258169981E+002,
4.903225806451613E+009,-2.878470529271590E+001,1.040016426732332E+002,
4.907135874877811E+009,-2.897097115260930E+001,8.346551174080395E+001,
4.911045943304008E+009,-2.928324092822454E+001,6.414897540386400E+001,
4.914956011730206E+009,-2.965584926196064E+001,4.638266263980577E+001,
4.918866080156403E+009,-2.978285587058595E+001,2.961757325089221E+001,
4.922776148582601E+009,-2.984666144699211E+001,1.153242712225459E+001,
4.926686217008798E+009,-2.985129606609382E+001,-5.968554242135804E+000,
4.930596285434996E+009,-2.982455637180788E+001,-2.294678709103442E+001,
4.934506353861193E+009,-2.997895665842009E+001,-4.039814893209725E+001,
4.938416422287390E+009,-2.995574910686599E+001,-5.708367392801951E+001,
4.942326490713588E+009,-2.989353117161576E+001,-7.338283162454474E+001,
4.946236559139785E+009,-2.961606013173292E+001,-8.903845569594212E+001,
4.950146627565983E+009,-2.914608923194814E+001,-1.066997969654961E+002,
4.954056695992180E+009,-2.859160995281970E+001,-1.253106886443625E+002,
4.957966764418377E+009,-2.818001152618858E+001,-1.461700553737438E+002,
4.961876832844575E+009,-2.827544564538231E+001,-1.655582853883313E+002,
4.965786901270772E+009,-2.808079511004740E+001,1.763877246175802E+002,
4.969696969696970E+009,-2.792229542916682E+001,1.577721355130203E+002,
4.973607038123167E+009,-2.766908990378709E+001,1.386985567089197E+002,
4.977517106549365E+009,-2.748880352149846E+001,1.197250073722381E+002,
4.981427174975562E+009,-2.725542280017302E+001,1.009355265217073E+002,
4.985337243401759E+009,-2.710249818945940E+001,8.154446225366303E+001,
4.989247311827957E+009,-2.699566050441016E+001,6.185051218593988E+001,
4.993157380254154E+009,-2.694362824217948E+001,4.246604595067066E+001,
4.997067448680352E+009,-2.685037403060394E+001,2.360194304644751E+001,
5.000977517106549E+009,-2.669472858367639E+001,4.527915842073087E+000,
5.004887585532747E+009,-2.664482606381927E+001,-1.461300493446413E+001,
5.008797653958944E+009,-2.644563742094270E+001,-3.311901549550473E+001,
5.012707722385141E+009,-2.650813641701659E+001,-5.249406980083276E+001,
5.016617790811339E+009,-2.639283165625709E+001,-7.104480324634193E+001,
5.020527859237536E+009,-2.628498519655130E+001,-8.943158609842774E+001,
5.024437927663734E+009,-2.621735621182823E+001,-1.085921374605867E+002,
5.028347996089932E+009,-2.611953784908609E+001,-1.271661619868661E+002,
5.032258064516129E+009,-2.610855617264167E+001,-1.460412152408053E+002,
5.036168132942327E+009,-2.609679594147476E+001,-1.642059220906685E+002,
5.040078201368524E+009,-2.599073228022446E+001,1.778202123518637E+002,
5.043988269794722E+009,-2.591684923428938E+001,1.593892766048613E+002,
5.047898338220919E+009,-2.589956633641386E+001,1.409656101304647E+002,
5.051808406647117E+009,-2.584135806490584E+001,1.235644863172215E+002,
5.055718475073314E+009,-2.569015886327373E+001,1.059036372450081E+002,
5.059628543499512E+009,-2.553626259548997E+001,8.769700759273756E+001,
5.063538611925709E+009,-2.544564102583922E+001,7.010317778926920E+001,
5.067448680351906E+009,-2.523089910988391E+001,5.288346660125800E+001,
5.071358748778104E+009,-2.490232676233322E+001,3.501072278822482E+001,
5.075268817204301E+009,-2.460444198073410E+001,1.600611023530579E+001,
5.079178885630499E+009,-2.443876656041570E+001,-3.337982311360557E+000,
5.083088954056696E+009,-2.429929137069865E+001,-2.155954299400681E+001,
5.086999022482893E+009,-2.402266783679787E+001,-3.997091271775810E+001,
5.090909090909091E+009,-2.386771786768954E+001,-5.891926057142076E+001,
5.094819159335288E+009,-2.365766158881069E+001,-7.781093930604183E+001,
5.098729227761486E+009,-2.351246864756286E+001,-9.661983963419365E+001,
5.102639296187683E+009,-2.341071560963191E+001,-1.157446644595119E+002,
5.106549364613881E+009,-2.334239064324601E+001,-1.340302127445119E+002,
5.110459433040078E+009,-2.310545986660081E+001,-1.527086517302626E+002,
5.114369501466276E+009,-2.296472506639001E+001,-1.724706461287154E+002,
5.118279569892473E+009,-2.290397479331835E+001,1.680071411106514E+002,
5.122189638318670E+009,-2.293943763083297E+001,1.492547230357366E+002,
5.126099706744868E+009,-2.296832781092588E+001,1.313224712999718E+002,
5.130009775171065E+009,-2.289412632845233E+001,1.136449680346718E+002,
5.133919843597263E+009,-2.266466174303262E+001,9.508158841913755E+001,
5.137829912023460E+009,-2.248523426466751E+001,7.612948512108984E+001,
5.141739980449657E+009,-2.239654057592081E+001,5.760615046370537E+001,
5.145650048875855E+009,-2.223056034860042E+001,3.872325481610413E+001,
5.149560117302053E+009,-2.200786171032852E+001,1.966232126895391E+001,
5.153470185728251E+009,-2.192438414632882E+001,-3.336121890502353E-001,
5.157380254154448E+009,-2.193257528449987E+001,-2.038875247645602E+001,
5.161290322580645E+009,-2.204246164135947E+001,-3.894714100217874E+001,
5.165200391006843E+009,-2.208186193136402E+001,-5.714504354003124E+001,
5.169110459433041E+009,-2.202340179791282E+001,-7.541069412173786E+001,
5.173020527859238E+009,-2.186228378386334E+001,-9.380854342323610E+001,
5.176930596285435E+009,-2.175779279391250E+001,-1.124549786663854E+002,
5.180840664711633E+009,-2.167149087725571E+001,-1.313559183331371E+002,
5.184750733137830E+009,-2.152404347656941E+001,-1.505504521958280E+002,
5.188660801564028E+009,-2.145473373649006E+001,-1.703937560762850E+002,
5.192570869990225E+009,-2.149673946611098E+001,1.701263350718145E+002,
5.196480938416422E+009,-2.157915245725397E+001,1.513334076877718E+002,
5.200391006842620E+009,-2.163886890203986E+001,1.327386397720410E+002,
5.204301075268817E+009,-2.170199570629228E+001,1.134985742234441E+002,
5.208211143695015E+009,-2.186987779089549E+001,9.538276359252198E+001,
5.212121212121212E+009,-2.193152424147668E+001,7.729147565010545E+001,
5.216031280547409E+009,-2.195641558661595E+001,5.929561799406860E+001,
5.219941348973607E+009,-2.192153864344733E+001,4.178441873395199E+001,
5.223851417399805E+009,-2.188233098608659E+001,2.298289812788887E+001,
5.227761485826002E+009,-2.177201960626569E+001,4.700314857279058E+000,
5.231671554252199E+009,-2.171141269089665E+001,-1.454303185806581E+001,
5.235581622678397E+009,-2.178802699599481E+001,-3.325916866988713E+001,
5.239491691104594E+009,-2.172371817837529E+001,-5.162722168275829E+001,
5.243401759530792E+009,-2.177002220710291E+001,-7.046075176045946E+001,
5.247311827956989E+009,-2.182856932994333E+001,-8.905891750559565E+001,
5.251221896383186E+009,-2.185715153676157E+001,-1.074068348448743E+002,
5.255131964809384E+009,-2.184890414724049E+001,-1.255761037519245E+002,
5.259042033235581E+009,-2.183045356198952E+001,-1.442169795645737E+002,
5.262952101661779E+009,-2.182586876525034E+001,-1.620685127861809E+002,
5.266862170087977E+009,-2.178832068666409E+001,1.787347927797830E+002,
5.270772238514174E+009,-2.187337009551960E+001,1.607531943107070E+002,
5.274682306940372E+009,-2.190607086969191E+001,1.421371267781156E+002,
5.278592375366570E+009,-2.186429919878639E+001,1.238431501585373E+002,
5.282502443792767E+009,-2.186829081962567E+001,1.055916370596161E+002,
5.286412512218964E+009,-2.174134240898586E+001,8.761581889649787E+001,
5.290322580645162E+009,-2.163023584770318E+001,6.903985565978388E+001,
5.294232649071359E+009,-2.147313827347126E+001,5.037138001954929E+001,
5.298142717497557E+009,-2.141765983909222E+001,3.061596054340854E+001,
5.302052785923754E+009,-2.139910843540646E+001,1.135132622758731E+001,
5.305962854349951E+009,-2.141428513718521E+001,-8.232702123846204E+000,
5.309872922776149E+009,-2.147145885516096E+001,-2.699431043068907E+001,
5.313782991202346E+009,-2.147679596168727E+001,-4.632736127956653E+001,
5.317693059628544E+009,-2.160074159945623E+001,-6.572544844792485E+001,
5.321603128054741E+009,-2.161806895065738E+001,-8.416689779765487E+001,
5.325513196480938E+009,-2.164826544829752E+001,-1.030511315011204E+002,
5.329423264907136E+009,-2.166272311381529E+001,-1.223312687258070E+002,
5.333333333333333E+009,-2.173309367627348E+001,-1.415714517199577E+002,
5.337243401759531E+009,-2.184303715005533E+001,-1.609061338393490E+002,
5.341153470185728E+009,-2.195915529530722E+001,1.796295698684775E+002,
5.345063538611926E+009,-2.219378836571323E+001,1.610423998685498E+002,
5.348973607038123E+009,-2.224252336624065E+001,1.430935773609126E+002,
5.352883675464321E+009,-2.228655321921661E+001,1.243852312273200E+002,
5.356793743890518E+009,-2.235777962133960E+001,1.061652046043415E+002,
5.360703812316715E+009,-2.233977705876210E+001,8.709831803289777E+001,
5.364613880742913E+009,-2.243415122748972E+001,6.771454462166113E+001,
5.368523949169110E+009,-2.259129698498768E+001,4.839043020107027E+001,
5.372434017595308E+009,-2.275276865075312E+001,2.982765795871325E+001,
5.376344086021505E+009,-2.282879956610960E+001,1.152876510834965E+001,
5.380254154447702E+009,-2.289860709872608E+001,-7.054747381163580E+000,
5.384164222873900E+009,-2.289273782289738E+001,-2.678585862215070E+001,
5.388074291300098E+009,-2.312705048137607E+001,-4.576369405257901E+001,
5.391984359726296E+009,-2.322964163496553E+001,-6.418432000611057E+001,
5.395894428152493E+009,-2.342072853294034E+001,-8.325524140601299E+001,
5.399804496578690E+009,-2.363053647829018E+001,-1.019175959797640E+002,
5.403714565004888E+009,-2.373659488881927E+001,-1.197961863963018E+002,
5.407624633431086E+009,-2.397396699344797E+001,-1.376972680482045E+002,
5.411534701857283E+009,-2.401344157036700E+001,-1.546538996542109E+002,
5.415444770283480E+009,-2.400832475293858E+001,-1.724124011132230E+002,
5.419354838709678E+009,-2.391219777215184E+001,1.694782939049180E+002,
5.423264907135875E+009,-2.380266453246399E+001,1.516578039532516E+002,
5.427174975562073E+009,-2.359561407069023E+001,1.325903210701590E+002,
5.431085043988270E+009,-2.343873605792276E+001,1.121588410502962E+002,
5.434995112414467E+009,-2.354683223900357E+001,9.247200625312219E+001,
5.438905180840665E+009,-2.373638128942464E+001,7.388989754680034E+001,
5.442815249266862E+009,-2.380060243387538E+001,5.597558307852480E+001,
5.446725317693060E+009,-2.364894265059341E+001,3.792484526108282E+001,
5.450635386119257E+009,-2.352289984193558E+001,1.849289548445776E+001,
5.454545454545454E+009,-2.352205606956751E+001,-1.621257572300495E+000,
5.458455522971652E+009,-2.345009051391282E+001,-2.044642186960771E+001,
5.462365591397850E+009,-2.338801075433066E+001,-3.976108812968958E+001,
5.466275659824047E+009,-2.330288104340481E+001,-5.931902867833742E+001,
5.470185728250244E+009,-2.328660190380602E+001,-7.978144695443575E+001,
5.474095796676442E+009,-2.325970114747211E+001,-1.001016418358958E+002,
5.478005865102639E+009,-2.353953624980520E+001,-1.204744940122286E+002,
5.481915933528837E+009,-2.370267577110356E+001,-1.396324801994671E+002,
5.485826001955034E+009,-2.382040130681886E+001,-1.581427336005137E+002,
5.489736070381231E+009,-2.378366275733568E+001,-1.768627184495146E+002,
5.493646138807429E+009,-2.373234330996706E+001,1.636619941203695E+002,
5.497556207233626E+009,-2.373903414193912E+001,1.445424082393498E+002,
5.501466275659824E+009,-2.361312562043132E+001,1.246802311418762E+002,
5.505376344086021E+009,-2.356611189306486E+001,1.039459951275078E+002,
5.509286412512219E+009,-2.369461626239412E+001,8.362752414479245E+001,
5.513196480938417E+009,-2.382730575209283E+001,6.320314189596194E+001,
5.517106549364615E+009,-2.408893748276814E+001,4.363114155307096E+001,
5.521016617790812E+009,-2.429102380842174E+001,2.415861217719188E+001,
5.524926686217009E+009,-2.450455073848257E+001,5.550488737722047E+000,
5.528836754643207E+009,-2.462414791172997E+001,-1.370378014888751E+001,
5.532746823069404E+009,-2.480359581425432E+001,-3.188586446788411E+001,
5.536656891495602E+009,-2.484814967278166E+001,-4.965736478243998E+001,
5.540566959921799E+009,-2.475736507781958E+001,-6.789015296446586E+001,
5.544477028347996E+009,-2.462674822880930E+001,-8.709304889697768E+001,
5.548387096774194E+009,-2.446686706180207E+001,-1.069181024258261E+002,
5.552297165200391E+009,-2.445596318381583E+001,-1.272064685841828E+002,
5.556207233626589E+009,-2.472614961847826E+001,-1.475412578780544E+002,
5.560117302052786E+009,-2.489359698437270E+001,-1.662783152774615E+002,
5.564027370478983E+009,-2.500978114047900E+001,1.750290808224455E+002,
5.567937438905181E+009,-2.500213179216622E+001,1.572531968303703E+002,
5.571847507331378E+009,-2.503986128754745E+001,1.372979860709291E+002,
5.575757575757576E+009,-2.506634813382654E+001,1.186184910078476E+002,
5.579667644183773E+009,-2.522058241449155E+001,1.005189322372550E+002,
5.583577712609971E+009,-2.510169386133332E+001,8.226479122594024E+001,
5.587487781036168E+009,-2.499410972443518E+001,6.229358884696146E+001,
5.591397849462366E+009,-2.504693415882545E+001,4.308166421849057E+001,
5.595307917888563E+009,-2.514083144817402E+001,2.410308523892960E+001,
5.599217986314760E+009,-2.515116182470909E+001,6.330298747216967E+000,
5.603128054740958E+009,-2.514237623758334E+001,-1.253232947081065E+001,
5.607038123167155E+009,-2.502078125333299E+001,-3.088515572739750E+001,
5.610948191593353E+009,-2.490753357893007E+001,-5.012028754661952E+001,
5.614858260019550E+009,-2.493642733870047E+001,-6.951304641493327E+001,
5.618768328445747E+009,-2.491041911019703E+001,-8.759176540089840E+001,
5.622678396871945E+009,-2.493345440832655E+001,-1.068108545801350E+002,
5.626588465298142E+009,-2.462948874181376E+001,-1.251028779168707E+002,
5.630498533724340E+009,-2.458988205010313E+001,-1.451498453356192E+002,
5.634408602150538E+009,-2.461362099469143E+001,-1.647559131628122E+002,
5.638318670576735E+009,-2.461843925499366E+001,1.760624438461363E+002,
5.642228739002933E+009,-2.466407793405330E+001,1.571235094088321E+002,
5.646138807429131E+009,-2.456842468126816E+001,1.390587237759394E+002,
5.650048875855328E+009,-2.442604375760341E+001,1.203394590693705E+002,
5.653958944281525E+009,-2.421190189896950E+001,1.012336019658930E+002,
5.657869012707723E+009,-2.407686819305765E+001,8.160885762300110E+001,
5.661779081133920E+009,-2.403582728960998E+001,6.141363170307032E+001,
5.665689149560118E+009,-2.396434720923267E+001,4.163478619515220E+001,
5.669599217986315E+009,-2.394497463723839E+001,2.138715189859239E+001,
5.673509286412512E+009,-2.398966016268084E+001,1.136243508470532E+000,
5.677419354838710E+009,-2.420874300419852E+001,-1.866892694648802E+001,
5.681329423264907E+009,-2.437668518783914E+001,-3.823650487487772E+001,
5.685239491691105E+009,-2.455787609839726E+001,-5.665141562681025E+001,
5.689149560117302E+009,-2.460453421353109E+001,-7.444720715305364E+001,
5.693059628543499E+009,-2.437947111786795E+001,-9.313213175540044E+001,
5.696969696969697E+009,-2.440965762105297E+001,-1.126527956164735E+002,
5.700879765395895E+009,-2.426798203240511E+001,-1.312047178189733E+002,
5.704789833822092E+009,-2.429948293715630E+001,-1.518793522739815E+002,
5.708699902248289E+009,-2.430391081761172E+001,-1.717811934032799E+002,
5.712609970674487E+009,-2.441074772505040E+001,1.685520084659111E+002,
5.716520039100684E+009,-2.452731145941659E+001,1.489000099484567E+002,
5.720430107526882E+009,-2.474961531289549E+001,1.295225301682628E+002,
5.724340175953079E+009,-2.485084266950807E+001,1.106524909692654E+002,
5.728250244379276E+009,-2.500379555864136E+001,9.219748184416618E+001,
5.732160312805474E+009,-2.499919220611792E+001,7.392624167432574E+001,
5.736070381231671E+009,-2.495424019225441E+001,5.386686272905619E+001,
5.739980449657869E+009,-2.496372580650037E+001,3.409657598800700E+001,
5.743890518084066E+009,-2.517974948744812E+001,1.441377358651242E+001,
5.747800586510263E+009,-2.536179174771075E+001,-5.107476041322452E+000,
5.751710654936461E+009,-2.562624281671443E+001,-2.412298767672250E+001,
5.755620723362660E+009,-2.583937787296371E+001,-4.265025316834221E+001,
5.759530791788857E+009,-2.602685269169447E+001,-6.153331120449588E+001,
5.763440860215054E+009,-2.626513807270286E+001,-7.983948523793509E+001,
5.767350928641252E+009,-2.655009258860467E+001,-9.753196034565812E+001,
5.771260997067449E+009,-2.650603667537365E+001,-1.152179684231832E+002,
5.775171065493647E+009,-2.650876154492401E+001,-1.355057251690658E+002,
5.779081133919844E+009,-2.687539503811074E+001,-1.541865227392278E+002,
5.782991202346041E+009,-2.723304800454099E+001,-1.727837915440950E+002,
5.786901270772239E+009,-2.731337612267933E+001,1.696041010724133E+002,
5.790811339198436E+009,-2.753432859468721E+001,1.515691280936290E+002,
5.794721407624634E+009,-2.787569292310508E+001,1.335664682473884E+002,
5.798631476050831E+009,-2.821322350793385E+001,1.167076095688088E+002,
5.802541544477028E+009,-2.812285136225243E+001,1.010655147309635E+002,
5.806451612903226E+009,-2.828839135905152E+001,8.375678070173041E+001,
5.810361681329423E+009,-2.811817967055487E+001,6.741567612706943E+001,
5.814271749755621E+009,-2.798870347703247E+001,4.993039239794825E+001,
5.818181818181818E+009,-2.785201219055079E+001,3.128026758441522E+001,
5.822091886608016E+009,-2.767927705681136E+001,1.254336507821120E+001,
5.826001955034213E+009,-2.770983070944766E+001,-6.965063426196263E+000,
5.829912023460411E+009,-2.804869999056241E+001,-2.640624331325817E+001,
5.833822091886608E+009,-2.821011149194568E+001,-4.301168640202955E+001,
5.837732160312805E+009,-2.813375578616563E+001,-6.015879532994987E+001,
5.841642228739003E+009,-2.791999189490978E+001,-7.782203574605921E+001,
5.845552297165200E+009,-2.786586721479635E+001,-9.648819195826523E+001,
5.849462365591398E+009,-2.779330163451535E+001,-1.150071786150461E+002,
5.853372434017595E+009,-2.782368102201933E+001,-1.342299653486766E+002,
5.857282502443792E+009,-2.773379949061053E+001,-1.533888261759725E+002,
5.861192570869990E+009,-2.775308944065179E+001,-1.720674193986301E+002,
5.865102639296187E+009,-2.781381708687693E+001,1.680949571223117E+002,
5.869012707722385E+009,-2.805527604941452E+001,1.501919299699115E+002,
5.872922776148583E+009,-2.812164356061548E+001,1.326378623094223E+002,
5.876832844574780E+009,-2.803374789440163E+001,1.155052428709604E+002,
5.880742913000978E+009,-2.782045472363038E+001,9.689218896443330E+001,
5.884652981427176E+009,-2.777028956574912E+001,7.796276767964210E+001,
5.888563049853373E+009,-2.785905637346501E+001,5.866456159586065E+001,
5.892473118279570E+009,-2.773860920892079E+001,4.028044282499855E+001,
5.896383186705768E+009,-2.774811394721324E+001,2.213374232385701E+001,
5.900293255131965E+009,-2.765939316638942E+001,3.519549248421328E+000,
5.904203323558163E+009,-2.759175312185035E+001,-1.599336591928123E+001,
5.908113391984360E+009,-2.741021330229131E+001,-3.484099124451015E+001,
5.912023460410557E+009,-2.754920403045882E+001,-5.472931531507125E+001,
5.915933528836755E+009,-2.758303105395442E+001,-7.467649733635066E+001,
5.919843597262952E+009,-2.766695345096320E+001,-9.353405887332163E+001,
5.923753665689150E+009,-2.780399323368057E+001,-1.123881454148326E+002,
5.927663734115347E+009,-2.777808813236318E+001,-1.318212990062985E+002,
5.931573802541544E+009,-2.789782751141634E+001,-1.500866345961490E+002,
5.935483870967742E+009,-2.812062722697888E+001,-1.687457089091721E+002,
5.939393939393940E+009,-2.808263956263156E+001,1.746120421860601E+002,
5.943304007820137E+009,-2.790548377693110E+001,1.562691672676473E+002,
5.947214076246334E+009,-2.759620159102129E+001,1.377189312915789E+002,
5.951124144672532E+009,-2.772635801031574E+001,1.174287843468482E+002,
5.955034213098729E+009,-2.760446033499057E+001,9.825677512112910E+001,
5.958944281524927E+009,-2.760482904707548E+001,7.918948816648341E+001,
5.962854349951124E+009,-2.772199045698549E+001,6.013797356989915E+001,
5.966764418377321E+009,-2.783021584839784E+001,4.323687300703474E+001,
5.970674486803519E+009,-2.751611978697014E+001,2.624101712438799E+001,
5.974584555229716E+009,-2.721538163102666E+001,6.937824146346785E+000,
5.978494623655914E+009,-2.701544126829982E+001,-1.283464843759842E+001,
5.982404692082111E+009,-2.684952126637610E+001,-3.213050594581901E+001,
5.986314760508308E+009,-2.657187212925500E+001,-5.195954677272116E+001,
5.990224828934506E+009,-2.646388498062755E+001,-7.229984781255085E+001,
5.994134897360704E+009,-2.638558901503097E+001,-9.226699150609646E+001,
5.998044965786902E+009,-2.626414783889414E+001,-1.127226977367164E+002,
6.001955034213099E+009,-2.635516960930029E+001,-1.332662868285509E+002,
6.005865102639297E+009,-2.638535066223456E+001,-1.519270067787361E+002,
6.009775171065494E+009,-2.617042525565745E+001,-1.716152707339784E+002,
6.013685239491692E+009,-2.601768747775673E+001,1.691635137720380E+002,
6.017595307917889E+009,-2.584258486694755E+001,1.480147859659552E+002,
6.021505376344086E+009,-2.593392876242881E+001,1.274848072965112E+002,
6.025415444770284E+009,-2.581348826312004E+001,1.076195883988840E+002,
6.029325513196481E+009,-2.576125447777317E+001,8.693333296921215E+001,
6.033235581622679E+009,-2.577658441000603E+001,6.619440898952004E+001,
6.037145650048876E+009,-2.579106061975803E+001,4.607751065356132E+001,
6.041055718475073E+009,-2.578537747540249E+001,2.514147738400691E+001,
6.044965786901271E+009,-2.591744818013421E+001,4.605069330726869E+000,
6.048875855327468E+009,-2.611566371302066E+001,-1.499206766851567E+001,
6.052785923753666E+009,-2.619852975521039E+001,-3.487878691814888E+001,
6.056695992179863E+009,-2.637673217500596E+001,-5.487598222998488E+001,
6.060606060606061E+009,-2.652501071474148E+001,-7.364810634612908E+001,
6.064516129032258E+009,-2.653475697538618E+001,-9.205129518917748E+001,
6.068426197458456E+009,-2.644456772065599E+001,-1.109597169755073E+002,
6.072336265884653E+009,-2.631961354364047E+001,-1.315969156268550E+002,
6.076246334310850E+009,-2.642364399834158E+001,-1.517790725464726E+002,
6.080156402737048E+009,-2.657830705562823E+001,-1.721711045653985E+002,
6.084066471163245E+009,-2.667204076934448E+001,1.688540925164661E+002,
6.087976539589443E+009,-2.680512870992151E+001,1.494121114887352E+002,
6.091886608015640E+009,-2.683775636092071E+001,1.297621713158797E+002,
6.095796676441837E+009,-2.697233662054202E+001,1.106199124704562E+002,
6.099706744868035E+009,-2.705413264298082E+001,9.259824552851792E+001,
6.103616813294232E+009,-2.688054417039854E+001,7.344998671220601E+001,
6.107526881720430E+009,-2.678216969334062E+001,5.373143376571527E+001,
6.111436950146627E+009,-2.678417544268446E+001,3.343990954677297E+001,
6.115347018572825E+009,-2.693352804585611E+001,1.361131162911922E+001,
6.119257086999023E+009,-2.708064585987785E+001,-6.669314003096011E+000,
6.123167155425221E+009,-2.724961421060490E+001,-2.613662024345398E+001,
6.127077223851418E+009,-2.745772508076424E+001,-4.482095857097255E+001,
6.130987292277615E+009,-2.744946000995430E+001,-6.369644606457121E+001,
6.134897360703813E+009,-2.764179542403163E+001,-8.381002671321498E+001,
6.138807429130010E+009,-2.790504112416900E+001,-1.022844776589691E+002,
6.142717497556208E+009,-2.818270174187509E+001,-1.204043341098427E+002,
6.146627565982405E+009,-2.815466048746717E+001,-1.371608949424762E+002,
6.150537634408602E+009,-2.800848794237138E+001,-1.554211230582703E+002,
6.154447702834800E+009,-2.787302853072760E+001,-1.752578780168243E+002,
6.158357771260998E+009,-2.800673929825693E+001,1.644149054308148E+002,
6.162267839687195E+009,-2.829165010238048E+001,1.441419648824186E+002,
6.166177908113392E+009,-2.875127789274832E+001,1.254479154155239E+002,
6.170087976539589E+009,-2.906679788794932E+001,1.087351003356809E+002,
6.173998044965787E+009,-2.919532434988420E+001,9.208444743236348E+001,
6.177908113391985E+009,-2.918446800292997E+001,7.528376801299781E+001,
6.181818181818182E+009,-2.911321072884247E+001,5.811940210495264E+001,
6.185728250244379E+009,-2.930712537459526E+001,4.004748175516850E+001,
6.189638318670576E+009,-2.912747527100100E+001,2.400854944987407E+001,
6.193548387096774E+009,-2.894419896826544E+001,6.901052393532460E+000,
6.197458455522972E+009,-2.875585923000153E+001,-1.243482834675860E+001,
6.201368523949169E+009,-2.893464088382860E+001,-3.133323009648983E+001,
6.205278592375366E+009,-2.892480543289997E+001,-4.859678488922702E+001,
6.209188660801564E+009,-2.880193890652272E+001,-6.510514725902179E+001,
6.213098729227762E+009,-2.853126239245204E+001,-8.376930581598546E+001,
6.217008797653959E+009,-2.849394876800087E+001,-1.026851397405725E+002,
6.220918866080156E+009,-2.858065037908398E+001,-1.204083742301904E+002,
6.224828934506353E+009,-2.847264134342627E+001,-1.367435698799673E+002,
6.228739002932551E+009,-2.828999793837711E+001,-1.550404119810997E+002,
6.232649071358749E+009,-2.816505589957913E+001,-1.737290132012290E+002,
6.236559139784946E+009,-2.813345720239036E+001,1.696180424611792E+002,
6.240469208211144E+009,-2.781688805531580E+001,1.524354219336992E+002,
6.244379276637341E+009,-2.756821800537083E+001,1.341055290565092E+002,
6.248289345063539E+009,-2.723985736704900E+001,1.148068880668408E+002,
6.252199413489737E+009,-2.699543361219704E+001,9.615780574445428E+001,
6.256109481915934E+009,-2.675314102062630E+001,7.653030526064801E+001,
6.260019550342131E+009,-2.662629867005953E+001,5.656296076362479E+001,
6.263929618768329E+009,-2.660235756248298E+001,3.654527640510572E+001,
6.267839687194526E+009,-2.666714906638926E+001,1.685600562773816E+001,
6.271749755620724E+009,-2.684847668153236E+001,-1.663982833213485E+000,
6.275659824046921E+009,-2.686943999857755E+001,-1.936932822253354E+001,
6.279569892473118E+009,-2.676023463245014E+001,-3.632744380861728E+001,
6.283479960899316E+009,-2.642907426097736E+001,-5.483071165978717E+001,
6.287390029325514E+009,-2.626014402015628E+001,-7.519837024392201E+001,
6.291300097751711E+009,-2.622035079726690E+001,-9.471170425517839E+001,
6.295210166177908E+009,-2.625349854486212E+001,-1.134836155485924E+002,
6.299120234604105E+009,-2.620665496576592E+001,-1.329444501729321E+002,
6.303030303030303E+009,-2.637961816254277E+001,-1.532456169675113E+002,
6.306940371456501E+009,-2.653767374927943E+001,-1.708130802679607E+002,
6.310850439882698E+009,-2.662251593471931E+001,1.710244117644110E+002,
6.314760508308895E+009,-2.661959144177633E+001,1.528481481908926E+002,
6.318670576735093E+009,-2.654689542208561E+001,1.360817822445240E+002,
6.322580645161290E+009,-2.630588979419645E+001,1.174232538336923E+002,
6.326490713587488E+009,-2.616012639980583E+001,9.849505284900316E+001,
6.330400782013685E+009,-2.618090666141785E+001,7.891295325817963E+001,
6.334310850439882E+009,-2.609353919095425E+001,5.923065987815609E+001,
6.338220918866080E+009,-2.644085203735750E+001,3.971526316939179E+001,
6.342130987292278E+009,-2.648788314551020E+001,2.199371910850749E+001,
6.346041055718475E+009,-2.652809849532552E+001,3.618716177541714E+000,
6.349951124144672E+009,-2.661666184417145E+001,-1.439823290261258E+001,
6.353861192570869E+009,-2.651539264495745E+001,-3.219546067256403E+001,
6.357771260997068E+009,-2.649368610486041E+001,-5.003086901725055E+001,
6.361681329423266E+009,-2.625222534588815E+001,-6.929066639068790E+001,
6.365591397849463E+009,-2.609836189755613E+001,-8.836426672778769E+001,
6.369501466275660E+009,-2.609267993311793E+001,-1.081454593648776E+002,
6.373411534701857E+009,-2.612294510433562E+001,-1.285106203232288E+002,
6.377321603128055E+009,-2.625122273186081E+001,-1.485302994530004E+002,
6.381231671554253E+009,-2.659208803225237E+001,-1.674114433934637E+002,
6.385141739980450E+009,-2.677807608396721E+001,1.746134040898649E+002,
6.389051808406647E+009,-2.696567063864882E+001,1.563517121465611E+002,
6.392961876832845E+009,-2.703985804194177E+001,1.380874103376000E+002,
6.396871945259043E+009,-2.707494554476447E+001,1.205679429494108E+002,
6.400782013685240E+009,-2.716032306253407E+001,1.012722896036150E+002,
6.404692082111437E+009,-2.728872794458325E+001,8.266138304457253E+001,
6.408602150537634E+009,-2.744251293019941E+001,6.567082235232832E+001,
6.412512218963832E+009,-2.728031234191528E+001,4.857837079363621E+001,
6.416422287390030E+009,-2.717591923714995E+001,2.877762841752845E+001,
6.420332355816227E+009,-2.737500759964126E+001,9.283125571100451E+000,
6.424242424242424E+009,-2.748191389053457E+001,-9.286873390163912E+000,
6.428152492668621E+009,-2.756120148401245E+001,-2.760361834642670E+001,
6.432062561094819E+009,-2.788154566057126E+001,-4.567797478696215E+001,
6.435972629521017E+009,-2.791354662126829E+001,-6.334115406287332E+001,
6.439882697947214E+009,-2.802205626572113E+001,-8.086342146221102E+001,
6.443792766373411E+009,-2.799340761394391E+001,-9.851967554001563E+001,
6.447702834799609E+009,-2.801093556055410E+001,-1.155133092345415E+002,
6.451612903225807E+009,-2.790429550177332E+001,-1.325048863164721E+002,
6.455522971652004E+009,-2.759160287577577E+001,-1.510996382298622E+002,
6.459433040078201E+009,-2.739364403068600E+001,-1.704231169368864E+002,
6.463343108504398E+009,-2.741096242427215E+001,1.697961174009271E+002,
6.467253176930596E+009,-2.747064401664800E+001,1.504111437790279E+002,
6.471163245356794E+009,-2.761198544417447E+001,1.316397780860912E+002,
6.475073313782991E+009,-2.773032934208607E+001,1.125331502814847E+002,
6.478983382209189E+009,-2.799775591736112E+001,9.448682685086109E+001,
6.482893450635386E+009,-2.799086569495643E+001,7.776878929648308E+001,
6.486803519061584E+009,-2.782064749821798E+001,5.988917392353666E+001,
6.490713587487782E+009,-2.761082526361140E+001,4.141504628565792E+001,
6.494623655913979E+009,-2.748979929560908E+001,2.217523794442436E+001,
6.498533724340176E+009,-2.731464865828402E+001,2.616306595166348E+000,
6.502443792766374E+009,-2.735450696032241E+001,-1.762860895953198E+001,
6.506353861192571E+009,-2.761819342530234E+001,-3.757800055669695E+001,
6.510263929618769E+009,-2.796532045851205E+001,-5.614757469411709E+001,
6.514173998044966E+009,-2.810730211541412E+001,-7.379902270771858E+001,
6.518084066471163E+009,-2.796915534596590E+001,-8.940178651782284E+001,
6.521994134897361E+009,-2.782517406457074E+001,-1.101113666936905E+002,
6.525904203323559E+009,-2.784941922390397E+001,-1.280982174424321E+002,
6.529814271749756E+009,-2.767403404898703E+001,-1.469583811306445E+002,
6.533724340175953E+009,-2.741911549033712E+001,-1.682013394043329E+002,
6.537634408602150E+009,-2.765150740826567E+001,1.702579490134751E+002,
6.541544477028348E+009,-2.789757167793844E+001,1.503082998507177E+002,
6.545454545454546E+009,-2.821219850469167E+001,1.309892857885159E+002,
6.549364613880743E+009,-2.848447043231314E+001,1.126837981981719E+002,
6.553274682306940E+009,-2.860450890689193E+001,9.524832483059986E+001,
6.557184750733138E+009,-2.872638387164713E+001,7.748311717315059E+001,
6.561094819159335E+009,-2.866378836633733E+001,5.862855564076757E+001,
6.565004887585533E+009,-2.860674991973752E+001,3.986235842499040E+001,
6.568914956011730E+009,-2.847642461915065E+001,1.919116049512940E+001,
6.572825024437927E+009,-2.878094781265592E+001,-1.233355948545801E+000,
6.576735092864125E+009,-2.896104977397395E+001,-2.074150172640348E+001,
6.580645161290323E+009,-2.911914533283446E+001,-3.984051090069465E+001,
6.584555229716520E+009,-2.956598326847420E+001,-6.147291907921082E+001,
6.588465298142717E+009,-3.008247692797063E+001,-7.992651183054691E+001,
6.592375366568914E+009,-3.019716348959506E+001,-9.644901349457358E+001,
6.596285434995112E+009,-3.037629946875248E+001,-1.145598667913624E+002,
6.600195503421310E+009,-3.047383839356434E+001,-1.325972865440022E+002,
6.604105571847508E+009,-3.072009406318459E+001,-1.509764327027318E+002,
6.608015640273705E+009,-3.068294509201058E+001,-1.688874841476185E+002,
6.611925708699902E+009,-3.060082352531901E+001,1.707883953834132E+002,
6.615835777126100E+009,-3.088218240343539E+001,1.502944582891192E+002,
6.619745845552298E+009,-3.123879363299482E+001,1.305927668849953E+002,
6.623655913978495E+009,-3.168103604516802E+001,1.114844244158646E+002,
6.627565982404692E+009,-3.223763805488132E+001,9.431558154062157E+001,
6.631476050830890E+009,-3.262924784344105E+001,7.803793283044102E+001,
6.635386119257088E+009,-3.259547910237108E+001,6.205246726923799E+001,
6.639296187683285E+009,-3.257847310488108E+001,4.570449503356484E+001,
6.643206256109482E+009,-3.230772258449095E+001,2.764819754009550E+001,
6.647116324535679E+009,-3.212838892448826E+001,7.455864332238302E+000,
6.651026392961877E+009,-3.228371257120273E+001,-1.190980376021348E+001,
6.654936461388075E+009,-3.249536552946872E+001,-3.108457303726058E+001,
6.658846529814272E+009,-3.263398366692953E+001,-5.004407305788538E+001,
6.662756598240469E+009,-3.287464545826857E+001,-6.922563940134764E+001,
6.666666666666666E+009,-3.323756287458165E+001,-8.688480582372982E+001,
6.670576735092864E+009,-3.339143585322255E+001,-1.036297579391460E+002,
6.674486803519062E+009,-3.343880554030247E+001,-1.199676884250598E+002,
6.678396871945259E+009,-3.325869910130354E+001,-1.371922190242663E+002,
6.682306940371456E+009,-3.303217944096208E+001,-1.551059814363661E+002,
6.686217008797654E+009,-3.274128806325002E+001,-1.737963609819417E+002,
6.690127077223852E+009,-3.254172527291851E+001,1.652892880059468E+002,
6.694037145650049E+009,-3.271657988376504E+001,1.451806363986665E+002,
6.697947214076246E+009,-3.283906597856650E+001,1.252331807448962E+002,
6.701857282502443E+009,-3.319505516330872E+001,1.062423232181785E+002,
6.705767350928641E+009,-3.338302529831034E+001,8.879080759399315E+001,
6.709677419354839E+009,-3.357265847692720E+001,7.256982748983162E+001,
6.713587487781036E+009,-3.333330015286744E+001,5.655007802361504E+001,
6.717497556207233E+009,-3.295487882348627E+001,3.748362919600553E+001,
6.721407624633431E+009,-3.282716979693104E+001,1.740431872150159E+001,
6.725317693059629E+009,-3.296680117589757E+001,-1.789591563926880E-002,
6.729227761485827E+009,-3.257114495648013E+001,-1.723814002224140E+001,
6.733137829912024E+009,-3.209989277650444E+001,-3.722765080176521E+001,
6.737047898338221E+009,-3.188490605622303E+001,-5.823898528505818E+001,
6.740957966764419E+009,-3.185087633261207E+001,-7.958395260210430E+001,
6.744868035190616E+009,-3.198763462146188E+001,-9.950991222642055E+001,
6.748778103616814E+009,-3.205662390654628E+001,-1.189416799598217E+002,
6.752688172043011E+009,-3.223621888997301E+001,-1.382043759539603E+002,
6.756598240469208E+009,-3.230272721999227E+001,-1.558191392554424E+002,
6.760508308895406E+009,-3.213551678348673E+001,-1.741097299434988E+002,
6.764418377321604E+009,-3.189878819116764E+001,1.674063513969595E+002,
6.768328445747801E+009,-3.178631065069386E+001,1.470275327185123E+002,
6.772238514173998E+009,-3.190646557234055E+001,1.275672834658557E+002,
6.776148582600195E+009,-3.185024430943929E+001,1.100620540447164E+002,
6.780058651026393E+009,-3.165933269392392E+001,9.114367173083016E+001,
6.783968719452591E+009,-3.158917220748361E+001,7.110502093898782E+001,
6.787878787878788E+009,-3.163449114158845E+001,5.250855666750027E+001,
6.791788856304985E+009,-3.164061388170055E+001,3.425605099624149E+001,
6.795698924731183E+009,-3.149379541240928E+001,1.624816024901690E+001,
6.799608993157380E+009,-3.138224401886991E+001,-2.376395208373183E+000,
6.803519061583578E+009,-3.123848449709941E+001,-2.082216769768674E+001,
6.807429130009775E+009,-3.106902143253412E+001,-3.821860014939364E+001,
6.811339198435972E+009,-3.064612961407390E+001,-5.694019015063247E+001,
6.815249266862170E+009,-3.038012441714693E+001,-7.648767687588699E+001,
6.819159335288368E+009,-3.016852101662036E+001,-9.606411189881878E+001,
6.823069403714565E+009,-3.000456150764730E+001,-1.154435041379028E+002,
6.826979472140762E+009,-2.988232840258111E+001,-1.351124722785773E+002,
6.830889540566959E+009,-2.977597241093826E+001,-1.539126498444801E+002,
6.834799608993157E+009,-2.941706325556197E+001,-1.724534153365236E+002,
6.838709677419355E+009,-2.915402469473986E+001,1.690256809843317E+002,
6.842619745845552E+009,-2.879751856500591E+001,1.491252823173298E+002,
6.846529814271750E+009,-2.844999690712162E+001,1.278214866365706E+002,
6.850439882697948E+009,-2.823997606775755E+001,1.074836170650206E+002,
6.854349951124145E+009,-2.807635017745842E+001,8.707938562007976E+001,
6.858260019550343E+009,-2.797891993118068E+001,6.599839288384032E+001,
6.862170087976540E+009,-2.804311192269608E+001,4.592227141982599E+001,
6.866080156402737E+009,-2.802908343396463E+001,2.619468772525257E+001,
6.869990224828935E+009,-2.793820283077962E+001,6.048999416590494E+000,
6.873900293255133E+009,-2.806930453017611E+001,-1.417348143928049E+001,
6.877810361681330E+009,-2.808636425675472E+001,-3.318675602608449E+001,
6.881720430107527E+009,-2.791357992210457E+001,-5.218441018333780E+001,
6.885630498533724E+009,-2.778567362953273E+001,-7.247496036063137E+001,
6.889540566959922E+009,-2.756154048371337E+001,-9.241912854059898E+001,
6.893450635386120E+009,-2.758781656183520E+001,-1.132744367374377E+002,
6.897360703812317E+009,-2.774682023442156E+001,-1.332759484185652E+002,
6.901270772238514E+009,-2.787787841714203E+001,-1.526366422156646E+002,
6.905180840664711E+009,-2.784976813292938E+001,-1.716507560417162E+002,
6.909090909090909E+009,-2.796215561200203E+001,1.681258738394713E+002,
6.913000977517107E+009,-2.808265956551126E+001,1.493033833030547E+002,
6.916911045943304E+009,-2.805209394894436E+001,1.307593004027777E+002,
6.920821114369501E+009,-2.809967751562457E+001,1.116284792036147E+002,
6.924731182795699E+009,-2.817576067483650E+001,9.161309908017749E+001,
6.928641251221897E+009,-2.827147478423042E+001,7.325639474547853E+001,
6.932551319648094E+009,-2.840733932687276E+001,5.365757863014064E+001,
6.936461388074291E+009,-2.841054675772202E+001,3.400366324471557E+001,
6.940371456500488E+009,-2.865762597306237E+001,1.510653104880215E+001,
6.944281524926686E+009,-2.897794895992145E+001,-3.567548829460242E+000,
6.948191593352884E+009,-2.907858937897951E+001,-2.045494635704313E+001,
6.952101661779081E+009,-2.902866294477905E+001,-3.849194570145851E+001,
6.956011730205278E+009,-2.913252850204938E+001,-5.692773420103123E+001,
6.959921798631475E+009,-2.929407723532645E+001,-7.555404474255097E+001,
6.963831867057674E+009,-2.933727661773992E+001,-9.342656933393376E+001,
6.967741935483872E+009,-2.942285173761434E+001,-1.111750903200796E+002,
6.971652003910069E+009,-2.959902343348385E+001,-1.270569450030604E+002,
6.975562072336266E+009,-2.935454795773515E+001,-1.442783802652561E+002,
6.979472140762464E+009,-2.918854685600140E+001,-1.632829945094877E+002,
6.983382209188661E+009,-2.902510084058697E+001,1.791002942107916E+002,
6.987292277614859E+009,-2.913598317597110E+001,1.606969136158740E+002,
6.991202346041056E+009,-2.903200278607149E+001,1.428504127644254E+002,
6.995112414467253E+009,-2.927675779869034E+001,1.250486418711685E+002,
6.999022482893451E+009,-2.908412857022106E+001,1.085253021772974E+002,
7.002932551319649E+009,-2.869085633392007E+001,9.182055226211789E+001,
7.006842619745846E+009,-2.854621710315040E+001,7.212970138576496E+001,
7.010752688172043E+009,-2.842640015765461E+001,5.423220577664904E+001,
7.014662756598240E+009,-2.812508540800438E+001,3.589038933711490E+001,
7.018572825024438E+009,-2.803587571309895E+001,1.754249087188137E+001,
7.022482893450636E+009,-2.785474537477786E+001,-2.357759600984161E+000,
7.026392961876833E+009,-2.787949226221255E+001,-2.124863054353943E+001,
7.030303030303030E+009,-2.781606054944416E+001,-3.984254996592857E+001,
7.034213098729228E+009,-2.780744385962283E+001,-5.909141662610019E+001,
7.038123167155425E+009,-2.786216687652693E+001,-7.746401225930526E+001,
7.042033235581623E+009,-2.781125065199076E+001,-9.541879423765826E+001,
7.045943304007820E+009,-2.771461279990434E+001,-1.140878835032175E+002,
7.049853372434017E+009,-2.779931956308893E+001,-1.321401176621125E+002,
7.053763440860215E+009,-2.745640691928882E+001,-1.502901222243410E+002,
7.057673509286413E+009,-2.735753113598781E+001,-1.691581569177002E+002,
7.061583577712610E+009,-2.736659225345218E+001,1.716919854606834E+002,
7.065493646138807E+009,-2.729604596546631E+001,1.523606438039253E+002,
7.069403714565004E+009,-2.739242137983773E+001,1.338409440959505E+002,
7.073313782991202E+009,-2.744642772617432E+001,1.148959671224982E+002,
7.077223851417400E+009,-2.747591819442477E+001,9.781000926216517E+001,
7.081133919843597E+009,-2.735392915989596E+001,7.904833696452907E+001,
7.085043988269795E+009,-2.739538731170315E+001,6.146778291903098E+001,
7.088954056695993E+009,-2.732452781321423E+001,4.335113663828093E+001,
7.092864125122190E+009,-2.722593147838028E+001,2.594762176196413E+001,
7.096774193548388E+009,-2.698315775725094E+001,8.315845514428418E+000,
7.100684261974585E+009,-2.669209345594083E+001,-1.102005135238062E+001,
7.104594330400782E+009,-2.668438031349582E+001,-3.059456207235171E+001,
7.108504398826980E+009,-2.678420681346769E+001,-5.036664018881829E+001,
7.112414467253178E+009,-2.681041631771694E+001,-6.763709199094869E+001,
7.116324535679375E+009,-2.666173994288293E+001,-8.586797706078522E+001,
7.120234604105572E+009,-2.665457189629438E+001,-1.037358963051915E+002,
7.124144672531769E+009,-2.649129179997557E+001,-1.214549683768179E+002,
7.128054740957967E+009,-2.610094015753998E+001,-1.399278529975077E+002,
7.131964809384165E+009,-2.577271561378947E+001,-1.601109997651355E+002,
7.135874877810362E+009,-2.566854440678650E+001,1.799214801572309E+002,
7.139784946236559E+009,-2.563052101640791E+001,1.607025490730141E+002,
7.143695014662756E+009,-2.556542848019458E+001,1.402120044524079E+002,
7.147605083088954E+009,-2.569651370245602E+001,1.205505097396570E+002,
7.151515151515152E+009,-2.576227151545334E+001,1.009965879729153E+002,
7.155425219941349E+009,-2.588395179343041E+001,8.282252122894612E+001,
7.159335288367546E+009,-2.590861351281058E+001,6.363030575481695E+001,
7.163245356793744E+009,-2.578260462067543E+001,4.502442682566263E+001,
7.167155425219942E+009,-2.593140997566886E+001,2.627694204565703E+001,
7.171065493646139E+009,-2.591615366109149E+001,6.448629105064864E+000,
7.174975562072336E+009,-2.589435147318652E+001,-1.295562249922737E+001,
7.178885630498533E+009,-2.589548918406788E+001,-3.293416508352543E+001,
7.182795698924731E+009,-2.616799093782814E+001,-5.206678923789684E+001,
7.186705767350929E+009,-2.626250390641305E+001,-7.109811131462526E+001,
7.190615835777126E+009,-2.642550278141570E+001,-9.003993270615447E+001,
7.194525904203323E+009,-2.671855561002341E+001,-1.083892213266725E+002,
7.198435972629520E+009,-2.673655190920057E+001,-1.246964575753336E+002,
7.202346041055718E+009,-2.656355301448368E+001,-1.428119120167053E+002,
7.206256109481916E+009,-2.643585651538389E+001,-1.617488946883488E+002,
7.210166177908114E+009,-2.628617471972066E+001,1.784707785248786E+002,
7.214076246334311E+009,-2.644368683804142E+001,1.580849971050493E+002,
7.217986314760509E+009,-2.674502095192078E+001,1.385967834535553E+002,
7.221896383186706E+009,-2.695061314984494E+001,1.205081656672215E+002,
7.225806451612904E+009,-2.709298965231962E+001,1.024044568834277E+002,
7.229716520039101E+009,-2.720430150183191E+001,8.467236457222545E+001,
7.233626588465298E+009,-2.705178096565897E+001,6.653363939295527E+001,
7.237536656891496E+009,-2.715691588015697E+001,4.837704664661196E+001,
7.241446725317694E+009,-2.712888506134523E+001,2.998487756915506E+001,
7.245356793743891E+009,-2.714547720708838E+001,1.162178020100371E+001,
7.249266862170088E+009,-2.704381710199473E+001,-7.511636089467092E+000,
7.253176930596285E+009,-2.695387808845666E+001,-2.578407417413338E+001,
7.257086999022483E+009,-2.694186624767990E+001,-4.469497351141764E+001,
7.260997067448681E+009,-2.701033836059287E+001,-6.428639242311573E+001,
7.264907135874878E+009,-2.712480925911812E+001,-8.395805536267163E+001,
7.268817204301075E+009,-2.714366523654503E+001,-1.027707198425009E+002,
7.272727272727273E+009,-2.711532426557282E+001,-1.212734948630058E+002,
7.276637341153470E+009,-2.718545243472569E+001,-1.399500828197932E+002,
7.280547409579668E+009,-2.718845839656725E+001,-1.589928942093851E+002,
7.284457478005865E+009,-2.722711359508916E+001,-1.784170211704091E+002,
7.288367546432062E+009,-2.729932962523748E+001,1.633814768591726E+002,
7.292277614858260E+009,-2.718135037146069E+001,1.445255597937994E+002,
7.296187683284458E+009,-2.734413486042484E+001,1.249723207113240E+002,
7.300097751710655E+009,-2.751485457817500E+001,1.055820602083402E+002,
7.304007820136852E+009,-2.743827555624433E+001,8.735298712493636E+001,
7.307917888563049E+009,-2.760116225497043E+001,6.841298067964340E+001,
7.311827956989247E+009,-2.767649708411198E+001,5.024291497771611E+001,
7.315738025415445E+009,-2.761158555545055E+001,3.048664384792267E+001,
7.319648093841642E+009,-2.764591039103300E+001,1.133150724516344E+001,
7.323558162267839E+009,-2.758362099228943E+001,-8.121591986623487E+000,
7.327468230694037E+009,-2.768833853187408E+001,-2.876201959041422E+001,
7.331378299120235E+009,-2.781325799076160E+001,-4.690174927886535E+001,
7.335288367546433E+009,-2.803304942070459E+001,-6.625868473047672E+001,
7.339198435972630E+009,-2.807109347803593E+001,-8.463538401213407E+001,
7.343108504398827E+009,-2.790930729242096E+001,-1.029771206527411E+002,
7.347018572825025E+009,-2.767005277471452E+001,-1.229908808131794E+002,
7.350928641251223E+009,-2.778224788034247E+001,-1.438610253760270E+002,
7.354838709677420E+009,-2.791638523287230E+001,-1.635840214339219E+002,
7.358748778103617E+009,-2.800572613173495E+001,1.762600505735775E+002,
7.362658846529814E+009,-2.827232995558255E+001,1.567203359759172E+002,
7.366568914956012E+009,-2.838675003447231E+001,1.376564154079000E+002,
7.370478983382210E+009,-2.853444202730369E+001,1.179269137768539E+002,
7.374389051808407E+009,-2.867500746888188E+001,9.852449056305366E+001,
7.378299120234604E+009,-2.871534307998813E+001,7.949666531259562E+001,
7.382209188660801E+009,-2.873563763267207E+001,6.037178666299652E+001,
7.386119257086999E+009,-2.883082819471114E+001,3.942470859269004E+001,
7.390029325513197E+009,-2.914217748647139E+001,1.933126347305114E+001,
7.393939393939394E+009,-2.944419262818941E+001,5.331206620976999E-001,
7.397849462365591E+009,-2.953685114715767E+001,-1.893560343491390E+001,
7.401759530791789E+009,-2.959067531356095E+001,-3.770065589775892E+001,
7.405669599217987E+009,-2.961141744002905E+001,-5.701193789669095E+001,
7.409579667644184E+009,-2.989457368436944E+001,-7.639739346429630E+001,
7.413489736070381E+009,-2.991880891629141E+001,-9.599866744334942E+001,
7.417399804496578E+009,-3.020887269164218E+001,-1.163633729945506E+002,
7.421309872922776E+009,-3.032195058698079E+001,-1.360282893553528E+002,
7.425219941348974E+009,-3.049288153836013E+001,-1.562310912520939E+002,
7.429130009775171E+009,-3.067773719421473E+001,-1.764297960179151E+002,
7.433040078201368E+009,-3.110609450228157E+001,1.655405671430393E+002,
7.436950146627565E+009,-3.143485675421937E+001,1.469953744440068E+002,
7.440860215053763E+009,-3.140857917494986E+001,1.285624980016618E+002,
7.444770283479961E+009,-3.173991666496494E+001,1.082002020777450E+002,
7.448680351906158E+009,-3.198379373965373E+001,8.949307122468976E+001,
7.452590420332356E+009,-3.208813993347895E+001,7.194924605983177E+001,
7.456500488758554E+009,-3.212257014776461E+001,5.294838553081825E+001,
7.460410557184751E+009,-3.218199925859406E+001,3.281338191252863E+001,
7.464320625610949E+009,-3.251541979697687E+001,1.185730797080685E+001,
7.468230694037146E+009,-3.307801598382567E+001,-6.940701388309638E+000,
7.472140762463343E+009,-3.349145166613450E+001,-2.375892741344411E+001,
7.476050830889541E+009,-3.353806880946592E+001,-3.922534367824473E+001,
7.479960899315739E+009,-3.340066394104911E+001,-5.777511095189225E+001,
7.483870967741936E+009,-3.351412388140255E+001,-7.686267366039367E+001,
7.487781036168133E+009,-3.366359395541748E+001,-9.465416067386849E+001,
7.491691104594330E+009,-3.356740415930807E+001,-1.125149903259416E+002,
7.495601173020528E+009,-3.357090508837415E+001,-1.324856436699066E+002,
7.499511241446726E+009,-3.370120088960135E+001,-1.512515508806306E+002,
7.503421309872923E+009,-3.373663728039341E+001,-1.697273112745755E+002,
7.507331378299120E+009,-3.400838639615375E+001,1.712553378287673E+002,
7.511241446725318E+009,-3.431760554799951E+001,1.533373775383622E+002,
7.515151515151515E+009,-3.447099604539510E+001,1.377559960879431E+002,
7.519061583577713E+009,-3.429492309821865E+001,1.221036880904701E+002,
7.522971652003910E+009,-3.386036547231006E+001,1.046111755425657E+002,
7.526881720430107E+009,-3.351968906550805E+001,8.513969496416415E+001,
7.530791788856305E+009,-3.353132715363603E+001,6.477906283425745E+001,
7.534701857282503E+009,-3.358547179045292E+001,4.648365417912020E+001,
7.538611925708700E+009,-3.338812923538453E+001,2.847816787010857E+001,
7.542521994134897E+009,-3.325634370760628E+001,8.500238284057319E+000,
7.546432062561094E+009,-3.325927722533716E+001,-1.049627215993761E+001,
7.550342130987292E+009,-3.342657305681050E+001,-3.024574272932228E+001,
7.554252199413490E+009,-3.368773511913074E+001,-4.632756777758880E+001,
7.558162267839687E+009,-3.357377891459907E+001,-6.186331050066445E+001,
7.562072336265884E+009,-3.291371230051470E+001,-7.855908074304362E+001,
7.565982404692082E+009,-3.237456701087446E+001,-9.838601562126260E+001,
7.569892473118280E+009,-3.211908426976054E+001,-1.189660595619270E+002,
7.573802541544478E+009,-3.203127534017363E+001,-1.396801519689126E+002,
7.577712609970675E+009,-3.205126784293579E+001,-1.588164444019172E+002,
7.581622678396872E+009,-3.190053632176618E+001,-1.782114788124484E+002,
7.585532746823070E+009,-3.192982426844031E+001,1.622080875183592E+002,
7.589442815249268E+009,-3.200797413808313E+001,1.436837457594536E+002,
7.593352883675465E+009,-3.197624538502031E+001,1.255668289512695E+002,
7.597262952101662E+009,-3.191371620651005E+001,1.073040193309598E+002,
7.601173020527859E+009,-3.167436130524483E+001,8.935836294729708E+001,
7.605083088954057E+009,-3.139348304236625E+001,7.068523796968420E+001,
7.608993157380255E+009,-3.103186494331396E+001,5.103429583829769E+001,
7.612903225806452E+009,-3.086769056990797E+001,3.054927954314725E+001,
7.616813294232649E+009,-3.084757403409599E+001,1.043512447696797E+001,
7.620723362658846E+009,-3.092110133810755E+001,-1.004886887155715E+001,
7.624633431085044E+009,-3.099894848245773E+001,-2.921466260033367E+001,
7.628543499511242E+009,-3.111469825345067E+001,-4.760311391593228E+001,
7.632453567937439E+009,-3.107532856634659E+001,-6.585282717325343E+001,
7.636363636363636E+009,-3.101359471179269E+001,-8.394542011076257E+001,
7.640273704789834E+009,-3.097058507193202E+001,-1.019135052314335E+002,
7.644183773216032E+009,-3.086934516486373E+001,-1.195916435681810E+002,
7.648093841642229E+009,-3.060247625216222E+001,-1.376435544341340E+002,
7.652003910068426E+009,-3.032203504105961E+001,-1.565796133366714E+002,
7.655913978494623E+009,-3.015029411427372E+001,-1.766577280918022E+002,
7.659824046920821E+009,-3.016554094821989E+001,1.635856978429924E+002,
7.663734115347019E+009,-3.026791182811931E+001,1.444871503737039E+002,
7.667644183773216E+009,-3.024913896891027E+001,1.258467931292170E+002,
7.671554252199413E+009,-3.027982525791501E+001,1.067876756807086E+002,
7.675464320625610E+009,-3.028631846421080E+001,8.896951856071517E+001,
7.679374389051808E+009,-3.023852270229611E+001,7.102995960666995E+001,
7.683284457478006E+009,-3.009055664101393E+001,5.250134749465697E+001,
7.687194525904203E+009,-3.007831923076434E+001,3.351528501584772E+001,
7.691104594330401E+009,-2.998555259462875E+001,1.543447866975308E+001,
7.695014662756599E+009,-2.992402002769070E+001,-3.196266711775643E+000,
7.698924731182797E+009,-2.983445048511857E+001,-2.184049833950686E+001,
7.702834799608994E+009,-2.965756761780056E+001,-4.139107301447923E+001,
7.706744868035191E+009,-2.984448480137191E+001,-6.087872778268939E+001,
7.710654936461388E+009,-2.988201881687653E+001,-7.842127611731469E+001,
7.714565004887586E+009,-2.980726143771562E+001,-9.606557252690720E+001,
7.718475073313784E+009,-2.976150539779070E+001,-1.145330562937896E+002,
7.722385141739981E+009,-2.970670189413479E+001,-1.325591068850484E+002,
7.726295210166178E+009,-2.963340448751314E+001,-1.505698158161991E+002,
7.730205278592375E+009,-2.959534941585805E+001,-1.682367598357256E+002,
7.734115347018573E+009,-2.932058844767938E+001,1.736093346551148E+002,
7.738025415444771E+009,-2.918147811065192E+001,1.545247364015025E+002,
7.741935483870968E+009,-2.906295223857943E+001,1.359065620134399E+002,
7.745845552297165E+009,-2.912362269000338E+001,1.156583796455963E+002,
7.749755620723363E+009,-2.924294428916820E+001,9.683668937631407E+001,
7.753665689149560E+009,-2.933497874515648E+001,7.898212395069567E+001,
7.757575757575758E+009,-2.923368406132142E+001,6.108265460876355E+001,
7.761485826001955E+009,-2.915102516978597E+001,4.349382258648959E+001,
7.765395894428152E+009,-2.897642378955703E+001,2.566739214484937E+001,
7.769305962854350E+009,-2.899526769309382E+001,6.939044009628038E+000,
7.773216031280548E+009,-2.889883010034513E+001,-1.063448755155312E+001,
7.777126099706745E+009,-2.860477516363762E+001,-2.978487669911067E+001,
7.781036168132942E+009,-2.854306954768294E+001,-4.841881543632375E+001,
7.784946236559139E+009,-2.854303827746621E+001,-6.763594461942601E+001,
7.788856304985337E+009,-2.848769912823253E+001,-8.634829449812486E+001,
7.792766373411535E+009,-2.845747642407996E+001,-1.041720692830264E+002,
7.796676441837732E+009,-2.856197460551651E+001,-1.242172272031426E+002,
7.800586510263929E+009,-2.856846841936234E+001,-1.415412617359839E+002,
7.804496578690127E+009,-2.844132530117694E+001,-1.594093009819306E+002,
7.808406647116324E+009,-2.827958561204067E+001,-1.769319354100210E+002,
7.812316715542522E+009,-2.810110968254108E+001,1.642729307527078E+002,
7.816226783968720E+009,-2.792503395070943E+001,1.456806061663453E+002,
7.820136852394917E+009,-2.769036943339206E+001,1.260718228287544E+002,
7.824046920821115E+009,-2.772566152337752E+001,1.064110825226789E+002,
7.827956989247313E+009,-2.771473065954065E+001,8.734879245601694E+001,
7.831867057673510E+009,-2.776090460405988E+001,6.897338876697073E+001,
7.835777126099707E+009,-2.765594132559909E+001,4.999182543296571E+001,
7.839687194525904E+009,-2.758824094678179E+001,3.093960293683020E+001,
7.843597262952102E+009,-2.752539648800534E+001,1.141344012563652E+001,
7.847507331378300E+009,-2.749100874034058E+001,-8.231693323470909E+000,
7.851417399804497E+009,-2.748086306828119E+001,-2.754031735998492E+001,
7.855327468230694E+009,-2.733923001995038E+001,-4.710200847320939E+001,
7.859237536656891E+009,-2.756492164827366E+001,-6.651636401098638E+001,
7.863147605083089E+009,-2.757633852761641E+001,-8.574840823721145E+001,
7.867057673509287E+009,-2.763692300000404E+001,-1.046220390824980E+002,
7.870967741935484E+009,-2.776644967385785E+001,-1.239662688904433E+002,
7.874877810361681E+009,-2.783284297268165E+001,-1.436224614653793E+002,
7.878787878787879E+009,-2.791764563403543E+001,-1.610345505028472E+002,
7.882697947214077E+009,-2.806512095531469E+001,1.792919343246333E+002,
7.886608015640274E+009,-2.815079008871430E+001,1.606862901391267E+002,
7.890518084066471E+009,-2.817085453193328E+001,1.425715312528801E+002,
7.894428152492668E+009,-2.813352371685960E+001,1.229283363289686E+002,
7.898338220918866E+009,-2.831995721306246E+001,1.033033073175465E+002,
7.902248289345064E+009,-2.838348130323572E+001,8.412209096270601E+001,
7.906158357771261E+009,-2.861879941505833E+001,6.484496555550028E+001,
7.910068426197458E+009,-2.885596036969712E+001,4.675722576189313E+001,
7.913978494623655E+009,-2.910260410370981E+001,2.894571344942102E+001,
7.917888563049853E+009,-2.904620374046331E+001,1.199134340448039E+001,
7.921798631476051E+009,-2.909027972086495E+001,-5.899446222357273E+000,
7.925708699902248E+009,-2.912029933143625E+001,-2.375121538614962E+001,
7.929618768328445E+009,-2.910193467065173E+001,-4.215104526823428E+001,
7.933528836754643E+009,-2.901900254196115E+001,-6.109848301724602E+001,
7.937438905180841E+009,-2.902271664672215E+001,-8.052117046783663E+001,
7.941348973607039E+009,-2.910414160500089E+001,-9.900816884155056E+001,
7.945259042033236E+009,-2.929160924472518E+001,-1.183923608348534E+002,
7.949169110459433E+009,-2.937302696034605E+001,-1.367942722128727E+002,
7.953079178885631E+009,-2.941897152823519E+001,-1.542422748904126E+002,
7.956989247311829E+009,-2.947290683936254E+001,-1.722209205974955E+002,
7.960899315738026E+009,-2.938807765851541E+001,1.687715421541486E+002,
7.964809384164223E+009,-2.952179301308788E+001,1.493899140030252E+002,
7.968719452590420E+009,-2.945757683862511E+001,1.310451197493531E+002,
7.972629521016618E+009,-2.963297188636181E+001,1.123544252364926E+002,
7.976539589442816E+009,-2.961114068476874E+001,9.368951966786024E+001,
7.980449657869013E+009,-2.932039529512060E+001,7.495181632604069E+001,
7.984359726295210E+009,-2.953682291984504E+001,5.452949029552875E+001,
7.988269794721408E+009,-2.961089120146246E+001,3.507266545883066E+001,
7.992179863147605E+009,-2.988376770058951E+001,1.761924441214284E+001,
7.996089931573803E+009,-2.983068357106620E+001,-5.648534645465464E-001,
8.000000000000000E+009,-2.973662647898039E+001,-1.956697214185510E+001,
