% Version 1.00
%
%freq[Hz];db:Trc1_S21;ang:Trc1_S21;
4.000000000000000E+009,-2.907184972257454E+001,1.716397840198659E+002,
4.003910068426198E+009,-2.901234143914238E+001,1.497435260859812E+002,
4.007820136852395E+009,-2.918472582927336E+001,1.288198826766526E+002,
4.011730205278593E+009,-2.921610117044663E+001,1.081497902338565E+002,
4.015640273704790E+009,-2.975250114428331E+001,8.907914105031881E+001,
4.019550342130987E+009,-2.966242072501306E+001,7.121212092413967E+001,
4.023460410557185E+009,-2.947989944748375E+001,5.242480903263405E+001,
4.027370478983382E+009,-2.920018885495683E+001,3.437436253620157E+001,
4.031280547409580E+009,-2.874084521663317E+001,1.525577542568119E+001,
4.035190615835777E+009,-2.827035912255098E+001,-5.067228167630240E+000,
4.039100684261975E+009,-2.808095380487239E+001,-2.613453094275755E+001,
4.043010752688172E+009,-2.758774122837709E+001,-4.572574237889391E+001,
4.046920821114369E+009,-2.729485712701261E+001,-6.728233978181217E+001,
4.050830889540567E+009,-2.722172705030680E+001,-8.848556061164751E+001,
4.054740957966765E+009,-2.715106475504057E+001,-1.085530592255184E+002,
4.058651026392962E+009,-2.682167221669673E+001,-1.262958036067110E+002,
4.062561094819160E+009,-2.638333400554387E+001,-1.470704810354984E+002,
4.066471163245357E+009,-2.604163102314037E+001,-1.672658937157709E+002,
4.070381231671554E+009,-2.561732913657277E+001,1.729584735280071E+002,
4.074291300097752E+009,-2.528495472834759E+001,1.507342006385402E+002,
4.078201368523949E+009,-2.518953902221321E+001,1.299063469339399E+002,
4.082111436950147E+009,-2.491617002338508E+001,1.095641081382783E+002,
4.086021505376344E+009,-2.495963829892105E+001,8.822092910601820E+001,
4.089931573802542E+009,-2.486856489663357E+001,6.913235094721676E+001,
4.093841642228739E+009,-2.477750416928778E+001,4.942630270860160E+001,
4.097751710654936E+009,-2.485371236379740E+001,2.967369706317583E+001,
4.101661779081134E+009,-2.485646993743645E+001,1.243235252686231E+001,
4.105571847507331E+009,-2.444403754588370E+001,-5.288357561846051E+000,
4.109481915933529E+009,-2.390524042191669E+001,-2.431012855696240E+001,
4.113391984359726E+009,-2.365658261150230E+001,-4.473629148358923E+001,
4.117302052785924E+009,-2.355333902966519E+001,-6.465817237455354E+001,
4.121212121212121E+009,-2.335126722500631E+001,-8.359292828546917E+001,
4.125122189638319E+009,-2.324074006493128E+001,-1.036795896370402E+002,
4.129032258064516E+009,-2.322886781544435E+001,-1.230363989524692E+002,
4.132942326490714E+009,-2.315060870862167E+001,-1.408904434863986E+002,
4.136852394916911E+009,-2.282072313397155E+001,-1.581422294842297E+002,
4.140762463343109E+009,-2.235992949569394E+001,-1.772346747027281E+002,
4.144672531769306E+009,-2.206672730168615E+001,1.622925684911710E+002,
4.148582600195503E+009,-2.179905583040403E+001,1.419740157505583E+002,
4.152492668621701E+009,-2.166614716438365E+001,1.206203334316327E+002,
4.156402737047898E+009,-2.176827364729298E+001,1.009410767391695E+002,
4.160312805474096E+009,-2.177792676850665E+001,8.161552452799718E+001,
4.164222873900293E+009,-2.177231797714722E+001,6.194713864267261E+001,
4.168132942326491E+009,-2.190056517470352E+001,4.341791534936709E+001,
4.172043010752688E+009,-2.192352892627847E+001,2.464602371340798E+001,
4.175953079178886E+009,-2.193088570891284E+001,7.153222369531328E+000,
4.179863147605083E+009,-2.169601555661737E+001,-1.065552012561044E+001,
4.183773216031281E+009,-2.139770694063596E+001,-3.018860340499187E+001,
4.187683284457478E+009,-2.129752142717176E+001,-4.993209898278041E+001,
4.191593352883676E+009,-2.112097542066696E+001,-7.031387006826226E+001,
4.195503421309873E+009,-2.122246033695719E+001,-9.129783533787104E+001,
4.199413489736071E+009,-2.152976169652652E+001,-1.111499533054493E+002,
4.203323558162268E+009,-2.186711889720008E+001,-1.290556192263166E+002,
4.207233626588465E+009,-2.208000053904195E+001,-1.464578964063688E+002,
4.211143695014663E+009,-2.212689958321232E+001,-1.623922682497988E+002,
4.215053763440860E+009,-2.190032412557744E+001,-1.797305988475367E+002,
4.218963831867058E+009,-2.172036407725344E+001,1.618390345326490E+002,
4.222873900293255E+009,-2.150416149861886E+001,1.426195471444050E+002,
4.226783968719452E+009,-2.154572627725529E+001,1.230862770130017E+002,
4.230694037145650E+009,-2.157994801874914E+001,1.038031741459620E+002,
4.234604105571847E+009,-2.161261520319092E+001,8.511607118294803E+001,
4.238514173998045E+009,-2.168031221966885E+001,6.581022427792860E+001,
4.242424242424243E+009,-2.186079061608120E+001,4.696819534582668E+001,
4.246334310850440E+009,-2.213501725645770E+001,2.873192605381310E+001,
4.250244379276638E+009,-2.224639712711877E+001,1.131776290949913E+001,
4.254154447702835E+009,-2.236630453050241E+001,-5.986933846635396E+000,
4.258064516129032E+009,-2.234292018983897E+001,-2.451704158076887E+001,
4.261974584555230E+009,-2.233060894824538E+001,-4.259004480117523E+001,
4.265884652981427E+009,-2.234772972044721E+001,-6.205014170857296E+001,
4.269794721407625E+009,-2.261565740800218E+001,-8.096170376745755E+001,
4.273704789833822E+009,-2.283429772297081E+001,-9.822586161457059E+001,
4.277614858260019E+009,-2.303066716818712E+001,-1.169059255010191E+002,
4.281524926686217E+009,-2.314678097888278E+001,-1.339042919913592E+002,
4.285434995112414E+009,-2.330506427510281E+001,-1.510673421450091E+002,
4.289345063538612E+009,-2.326581215723164E+001,-1.695509684212317E+002,
4.293255131964809E+009,-2.367630049677942E+001,1.731774929684382E+002,
4.297165200391007E+009,-2.373520819042429E+001,1.566118219436096E+002,
4.301075268817205E+009,-2.383339478114568E+001,1.397715468000181E+002,
4.304985337243402E+009,-2.379738773723881E+001,1.228387165444090E+002,
4.308895405669600E+009,-2.384111838202199E+001,1.051104144767712E+002,
4.312805474095797E+009,-2.392446678603786E+001,8.715935272760567E+001,
4.316715542521994E+009,-2.399769477001978E+001,6.945858418677935E+001,
4.320625610948192E+009,-2.416040039492613E+001,5.235016124456624E+001,
4.324535679374389E+009,-2.424108846562457E+001,3.479241561512384E+001,
4.328445747800587E+009,-2.438079336232118E+001,1.746177669079840E+001,
4.332355816226784E+009,-2.458963510566106E+001,1.260296878594833E+000,
4.336265884652982E+009,-2.452782134441746E+001,-1.375739344213260E+001,
4.340175953079179E+009,-2.431877706260270E+001,-2.994133304410556E+001,
4.344086021505377E+009,-2.406425830456085E+001,-4.695644658310627E+001,
4.347996089931574E+009,-2.385022960197139E+001,-6.531395225112117E+001,
4.351906158357771E+009,-2.376974869565902E+001,-8.432669638452862E+001,
4.355816226783969E+009,-2.388447813622901E+001,-1.025467952499757E+002,
4.359726295210166E+009,-2.385044617683185E+001,-1.206659832851091E+002,
4.363636363636364E+009,-2.396161285512356E+001,-1.396043281788353E+002,
4.367546432062561E+009,-2.435558979352730E+001,-1.561271947365517E+002,
4.371456500488758E+009,-2.431269486672458E+001,-1.719924652539735E+002,
4.375366568914956E+009,-2.432731242193308E+001,1.712483773820718E+002,
4.379276637341153E+009,-2.409165532776759E+001,1.551557842395528E+002,
4.383186705767351E+009,-2.381475385583456E+001,1.381036990524332E+002,
4.387096774193548E+009,-2.348740776116642E+001,1.196961866290646E+002,
4.391006842619746E+009,-2.331784289393708E+001,1.001978165194841E+002,
4.394916911045943E+009,-2.342946568870152E+001,8.160946722888195E+001,
4.398826979472141E+009,-2.339809227488104E+001,6.396472225516794E+001,
4.402737047898338E+009,-2.332287478276466E+001,4.583059169268024E+001,
4.406647116324535E+009,-2.325358224984284E+001,2.749727557328193E+001,
4.410557184750733E+009,-2.319707756582499E+001,8.591332635449819E+000,
4.414467253176930E+009,-2.335438066657926E+001,-9.528921918862686E+000,
4.418377321603128E+009,-2.325330797553427E+001,-2.617157688564420E+001,
4.422287390029326E+009,-2.313029106509305E+001,-4.411138657559675E+001,
4.426197458455523E+009,-2.289560063557452E+001,-6.257536725856682E+001,
4.430107526881721E+009,-2.289151679544586E+001,-8.148060768426096E+001,
4.434017595307918E+009,-2.267060845204206E+001,-1.000526857637221E+002,
4.437927663734116E+009,-2.271096012132121E+001,-1.200016610220811E+002,
4.441837732160313E+009,-2.283978378091597E+001,-1.388407130073104E+002,
4.445747800586511E+009,-2.285600622472881E+001,-1.571074958223528E+002,
4.449657869012708E+009,-2.287634665519257E+001,-1.751108662995465E+002,
4.453567937438905E+009,-2.293158752237915E+001,1.662952765645643E+002,
4.457478005865103E+009,-2.303358676111268E+001,1.483888579619878E+002,
4.461388074291300E+009,-2.295121849595330E+001,1.302689189758101E+002,
4.465298142717498E+009,-2.292160772464787E+001,1.119721081923768E+002,
4.469208211143695E+009,-2.284014799476126E+001,9.441160647329669E+001,
4.473118279569893E+009,-2.263914317518971E+001,7.502525679940568E+001,
4.477028347996090E+009,-2.259579122413323E+001,5.637067474115359E+001,
4.480938416422287E+009,-2.250535577212969E+001,3.676120535023767E+001,
4.484848484848485E+009,-2.251212550573324E+001,1.727538519758026E+001,
4.488758553274682E+009,-2.258412963907707E+001,-1.806391518785983E+000,
4.492668621700880E+009,-2.278322938838281E+001,-2.089737304330056E+001,
4.496578690127077E+009,-2.281462795583322E+001,-3.861399840624521E+001,
4.500488758553275E+009,-2.281359768080695E+001,-5.659887576385869E+001,
4.504398826979472E+009,-2.283488736209648E+001,-7.461898326035495E+001,
4.508308895405669E+009,-2.264643846697048E+001,-9.293095183974451E+001,
4.512218963831867E+009,-2.260501038276186E+001,-1.117134695807787E+002,
4.516129032258064E+009,-2.237976140789747E+001,-1.309537065648799E+002,
4.520039100684262E+009,-2.224672790549444E+001,-1.510078387880464E+002,
4.523949169110459E+009,-2.231483857387540E+001,-1.713734688675936E+002,
4.527859237536657E+009,-2.235720099678675E+001,1.690453289270687E+002,
4.531769305962854E+009,-2.246701369680188E+001,1.495287095405115E+002,
4.535679374389051E+009,-2.254749979567605E+001,1.297830629662483E+002,
4.539589442815249E+009,-2.276000742577826E+001,1.099135424613094E+002,
4.543499511241447E+009,-2.290620300855086E+001,9.115269251886913E+001,
4.547409579667645E+009,-2.309245098336397E+001,7.193359081144187E+001,
4.551319648093842E+009,-2.321613445843355E+001,5.369509878461948E+001,
4.555229716520039E+009,-2.337046685245108E+001,3.523329268137002E+001,
4.559139784946237E+009,-2.320396608867545E+001,1.708208092747592E+001,
4.563049853372434E+009,-2.321113375267231E+001,-3.363247162726760E+000,
4.566959921798632E+009,-2.335307859170661E+001,-2.225104265663783E+001,
4.570869990224829E+009,-2.342708278132084E+001,-4.198239131533912E+001,
4.574780058651027E+009,-2.361049785094873E+001,-6.042378740994113E+001,
4.578690127077224E+009,-2.358248495538455E+001,-7.889598119524666E+001,
4.582600195503422E+009,-2.367551543805502E+001,-9.791426680365314E+001,
4.586510263929619E+009,-2.373012729328358E+001,-1.169410978756809E+002,
4.590420332355816E+009,-2.378206778337969E+001,-1.362766204146443E+002,
4.594330400782014E+009,-2.388349471992275E+001,-1.552549880102065E+002,
4.598240469208211E+009,-2.401508773544890E+001,-1.731443740914314E+002,
4.602150537634409E+009,-2.405134553405915E+001,1.685286943325408E+002,
4.606060606060606E+009,-2.383181987298574E+001,1.499864932272454E+002,
4.609970674486803E+009,-2.395893632817165E+001,1.302995177239152E+002,
4.613880742913001E+009,-2.399825451031783E+001,1.115982150982438E+002,
4.617790811339198E+009,-2.397484812104889E+001,9.392607369091947E+001,
4.621700879765396E+009,-2.386383206375623E+001,7.502011633003049E+001,
4.625610948191593E+009,-2.362749715885024E+001,5.531418744069504E+001,
4.629521016617791E+009,-2.361404724127735E+001,3.578117932373256E+001,
4.633431085043988E+009,-2.352308909116614E+001,1.552883558208385E+001,
4.637341153470186E+009,-2.349074236393351E+001,-4.884001420027335E+000,
4.641251221896383E+009,-2.358086519840253E+001,-2.494476273494439E+001,
4.645161290322580E+009,-2.366862400469067E+001,-4.515785173140085E+001,
4.649071358748778E+009,-2.394300867250925E+001,-6.408102149584974E+001,
4.652981427174975E+009,-2.385026924672644E+001,-8.226742534418831E+001,
4.656891495601173E+009,-2.386679316475985E+001,-1.013694478119009E+002,
4.660801564027371E+009,-2.376332606410283E+001,-1.203414268889643E+002,
4.664711632453568E+009,-2.365651387555793E+001,-1.403440035501610E+002,
4.668621700879766E+009,-2.362086367536418E+001,-1.604555053906677E+002,
4.672531769305963E+009,-2.376978384087844E+001,1.793759375684642E+002,
4.676441837732161E+009,-2.376773970959889E+001,1.609375467104618E+002,
4.680351906158358E+009,-2.363029305165116E+001,1.415908282840359E+002,
4.684261974584556E+009,-2.355422270872483E+001,1.213641094911981E+002,
4.688172043010753E+009,-2.353229484439218E+001,1.016178036391696E+002,
4.692082111436951E+009,-2.354029469034296E+001,8.113293056393484E+001,
4.695992179863148E+009,-2.354847094550580E+001,6.115468096746874E+001,
4.699902248289345E+009,-2.350959683914995E+001,4.083355891909780E+001,
4.703812316715543E+009,-2.362342729716152E+001,2.032556855886087E+001,
4.707722385141740E+009,-2.373001579422776E+001,7.173760217975141E-001,
4.711632453567938E+009,-2.373761772348876E+001,-1.894144415388854E+001,
4.715542521994135E+009,-2.375945270568406E+001,-3.894081132078565E+001,
4.719452590420332E+009,-2.376979866126374E+001,-5.925182205287096E+001,
4.723362658846530E+009,-2.387307785370594E+001,-7.947565599935491E+001,
4.727272727272727E+009,-2.391870118716504E+001,-9.950896850779799E+001,
4.731182795698925E+009,-2.400333013861595E+001,-1.195543193083158E+002,
4.735092864125122E+009,-2.414780212571797E+001,-1.396857833554351E+002,
4.739002932551320E+009,-2.422756538443037E+001,-1.602238732887828E+002,
4.742913000977517E+009,-2.439962458348765E+001,-1.799964930728870E+002,
4.746823069403714E+009,-2.443857362237896E+001,1.592952381323777E+002,
4.750733137829912E+009,-2.470800508563928E+001,1.390116053972659E+002,
4.754643206256109E+009,-2.509967064502626E+001,1.204218574368380E+002,
4.758553274682307E+009,-2.506737039171852E+001,1.018785456417347E+002,
4.762463343108504E+009,-2.524013171024221E+001,8.143929543391457E+001,
4.766373411534702E+009,-2.551569659768956E+001,6.243490061066273E+001,
4.770283479960899E+009,-2.553168877313604E+001,4.416085015343920E+001,
4.774193548387096E+009,-2.553470546710333E+001,2.489609381000462E+001,
4.778103616813294E+009,-2.548486723588269E+001,4.947177358605723E+000,
4.782013685239492E+009,-2.557376812398232E+001,-1.527967363402206E+001,
4.785923753665690E+009,-2.581797110733927E+001,-3.458358198271960E+001,
4.789833822091887E+009,-2.604685053922952E+001,-5.383918293763261E+001,
4.793743890518084E+009,-2.614186467791805E+001,-7.182551112360170E+001,
4.797653958944282E+009,-2.604358285773488E+001,-9.104330611186263E+001,
4.801564027370479E+009,-2.604460573020286E+001,-1.117689832796856E+002,
4.805474095796677E+009,-2.614438255220847E+001,-1.321012877256928E+002,
4.809384164222874E+009,-2.640014835187078E+001,-1.518475579369992E+002,
4.813294232649072E+009,-2.659884858413964E+001,-1.708333544893050E+002,
4.817204301075269E+009,-2.660034617266560E+001,1.721452046138083E+002,
4.821114369501467E+009,-2.650591897126273E+001,1.514602393976940E+002,
4.825024437927664E+009,-2.653739533874080E+001,1.311848508591585E+002,
4.828934506353861E+009,-2.647394661759298E+001,1.098102252434871E+002,
4.832844574780059E+009,-2.680926806047111E+001,8.922001002047642E+001,
4.836754643206256E+009,-2.710250861550313E+001,6.916178762064098E+001,
4.840664711632454E+009,-2.733762797182935E+001,4.879159234427281E+001,
4.844574780058651E+009,-2.777853755953933E+001,2.969806488948902E+001,
4.848484848484848E+009,-2.804014023849394E+001,1.243945120991085E+001,
4.852394916911046E+009,-2.803192944485970E+001,-6.181088087935186E+000,
4.856304985337243E+009,-2.811429329960806E+001,-2.575154930033803E+001,
4.860215053763441E+009,-2.813685260882200E+001,-4.507433871021323E+001,
4.864125122189638E+009,-2.824725253918464E+001,-6.447280862443368E+001,
4.868035190615836E+009,-2.852235370755360E+001,-8.408509134888747E+001,
4.871945259042033E+009,-2.893210569530380E+001,-1.028534234324841E+002,
4.875855327468231E+009,-2.890402896362041E+001,-1.197199250564827E+002,
4.879765395894428E+009,-2.879303489330639E+001,-1.397434703093519E+002,
4.883675464320625E+009,-2.898426463851486E+001,-1.585376340458623E+002,
4.887585532746823E+009,-2.903306587698679E+001,-1.780080514443469E+002,
4.891495601173020E+009,-2.941995162885111E+001,1.630355279828973E+002,
4.895405669599218E+009,-2.952764250413185E+001,1.459778598022296E+002,
4.899315738025415E+009,-2.951493671628662E+001,1.278984857411105E+002,
4.903225806451613E+009,-2.948627100909594E+001,1.093251668669752E+002,
4.907135874877811E+009,-2.938830091228667E+001,9.017313963413095E+001,
4.911045943304008E+009,-2.955252136012327E+001,7.103147180227755E+001,
4.914956011730206E+009,-2.985705485169355E+001,5.235156634602794E+001,
4.918866080156403E+009,-2.994588032520721E+001,3.579183422589996E+001,
4.922776148582601E+009,-2.982637322804377E+001,1.892482340461141E+001,
4.926686217008798E+009,-2.959937966742261E+001,7.940726135034592E-001,
4.930596285434996E+009,-2.963625010733324E+001,-1.847130323436858E+001,
4.934506353861193E+009,-2.980778354366027E+001,-3.625311471139688E+001,
4.938416422287390E+009,-2.971509788985629E+001,-5.324457857122547E+001,
4.942326490713588E+009,-2.960077873140543E+001,-6.917285638245420E+001,
4.946236559139785E+009,-2.919032540958780E+001,-8.596160703185304E+001,
4.950146627565983E+009,-2.880461874658441E+001,-1.045413194861139E+002,
4.954056695992180E+009,-2.855111480958579E+001,-1.244282960943458E+002,
4.957966764418377E+009,-2.812400443213441E+001,-1.438034113407002E+002,
4.961876832844575E+009,-2.800314213105614E+001,-1.634071268917596E+002,
4.965786901270772E+009,-2.782698373586943E+001,1.774551353287730E+002,
4.969696969696970E+009,-2.763528062865877E+001,1.577636856256386E+002,
4.973607038123167E+009,-2.754555702449713E+001,1.385310097243577E+002,
4.977517106549365E+009,-2.747003236016979E+001,1.193831721962483E+002,
4.981427174975562E+009,-2.738807951919388E+001,1.002398300726958E+002,
4.985337243401759E+009,-2.725659152460196E+001,8.174134350349061E+001,
4.989247311827957E+009,-2.708270428524274E+001,6.261102488726733E+001,
4.993157380254154E+009,-2.694386730032532E+001,4.353531855089495E+001,
4.997067448680352E+009,-2.689451173478336E+001,2.493150343688225E+001,
5.000977517106549E+009,-2.657609337723094E+001,4.952783923547737E+000,
5.004887585532747E+009,-2.654779633216581E+001,-1.425658182518566E+001,
5.008797653958944E+009,-2.641884211892494E+001,-3.384903955198904E+001,
5.012707722385141E+009,-2.646223046300769E+001,-5.350984669140691E+001,
5.016617790811339E+009,-2.649837958200463E+001,-7.223737012612484E+001,
5.020527859237536E+009,-2.647543039523397E+001,-9.103402027185796E+001,
5.024437927663734E+009,-2.660162902068812E+001,-1.094464721412240E+002,
5.028347996089932E+009,-2.648653747781462E+001,-1.267797591554062E+002,
5.032258064516129E+009,-2.645823726064975E+001,-1.449695863457759E+002,
5.036168132942327E+009,-2.637098016677964E+001,-1.627159090993475E+002,
5.040078201368524E+009,-2.611784784848175E+001,1.792032365721565E+002,
5.043988269794722E+009,-2.591753728268167E+001,1.598971065368585E+002,
5.047898338220919E+009,-2.596778882998763E+001,1.410888199935148E+002,
5.051808406647117E+009,-2.587226559408926E+001,1.234222928236407E+002,
5.055718475073314E+009,-2.584233233435518E+001,1.047588846339457E+002,
5.059628543499512E+009,-2.584170032371434E+001,8.704014017362086E+001,
5.063538611925709E+009,-2.564372236242171E+001,7.038622355206090E+001,
5.067448680351906E+009,-2.545688304294502E+001,5.318700823583582E+001,
5.071358748778104E+009,-2.497964923419520E+001,3.560874091625657E+001,
5.075268817204301E+009,-2.465178011080294E+001,1.554016282481725E+001,
5.079178885630499E+009,-2.449003347851354E+001,-3.907947621288891E+000,
5.083088954056696E+009,-2.442713987760711E+001,-2.208321966742098E+001,
5.086999022482893E+009,-2.410875365864187E+001,-4.086882430098932E+001,
5.090909090909091E+009,-2.395600345749627E+001,-6.019026719281590E+001,
5.094819159335288E+009,-2.376218858258557E+001,-7.971333800815246E+001,
5.098729227761486E+009,-2.367408409538935E+001,-9.955008567556087E+001,
5.102639296187683E+009,-2.376191799397184E+001,-1.188223791161357E+002,
5.106549364613881E+009,-2.374037615028294E+001,-1.365401645924087E+002,
5.110459433040078E+009,-2.353735121752021E+001,-1.545326652278769E+002,
5.114369501466276E+009,-2.335992967836275E+001,-1.735073198138725E+002,
5.118279569892473E+009,-2.319473664565249E+001,1.673784306961966E+002,
5.122189638318670E+009,-2.322086122345861E+001,1.482789318482789E+002,
5.126099706744868E+009,-2.332011867513062E+001,1.295289530396495E+002,
5.130009775171065E+009,-2.327211998218233E+001,1.123703676196978E+002,
5.133919843597263E+009,-2.302366066949338E+001,9.400682443881968E+001,
5.137829912023460E+009,-2.284708288349190E+001,7.461141305822746E+001,
5.141739980449657E+009,-2.275419920718688E+001,5.583944827779661E+001,
5.145650048875855E+009,-2.268377425136883E+001,3.660143781955491E+001,
5.149560117302053E+009,-2.261076277968914E+001,1.792357009447476E+001,
5.153470185728251E+009,-2.242098568464581E+001,-1.029645281208015E+000,
5.157380254154448E+009,-2.241305660413295E+001,-2.116564223386468E+001,
5.161290322580645E+009,-2.246261512707466E+001,-3.974580087456545E+001,
5.165200391006843E+009,-2.243327982641321E+001,-5.789007143424580E+001,
5.169110459433041E+009,-2.240199644448883E+001,-7.740423154965693E+001,
5.173020527859238E+009,-2.239073144606255E+001,-9.509218151639868E+001,
5.176930596285435E+009,-2.224537185794443E+001,-1.139316549440517E+002,
5.180840664711633E+009,-2.223426569024165E+001,-1.330480858856822E+002,
5.184750733137830E+009,-2.220742171064040E+001,-1.521319425845016E+002,
5.188660801564028E+009,-2.227991612517813E+001,-1.714708318368359E+002,
5.192570869990225E+009,-2.227867869747963E+001,1.703441417765692E+002,
5.196480938416422E+009,-2.234141908339257E+001,1.518682442969053E+002,
5.200391006842620E+009,-2.233537153326958E+001,1.333555669589772E+002,
5.204301075268817E+009,-2.232111978299011E+001,1.147764189711292E+002,
5.208211143695015E+009,-2.240258529689492E+001,9.636014261352237E+001,
5.212121212121212E+009,-2.236084253418368E+001,7.794913215742128E+001,
5.216031280547409E+009,-2.250892117425763E+001,5.932082967253785E+001,
5.219941348973607E+009,-2.248357015981336E+001,4.169342506039367E+001,
5.223851417399805E+009,-2.247653732802514E+001,2.416113415653534E+001,
5.227761485826002E+009,-2.234004996810798E+001,5.718817381701960E+000,
5.231671554252199E+009,-2.228783594594642E+001,-1.263067264889004E+001,
5.235581622678397E+009,-2.219153713249121E+001,-3.133849298210071E+001,
5.239491691104594E+009,-2.209459667366755E+001,-4.996650251496158E+001,
5.243401759530792E+009,-2.213728996435733E+001,-6.898644664961381E+001,
5.247311827956989E+009,-2.209001692732356E+001,-8.759933837208870E+001,
5.251221896383186E+009,-2.214324176678237E+001,-1.062905938753102E+002,
5.255131964809384E+009,-2.213095989926699E+001,-1.250172835958963E+002,
5.259042033235581E+009,-2.215118619525816E+001,-1.433633429187383E+002,
5.262952101661779E+009,-2.205823456408386E+001,-1.616257624776953E+002,
5.266862170087977E+009,-2.209193976730454E+001,1.789677357323293E+002,
5.270772238514174E+009,-2.216900248401090E+001,1.612014285389004E+002,
5.274682306940372E+009,-2.217427983886766E+001,1.424506128948355E+002,
5.278592375366570E+009,-2.216446455041128E+001,1.244352010817988E+002,
5.282502443792767E+009,-2.203370505453571E+001,1.061836932781482E+002,
5.286412512218964E+009,-2.197918340236184E+001,8.720286588363311E+001,
5.290322580645162E+009,-2.186205435013641E+001,6.833388068694812E+001,
5.294232649071359E+009,-2.175372312857605E+001,4.953046277507627E+001,
5.298142717497557E+009,-2.171954739173610E+001,2.942259969702878E+001,
5.302052785923754E+009,-2.180545409470570E+001,1.015611463512334E+001,
5.305962854349951E+009,-2.192706234355082E+001,-8.934504807567384E+000,
5.309872922776149E+009,-2.207891140455173E+001,-2.755735406820119E+001,
5.313782991202346E+009,-2.203919760930423E+001,-4.551050549536559E+001,
5.317693059628544E+009,-2.199597761318158E+001,-6.413711813340588E+001,
5.321603128054741E+009,-2.186391046128846E+001,-8.308006335475272E+001,
5.325513196480938E+009,-2.184212549213036E+001,-1.033503872080504E+002,
5.329423264907136E+009,-2.184236848654992E+001,-1.228267370851053E+002,
5.333333333333333E+009,-2.196567118855313E+001,-1.424666951346234E+002,
5.337243401759531E+009,-2.204266853000154E+001,-1.621223973676686E+002,
5.341153470185728E+009,-2.222244423625156E+001,1.781348179563559E+002,
5.345063538611926E+009,-2.253794712946847E+001,1.596193766005746E+002,
5.348973607038123E+009,-2.265603421336645E+001,1.413599367937630E+002,
5.352883675464321E+009,-2.273808069622766E+001,1.229093428511019E+002,
5.356793743890518E+009,-2.288867756151913E+001,1.048306322164459E+002,
5.360703812316715E+009,-2.281999632812422E+001,8.617493003773251E+001,
5.364613880742913E+009,-2.291163004576816E+001,6.662133566992986E+001,
5.368523949169110E+009,-2.302081199598380E+001,4.756610049747999E+001,
5.372434017595308E+009,-2.311523431348320E+001,2.903289062573394E+001,
5.376344086021505E+009,-2.318685459804518E+001,1.009841523262459E+001,
5.380254154447702E+009,-2.320540289171660E+001,-9.443401592118724E+000,
5.384164222873900E+009,-2.340518397602451E+001,-2.960144438843247E+001,
5.388074291300098E+009,-2.369203934849923E+001,-4.722793561940689E+001,
5.391984359726296E+009,-2.383985570111150E+001,-6.640235494891417E+001,
5.395894428152493E+009,-2.404018262609869E+001,-8.493074434393650E+001,
5.399804496578690E+009,-2.430830400290598E+001,-1.033307386992809E+002,
5.403714565004888E+009,-2.442154284240976E+001,-1.211452545522212E+002,
5.407624633431086E+009,-2.458599604941371E+001,-1.387667043563885E+002,
5.411534701857283E+009,-2.462155449824115E+001,-1.557547113926851E+002,
5.415444770283480E+009,-2.452628827290349E+001,-1.740646350632617E+002,
5.419354838709678E+009,-2.448959541528894E+001,1.674938550669588E+002,
5.423264907135875E+009,-2.442628549597131E+001,1.498700490166932E+002,
5.427174975562073E+009,-2.420166462301249E+001,1.307753591697367E+002,
5.431085043988270E+009,-2.408468643102946E+001,1.100606493162182E+002,
5.434995112414467E+009,-2.429142847120090E+001,8.990238118106967E+001,
5.438905180840665E+009,-2.464797616815988E+001,7.174522760339508E+001,
5.442815249266862E+009,-2.477719418128995E+001,5.459029417133745E+001,
5.446725317693060E+009,-2.447819892120327E+001,3.676617955905874E+001,
5.450635386119257E+009,-2.425651541504561E+001,1.727482339133180E+001,
5.454545454545454E+009,-2.435103667522991E+001,-2.763446457513951E+000,
5.458455522971652E+009,-2.437954531848749E+001,-2.140696351709872E+001,
5.462365591397850E+009,-2.430109567459109E+001,-3.979759501929954E+001,
5.466275659824047E+009,-2.410145273999419E+001,-5.954203318081822E+001,
5.470185728250244E+009,-2.404166646894268E+001,-8.032154723163744E+001,
5.474095796676442E+009,-2.407256480123322E+001,-1.009316697954043E+002,
5.478005865102639E+009,-2.433806052440482E+001,-1.214359014064058E+002,
5.481915933528837E+009,-2.465930161502025E+001,-1.403750441680280E+002,
5.485826001955034E+009,-2.479356019035975E+001,-1.581015124367807E+002,
5.489736070381231E+009,-2.471428767335650E+001,-1.762950991339841E+002,
5.493646138807429E+009,-2.458704054873546E+001,1.646737647166751E+002,
5.497556207233626E+009,-2.451988282551750E+001,1.457144409668368E+002,
5.501466275659824E+009,-2.434494399682098E+001,1.261011080001468E+002,
5.505376344086021E+009,-2.417608908863947E+001,1.058363441157273E+002,
5.509286412512219E+009,-2.414724932024173E+001,8.485060142790651E+001,
5.513196480938417E+009,-2.443929025028844E+001,6.411107064131566E+001,
5.517106549364615E+009,-2.460344795729930E+001,4.413818371171379E+001,
5.521016617790812E+009,-2.480992458848043E+001,2.502865769200428E+001,
5.524926686217009E+009,-2.487918527626702E+001,6.037141021206660E+000,
5.528836754643207E+009,-2.497785766924483E+001,-1.231783536008864E+001,
5.532746823069404E+009,-2.505610810905865E+001,-3.089061246347024E+001,
5.536656891495602E+009,-2.501549200033582E+001,-4.951492949616971E+001,
5.540566959921799E+009,-2.488083716316175E+001,-6.896165739877941E+001,
5.544477028347996E+009,-2.484811848819165E+001,-8.796294596463622E+001,
5.548387096774194E+009,-2.471705577969744E+001,-1.084899531330920E+002,
5.552297165200391E+009,-2.470869580775391E+001,-1.287650055219058E+002,
5.556207233626589E+009,-2.495261372218664E+001,-1.489079599695327E+002,
5.560117302052786E+009,-2.523422345649421E+001,-1.679570988090036E+002,
5.564027370478983E+009,-2.534783726364143E+001,1.737372514041982E+002,
5.567937438905181E+009,-2.525865292563836E+001,1.556833722501668E+002,
5.571847507331378E+009,-2.514122304067163E+001,1.357812337257415E+002,
5.575757575757576E+009,-2.527371046603654E+001,1.164934963668570E+002,
5.579667644183773E+009,-2.538518962570313E+001,9.808361293251322E+001,
5.583577712609971E+009,-2.509703610988318E+001,7.936546078925213E+001,
5.587487781036168E+009,-2.507474738920660E+001,5.936285266030036E+001,
5.591397849462366E+009,-2.507168384924272E+001,3.986546960519926E+001,
5.595307917888563E+009,-2.525877388654273E+001,2.017973218450137E+001,
5.599217986314760E+009,-2.535944107722514E+001,2.255076274637325E+000,
5.603128054740958E+009,-2.532137393624812E+001,-1.719561766008742E+001,
5.607038123167155E+009,-2.528731917864385E+001,-3.538073766155948E+001,
5.610948191593353E+009,-2.519553283355624E+001,-5.428062472283322E+001,
5.614858260019550E+009,-2.518363512618372E+001,-7.428463466475485E+001,
5.618768328445747E+009,-2.517005819559022E+001,-9.272022831798790E+001,
5.622678396871945E+009,-2.523480939135126E+001,-1.115781365187373E+002,
5.626588465298142E+009,-2.505713261321277E+001,-1.305292182039275E+002,
5.630498533724340E+009,-2.498686813380287E+001,-1.505468129649908E+002,
5.634408602150538E+009,-2.512936882996662E+001,-1.696713300969658E+002,
5.638318670576735E+009,-2.512881262103772E+001,1.714592706419755E+002,
5.642228739002933E+009,-2.519964691912171E+001,1.530489549417042E+002,
5.646138807429131E+009,-2.508636447137857E+001,1.356177802340662E+002,
5.650048875855328E+009,-2.500891384426831E+001,1.164995384527942E+002,
5.653958944281525E+009,-2.484446957857960E+001,9.789446020472362E+001,
5.657869012707723E+009,-2.462778144701499E+001,7.890424678061109E+001,
5.661779081133920E+009,-2.448539529293959E+001,5.869521342373860E+001,
5.665689149560118E+009,-2.448748396944076E+001,3.891931746450435E+001,
5.669599217986315E+009,-2.444901455388374E+001,1.896568856523571E+001,
5.673509286412512E+009,-2.441998024843069E+001,-1.544786760836764E+000,
5.677419354838710E+009,-2.467079921206076E+001,-2.133204091453175E+001,
5.681329423264907E+009,-2.484033382197461E+001,-4.000204940339135E+001,
5.685239491691105E+009,-2.500754784238435E+001,-5.869448196517592E+001,
5.689149560117302E+009,-2.497454512179237E+001,-7.575444932961416E+001,
5.693059628543499E+009,-2.479618031872105E+001,-9.433114524316699E+001,
5.696969696969697E+009,-2.482891394508556E+001,-1.135073689403837E+002,
5.700879765395895E+009,-2.471842550034778E+001,-1.318610734345849E+002,
5.704789833822092E+009,-2.454845372338369E+001,-1.514680622398086E+002,
5.708699902248289E+009,-2.452408727015239E+001,-1.711016115102754E+002,
5.712609970674487E+009,-2.444260988813214E+001,1.687724211191409E+002,
5.716520039100684E+009,-2.442478771792033E+001,1.484619534500318E+002,
5.720430107526882E+009,-2.467369635254073E+001,1.277611505788723E+002,
5.724340175953079E+009,-2.490430513535175E+001,1.093215476981456E+002,
5.728250244379276E+009,-2.498861105318695E+001,9.133458587734464E+001,
5.732160312805474E+009,-2.498135921011517E+001,7.338796736786756E+001,
5.736070381231671E+009,-2.487032866400455E+001,5.416331600727627E+001,
5.739980449657869E+009,-2.486830560128765E+001,3.391810258515654E+001,
5.743890518084066E+009,-2.496644970971478E+001,1.449222765143668E+001,
5.747800586510263E+009,-2.506215624960544E+001,-5.378261286425460E+000,
5.751710654936461E+009,-2.511963539281714E+001,-2.484389760367742E+001,
5.755620723362660E+009,-2.540140121014067E+001,-4.467558808564532E+001,
5.759530791788857E+009,-2.561210394894131E+001,-6.422632898644693E+001,
5.763440860215054E+009,-2.592838117985581E+001,-8.265306709685630E+001,
5.767350928641252E+009,-2.612425529133088E+001,-9.995723702914037E+001,
5.771260997067449E+009,-2.611444863783033E+001,-1.189814708933406E+002,
5.775171065493647E+009,-2.620716149057267E+001,-1.386394571456264E+002,
5.779081133919844E+009,-2.651024010946969E+001,-1.574103504686506E+002,
5.782991202346041E+009,-2.679465527435336E+001,-1.757474743921194E+002,
5.786901270772239E+009,-2.712813151928146E+001,1.667566524954815E+002,
5.790811339198436E+009,-2.702940769620057E+001,1.490241017744523E+002,
5.794721407624634E+009,-2.722553184489961E+001,1.297058857963556E+002,
5.798631476050831E+009,-2.762820921083446E+001,1.128032151260499E+002,
5.802541544477028E+009,-2.760857324039526E+001,9.611486568316512E+001,
5.806451612903226E+009,-2.770059756867423E+001,7.899272793924028E+001,
5.810361681329423E+009,-2.763664966214033E+001,6.216228805829071E+001,
5.814271749755621E+009,-2.747396419396790E+001,4.410801365970725E+001,
5.818181818181818E+009,-2.752867505589834E+001,2.567186474774671E+001,
5.822091886608016E+009,-2.758320299286737E+001,7.669236967370252E+000,
5.826001955034213E+009,-2.743230070759653E+001,-1.169197965801220E+001,
5.829912023460411E+009,-2.774093743531187E+001,-3.140025455020859E+001,
5.833822091886608E+009,-2.798565931778959E+001,-4.793643196448079E+001,
5.837732160312805E+009,-2.780606741570331E+001,-6.455458590271114E+001,
5.841642228739003E+009,-2.763335055183847E+001,-8.155624468849238E+001,
5.845552297165200E+009,-2.751665863910841E+001,-1.012734891709682E+002,
5.849462365591398E+009,-2.745032263179295E+001,-1.200164440643954E+002,
5.853372434017595E+009,-2.751232946829698E+001,-1.382930597227453E+002,
5.857282502443792E+009,-2.752911213856011E+001,-1.567836903623956E+002,
5.861192570869990E+009,-2.738422167858091E+001,-1.755398973272300E+002,
5.865102639296187E+009,-2.727572186812265E+001,1.654164920601926E+002,
5.869012707722385E+009,-2.740663342426424E+001,1.468174162804935E+002,
5.872922776148583E+009,-2.738017651150079E+001,1.284900752256531E+002,
5.876832844574780E+009,-2.734656859528457E+001,1.093290417793704E+002,
5.880742913000978E+009,-2.743160104186909E+001,9.071522434167041E+001,
5.884652981427176E+009,-2.739207045845539E+001,7.231019636988667E+001,
5.888563049853373E+009,-2.744483543174142E+001,5.423356348816306E+001,
5.892473118279570E+009,-2.730872736045894E+001,3.491066223337885E+001,
5.896383186705768E+009,-2.737433203893287E+001,1.644616366982923E+001,
5.900293255131965E+009,-2.724173644869406E+001,-1.720621045151384E+000,
5.904203323558163E+009,-2.725788560211211E+001,-2.093771760425725E+001,
5.908113391984360E+009,-2.715899454555089E+001,-4.050470802858263E+001,
5.912023460410557E+009,-2.710199432034091E+001,-5.983350649667687E+001,
5.915933528836755E+009,-2.712780842865424E+001,-7.920516547648627E+001,
5.919843597262952E+009,-2.723003632496404E+001,-9.936956298235748E+001,
5.923753665689150E+009,-2.739063628032886E+001,-1.179984592580167E+002,
5.927663734115347E+009,-2.738967831075177E+001,-1.360410197665068E+002,
5.931573802541544E+009,-2.732897356799821E+001,-1.552685010739953E+002,
5.935483870967742E+009,-2.754488344571694E+001,-1.740207664823483E+002,
5.939393939393940E+009,-2.770081877545239E+001,1.681325846823258E+002,
5.943304007820137E+009,-2.744064027466460E+001,1.502476540822270E+002,
5.947214076246334E+009,-2.725339214346816E+001,1.314543770540391E+002,
5.951124144672532E+009,-2.724809730871101E+001,1.120939451299150E+002,
5.955034213098729E+009,-2.713645295806877E+001,9.303897437207260E+001,
5.958944281524927E+009,-2.704087019551977E+001,7.312110148705469E+001,
5.962854349951124E+009,-2.722421819721485E+001,5.301816775269299E+001,
5.966764418377321E+009,-2.737393278722337E+001,3.474038961456240E+001,
5.970674486803519E+009,-2.724592570492833E+001,1.760569600939251E+001,
5.974584555229716E+009,-2.707902345711841E+001,-1.722505962898206E+000,
5.978494623655914E+009,-2.701555776175889E+001,-2.030722027053514E+001,
5.982404692082111E+009,-2.686789582630845E+001,-3.918447179530102E+001,
5.986314760508308E+009,-2.675763309918854E+001,-5.871923107261205E+001,
5.990224828934506E+009,-2.657477421874095E+001,-7.792309059572257E+001,
5.994134897360704E+009,-2.639623163028780E+001,-9.793206621376626E+001,
5.998044965786902E+009,-2.630222886933573E+001,-1.183045408521187E+002,
6.001955034213099E+009,-2.634063170577294E+001,-1.386864963470693E+002,
6.005865102639297E+009,-2.627196931763297E+001,-1.576430930862817E+002,
6.009775171065494E+009,-2.626644797917333E+001,-1.772173164016967E+002,
6.013685239491692E+009,-2.611122392114705E+001,1.630517367300205E+002,
6.017595307917889E+009,-2.607507154464457E+001,1.429405355175743E+002,
6.021505376344086E+009,-2.604723191315693E+001,1.236179542874776E+002,
6.025415444770284E+009,-2.581341254519353E+001,1.031828624776034E+002,
6.029325513196481E+009,-2.573881496860406E+001,8.245398352321728E+001,
6.033235581622679E+009,-2.579333852851350E+001,6.160936303495699E+001,
6.037145650048876E+009,-2.598516318622760E+001,4.050533236885846E+001,
6.041055718475073E+009,-2.603756450163928E+001,2.110551314850342E+001,
6.044965786901271E+009,-2.619483366769634E+001,4.964549509897536E-001,
6.048875855327468E+009,-2.637869698367183E+001,-1.913864503664424E+001,
6.052785923753666E+009,-2.658530534764991E+001,-3.848664629115663E+001,
6.056695992179863E+009,-2.676524281529652E+001,-5.720667701443305E+001,
6.060606060606061E+009,-2.684643427279894E+001,-7.576403124801871E+001,
6.064516129032258E+009,-2.676710413418354E+001,-9.359495419141980E+001,
6.068426197458456E+009,-2.662266806928487E+001,-1.123077839869421E+002,
6.072336265884653E+009,-2.641673682677497E+001,-1.331532874468025E+002,
6.076246334310850E+009,-2.646382580901564E+001,-1.538757259575943E+002,
6.080156402737048E+009,-2.657137815635409E+001,-1.744008063259418E+002,
6.084066471163245E+009,-2.680239802232214E+001,1.656081867863731E+002,
6.087976539589443E+009,-2.692950460339144E+001,1.463173690765017E+002,
6.091886608015640E+009,-2.719661710508036E+001,1.277965565314965E+002,
6.095796676441837E+009,-2.740662240311309E+001,1.088984152957720E+002,
6.099706744868035E+009,-2.748896131296152E+001,9.137375941457218E+001,
6.103616813294232E+009,-2.723748498426847E+001,7.313346226090617E+001,
6.107526881720430E+009,-2.712621019883046E+001,5.468486677766394E+001,
6.111436950146627E+009,-2.702951383583833E+001,3.439123154315747E+001,
6.115347018572825E+009,-2.709995161016920E+001,1.309786603690950E+001,
6.119257086999023E+009,-2.730115696693214E+001,-6.293810144680937E+000,
6.123167155425221E+009,-2.748893845441899E+001,-2.617207256523707E+001,
6.127077223851418E+009,-2.762339023029293E+001,-4.367852989239739E+001,
6.130987292277615E+009,-2.763921286328605E+001,-6.264691241362930E+001,
6.134897360703813E+009,-2.779305405633874E+001,-8.207066429171614E+001,
6.138807429130010E+009,-2.802017160062631E+001,-1.004852475668671E+002,
6.142717497556208E+009,-2.820911826778765E+001,-1.178548906580331E+002,
6.146627565982405E+009,-2.808860682889589E+001,-1.353748768381338E+002,
6.150537634408602E+009,-2.787185668046262E+001,-1.533780911922434E+002,
6.154447702834800E+009,-2.778743726913953E+001,-1.737779395082114E+002,
6.158357771260998E+009,-2.779128452822511E+001,1.654418621646744E+002,
6.162267839687195E+009,-2.822641229798870E+001,1.454067498676488E+002,
6.166177908113392E+009,-2.858626941810513E+001,1.276760088847063E+002,
6.170087976539589E+009,-2.868305065023662E+001,1.115246429361343E+002,
6.173998044965787E+009,-2.858404711030637E+001,9.334905140753408E+001,
6.177908113391985E+009,-2.874892246179705E+001,7.585743854614702E+001,
6.181818181818182E+009,-2.869453400673747E+001,5.793427230298676E+001,
6.185728250244379E+009,-2.883226185222870E+001,3.990151356154279E+001,
6.189638318670576E+009,-2.880589510909758E+001,2.363584744491578E+001,
6.193548387096774E+009,-2.853142716282821E+001,6.070855647389590E+000,
6.197458455522972E+009,-2.831026415102766E+001,-1.185252090751194E+001,
6.201368523949169E+009,-2.837717876962146E+001,-3.191932679499980E+001,
6.205278592375366E+009,-2.849524845586775E+001,-4.951051576437438E+001,
6.209188660801564E+009,-2.850354536299303E+001,-6.698975003475535E+001,
6.213098729227762E+009,-2.823305484900997E+001,-8.490143843526251E+001,
6.217008797653959E+009,-2.828385953065475E+001,-1.025483123150628E+002,
6.220918866080156E+009,-2.813409701267653E+001,-1.201532938977486E+002,
6.224828934506353E+009,-2.794812307873566E+001,-1.377090732019782E+002,
6.228739002932551E+009,-2.777023907435152E+001,-1.567196155805348E+002,
6.232649071358749E+009,-2.767298553726277E+001,-1.750470138323730E+002,
6.236559139784946E+009,-2.750022161297482E+001,1.670250522079586E+002,
6.240469208211144E+009,-2.723460925341149E+001,1.495562730150607E+002,
6.244379276637341E+009,-2.701188895916104E+001,1.305950361357255E+002,
6.248289345063539E+009,-2.669380583177842E+001,1.112947710093260E+002,
6.252199413489737E+009,-2.655285361081490E+001,9.163167454618356E+001,
6.256109481915934E+009,-2.643231743160687E+001,7.190863388266554E+001,
6.260019550342131E+009,-2.642617529691015E+001,5.217816737497456E+001,
6.263929618768329E+009,-2.623809641134975E+001,3.235741545991807E+001,
6.267839687194526E+009,-2.647114263056279E+001,1.197031805264760E+001,
6.271749755620724E+009,-2.666567050392734E+001,-6.825930439319255E+000,
6.275659824046921E+009,-2.680891318308022E+001,-2.442241281048912E+001,
6.279569892473118E+009,-2.674024695776446E+001,-4.137938012081762E+001,
6.283479960899316E+009,-2.647463206790702E+001,-5.942197183367879E+001,
6.287390029325514E+009,-2.635209395444153E+001,-7.852884449184431E+001,
6.291300097751711E+009,-2.619783648216972E+001,-9.876352522283273E+001,
6.295210166177908E+009,-2.633770458549115E+001,-1.180613608222962E+002,
6.299120234604105E+009,-2.615274377800020E+001,-1.368671594342150E+002,
6.303030303030303E+009,-2.627122472703023E+001,-1.573018542214986E+002,
6.306940371456501E+009,-2.653678643035121E+001,-1.759593409986268E+002,
6.310850439882698E+009,-2.666171531643265E+001,1.664453248203461E+002,
6.314760508308895E+009,-2.666095270939216E+001,1.483549204474313E+002,
6.318670576735093E+009,-2.656798522594207E+001,1.311780899536591E+002,
6.322580645161290E+009,-2.655481103881909E+001,1.127489616776380E+002,
6.326490713587488E+009,-2.647314822259756E+001,9.428155058910613E+001,
6.330400782013685E+009,-2.628406253809022E+001,7.447146408797514E+001,
6.334310850439882E+009,-2.639380096014211E+001,5.467083642318556E+001,
6.338220918866080E+009,-2.652947503114234E+001,3.553613792529109E+001,
6.342130987292278E+009,-2.666614612327098E+001,1.729599504636984E+001,
6.346041055718475E+009,-2.674401757582848E+001,-1.333156727267829E+000,
6.349951124144672E+009,-2.689979044285144E+001,-1.935332216694256E+001,
6.353861192570869E+009,-2.693681400894701E+001,-3.647936471079681E+001,
6.357771260997068E+009,-2.673702651312155E+001,-5.399040972818874E+001,
6.361681329423266E+009,-2.663409249286371E+001,-7.335550260088425E+001,
6.365591397849463E+009,-2.656968615730190E+001,-9.286656785124386E+001,
6.369501466275660E+009,-2.655395369856059E+001,-1.118265829858957E+002,
6.373411534701857E+009,-2.655759277454082E+001,-1.317116551506605E+002,
6.377321603128055E+009,-2.662901713191193E+001,-1.519369665071825E+002,
6.381231671554253E+009,-2.697264443944139E+001,-1.712045520551286E+002,
6.385141739980450E+009,-2.713494515240170E+001,1.716381349049983E+002,
6.389051808406647E+009,-2.728863065516999E+001,1.531338142134418E+002,
6.392961876832845E+009,-2.745487486361111E+001,1.356957992179929E+002,
6.396871945259043E+009,-2.747635762590802E+001,1.177560924760439E+002,
6.400782013685240E+009,-2.744891944786566E+001,9.859153988108261E+001,
6.404692082111437E+009,-2.759605176945105E+001,8.118327599239437E+001,
6.408602150537634E+009,-2.766179465061324E+001,6.403361218411558E+001,
6.412512218963832E+009,-2.750809259087584E+001,4.617176631500396E+001,
6.416422287390030E+009,-2.735561831007784E+001,2.669961364053002E+001,
6.420332355816227E+009,-2.743605455509283E+001,7.092363325416214E+000,
6.424242424242424E+009,-2.748293866812623E+001,-1.108878772571411E+001,
6.428152492668621E+009,-2.755879701700360E+001,-3.066358821724838E+001,
6.432062561094819E+009,-2.769602551584629E+001,-4.882389909677629E+001,
6.435972629521017E+009,-2.774226556064204E+001,-6.777743717632185E+001,
6.439882697947214E+009,-2.792016686347938E+001,-8.566436178439318E+001,
6.443792766373411E+009,-2.812709005437720E+001,-1.037282056807250E+002,
6.447702834799609E+009,-2.809484005758851E+001,-1.210360674741065E+002,
6.451612903225807E+009,-2.820683017948268E+001,-1.384124562876154E+002,
6.455522971652004E+009,-2.793562476118543E+001,-1.551321532778038E+002,
6.459433040078201E+009,-2.765817023591515E+001,-1.755004541702264E+002,
6.463343108504398E+009,-2.760877276276114E+001,1.650175177532607E+002,
6.467253176930596E+009,-2.778868197336665E+001,1.454060029573554E+002,
6.471163245356794E+009,-2.786004016329100E+001,1.269142360134946E+002,
6.475073313782991E+009,-2.793389302841938E+001,1.071686855340964E+002,
6.478983382209189E+009,-2.818633064616787E+001,8.910455410447391E+001,
6.482893450635386E+009,-2.844095731026783E+001,7.063751850108454E+001,
6.486803519061584E+009,-2.836670962977592E+001,5.430964013167188E+001,
6.490713587487782E+009,-2.820235843923159E+001,3.580920317485053E+001,
6.494623655913979E+009,-2.808081349054019E+001,1.714338458240214E+001,
6.498533724340176E+009,-2.788976498896234E+001,-1.836797717546737E+000,
6.502443792766374E+009,-2.789320403488672E+001,-2.321167860348182E+001,
6.506353861192571E+009,-2.819532100517668E+001,-4.384009112141140E+001,
6.510263929618769E+009,-2.856802624301846E+001,-6.198686270371685E+001,
6.514173998044966E+009,-2.892006303324855E+001,-7.844509671272712E+001,
6.518084066471163E+009,-2.872574533267389E+001,-9.458384607034198E+001,
6.521994134897361E+009,-2.866997707674632E+001,-1.132288956607104E+002,
6.525904203323559E+009,-2.855738769211772E+001,-1.315052446978253E+002,
6.529814271749756E+009,-2.822457984187673E+001,-1.501185145018535E+002,
6.533724340175953E+009,-2.800891447409700E+001,-1.711222250010461E+002,
6.537634408602150E+009,-2.811367276406554E+001,1.683340922658182E+002,
6.541544477028348E+009,-2.826764639117306E+001,1.482034023881714E+002,
6.545454545454546E+009,-2.853005674642620E+001,1.275420314933701E+002,
6.549364613880743E+009,-2.889145962248129E+001,1.092027664766259E+002,
6.553274682306940E+009,-2.913324245855801E+001,9.144693723224216E+001,
6.557184750733138E+009,-2.906390585778720E+001,7.447360607401832E+001,
6.561094819159335E+009,-2.902564601739451E+001,5.595761210918806E+001,
6.565004887585533E+009,-2.888824500350600E+001,3.607601738408010E+001,
6.568914956011730E+009,-2.871032711931207E+001,1.587072386969561E+001,
6.572825024437927E+009,-2.891007698378459E+001,-5.698641673367609E+000,
6.576735092864125E+009,-2.909940505063815E+001,-2.571977038203072E+001,
6.580645161290323E+009,-2.942294682523257E+001,-4.440866347573836E+001,
6.584555229716520E+009,-2.973995233128711E+001,-6.417386980060756E+001,
6.588465298142717E+009,-2.991699290026641E+001,-8.330569691606016E+001,
6.592375366568914E+009,-3.010507024178498E+001,-1.012822944740484E+002,
6.596285434995112E+009,-3.028321756133506E+001,-1.204428428389519E+002,
6.600195503421310E+009,-3.032458860977928E+001,-1.390741739241385E+002,
6.604105571847508E+009,-3.069424430728629E+001,-1.575656856390271E+002,
6.608015640273705E+009,-3.066381853480566E+001,-1.768164486016071E+002,
6.611925708699902E+009,-3.076997932516084E+001,1.630979590206945E+002,
6.615835777126100E+009,-3.079589532190317E+001,1.434604284140429E+002,
6.619745845552298E+009,-3.115384385747138E+001,1.227911326064444E+002,
6.623655913978495E+009,-3.161470564947613E+001,1.032779203772229E+002,
6.627565982404692E+009,-3.204056685378897E+001,8.527348208829852E+001,
6.631476050830890E+009,-3.248456656398547E+001,6.716467345187027E+001,
6.635386119257088E+009,-3.277809616665512E+001,5.048081700248691E+001,
6.639296187683285E+009,-3.302271856273532E+001,3.393073707056571E+001,
6.643206256109482E+009,-3.288118157004882E+001,1.722306859370070E+001,
6.647116324535679E+009,-3.273368508001787E+001,-1.557112527737508E+000,
6.651026392961877E+009,-3.283721465378206E+001,-2.152758205762932E+001,
6.654936461388075E+009,-3.305341907755777E+001,-3.998064762703143E+001,
6.658846529814272E+009,-3.312887388324726E+001,-5.847154391530477E+001,
6.662756598240469E+009,-3.327179168233494E+001,-7.878667783495685E+001,
6.666666666666666E+009,-3.379225047719707E+001,-9.689936453318636E+001,
6.670576735092864E+009,-3.408992720724441E+001,-1.140110578465016E+002,
6.674486803519062E+009,-3.444234935623376E+001,-1.301200922755364E+002,
6.678396871945259E+009,-3.438258454245113E+001,-1.441340732191434E+002,
6.682306940371456E+009,-3.384665905625599E+001,-1.603469468375446E+002,
6.686217008797654E+009,-3.331182176900389E+001,-1.794702488838966E+002,
6.690127077223852E+009,-3.302605390064514E+001,1.592843219428916E+002,
6.694037145650049E+009,-3.305809357181055E+001,1.385339421583329E+002,
6.697947214076246E+009,-3.323049710701125E+001,1.176930931305943E+002,
6.701857282502443E+009,-3.367403737906287E+001,9.896343693224537E+001,
6.705767350928641E+009,-3.401103857906112E+001,8.230324857817362E+001,
6.709677419354839E+009,-3.397016297157468E+001,6.669708313179878E+001,
6.713587487781036E+009,-3.353738791948303E+001,5.057110719797890E+001,
6.717497556207233E+009,-3.308636568019298E+001,3.095427408016175E+001,
6.721407624633431E+009,-3.301121489790199E+001,1.008911263602695E+001,
6.725317693059629E+009,-3.305799730332328E+001,-7.016991173337917E+000,
6.729227761485827E+009,-3.252963388388395E+001,-2.456975286970643E+001,
6.733137829912024E+009,-3.205335658638146E+001,-4.570869303819728E+001,
6.737047898338221E+009,-3.185987036759031E+001,-6.752511438617677E+001,
6.740957966764419E+009,-3.187736275257035E+001,-8.973909308140834E+001,
6.744868035190616E+009,-3.213849596196418E+001,-1.103131726319067E+002,
6.748778103616814E+009,-3.238603694889567E+001,-1.294909248352682E+002,
6.752688172043011E+009,-3.270501410526216E+001,-1.481159683462273E+002,
6.756598240469208E+009,-3.270559097733418E+001,-1.652704039529555E+002,
6.760508308895406E+009,-3.265054184510967E+001,1.769572480593791E+002,
6.764418377321604E+009,-3.244405919028604E+001,1.582759453619396E+002,
6.768328445747801E+009,-3.224459324676141E+001,1.388897342012228E+002,
6.772238514173998E+009,-3.234670109077106E+001,1.204074279129340E+002,
6.776148582600195E+009,-3.210087307603966E+001,1.021984363202780E+002,
6.780058651026393E+009,-3.189779506459180E+001,8.278716051815569E+001,
6.783968719452591E+009,-3.188049398156973E+001,6.227992040315506E+001,
6.787878787878788E+009,-3.198797049479519E+001,4.353185818142850E+001,
6.791788856304985E+009,-3.199771954167687E+001,2.528362975438197E+001,
6.795698924731183E+009,-3.190163957535753E+001,7.830760058756550E+000,
6.799608993157380E+009,-3.164770815625004E+001,-1.062505696694002E+001,
6.803519061583578E+009,-3.156339946832384E+001,-3.007948965847006E+001,
6.807429130009775E+009,-3.163383308756126E+001,-4.773612098948298E+001,
6.811339198435972E+009,-3.130717405173893E+001,-6.476902571428755E+001,
6.815249266862170E+009,-3.093444112615270E+001,-8.308202956894830E+001,
6.819159335288368E+009,-3.053450801718079E+001,-1.024367332456121E+002,
6.823069403714565E+009,-3.028141360528864E+001,-1.223010644214442E+002,
6.826979472140762E+009,-3.012651971597778E+001,-1.423412567982502E+002,
6.830889540566959E+009,-3.003608216412984E+001,-1.612470558571233E+002,
6.834799608993157E+009,-2.978931017108525E+001,-1.799846826063074E+002,
6.838709677419355E+009,-2.947230709688034E+001,1.611678396989078E+002,
6.842619745845552E+009,-2.916201767034089E+001,1.415019177346074E+002,
6.846529814271750E+009,-2.886090498435488E+001,1.205900097872816E+002,
6.850439882697948E+009,-2.877623731460643E+001,1.003720462498285E+002,
6.854349951124145E+009,-2.854442697286827E+001,7.881230324913535E+001,
6.858260019550343E+009,-2.837430941855402E+001,5.819974844520505E+001,
6.862170087976540E+009,-2.845175553172971E+001,3.841023551593897E+001,
6.866080156402737E+009,-2.844547418452810E+001,1.768502280080687E+001,
6.869990224828935E+009,-2.856629686275974E+001,-2.498480222393626E+000,
6.873900293255133E+009,-2.866631247854240E+001,-2.208397381548480E+001,
6.877810361681330E+009,-2.876848219240934E+001,-4.111236527822907E+001,
6.881720430107527E+009,-2.864036267426408E+001,-5.929640086270942E+001,
6.885630498533724E+009,-2.860532469321888E+001,-7.831006402738449E+001,
6.889540566959922E+009,-2.840459630933737E+001,-9.847742194062732E+001,
6.893450635386120E+009,-2.854844750312187E+001,-1.186980597505810E+002,
6.897360703812317E+009,-2.856895940816619E+001,-1.386715545690832E+002,
6.901270772238514E+009,-2.870442556129776E+001,-1.575282927276046E+002,
6.905180840664711E+009,-2.869594643036944E+001,-1.764729359417217E+002,
6.909090909090909E+009,-2.873562365945614E+001,1.644328857244030E+002,
6.913000977517107E+009,-2.901370495947258E+001,1.448667017394791E+002,
6.916911045943304E+009,-2.901957930089502E+001,1.263376772535467E+002,
6.920821114369501E+009,-2.912281987089932E+001,1.082104570724461E+002,
6.924731182795699E+009,-2.895837956835803E+001,9.019050570597290E+001,
6.928641251221897E+009,-2.903196911434145E+001,7.221736691809733E+001,
6.932551319648094E+009,-2.909396914996277E+001,5.305392952264833E+001,
6.936461388074291E+009,-2.896945045668772E+001,3.345505960920027E+001,
6.940371456500488E+009,-2.922524937532230E+001,1.459648797247015E+001,
6.944281524926686E+009,-2.935079845328759E+001,-3.146874358253853E+000,
6.948191593352884E+009,-2.943421515846985E+001,-2.062131941547726E+001,
6.952101661779081E+009,-2.923306317797256E+001,-3.840520009964201E+001,
6.956011730205278E+009,-2.921394903896184E+001,-5.711349949843712E+001,
6.959921798631475E+009,-2.926790397027080E+001,-7.542583195853578E+001,
6.963831867057674E+009,-2.924250000014798E+001,-9.280516799440206E+001,
6.967741935483872E+009,-2.922960027501275E+001,-1.118625972458650E+002,
6.971652003910069E+009,-2.912428874589791E+001,-1.294520698591605E+002,
6.975562072336266E+009,-2.898693378412622E+001,-1.473547956389220E+002,
6.979472140762464E+009,-2.896890393276916E+001,-1.656143029839714E+002,
6.983382209188661E+009,-2.880980116308500E+001,1.756041993304663E+002,
6.987292277614859E+009,-2.869417376293595E+001,1.563619158173282E+002,
6.991202346041056E+009,-2.868058559950507E+001,1.374798934443637E+002,
6.995112414467253E+009,-2.887079944610145E+001,1.193085076969388E+002,
6.999022482893451E+009,-2.889189890883810E+001,1.028362287225909E+002,
7.002932551319649E+009,-2.867019884066649E+001,8.472745692964971E+001,
7.006842619745846E+009,-2.859245614052765E+001,6.698310874976632E+001,
7.010752688172043E+009,-2.853783958274735E+001,4.846263208122343E+001,
7.014662756598240E+009,-2.821072560845720E+001,3.037236591154879E+001,
7.018572825024438E+009,-2.808621447132722E+001,1.068975416149438E+001,
7.022482893450636E+009,-2.787121614558171E+001,-7.542685758023458E+000,
7.026392961876833E+009,-2.797598843672380E+001,-2.726548487146633E+001,
7.030303030303030E+009,-2.801438600466401E+001,-4.647237316741956E+001,
7.034213098729228E+009,-2.803863831148910E+001,-6.451876694238844E+001,
7.038123167155425E+009,-2.800035937321770E+001,-8.376080158153975E+001,
7.042033235581623E+009,-2.813604710974587E+001,-1.016103607577508E+002,
7.045943304007820E+009,-2.812533419043986E+001,-1.194575607156994E+002,
7.049853372434017E+009,-2.817307131161274E+001,-1.367903542830567E+002,
7.053763440860215E+009,-2.788700718309702E+001,-1.552634488783808E+002,
7.057673509286413E+009,-2.770509729626289E+001,-1.723357923022764E+002,
7.061583577712610E+009,-2.749835512482980E+001,1.679250895115695E+002,
7.065493646138807E+009,-2.742606666596397E+001,1.486134250411433E+002,
7.069403714565004E+009,-2.748794365250913E+001,1.292436007844143E+002,
7.073313782991202E+009,-2.739314204794025E+001,1.102387519876347E+002,
7.077223851417400E+009,-2.749700914117070E+001,9.126799387148415E+001,
7.081133919843597E+009,-2.751849078870207E+001,7.294933731522396E+001,
7.085043988269795E+009,-2.753458485671073E+001,5.576452977236396E+001,
7.088954056695993E+009,-2.749731297250339E+001,3.756763346690122E+001,
7.092864125122190E+009,-2.731003185813810E+001,2.041331307364349E+001,
7.096774193548388E+009,-2.695722240997693E+001,9.495143792774337E-001,
7.100684261974585E+009,-2.684467313159626E+001,-1.842885755952527E+001,
7.104594330400782E+009,-2.682160098542235E+001,-3.870562922179972E+001,
7.108504398826980E+009,-2.693436160956910E+001,-5.866648335426019E+001,
7.112414467253178E+009,-2.713870997011095E+001,-7.677432082346537E+001,
7.116324535679375E+009,-2.718217913602060E+001,-9.543122661218816E+001,
7.120234604105572E+009,-2.727167005022430E+001,-1.127897498223955E+002,
7.124144672531769E+009,-2.721369049870037E+001,-1.303851666455437E+002,
7.128054740957967E+009,-2.695512421780380E+001,-1.476414215729766E+002,
7.131964809384165E+009,-2.666327665768916E+001,-1.670962938021067E+002,
7.135874877810362E+009,-2.652174902409292E+001,1.733063030992038E+002,
7.139784946236559E+009,-2.643848631191711E+001,1.538661680436314E+002,
7.143695014662756E+009,-2.648548491339127E+001,1.336560595862564E+002,
7.147605083088954E+009,-2.653572490453052E+001,1.137916377897407E+002,
7.151515151515152E+009,-2.669372129212850E+001,9.438067706376690E+001,
7.155425219941349E+009,-2.688554125008978E+001,7.629597860645602E+001,
7.159335288367546E+009,-2.692953541145299E+001,5.806036776735065E+001,
7.163245356793744E+009,-2.696540152816624E+001,3.977411657470000E+001,
7.167155425219942E+009,-2.697873993633479E+001,2.150600255167553E+001,
7.171065493646139E+009,-2.701753346507492E+001,2.994895076662138E+000,
7.174975562072336E+009,-2.697111776617241E+001,-1.574876017663222E+001,
7.178885630498533E+009,-2.694288561700717E+001,-3.553986621476689E+001,
7.182795698924731E+009,-2.704666108685769E+001,-5.505934079835820E+001,
7.186705767350929E+009,-2.716875384336776E+001,-7.419834076354178E+001,
7.190615835777126E+009,-2.731703875104031E+001,-9.316780740450575E+001,
7.194525904203323E+009,-2.766847511584410E+001,-1.111189043603626E+002,
7.198435972629520E+009,-2.769104551730101E+001,-1.281205487826559E+002,
7.202346041055718E+009,-2.756884232598949E+001,-1.454341762686307E+002,
7.206256109481916E+009,-2.725116569683741E+001,-1.640151654202732E+002,
7.210166177908114E+009,-2.709649468735777E+001,1.764065103576462E+002,
7.214076246334311E+009,-2.709133717805723E+001,1.574573850449444E+002,
7.217986314760509E+009,-2.714203206665007E+001,1.368887746203419E+002,
7.221896383186706E+009,-2.742637487762439E+001,1.174047017797974E+002,
7.225806451612904E+009,-2.751457173552970E+001,9.860998930226009E+001,
7.229716520039101E+009,-2.762132815503783E+001,8.010670320885545E+001,
7.233626588465298E+009,-2.766978929712708E+001,6.226033028931661E+001,
7.237536656891496E+009,-2.768223149574914E+001,4.340140825186720E+001,
7.241446725317694E+009,-2.765949837086621E+001,2.489676842290081E+001,
7.245356793743891E+009,-2.772391883321191E+001,5.794998376174237E+000,
7.249266862170088E+009,-2.777172249376734E+001,-1.338651279851446E+001,
7.253176930596285E+009,-2.782543499052327E+001,-3.146947319861722E+001,
7.257086999022483E+009,-2.782642179839354E+001,-5.035553621938398E+001,
7.260997067448681E+009,-2.782374330464352E+001,-6.929745622057877E+001,
7.264907135874878E+009,-2.788948860099735E+001,-8.951324455066003E+001,
7.268817204301075E+009,-2.791304153968888E+001,-1.082451159897197E+002,
7.272727272727273E+009,-2.797476668413479E+001,-1.273315036607957E+002,
7.276637341153470E+009,-2.809069190331093E+001,-1.467042761004994E+002,
7.280547409579668E+009,-2.824311010426790E+001,-1.662954973621741E+002,
7.284457478005865E+009,-2.848196569669935E+001,1.747146067486125E+002,
7.288367546432062E+009,-2.863464377320143E+001,1.563759560623624E+002,
7.292277614858260E+009,-2.875224708096965E+001,1.384164819066835E+002,
7.296187683284458E+009,-2.884803777099222E+001,1.193652023943019E+002,
7.300097751710655E+009,-2.894099219858644E+001,1.015403829160554E+002,
7.304007820136852E+009,-2.889108223440840E+001,8.381337207071667E+001,
7.307917888563049E+009,-2.900810370582103E+001,6.514154249001773E+001,
7.311827956989247E+009,-2.893802440668210E+001,4.696276019366557E+001,
7.315738025415445E+009,-2.890548634244377E+001,2.859799084978742E+001,
7.319648093841642E+009,-2.881538172298009E+001,8.569448455153829E+000,
7.323558162267839E+009,-2.875525683518048E+001,-1.210381736003768E+001,
7.327468230694037E+009,-2.890963475548777E+001,-3.142147276552722E+001,
7.331378299120235E+009,-2.915577257554877E+001,-5.190461646581862E+001,
7.335288367546433E+009,-2.947685276650369E+001,-6.971044638564943E+001,
7.339198435972630E+009,-2.945876084216421E+001,-8.725844562019898E+001,
7.343108504398827E+009,-2.936062592649997E+001,-1.057598123841592E+002,
7.347018572825025E+009,-2.900747831556140E+001,-1.246464460803269E+002,
7.350928641251223E+009,-2.891422869837342E+001,-1.446536811457021E+002,
7.354838709677420E+009,-2.900567165510308E+001,-1.657462997473625E+002,
7.358748778103617E+009,-2.907460763005263E+001,1.733933169334229E+002,
7.362658846529814E+009,-2.934629102741648E+001,1.541285607357621E+002,
7.366568914956012E+009,-2.951511078354741E+001,1.344643859107320E+002,
7.370478983382210E+009,-2.958644381189233E+001,1.140783461293546E+002,
7.374389051808407E+009,-2.984948334693010E+001,9.538052942530419E+001,
7.378299120234604E+009,-2.991666523608689E+001,7.629683916140371E+001,
7.382209188660801E+009,-2.983427409912191E+001,5.568048257744504E+001,
7.386119257086999E+009,-2.985506656122012E+001,3.540056317418910E+001,
7.390029325513197E+009,-3.005927202196697E+001,1.398515333058283E+001,
7.393939393939394E+009,-3.064210305075449E+001,-5.376216009121161E+000,
7.397849462365591E+009,-3.074324344710764E+001,-2.369449407149181E+001,
7.401759530791789E+009,-3.075989995148999E+001,-4.356537150720763E+001,
7.405669599217987E+009,-3.090352215484773E+001,-6.422803863896996E+001,
7.409579667644184E+009,-3.126985704297254E+001,-8.438968548338339E+001,
7.413489736070381E+009,-3.149956457430711E+001,-1.034520226386788E+002,
7.417399804496578E+009,-3.194075422780884E+001,-1.223405955373250E+002,
7.421309872922776E+009,-3.214383897226987E+001,-1.422405732659246E+002,
7.425219941348974E+009,-3.227702509429980E+001,-1.601271371829006E+002,
7.429130009775171E+009,-3.243955853233479E+001,-1.799784080711127E+002,
7.433040078201368E+009,-3.271672629158742E+001,1.605296280535603E+002,
7.436950146627565E+009,-3.307086423732380E+001,1.411427000735395E+002,
7.440860215053763E+009,-3.334750910155145E+001,1.230346160416664E+002,
7.444770283479961E+009,-3.352938156438304E+001,1.048963989223382E+002,
7.448680351906158E+009,-3.371888644995684E+001,8.655665464144525E+001,
7.452590420332356E+009,-3.379554433947753E+001,6.865165242362056E+001,
7.456500488758554E+009,-3.368573734437864E+001,5.013617287933170E+001,
7.460410557184751E+009,-3.368959731386623E+001,2.959986279205191E+001,
7.464320625610949E+009,-3.400880308951226E+001,7.928673725672159E+000,
7.468230694037146E+009,-3.446413973605625E+001,-1.124381129893898E+001,
7.472140762463343E+009,-3.499971615163081E+001,-2.907392301579120E+001,
7.476050830889541E+009,-3.527105358600821E+001,-4.428279790504292E+001,
7.479960899315739E+009,-3.521389623365936E+001,-6.125143934391343E+001,
7.483870967741936E+009,-3.500861098737241E+001,-7.833144829304474E+001,
7.487781036168133E+009,-3.485820724666667E+001,-9.664519470954312E+001,
7.491691104594330E+009,-3.459343238253121E+001,-1.161869562528187E+002,
7.495601173020528E+009,-3.450224328722543E+001,-1.374288960131379E+002,
7.499511241446726E+009,-3.472146709777097E+001,-1.578754221537618E+002,
7.503421309872923E+009,-3.487448749182673E+001,-1.782114390206568E+002,
7.507331378299120E+009,-3.535061403336650E+001,1.619822532452263E+002,
7.511241446725318E+009,-3.592515780293594E+001,1.445553429423274E+002,
7.515151515151515E+009,-3.639842741697646E+001,1.307585669104618E+002,
7.519061583577713E+009,-3.606338609830140E+001,1.175602853513863E+002,
7.522971652003910E+009,-3.538310524245526E+001,9.993155554360291E+001,
7.526881720430107E+009,-3.488618076212723E+001,8.010398511022218E+001,
7.530791788856305E+009,-3.485894007784872E+001,5.941537292939601E+001,
7.534701857282503E+009,-3.481931208009599E+001,4.031087619002355E+001,
7.538611925708700E+009,-3.471809358138168E+001,2.080482983906737E+001,
7.542521994134897E+009,-3.487234439935374E+001,1.827328099984086E+000,
7.546432062561094E+009,-3.482185801704662E+001,-1.732369122792391E+001,
7.550342130987292E+009,-3.513967477653181E+001,-3.608095001238471E+001,
7.554252199413490E+009,-3.545862711259057E+001,-5.126519491852289E+001,
7.558162267839687E+009,-3.519143142959436E+001,-6.503137223181079E+001,
7.562072336265884E+009,-3.446824995511501E+001,-8.194013814775607E+001,
7.565982404692082E+009,-3.388727359423108E+001,-1.003932279519759E+002,
7.569892473118280E+009,-3.330514072807786E+001,-1.200657004121245E+002,
7.573802541544478E+009,-3.291595512205730E+001,-1.418111664850128E+002,
7.577712609970675E+009,-3.281300880336265E+001,-1.625595736712329E+002,
7.581622678396872E+009,-3.276919952264386E+001,1.771357877276745E+002,
7.585532746823070E+009,-3.275517187192068E+001,1.572726432598745E+002,
7.589442815249268E+009,-3.287854824400048E+001,1.375605741226235E+002,
7.593352883675465E+009,-3.299100585216225E+001,1.198312550674735E+002,
7.597262952101662E+009,-3.294351698533840E+001,1.028092231829873E+002,
7.601173020527859E+009,-3.259399960828792E+001,8.549816126003378E+001,
7.605083088954057E+009,-3.220195998005142E+001,6.739263112806543E+001,
7.608993157380255E+009,-3.165121087071899E+001,4.742209528726570E+001,
7.612903225806452E+009,-3.141195553890022E+001,2.598540289319917E+001,
7.616813294232649E+009,-3.133561769956634E+001,4.954519705775125E+000,
7.620723362658846E+009,-3.137112130090614E+001,-1.626643934173844E+001,
7.624633431085044E+009,-3.147546655554125E+001,-3.640949447244250E+001,
7.628543499511242E+009,-3.159551530329211E+001,-5.581502321585943E+001,
7.632453567937439E+009,-3.170715007702718E+001,-7.478411484466398E+001,
7.636363636363636E+009,-3.181934806367488E+001,-9.237721257845738E+001,
7.640273704789834E+009,-3.187544693344119E+001,-1.095211522855247E+002,
7.644183773216032E+009,-3.175185448824063E+001,-1.273654600890408E+002,
7.648093841642229E+009,-3.153597892409200E+001,-1.449436969265554E+002,
7.652003910068426E+009,-3.118685711987136E+001,-1.633711448727321E+002,
7.655913978494623E+009,-3.098498774901437E+001,1.769943548806677E+002,
7.659824046920821E+009,-3.095332203804275E+001,1.565713672899746E+002,
7.663734115347019E+009,-3.095300860149660E+001,1.375113511013124E+002,
7.667644183773216E+009,-3.104156330497565E+001,1.183176252174268E+002,
7.671554252199413E+009,-3.107869600943898E+001,9.943953944611170E+001,
7.675464320625610E+009,-3.114181771762394E+001,8.113129201582933E+001,
7.679374389051808E+009,-3.110822989392914E+001,6.295280055639833E+001,
7.683284457478006E+009,-3.113949885794619E+001,4.441125802300846E+001,
7.687194525904203E+009,-3.107704959716340E+001,2.599679895475056E+001,
7.691104594330401E+009,-3.112108525669302E+001,7.703085522182447E+000,
7.695014662756599E+009,-3.102255929482069E+001,-9.947759126397498E+000,
7.698924731182797E+009,-3.085457873843105E+001,-2.864591730974478E+001,
7.702834799608994E+009,-3.078140412789072E+001,-4.865172150463706E+001,
7.706744868035191E+009,-3.095457708191086E+001,-6.767352374170831E+001,
7.710654936461388E+009,-3.119214917559441E+001,-8.520599232435380E+001,
7.714565004887586E+009,-3.115959121073859E+001,-1.023104998519229E+002,
7.718475073313784E+009,-3.110370883078730E+001,-1.198362405527364E+002,
7.722385141739981E+009,-3.107400938009561E+001,-1.368687791997255E+002,
7.726295210166178E+009,-3.083767511879224E+001,-1.541897978737255E+002,
7.730205278592375E+009,-3.077109919377065E+001,-1.724809237438214E+002,
7.734115347018573E+009,-3.063361485342233E+001,1.698054288217527E+002,
7.738025415444771E+009,-3.044016946312020E+001,1.520633287937764E+002,
7.741935483870968E+009,-3.016594041589815E+001,1.329515029095916E+002,
7.745845552297165E+009,-3.010275380993481E+001,1.134285946158017E+002,
7.749755620723363E+009,-3.015638897387171E+001,9.458098622839047E+001,
7.753665689149560E+009,-3.017196099836307E+001,7.633293375047289E+001,
7.757575757575758E+009,-3.010990561547629E+001,5.826267138530161E+001,
7.761485826001955E+009,-3.009630596842544E+001,3.952190658957057E+001,
7.765395894428152E+009,-3.014411553150093E+001,2.190972401246016E+001,
7.769305962854350E+009,-3.007846314390550E+001,4.222129129884532E+000,
7.773216031280548E+009,-2.991642943203378E+001,-1.327983235435844E+001,
7.777126099706745E+009,-2.984473404590643E+001,-3.127873891576219E+001,
7.781036168132942E+009,-2.957063140240496E+001,-4.968609429239685E+001,
7.784946236559139E+009,-2.946588606125891E+001,-6.870169840557641E+001,
7.788856304985337E+009,-2.940326558380627E+001,-8.724046962427927E+001,
7.792766373411535E+009,-2.938383937149549E+001,-1.056774726395603E+002,
7.796676441837732E+009,-2.933444808410759E+001,-1.248056874452222E+002,
7.800586510263929E+009,-2.945905914681453E+001,-1.425431925574488E+002,
7.804496578690127E+009,-2.933692611426107E+001,-1.597683708717761E+002,
7.808406647116324E+009,-2.921604437588391E+001,-1.774904257050520E+002,
7.812316715542522E+009,-2.898358843831952E+001,1.641083006142707E+002,
7.816226783968720E+009,-2.873962869939280E+001,1.458033143443685E+002,
7.820136852394917E+009,-2.847180516073756E+001,1.256457461649666E+002,
7.824046920821115E+009,-2.842727413656411E+001,1.062986274761640E+002,
7.827956989247313E+009,-2.854731653859672E+001,8.736319888393147E+001,
7.831867057673510E+009,-2.848347489143903E+001,6.915138418399305E+001,
7.835777126099707E+009,-2.841256871294098E+001,5.008984167283555E+001,
7.839687194525904E+009,-2.837745385547235E+001,3.092257017427684E+001,
7.843597262952102E+009,-2.831689797143707E+001,1.107707074115387E+001,
7.847507331378300E+009,-2.820033572021678E+001,-6.942294692171586E+000,
7.851417399804497E+009,-2.826620454042461E+001,-2.663482530989816E+001,
7.855327468230694E+009,-2.811624435735398E+001,-4.529738817281259E+001,
7.859237536656891E+009,-2.809555125124593E+001,-6.461406442501445E+001,
7.863147605083089E+009,-2.817873360972844E+001,-8.460894419356055E+001,
7.867057673509287E+009,-2.816864950192622E+001,-1.029372287009552E+002,
7.870967741935484E+009,-2.826017071327057E+001,-1.221839014729888E+002,
7.874877810361681E+009,-2.830882930502462E+001,-1.403967087323780E+002,
7.878787878787879E+009,-2.825631746564694E+001,-1.596419649660533E+002,
7.882697947214077E+009,-2.835350414626808E+001,-1.792645666061384E+002,
7.886608015640274E+009,-2.846403166219714E+001,1.623695140228227E+002,
7.890518084066471E+009,-2.839897376920997E+001,1.446074250823429E+002,
7.894428152492668E+009,-2.845946482930138E+001,1.252162658676997E+002,
7.898338220918866E+009,-2.830430095762932E+001,1.063831417150962E+002,
7.902248289345064E+009,-2.843000556867608E+001,8.624707664287408E+001,
7.906158357771261E+009,-2.871496039599750E+001,6.645894741681900E+001,
7.910068426197458E+009,-2.899923944010993E+001,4.882970277932861E+001,
7.913978494623655E+009,-2.894533473173526E+001,3.127996230680665E+001,
7.917888563049853E+009,-2.895784555515341E+001,1.323358058306605E+001,
7.921798631476051E+009,-2.891299431898018E+001,-6.510956567840614E+000,
7.925708699902248E+009,-2.912661171436658E+001,-2.495628390708592E+001,
7.929618768328445E+009,-2.915873826324587E+001,-4.320751110641333E+001,
7.933528836754643E+009,-2.921444414516174E+001,-6.219610266674456E+001,
7.937438905180841E+009,-2.931156948819323E+001,-8.135824975278416E+001,
7.941348973607039E+009,-2.936963795129030E+001,-9.980547566685218E+001,
7.945259042033236E+009,-2.952190446833082E+001,-1.178097161691913E+002,
7.949169110459433E+009,-2.970478993130276E+001,-1.356466978389031E+002,
7.953079178885631E+009,-2.962382115476874E+001,-1.532151274055357E+002,
7.956989247311829E+009,-2.955336672425635E+001,-1.726217453650009E+002,
7.960899315738026E+009,-2.955475803184886E+001,1.683802257560338E+002,
7.964809384164223E+009,-2.956610142606508E+001,1.494413296360730E+002,
7.968719452590420E+009,-2.971073249956682E+001,1.302893561801402E+002,
7.972629521016618E+009,-3.005467500282016E+001,1.121528066322448E+002,
7.976539589442816E+009,-2.993112751766452E+001,9.500785304070260E+001,
7.980449657869013E+009,-2.988663975906278E+001,7.596904414017483E+001,
7.984359726295210E+009,-2.982649595709517E+001,5.627812716336636E+001,
7.988269794721408E+009,-3.003358406060658E+001,3.720556453089889E+001,
7.992179863147605E+009,-3.008667003513649E+001,1.950113369548517E+001,
7.996089931573803E+009,-2.996886583527424E+001,2.074382902594382E+000,
8.000000000000000E+009,-2.982322865012666E+001,-1.769788922349571E+001,
