% Version 1.00
%
%freq[Hz];db:Trc1_S21;ang:Trc1_S21;
4.000000000000000E+009,-2.848385678609724E+001,1.744067099112063E+002,
4.003910068426198E+009,-2.864013033525443E+001,1.539301937803403E+002,
4.007820136852395E+009,-2.872951543148723E+001,1.345720516067215E+002,
4.011730205278593E+009,-2.867399928862526E+001,1.150339740081190E+002,
4.015640273704790E+009,-2.881512321236115E+001,9.516004469896566E+001,
4.019550342130987E+009,-2.870256484108597E+001,7.638684203643624E+001,
4.023460410557185E+009,-2.842220088523338E+001,5.647480549596830E+001,
4.027370478983382E+009,-2.842879137287135E+001,3.731843460981971E+001,
4.031280547409580E+009,-2.798801285300931E+001,1.835496003329771E+001,
4.035190615835777E+009,-2.743411084008585E+001,-2.486833285628439E+000,
4.039100684261975E+009,-2.722626905596531E+001,-2.451555377715816E+001,
4.043010752688172E+009,-2.714404454713005E+001,-4.508261594381960E+001,
4.046920821114369E+009,-2.684508260567164E+001,-6.674120238525799E+001,
4.050830889540567E+009,-2.665954365424075E+001,-8.712322933588239E+001,
4.054740957966765E+009,-2.650727444704204E+001,-1.081273635594462E+002,
4.058651026392962E+009,-2.627579916627495E+001,-1.275841194833741E+002,
4.062561094819160E+009,-2.603093583124692E+001,-1.482035116624775E+002,
4.066471163245357E+009,-2.593906106597312E+001,-1.682376093738825E+002,
4.070381231671554E+009,-2.561792543589075E+001,1.717272678235974E+002,
4.074291300097752E+009,-2.525792252073822E+001,1.507478037543240E+002,
4.078201368523949E+009,-2.524175754880483E+001,1.295659773637523E+002,
4.082111436950147E+009,-2.495748268665926E+001,1.091593120002829E+002,
4.086021505376344E+009,-2.498130378826183E+001,8.737043423766629E+001,
4.089931573802542E+009,-2.504533028822431E+001,6.847048488775427E+001,
4.093841642228739E+009,-2.502342050998756E+001,4.957437907512010E+001,
4.097751710654936E+009,-2.508839145627220E+001,3.068982480627861E+001,
4.101661779081134E+009,-2.482298425227380E+001,1.428530367081788E+001,
4.105571847507331E+009,-2.437582055309141E+001,-3.882243666842530E+000,
4.109481915933529E+009,-2.397867476824760E+001,-2.337170483104832E+001,
4.113391984359726E+009,-2.368236787202399E+001,-4.352372143362288E+001,
4.117302052785924E+009,-2.342817392909793E+001,-6.375323777018224E+001,
4.121212121212121E+009,-2.326464550816340E+001,-8.377598552585468E+001,
4.125122189638319E+009,-2.321081625374279E+001,-1.036067989082111E+002,
4.129032258064516E+009,-2.322603603383447E+001,-1.227937779810152E+002,
4.132942326490714E+009,-2.319981889360019E+001,-1.408292782280103E+002,
4.136852394916911E+009,-2.285596323225623E+001,-1.582405288682411E+002,
4.140762463343109E+009,-2.240062508226092E+001,-1.769932771691697E+002,
4.144672531769306E+009,-2.201759294059066E+001,1.631704412812800E+002,
4.148582600195503E+009,-2.174675417255238E+001,1.424066729602382E+002,
4.152492668621701E+009,-2.170938465893264E+001,1.206691579410394E+002,
4.156402737047898E+009,-2.173413292313276E+001,1.009402639640453E+002,
4.160312805474096E+009,-2.175136878582136E+001,8.132039701408714E+001,
4.164222873900293E+009,-2.180723047278539E+001,6.181461283375678E+001,
4.168132942326491E+009,-2.191074228196028E+001,4.410830175966051E+001,
4.172043010752688E+009,-2.187706995095644E+001,2.596825485530678E+001,
4.175953079178886E+009,-2.177481738975011E+001,8.448260795533344E+000,
4.179863147605083E+009,-2.150904525722449E+001,-9.825052543732076E+000,
4.183773216031281E+009,-2.120536425683049E+001,-2.951827708234944E+001,
4.187683284457478E+009,-2.107240291034030E+001,-4.938758638746704E+001,
4.191593352883676E+009,-2.086507809440317E+001,-6.946947610947805E+001,
4.195503421309873E+009,-2.089794624438289E+001,-9.049049354768863E+001,
4.199413489736071E+009,-2.117504235594495E+001,-1.105934252034704E+002,
4.203323558162268E+009,-2.147183241850630E+001,-1.284865181684290E+002,
4.207233626588465E+009,-2.161687897196407E+001,-1.461228561368658E+002,
4.211143695014663E+009,-2.161665614899984E+001,-1.627764186973773E+002,
4.215053763440860E+009,-2.136785896394854E+001,1.795201598428023E+002,
4.218963831867058E+009,-2.117639731470738E+001,1.606544699669371E+002,
4.222873900293255E+009,-2.109406284696158E+001,1.412933267632894E+002,
4.226783968719452E+009,-2.101385112803862E+001,1.218801923388311E+002,
4.230694037145650E+009,-2.110853138402895E+001,1.021871421447457E+002,
4.234604105571847E+009,-2.113880606153596E+001,8.319935518950366E+001,
4.238514173998045E+009,-2.127310807645092E+001,6.383593115570253E+001,
4.242424242424243E+009,-2.143960230598663E+001,4.506939312876103E+001,
4.246334310850440E+009,-2.165748887865064E+001,2.612185471838190E+001,
4.250244379276638E+009,-2.175867543210322E+001,8.110509408267779E+000,
4.254154447702835E+009,-2.189577514409223E+001,-9.670610373526406E+000,
4.258064516129032E+009,-2.199003282801945E+001,-2.803908497955242E+001,
4.261974584555230E+009,-2.200154608878560E+001,-4.656386410652070E+001,
4.265884652981427E+009,-2.209270344553445E+001,-6.557316683501530E+001,
4.269794721407625E+009,-2.229151117894430E+001,-8.419993708713372E+001,
4.273704789833822E+009,-2.254765605503910E+001,-1.018415862553071E+002,
4.277614858260019E+009,-2.271351999207160E+001,-1.205955763420715E+002,
4.281524926686217E+009,-2.300875842535545E+001,-1.378576022043942E+002,
4.285434995112414E+009,-2.310801632417169E+001,-1.550979708719691E+002,
4.289345063538612E+009,-2.320967971059737E+001,-1.733412535350180E+002,
4.293255131964809E+009,-2.347024335267487E+001,1.695399768862911E+002,
4.297165200391007E+009,-2.356193467044707E+001,1.522892322239586E+002,
4.301075268817205E+009,-2.385629147092383E+001,1.348820576312666E+002,
4.304985337243402E+009,-2.393567589980741E+001,1.183634978701976E+002,
4.308895405669600E+009,-2.385177484728428E+001,1.017593356225681E+002,
4.312805474095797E+009,-2.391457837885061E+001,8.431696863165560E+001,
4.316715542521994E+009,-2.393188814563819E+001,6.641429636536726E+001,
4.320625610948192E+009,-2.419936184010231E+001,4.879213635193492E+001,
4.324535679374389E+009,-2.437754183657926E+001,3.245642519817548E+001,
4.328445747800587E+009,-2.456433736636276E+001,1.480958418441554E+001,
4.332355816226784E+009,-2.475683561836188E+001,-1.115398270748574E+000,
4.336265884652982E+009,-2.476823952437250E+001,-1.622164445671009E+001,
4.340175953079179E+009,-2.452639822106863E+001,-3.153787770794887E+001,
4.344086021505377E+009,-2.422664391977104E+001,-4.850477373613860E+001,
4.347996089931574E+009,-2.396590718416714E+001,-6.706038058637373E+001,
4.351906158357771E+009,-2.392545093561639E+001,-8.511124051039469E+001,
4.355816226783969E+009,-2.395188088600837E+001,-1.032621765377882E+002,
4.359726295210166E+009,-2.383227200632371E+001,-1.212150983661168E+002,
4.363636363636364E+009,-2.397559566350690E+001,-1.394964430440265E+002,
4.367546432062561E+009,-2.419805383267659E+001,-1.563804013232307E+002,
4.371456500488758E+009,-2.416823162914915E+001,-1.728628318673053E+002,
4.375366568914956E+009,-2.403549053736341E+001,1.711653007082508E+002,
4.379276637341153E+009,-2.389818156251005E+001,1.548030277213021E+002,
4.383186705767351E+009,-2.356033894493593E+001,1.373603426256358E+002,
4.387096774193548E+009,-2.328942245967359E+001,1.189663282982195E+002,
4.391006842619746E+009,-2.305215250313491E+001,9.961560182631727E+001,
4.394916911045943E+009,-2.306988182275671E+001,8.050147572434690E+001,
4.398826979472141E+009,-2.305326703107397E+001,6.244763690150633E+001,
4.402737047898338E+009,-2.305592279384165E+001,4.452810462202949E+001,
4.406647116324535E+009,-2.295714059820138E+001,2.594022906946916E+001,
4.410557184750733E+009,-2.296988886176300E+001,6.690263906173941E+000,
4.414467253176930E+009,-2.324055634317563E+001,-1.085768153015508E+001,
4.418377321603128E+009,-2.314273965289809E+001,-2.654433351403628E+001,
4.422287390029326E+009,-2.285869268127714E+001,-4.443724465483732E+001,
4.426197458455523E+009,-2.268797341157531E+001,-6.309221882291534E+001,
4.430107526881721E+009,-2.249052059420784E+001,-8.243591541379762E+001,
4.434017595307918E+009,-2.244626858816792E+001,-1.012406327364857E+002,
4.437927663734116E+009,-2.242842718107454E+001,-1.203146274163175E+002,
4.441837732160313E+009,-2.249751793072527E+001,-1.388255865299868E+002,
4.445747800586511E+009,-2.259560328971705E+001,-1.569144400087589E+002,
4.449657869012708E+009,-2.249027873953669E+001,-1.746057895566414E+002,
4.453567937438905E+009,-2.239484228249176E+001,1.668930111974368E+002,
4.457478005865103E+009,-2.240774536842642E+001,1.483417453246312E+002,
4.461388074291300E+009,-2.230379674256630E+001,1.298994091241355E+002,
4.465298142717498E+009,-2.229468996333192E+001,1.110631248493679E+002,
4.469208211143695E+009,-2.223243770981853E+001,9.314312717135204E+001,
4.473118279569893E+009,-2.205895304235420E+001,7.412935644824638E+001,
4.477028347996090E+009,-2.198014992416070E+001,5.450294994460354E+001,
4.480938416422287E+009,-2.195627281385590E+001,3.517047757972465E+001,
4.484848484848485E+009,-2.198364124291394E+001,1.591932574985853E+001,
4.488758553274682E+009,-2.200039123971829E+001,-3.255092378278580E+000,
4.492668621700880E+009,-2.218046946010071E+001,-2.242590614189118E+001,
4.496578690127077E+009,-2.221699182698706E+001,-4.023907512599060E+001,
4.500488758553275E+009,-2.224952599892922E+001,-5.880098582791543E+001,
4.504398826979472E+009,-2.219678731986235E+001,-7.610081868027791E+001,
4.508308895405669E+009,-2.206692755840363E+001,-9.498623194953170E+001,
4.512218963831867E+009,-2.195754512747544E+001,-1.139776475836388E+002,
4.516129032258064E+009,-2.187455614986826E+001,-1.331704793887755E+002,
4.520039100684262E+009,-2.178312674884502E+001,-1.530290086121342E+002,
4.523949169110459E+009,-2.180399431374021E+001,-1.731658404555620E+002,
4.527859237536657E+009,-2.184673666725919E+001,1.669930714083685E+002,
4.531769305962854E+009,-2.208488134944568E+001,1.474522248140363E+002,
4.535679374389051E+009,-2.214255946458403E+001,1.281948410453362E+002,
4.539589442815249E+009,-2.228390469066818E+001,1.092031339968580E+002,
4.543499511241447E+009,-2.236594686746951E+001,9.082723257058784E+001,
4.547409579667645E+009,-2.247214946808732E+001,7.076216412671502E+001,
4.551319648093842E+009,-2.260164568211841E+001,5.177333711151120E+001,
4.555229716520039E+009,-2.287141330139667E+001,3.286004364751331E+001,
4.559139784946237E+009,-2.280311926017344E+001,1.501111008669182E+001,
4.563049853372434E+009,-2.284106357009166E+001,-4.669405918752802E+000,
4.566959921798632E+009,-2.303092765181554E+001,-2.440732476179300E+001,
4.570869990224829E+009,-2.323900630553479E+001,-4.335981102441335E+001,
4.574780058651027E+009,-2.336184504077185E+001,-6.137085453842924E+001,
4.578690127077224E+009,-2.343241610169559E+001,-7.910726530938456E+001,
4.582600195503422E+009,-2.347568540198045E+001,-9.765417198807681E+001,
4.586510263929619E+009,-2.343154421751085E+001,-1.162991895369240E+002,
4.590420332355816E+009,-2.348664228329880E+001,-1.355211821266860E+002,
4.594330400782014E+009,-2.361910414900870E+001,-1.544397847993150E+002,
4.598240469208211E+009,-2.381466858901536E+001,-1.721020200234732E+002,
4.602150537634409E+009,-2.380178081335125E+001,1.701827090368832E+002,
4.606060606060606E+009,-2.360932241116527E+001,1.520056274955428E+002,
4.609970674486803E+009,-2.359890519231161E+001,1.327101817377073E+002,
4.613880742913001E+009,-2.371935339897735E+001,1.141603936540710E+002,
4.617790811339198E+009,-2.357887585329885E+001,9.612084520767968E+001,
4.621700879765396E+009,-2.338327599504596E+001,7.728683222483643E+001,
4.625610948191593E+009,-2.327868485719342E+001,5.765019853472645E+001,
4.629521016617791E+009,-2.314267058400763E+001,3.806342698833207E+001,
4.633431085043988E+009,-2.308744744277576E+001,1.803043857389431E+001,
4.637341153470186E+009,-2.302615755518175E+001,-2.005724372795448E+000,
4.641251221896383E+009,-2.315964341056625E+001,-2.215231306803624E+001,
4.645161290322580E+009,-2.326939358780923E+001,-4.192575606440789E+001,
4.649071358748778E+009,-2.340261797564901E+001,-6.048940389129798E+001,
4.652981427174975E+009,-2.334024437739466E+001,-7.902453940864599E+001,
4.656891495601173E+009,-2.327044795199001E+001,-9.812991392808409E+001,
4.660801564027371E+009,-2.307067490983540E+001,-1.176039387343991E+002,
4.664711632453568E+009,-2.305501434967749E+001,-1.378658566859458E+002,
4.668621700879766E+009,-2.304135220348971E+001,-1.582759803256578E+002,
4.672531769305963E+009,-2.320356928059533E+001,-1.776739017232222E+002,
4.676441837732161E+009,-2.312209241860631E+001,1.640905227026399E+002,
4.680351906158358E+009,-2.299028711860623E+001,1.445642570668909E+002,
4.684261974584556E+009,-2.285687263318562E+001,1.236940781178497E+002,
4.688172043010753E+009,-2.289246431854816E+001,1.033154513626316E+002,
4.692082111436951E+009,-2.294505306394800E+001,8.336831511252828E+001,
4.695992179863148E+009,-2.297902941609872E+001,6.327595568355590E+001,
4.699902248289345E+009,-2.293321738042247E+001,4.294348282409791E+001,
4.703812316715543E+009,-2.302567454422714E+001,2.248606596588719E+001,
4.707722385141740E+009,-2.313877258428207E+001,2.643093040936412E+000,
4.711632453567938E+009,-2.314182850552163E+001,-1.679081088937920E+001,
4.715542521994135E+009,-2.312389587706835E+001,-3.747731828853425E+001,
4.719452590420332E+009,-2.316741653169654E+001,-5.784708523145075E+001,
4.723362658846530E+009,-2.332440745860387E+001,-7.844590910470183E+001,
4.727272727272727E+009,-2.331366856029346E+001,-9.845232599858746E+001,
4.731182795698925E+009,-2.344404989927116E+001,-1.191757713486988E+002,
4.735092864125122E+009,-2.364321003082342E+001,-1.395741540905002E+002,
4.739002932551320E+009,-2.379830326556635E+001,-1.596089878780431E+002,
4.742913000977517E+009,-2.395397910253848E+001,-1.797888700774271E+002,
4.746823069403714E+009,-2.407200605248558E+001,1.593550428307722E+002,
4.750733137829912E+009,-2.449445426821879E+001,1.388864047887490E+002,
4.754643206256109E+009,-2.488253294780530E+001,1.203061152126089E+002,
4.758553274682307E+009,-2.483061213358300E+001,1.014105604601900E+002,
4.762463343108504E+009,-2.506570767544403E+001,8.116315464035561E+001,
4.766373411534702E+009,-2.525427939917663E+001,6.180206234968543E+001,
4.770283479960899E+009,-2.550309936542059E+001,4.352345778175421E+001,
4.774193548387096E+009,-2.551124740820434E+001,2.516447018271983E+001,
4.778103616813294E+009,-2.543153805710261E+001,5.192019507900937E+000,
4.782013685239492E+009,-2.554251694250915E+001,-1.535799019397937E+001,
4.785923753665690E+009,-2.587353197313671E+001,-3.515236677431288E+001,
4.789833822091887E+009,-2.607263253005108E+001,-5.372774136507145E+001,
4.793743890518084E+009,-2.603628871262129E+001,-7.242521966311453E+001,
4.797653958944282E+009,-2.606485509767248E+001,-9.202422524415117E+001,
4.801564027370479E+009,-2.609116620712285E+001,-1.128299007819201E+002,
4.805474095796677E+009,-2.628497505975086E+001,-1.331766723366907E+002,
4.809384164222874E+009,-2.657345440276933E+001,-1.524373522372010E+002,
4.813294232649072E+009,-2.672234541825441E+001,-1.714088967757872E+002,
4.817204301075269E+009,-2.681444776662773E+001,1.706290419556829E+002,
4.821114369501467E+009,-2.674630469141838E+001,1.502787015507912E+002,
4.825024437927664E+009,-2.666820218821714E+001,1.300762321273091E+002,
4.828934506353861E+009,-2.679442904494536E+001,1.085246597711244E+002,
4.832844574780059E+009,-2.715667979822320E+001,8.777977242327198E+001,
4.836754643206256E+009,-2.732564112552869E+001,6.849402833707515E+001,
4.840664711632454E+009,-2.754403711963323E+001,4.873386807340154E+001,
4.844574780058651E+009,-2.782625295042084E+001,2.882388603434850E+001,
4.848484848484848E+009,-2.812977150614896E+001,1.101119034304110E+001,
4.852394916911046E+009,-2.821320838750790E+001,-6.963674036053642E+000,
4.856304985337243E+009,-2.813740678122949E+001,-2.638864371919441E+001,
4.860215053763441E+009,-2.816013962213750E+001,-4.713568116619877E+001,
4.864125122189638E+009,-2.830779584986519E+001,-6.650268553393656E+001,
4.868035190615836E+009,-2.852383439704971E+001,-8.691346521128430E+001,
4.871945259042033E+009,-2.884554864302176E+001,-1.061667847664406E+002,
4.875855327468231E+009,-2.897938032805223E+001,-1.227316463027746E+002,
4.879765395894428E+009,-2.879222645019732E+001,-1.433443803059775E+002,
4.883675464320625E+009,-2.894482377514181E+001,-1.625750571566871E+002,
4.887585532746823E+009,-2.902398534228989E+001,1.776535432108815E+002,
4.891495601173020E+009,-2.915968621254463E+001,1.587661772340967E+002,
4.895405669599218E+009,-2.930805095956940E+001,1.406351488719309E+002,
4.899315738025415E+009,-2.936882085122150E+001,1.220895130774150E+002,
4.903225806451613E+009,-2.937848976776112E+001,1.020494062438060E+002,
4.907135874877811E+009,-2.965826725893045E+001,8.251213734559573E+001,
4.911045943304008E+009,-2.982734266812130E+001,6.495653070164107E+001,
4.914956011730206E+009,-2.996469479584958E+001,4.670918053862230E+001,
4.918866080156403E+009,-3.008447080021256E+001,3.013847708691467E+001,
4.922776148582601E+009,-2.996140510892688E+001,1.240134269954539E+001,
4.926686217008798E+009,-2.981626812432087E+001,-6.320623362489883E+000,
4.930596285434996E+009,-2.987826459875912E+001,-2.399607047404572E+001,
4.934506353861193E+009,-2.992995560746770E+001,-4.167170113001266E+001,
4.938416422287390E+009,-2.976199852214402E+001,-5.875448988885197E+001,
4.942326490713588E+009,-2.972258585905464E+001,-7.563368265384699E+001,
4.946236559139785E+009,-2.941837513152528E+001,-9.199013056061907E+001,
4.950146627565983E+009,-2.897193875814856E+001,-1.093712832269054E+002,
4.954056695992180E+009,-2.850380862895086E+001,-1.293930954394569E+002,
4.957966764418377E+009,-2.822418812862748E+001,-1.488941055742482E+002,
4.961876832844575E+009,-2.806492372553515E+001,-1.677050856409111E+002,
4.965786901270772E+009,-2.771254135867057E+001,1.726192075679186E+002,
4.969696969696970E+009,-2.763104581616245E+001,1.531918662859665E+002,
4.973607038123167E+009,-2.758932554429903E+001,1.344680737791950E+002,
4.977517106549365E+009,-2.743098284870306E+001,1.152668331180295E+002,
4.981427174975562E+009,-2.721640717405903E+001,9.678409367203199E+001,
4.985337243401759E+009,-2.697597575210199E+001,7.801657850844943E+001,
4.989247311827957E+009,-2.678807239376795E+001,5.879584680914559E+001,
4.993157380254154E+009,-2.662672002289729E+001,3.962815243186524E+001,
4.997067448680352E+009,-2.651013384521561E+001,2.020228531547076E+001,
5.000977517106549E+009,-2.628605118431588E+001,1.443252407629611E+000,
5.004887585532747E+009,-2.607096276180238E+001,-1.833754338137885E+001,
5.008797653958944E+009,-2.596286718373447E+001,-3.815254802740507E+001,
5.012707722385141E+009,-2.604131126575584E+001,-5.803399172063195E+001,
5.016617790811339E+009,-2.606441108358979E+001,-7.646895339096660E+001,
5.020527859237536E+009,-2.606660053686864E+001,-9.508086463755885E+001,
5.024437927663734E+009,-2.599989388700411E+001,-1.132463530571393E+002,
5.028347996089932E+009,-2.587420175289014E+001,-1.315671877595606E+002,
5.032258064516129E+009,-2.580368604633611E+001,-1.502203394919572E+002,
5.036168132942327E+009,-2.579246725440365E+001,-1.687669757154024E+002,
5.040078201368524E+009,-2.563572287693401E+001,1.735269893766859E+002,
5.043988269794722E+009,-2.554109620134182E+001,1.552125324481448E+002,
5.047898338220919E+009,-2.549609100952360E+001,1.365831723726764E+002,
5.051808406647117E+009,-2.536659102623963E+001,1.193016669015853E+002,
5.055718475073314E+009,-2.514586339572298E+001,1.008289912662595E+002,
5.059628543499512E+009,-2.510158817649053E+001,8.276393090042504E+001,
5.063538611925709E+009,-2.492113019805446E+001,6.484298559842148E+001,
5.067448680351906E+009,-2.478309384495606E+001,4.776048222899086E+001,
5.071358748778104E+009,-2.443840634502097E+001,2.969991656072681E+001,
5.075268817204301E+009,-2.410995267228446E+001,1.092256362613847E+001,
5.079178885630499E+009,-2.388780732708030E+001,-8.467796536298014E+000,
5.083088954056696E+009,-2.378123785452466E+001,-2.716922702892897E+001,
5.086999022482893E+009,-2.352757309530682E+001,-4.572902682312866E+001,
5.090909090909091E+009,-2.337821126273401E+001,-6.443957104670363E+001,
5.094819159335288E+009,-2.316591585033107E+001,-8.345973328822970E+001,
5.098729227761486E+009,-2.297412192724541E+001,-1.024576302146325E+002,
5.102639296187683E+009,-2.296456093155961E+001,-1.219384585493513E+002,
5.106549364613881E+009,-2.284880681701598E+001,-1.397456736952713E+002,
5.110459433040078E+009,-2.266882732159623E+001,-1.591758200151654E+002,
5.114369501466276E+009,-2.245887066978776E+001,-1.784647833662776E+002,
5.118279569892473E+009,-2.237695073940867E+001,1.622320127614334E+002,
5.122189638318670E+009,-2.246787733072834E+001,1.429776416754772E+002,
5.126099706744868E+009,-2.245493293730230E+001,1.243610751828218E+002,
5.130009775171065E+009,-2.242657541422559E+001,1.064851489230318E+002,
5.133919843597263E+009,-2.231909705738861E+001,8.814313769592428E+001,
5.137829912023460E+009,-2.219417747389588E+001,6.931935376034951E+001,
5.141739980449657E+009,-2.210307799583722E+001,5.094168202347169E+001,
5.145650048875855E+009,-2.195862566227253E+001,3.189628167180533E+001,
5.149560117302053E+009,-2.184654214055285E+001,1.321659465129713E+001,
5.153470185728251E+009,-2.171037583972109E+001,-6.103576749905112E+000,
5.157380254154448E+009,-2.167018320251605E+001,-2.542174908179553E+001,
5.161290322580645E+009,-2.168736095858562E+001,-4.451157146133733E+001,
5.165200391006843E+009,-2.168216688174577E+001,-6.272292119859559E+001,
5.169110459433041E+009,-2.167171690807160E+001,-8.151048244576320E+001,
5.173020527859238E+009,-2.160196781440968E+001,-9.990196751854622E+001,
5.176930596285435E+009,-2.153066504503875E+001,-1.185048975774902E+002,
5.180840664711633E+009,-2.141945992995091E+001,-1.373732372300302E+002,
5.184750733137830E+009,-2.128188914009251E+001,-1.565435681958113E+002,
5.188660801564028E+009,-2.127903515770054E+001,-1.757979006666940E+002,
5.192570869990225E+009,-2.128376535748806E+001,1.650585383594800E+002,
5.196480938416422E+009,-2.132423654087786E+001,1.458475144836452E+002,
5.200391006842620E+009,-2.141252068559842E+001,1.270166268251392E+002,
5.204301075268817E+009,-2.150442032098632E+001,1.079876959642576E+002,
5.208211143695015E+009,-2.162086467921700E+001,8.992929642477205E+001,
5.212121212121212E+009,-2.169784184346067E+001,7.151708716229700E+001,
5.216031280547409E+009,-2.175370305744188E+001,5.364103499294811E+001,
5.219941348973607E+009,-2.175486260032633E+001,3.547226754029630E+001,
5.223851417399805E+009,-2.178023273123129E+001,1.770844660176640E+001,
5.227761485826002E+009,-2.171624359676963E+001,-6.185554402056818E-001,
5.231671554252199E+009,-2.168946978506856E+001,-1.912816300313261E+001,
5.235581622678397E+009,-2.177556070410374E+001,-3.734265694139758E+001,
5.239491691104594E+009,-2.169070798413507E+001,-5.543218298850618E+001,
5.243401759530792E+009,-2.160823007938559E+001,-7.400555869581575E+001,
5.247311827956989E+009,-2.164207295988168E+001,-9.256102547607905E+001,
5.251221896383186E+009,-2.165697105024367E+001,-1.110545767566795E+002,
5.255131964809384E+009,-2.165769783221074E+001,-1.297338200309470E+002,
5.259042033235581E+009,-2.170133529988395E+001,-1.478747043265315E+002,
5.262952101661779E+009,-2.169225704464345E+001,-1.656819679840479E+002,
5.266862170087977E+009,-2.160624479691114E+001,1.755905821830548E+002,
5.270772238514174E+009,-2.165660694564375E+001,1.573172760398165E+002,
5.274682306940372E+009,-2.158327082799181E+001,1.389138185532062E+002,
5.278592375366570E+009,-2.158272461536453E+001,1.206328848777063E+002,
5.282502443792767E+009,-2.151044361309881E+001,1.021676819278033E+002,
5.286412512218964E+009,-2.140542343718396E+001,8.404564531945646E+001,
5.290322580645162E+009,-2.128236480159612E+001,6.531167518947321E+001,
5.294232649071359E+009,-2.116879203951354E+001,4.576301255299695E+001,
5.298142717497557E+009,-2.114751003248080E+001,2.631602880046992E+001,
5.302052785923754E+009,-2.110967310746032E+001,6.765405544417095E+000,
5.305962854349951E+009,-2.123127917890495E+001,-1.262581846855090E+001,
5.309872922776149E+009,-2.135953478081238E+001,-3.140288165463286E+001,
5.313782991202346E+009,-2.137715641093190E+001,-4.993093288041267E+001,
5.317693059628544E+009,-2.139605282491991E+001,-6.869895214385204E+001,
5.321603128054741E+009,-2.141386917702295E+001,-8.728078527472724E+001,
5.325513196480938E+009,-2.132998220521573E+001,-1.064303819076829E+002,
5.329423264907136E+009,-2.134644505464338E+001,-1.262860384893030E+002,
5.333333333333333E+009,-2.148917873496094E+001,-1.458136757253679E+002,
5.337243401759531E+009,-2.162989374927088E+001,-1.645043280508698E+002,
5.341153470185728E+009,-2.182183646514284E+001,1.763807218475815E+002,
5.345063538611926E+009,-2.201119116451567E+001,1.578176675175051E+002,
5.348973607038123E+009,-2.204502871448323E+001,1.399546446066993E+002,
5.352883675464321E+009,-2.209387518005610E+001,1.212995849883427E+002,
5.356793743890518E+009,-2.217595024924039E+001,1.027996392333745E+002,
5.360703812316715E+009,-2.216224796336091E+001,8.394734484617173E+001,
5.364613880742913E+009,-2.225017105348056E+001,6.475720105013653E+001,
5.368523949169110E+009,-2.239873408227727E+001,4.552663982003079E+001,
5.372434017595308E+009,-2.259192803327009E+001,2.729553177126633E+001,
5.376344086021505E+009,-2.256756055782551E+001,9.167081361800507E+000,
5.380254154447702E+009,-2.254512477417191E+001,-1.011375080760030E+001,
5.384164222873900E+009,-2.272255269334535E+001,-2.927346826780411E+001,
5.388074291300098E+009,-2.288989367912802E+001,-4.804385399063987E+001,
5.391984359726296E+009,-2.296470316094606E+001,-6.690586078110550E+001,
5.395894428152493E+009,-2.314796243768030E+001,-8.509057018542714E+001,
5.399804496578690E+009,-2.324265484837618E+001,-1.033890124740818E+002,
5.403714565004888E+009,-2.335744518089084E+001,-1.221957050063957E+002,
5.407624633431086E+009,-2.353821646242447E+001,-1.405573877700895E+002,
5.411534701857283E+009,-2.357005124175320E+001,-1.573920628218317E+002,
5.415444770283480E+009,-2.355914161581852E+001,-1.752797996740709E+002,
5.419354838709678E+009,-2.344250996563564E+001,1.663574877398052E+002,
5.423264907135875E+009,-2.334067120518770E+001,1.481867687692146E+002,
5.427174975562073E+009,-2.324840508143916E+001,1.285691830183764E+002,
5.431085043988270E+009,-2.305532772811453E+001,1.086531419115842E+002,
5.434995112414467E+009,-2.329026314165282E+001,8.855133169924767E+001,
5.438905180840665E+009,-2.348581398245583E+001,6.989848175990704E+001,
5.442815249266862E+009,-2.360725385479279E+001,5.252908391820095E+001,
5.446725317693060E+009,-2.337701278711690E+001,3.399103557936540E+001,
5.450635386119257E+009,-2.322857315082504E+001,1.441772000882935E+001,
5.454545454545454E+009,-2.328717875659175E+001,-5.011162943771320E+000,
5.458455522971652E+009,-2.327221119721471E+001,-2.361793122833505E+001,
5.462365591397850E+009,-2.318635598293498E+001,-4.305591239256635E+001,
5.466275659824047E+009,-2.303199228809220E+001,-6.204492878693365E+001,
5.470185728250244E+009,-2.296723626785517E+001,-8.304531406523458E+001,
5.474095796676442E+009,-2.307083458514682E+001,-1.038136477528922E+002,
5.478005865102639E+009,-2.325665628823199E+001,-1.244217198741038E+002,
5.481915933528837E+009,-2.350719457179260E+001,-1.439661291475519E+002,
5.485826001955034E+009,-2.372647758862517E+001,-1.622579826588388E+002,
5.489736070381231E+009,-2.374170382756462E+001,1.791593952587763E+002,
5.493646138807429E+009,-2.378449505170689E+001,1.600900215802271E+002,
5.497556207233626E+009,-2.374195784188894E+001,1.406228969265432E+002,
5.501466275659824E+009,-2.369195092970537E+001,1.220061208158475E+002,
5.505376344086021E+009,-2.371000632794288E+001,1.015180425456282E+002,
5.509286412512219E+009,-2.376346157784215E+001,8.122341036590061E+001,
5.513196480938417E+009,-2.389384102114360E+001,6.060060148241653E+001,
5.517106549364615E+009,-2.422621916083707E+001,4.130874722290054E+001,
5.521016617790812E+009,-2.438733446970560E+001,2.229838217922511E+001,
5.524926686217009E+009,-2.449359163783106E+001,3.557241039389932E+000,
5.528836754643207E+009,-2.458021892549805E+001,-1.475936907011035E+001,
5.532746823069404E+009,-2.476642607625274E+001,-3.325871363610510E+001,
5.536656891495602E+009,-2.481692593638535E+001,-5.128403835747279E+001,
5.540566959921799E+009,-2.472613499089226E+001,-6.911632757372853E+001,
5.544477028347996E+009,-2.445409979163003E+001,-8.791234312159421E+001,
5.548387096774194E+009,-2.433110085512699E+001,-1.079249910664423E+002,
5.552297165200391E+009,-2.432540615448298E+001,-1.289293549579772E+002,
5.556207233626589E+009,-2.448043570441639E+001,-1.497381335879857E+002,
5.560117302052786E+009,-2.479685157826533E+001,-1.679784964010732E+002,
5.564027370478983E+009,-2.480347525488307E+001,1.739551518049071E+002,
5.567937438905181E+009,-2.480755679982135E+001,1.554113050549116E+002,
5.571847507331378E+009,-2.473901863645942E+001,1.355931499881431E+002,
5.575757575757576E+009,-2.481629192273179E+001,1.168272949690368E+002,
5.579667644183773E+009,-2.485421503926699E+001,9.873203134419070E+001,
5.583577712609971E+009,-2.458686876521626E+001,7.986155379557035E+001,
5.587487781036168E+009,-2.453966740299961E+001,5.958298484047815E+001,
5.591397849462366E+009,-2.454430541779091E+001,4.010869007423170E+001,
5.595307917888563E+009,-2.466965746729832E+001,2.042619357029599E+001,
5.599217986314760E+009,-2.469198637542800E+001,1.781443449273882E+000,
5.603128054740958E+009,-2.476502063849713E+001,-1.751494545206982E+001,
5.607038123167155E+009,-2.470411015246256E+001,-3.607299522179455E+001,
5.610948191593353E+009,-2.470189433691193E+001,-5.513919777500806E+001,
5.614858260019550E+009,-2.471062590755576E+001,-7.430731962771297E+001,
5.618768328445747E+009,-2.461377789176783E+001,-9.342624217194086E+001,
5.622678396871945E+009,-2.465061004887624E+001,-1.128246079896141E+002,
5.626588465298142E+009,-2.457056125619787E+001,-1.310530434690068E+002,
5.630498533724340E+009,-2.459091736906174E+001,-1.516722831386723E+002,
5.634408602150538E+009,-2.464809160144103E+001,-1.711126434992519E+002,
5.638318670576735E+009,-2.469204181436684E+001,1.704441670050178E+002,
5.642228739002933E+009,-2.473083792690635E+001,1.511667539318681E+002,
5.646138807429131E+009,-2.473808573604277E+001,1.336306920749167E+002,
5.650048875855328E+009,-2.456636281451032E+001,1.148323533148398E+002,
5.653958944281525E+009,-2.446094319847705E+001,9.624483054694109E+001,
5.657869012707723E+009,-2.425493958145407E+001,7.719495128622013E+001,
5.661779081133920E+009,-2.407697109776059E+001,5.664512143549295E+001,
5.665689149560118E+009,-2.415014680355508E+001,3.624682619608548E+001,
5.669599217986315E+009,-2.411619033337775E+001,1.651663351839596E+001,
5.673509286412512E+009,-2.419955785729144E+001,-3.822080166379815E+000,
5.677419354838710E+009,-2.436582695805846E+001,-2.357034478024565E+001,
5.681329423264907E+009,-2.456451040911328E+001,-4.251234190408457E+001,
5.685239491691105E+009,-2.475074081039507E+001,-6.181822609503578E+001,
5.689149560117302E+009,-2.486562187086938E+001,-7.919778320044077E+001,
5.693059628543499E+009,-2.471159885887742E+001,-9.761345352864815E+001,
5.696969696969697E+009,-2.474262390583544E+001,-1.159798945414805E+002,
5.700879765395895E+009,-2.457731450915889E+001,-1.343530292293271E+002,
5.704789833822092E+009,-2.446049712845391E+001,-1.541476088917954E+002,
5.708699902248289E+009,-2.437690513318177E+001,-1.744022537635431E+002,
5.712609970674487E+009,-2.442976113933005E+001,1.656173473411343E+002,
5.716520039100684E+009,-2.449452967232244E+001,1.453012729189001E+002,
5.720430107526882E+009,-2.467740430614111E+001,1.260674785809578E+002,
5.724340175953079E+009,-2.489816734095520E+001,1.070546934476206E+002,
5.728250244379276E+009,-2.506364221129675E+001,8.854493830277821E+001,
5.732160312805474E+009,-2.494165932947029E+001,6.980321647262282E+001,
5.736070381231671E+009,-2.495170761681890E+001,5.035694668423734E+001,
5.739980449657869E+009,-2.502329452657418E+001,3.068763819915925E+001,
5.743890518084066E+009,-2.518235393260363E+001,1.131686655688429E+001,
5.747800586510263E+009,-2.519638325473054E+001,-8.616118551048412E+000,
5.751710654936461E+009,-2.544312355556763E+001,-2.854074785694041E+001,
5.755620723362660E+009,-2.564013005154101E+001,-4.754085651117809E+001,
5.759530791788857E+009,-2.593256057362824E+001,-6.702191371872436E+001,
5.763440860215054E+009,-2.624589400584391E+001,-8.564776979832789E+001,
5.767350928641252E+009,-2.645905339668160E+001,-1.031037460194603E+002,
5.771260997067449E+009,-2.646224183424485E+001,-1.213735390731172E+002,
5.775171065493647E+009,-2.654109686044825E+001,-1.403248153198177E+002,
5.779081133919844E+009,-2.690392097595885E+001,-1.595805926711243E+002,
5.782991202346041E+009,-2.717230676391210E+001,-1.779070010911074E+002,
5.786901270772239E+009,-2.739349140298030E+001,1.648005096680618E+002,
5.790811339198436E+009,-2.755050244859327E+001,1.463694108000077E+002,
5.794721407624634E+009,-2.788185547718503E+001,1.277436985101968E+002,
5.798631476050831E+009,-2.839876796395526E+001,1.122477101509524E+002,
5.802541544477028E+009,-2.832658196140699E+001,9.644022749619514E+001,
5.806451612903226E+009,-2.808278059167402E+001,7.958811844502968E+001,
5.810361681329423E+009,-2.803774291685145E+001,6.222148679460533E+001,
5.814271749755621E+009,-2.787917750407948E+001,4.397495481101188E+001,
5.818181818181818E+009,-2.783664271314340E+001,2.574587696329663E+001,
5.822091886608016E+009,-2.775527280981649E+001,7.000129624947453E+000,
5.826001955034213E+009,-2.767018095107646E+001,-1.263476720873029E+001,
5.829912023460411E+009,-2.811092059913583E+001,-3.126406428492426E+001,
5.833822091886608E+009,-2.834161798987502E+001,-4.765781842417435E+001,
5.837732160312805E+009,-2.821951211560890E+001,-6.465188967431730E+001,
5.841642228739003E+009,-2.797286006894158E+001,-8.236442837516775E+001,
5.845552297165200E+009,-2.775062210886470E+001,-1.018386023902799E+002,
5.849462365591398E+009,-2.771876495817531E+001,-1.201943090060693E+002,
5.853372434017595E+009,-2.770319033735692E+001,-1.394794587918426E+002,
5.857282502443792E+009,-2.779870832607499E+001,-1.577189818914815E+002,
5.861192570869990E+009,-2.777816567510054E+001,-1.766630116472333E+002,
5.865102639296187E+009,-2.779529273940603E+001,1.647225630632349E+002,
5.869012707722385E+009,-2.795745038422778E+001,1.464970906053712E+002,
5.872922776148583E+009,-2.791424438715541E+001,1.287290256598669E+002,
5.876832844574780E+009,-2.784416982562283E+001,1.095894741451561E+002,
5.880742913000978E+009,-2.785802510927269E+001,9.157299662798722E+001,
5.884652981427176E+009,-2.774893903665245E+001,7.315673682064370E+001,
5.888563049853373E+009,-2.780845960549952E+001,5.400239964786783E+001,
5.892473118279570E+009,-2.782956252541760E+001,3.532887007153761E+001,
5.896383186705768E+009,-2.780779466758690E+001,1.825455252446151E+001,
5.900293255131965E+009,-2.764740427247202E+001,-7.088343009241986E-002,
5.904203323558163E+009,-2.749616936654657E+001,-1.950168310943085E+001,
5.908113391984360E+009,-2.732735279287369E+001,-3.845599089845657E+001,
5.912023460410557E+009,-2.711079798333921E+001,-5.818271928876449E+001,
5.915933528836755E+009,-2.719971658859692E+001,-7.788300913624882E+001,
5.919843597262952E+009,-2.732512314287260E+001,-9.849395313008337E+001,
5.923753665689150E+009,-2.751981372785723E+001,-1.165807431021656E+002,
5.927663734115347E+009,-2.759116051324666E+001,-1.349266611418880E+002,
5.931573802541544E+009,-2.754613798792452E+001,-1.539671699606031E+002,
5.935483870967742E+009,-2.759445949672687E+001,-1.721424111542994E+002,
5.939393939393940E+009,-2.759207394941342E+001,1.704332793273005E+002,
5.943304007820137E+009,-2.725087550467957E+001,1.526272219311711E+002,
5.947214076246334E+009,-2.694581649588781E+001,1.321052165177780E+002,
5.951124144672532E+009,-2.701861791165241E+001,1.123115521375737E+002,
5.955034213098729E+009,-2.685288140859229E+001,9.225799472422291E+001,
5.958944281524927E+009,-2.699218947354191E+001,7.212233185374549E+001,
5.962854349951124E+009,-2.719438385788748E+001,5.286167706757618E+001,
5.966764418377321E+009,-2.732670710527821E+001,3.422647070516737E+001,
5.970674486803519E+009,-2.725828365221771E+001,1.735232152341463E+001,
5.974584555229716E+009,-2.698623171676802E+001,-1.131519861004426E+000,
5.978494623655914E+009,-2.694994540662834E+001,-2.102759991243914E+001,
5.982404692082111E+009,-2.672070255070370E+001,-3.879278900345356E+001,
5.986314760508308E+009,-2.647276341692474E+001,-5.903660614042544E+001,
5.990224828934506E+009,-2.633713035214499E+001,-7.894696001030263E+001,
5.994134897360704E+009,-2.621927380744944E+001,-9.937361800325587E+001,
5.998044965786902E+009,-2.614472299336460E+001,-1.194816334648500E+002,
6.001955034213099E+009,-2.618413446452992E+001,-1.393182740939955E+002,
6.005865102639297E+009,-2.619691567058651E+001,-1.588991787646289E+002,
6.009775171065494E+009,-2.606452868958079E+001,-1.780663634076915E+002,
6.013685239491692E+009,-2.574250446758533E+001,1.620717379685141E+002,
6.017595307917889E+009,-2.563595468914290E+001,1.416001027810048E+002,
6.021505376344086E+009,-2.571985758742403E+001,1.215566789149440E+002,
6.025415444770284E+009,-2.556464022294871E+001,1.009017166667794E+002,
6.029325513196481E+009,-2.557826677415883E+001,7.988280544663763E+001,
6.033235581622679E+009,-2.556564674481489E+001,5.954170405348995E+001,
6.037145650048876E+009,-2.563103972401793E+001,3.850965648506460E+001,
6.041055718475073E+009,-2.575031890627855E+001,1.882331531530823E+001,
6.044965786901271E+009,-2.585544183970141E+001,-1.408684876466199E+000,
6.048875855327468E+009,-2.594084763679046E+001,-2.161790021607349E+001,
6.052785923753666E+009,-2.605176534689912E+001,-4.163934511593558E+001,
6.056695992179863E+009,-2.619486279325047E+001,-6.198362156148233E+001,
6.060606060606061E+009,-2.634904351874575E+001,-8.084057582497255E+001,
6.064516129032258E+009,-2.635740738055042E+001,-9.921994207937820E+001,
6.068426197458456E+009,-2.626985558037367E+001,-1.179791492475286E+002,
6.072336265884653E+009,-2.618308227339075E+001,-1.390852500293580E+002,
6.076246334310850E+009,-2.624225760817057E+001,-1.595971196456845E+002,
6.080156402737048E+009,-2.640894588326643E+001,1.795264562847702E+002,
6.084066471163245E+009,-2.664463408941772E+001,1.598344277842446E+002,
6.087976539589443E+009,-2.684208840022528E+001,1.409020181779507E+002,
6.091886608015640E+009,-2.706102709826726E+001,1.217826225709031E+002,
6.095796676441837E+009,-2.731525642315122E+001,1.025891828171017E+002,
6.099706744868035E+009,-2.733817076633411E+001,8.517361442049190E+001,
6.103616813294232E+009,-2.721735113387842E+001,6.685255073754780E+001,
6.107526881720430E+009,-2.700988960803409E+001,4.760064251498134E+001,
6.111436950146627E+009,-2.704686032285801E+001,2.669606645186602E+001,
6.115347018572825E+009,-2.714013597469956E+001,6.354636064975450E+000,
6.119257086999023E+009,-2.744149329707532E+001,-1.378336161827565E+001,
6.123167155425221E+009,-2.778368967091132E+001,-3.294544983601885E+001,
6.127077223851418E+009,-2.803172477528333E+001,-5.064158457368991E+001,
6.130987292277615E+009,-2.791221180051081E+001,-6.869528814594383E+001,
6.134897360703813E+009,-2.803479623214621E+001,-8.824674261768347E+001,
6.138807429130010E+009,-2.830730336854057E+001,-1.068041916703413E+002,
6.142717497556208E+009,-2.851687098680504E+001,-1.248658660503566E+002,
6.146627565982405E+009,-2.851818087528017E+001,-1.413290473471415E+002,
6.150537634408602E+009,-2.836735071264620E+001,-1.600279762400085E+002,
6.154447702834800E+009,-2.821061607258022E+001,-1.798340224982146E+002,
6.158357771260998E+009,-2.823807884137764E+001,1.601454101682778E+002,
6.162267839687195E+009,-2.856126908258211E+001,1.393856566452437E+002,
6.166177908113392E+009,-2.912641312234423E+001,1.217004888936895E+002,
6.170087976539589E+009,-2.923708393150832E+001,1.053634088730128E+002,
6.173998044965787E+009,-2.930365069017955E+001,8.842091441764077E+001,
6.177908113391985E+009,-2.938712849010240E+001,7.176155048995473E+001,
6.181818181818182E+009,-2.928526262656025E+001,5.450899264582149E+001,
6.185728250244379E+009,-2.925739253723764E+001,3.658921323579936E+001,
6.189638318670576E+009,-2.934225021616136E+001,1.973645786391118E+001,
6.193548387096774E+009,-2.909799535733799E+001,2.602060503773900E+000,
6.197458455522972E+009,-2.894730644387646E+001,-1.580624532448218E+001,
6.201368523949169E+009,-2.889584326368585E+001,-3.498882780674776E+001,
6.205278592375366E+009,-2.895947260226089E+001,-5.159388658521613E+001,
6.209188660801564E+009,-2.887554131220268E+001,-6.933697538820255E+001,
6.213098729227762E+009,-2.864126890789595E+001,-8.790141780036608E+001,
6.217008797653959E+009,-2.879711641562714E+001,-1.065623619549623E+002,
6.220918866080156E+009,-2.867050684159766E+001,-1.222707578496634E+002,
6.224828934506353E+009,-2.841984115438412E+001,-1.400649537302757E+002,
6.228739002932551E+009,-2.830917626978294E+001,-1.588300250583140E+002,
6.232649071358749E+009,-2.827245517784338E+001,-1.768380169821428E+002,
6.236559139784946E+009,-2.799266090547008E+001,1.664045943629608E+002,
6.240469208211144E+009,-2.777553514826717E+001,1.494309337402796E+002,
6.244379276637341E+009,-2.724066681849752E+001,1.300008365185807E+002,
6.248289345063539E+009,-2.704460164953039E+001,1.107852441549716E+002,
6.252199413489737E+009,-2.677038136070118E+001,9.167278529205287E+001,
6.256109481915934E+009,-2.653853160542467E+001,7.121374932405007E+001,
6.260019550342131E+009,-2.652290512194281E+001,5.162443459362294E+001,
6.263929618768329E+009,-2.653169461161842E+001,3.218053739968432E+001,
6.267839687194526E+009,-2.665233658671789E+001,1.224063978838765E+001,
6.271749755620724E+009,-2.668081114172470E+001,-6.199021690853859E+000,
6.275659824046921E+009,-2.672733253393868E+001,-2.416686419481367E+001,
6.279569892473118E+009,-2.660731542933565E+001,-4.104459058538173E+001,
6.283479960899316E+009,-2.638059319742188E+001,-5.975930231555365E+001,
6.287390029325514E+009,-2.618354175712595E+001,-7.931417116964143E+001,
6.291300097751711E+009,-2.613672022979694E+001,-9.930454645300343E+001,
6.295210166177908E+009,-2.617541682737075E+001,-1.189177017564539E+002,
6.299120234604105E+009,-2.606735873223568E+001,-1.374564735211468E+002,
6.303030303030303E+009,-2.612004433642024E+001,-1.571926630741477E+002,
6.306940371456501E+009,-2.630126410736741E+001,-1.761845016871123E+002,
6.310850439882698E+009,-2.633195098581968E+001,1.658931785603987E+002,
6.314760508308895E+009,-2.632601274740863E+001,1.476494247067132E+002,
6.318670576735093E+009,-2.614497947522909E+001,1.296906810981049E+002,
6.322580645161290E+009,-2.607955061686345E+001,1.105283876974773E+002,
6.326490713587488E+009,-2.606270871359702E+001,9.205620529454588E+001,
6.330400782013685E+009,-2.585713778573904E+001,7.204038698652067E+001,
6.334310850439882E+009,-2.606181031199484E+001,5.206008463299331E+001,
6.338220918866080E+009,-2.619453416071043E+001,3.382199773013850E+001,
6.342130987292278E+009,-2.629146343554541E+001,1.494084716562074E+001,
6.346041055718475E+009,-2.637087178335609E+001,-3.088496782600275E+000,
6.349951124144672E+009,-2.641524319348735E+001,-2.221068636173114E+001,
6.353861192570869E+009,-2.643452857160154E+001,-3.976262116244291E+001,
6.357771260997068E+009,-2.636434137159993E+001,-5.813899697382517E+001,
6.361681329423266E+009,-2.628746084508724E+001,-7.667849665695189E+001,
6.365591397849463E+009,-2.624258701940967E+001,-9.614015717340418E+001,
6.369501466275660E+009,-2.628505926519776E+001,-1.157167604869314E+002,
6.373411534701857E+009,-2.630974585879099E+001,-1.353189977972362E+002,
6.377321603128055E+009,-2.650835279361107E+001,-1.552336383811039E+002,
6.381231671554253E+009,-2.674657472108279E+001,-1.738867773983571E+002,
6.385141739980450E+009,-2.694398433056131E+001,1.683873250163301E+002,
6.389051808406647E+009,-2.701218171836256E+001,1.500259463325371E+002,
6.392961876832845E+009,-2.709187296611554E+001,1.316296080201821E+002,
6.396871945259043E+009,-2.714595229756949E+001,1.136286977890169E+002,
6.400782013685240E+009,-2.726959759616186E+001,9.443902254317827E+001,
6.404692082111437E+009,-2.744203872864869E+001,7.642192166810088E+001,
6.408602150537634E+009,-2.762227667309699E+001,5.951306701778494E+001,
6.412512218963832E+009,-2.743392332775262E+001,4.259308173703719E+001,
6.416422287390030E+009,-2.734609216944399E+001,2.259989755827227E+001,
6.420332355816227E+009,-2.745179875064587E+001,3.064973690445359E+000,
6.424242424242424E+009,-2.757342605371589E+001,-1.538434834586094E+001,
6.428152492668621E+009,-2.779353743159447E+001,-3.346100352069196E+001,
6.432062561094819E+009,-2.795930763539240E+001,-5.105056693928643E+001,
6.435972629521017E+009,-2.805408822668395E+001,-6.904629881185184E+001,
6.439882697947214E+009,-2.819538971713866E+001,-8.697850528356786E+001,
6.443792766373411E+009,-2.835110761478974E+001,-1.047900958847696E+002,
6.447702834799609E+009,-2.836817364814041E+001,-1.206634523741821E+002,
6.451612903225807E+009,-2.826436463533857E+001,-1.370063971514310E+002,
6.455522971652004E+009,-2.794360430974553E+001,-1.542474127871294E+002,
6.459433040078201E+009,-2.760262752329908E+001,-1.737093427789255E+002,
6.463343108504398E+009,-2.745934181718980E+001,1.665988877964960E+002,
6.467253176930596E+009,-2.764428378686016E+001,1.473115955619759E+002,
6.471163245356794E+009,-2.765997744801326E+001,1.292387084127095E+002,
6.475073313782991E+009,-2.767499554938633E+001,1.104802747132230E+002,
6.478983382209189E+009,-2.771271570677095E+001,9.146794846935826E+001,
6.482893450635386E+009,-2.791850682873752E+001,7.328641677708485E+001,
6.486803519061584E+009,-2.768640056294317E+001,5.669140137561675E+001,
6.490713587487782E+009,-2.747498077491523E+001,3.831996390903291E+001,
6.494623655913979E+009,-2.727918103125732E+001,1.968770180983045E+001,
6.498533724340176E+009,-2.702795251940043E+001,-1.014536312013702E+000,
6.502443792766374E+009,-2.703891721254397E+001,-2.266097971070879E+001,
6.506353861192571E+009,-2.730227321807038E+001,-4.282904852511897E+001,
6.510263929618769E+009,-2.761063313919386E+001,-6.168374978098819E+001,
6.514173998044966E+009,-2.787933161693043E+001,-7.873248151549844E+001,
6.518084066471163E+009,-2.781591115768307E+001,-9.592268848531040E+001,
6.521994134897361E+009,-2.748005336193344E+001,-1.149656811997302E+002,
6.525904203323559E+009,-2.761052483678714E+001,-1.339077526248528E+002,
6.529814271749756E+009,-2.744646300150434E+001,-1.518255474442390E+002,
6.533724340175953E+009,-2.716654160499063E+001,-1.732625061276440E+002,
6.537634408602150E+009,-2.734422810739356E+001,1.654871980680498E+002,
6.541544477028348E+009,-2.757851942356319E+001,1.454960324878319E+002,
6.545454545454546E+009,-2.802112540516664E+001,1.257850713742375E+002,
6.549364613880743E+009,-2.813967892961898E+001,1.070845460562421E+002,
6.553274682306940E+009,-2.843853613263226E+001,8.889169808287191E+001,
6.557184750733138E+009,-2.865834735610087E+001,7.195645760494978E+001,
6.561094819159335E+009,-2.863072005397031E+001,5.359852553722960E+001,
6.565004887585533E+009,-2.845080629982011E+001,3.455728711095377E+001,
6.568914956011730E+009,-2.827733720557391E+001,1.478154965596905E+001,
6.572825024437927E+009,-2.842777719715520E+001,-7.143375539331450E+000,
6.576735092864125E+009,-2.890859401981011E+001,-2.692939857004388E+001,
6.580645161290323E+009,-2.909893656495115E+001,-4.642744011289150E+001,
6.584555229716520E+009,-2.969772378948564E+001,-6.556219714320010E+001,
6.588465298142717E+009,-3.002287567874965E+001,-8.287626115270415E+001,
6.592375366568914E+009,-3.002831604228888E+001,-1.002254515834876E+002,
6.596285434995112E+009,-3.011862723796482E+001,-1.183121383734017E+002,
6.600195503421310E+009,-3.027102002541706E+001,-1.372423294382055E+002,
6.604105571847508E+009,-3.033086635136940E+001,-1.569208623431194E+002,
6.608015640273705E+009,-3.048920647548572E+001,-1.748102066357032E+002,
6.611925708699902E+009,-3.060209888582251E+001,1.652286477670801E+002,
6.615835777126100E+009,-3.069145712793432E+001,1.471562919475944E+002,
6.619745845552298E+009,-3.104558972206338E+001,1.266041992234666E+002,
6.623655913978495E+009,-3.154488853464339E+001,1.071287980903612E+002,
6.627565982404692E+009,-3.187297929557324E+001,9.103033143397779E+001,
6.631476050830890E+009,-3.226053615789932E+001,7.331385487134561E+001,
6.635386119257088E+009,-3.227567618855191E+001,5.615226656828033E+001,
6.639296187683285E+009,-3.236650514507873E+001,3.990661239313533E+001,
6.643206256109482E+009,-3.228056991815401E+001,2.255264391458148E+001,
6.647116324535679E+009,-3.220040142162091E+001,3.416862908788214E+000,
6.651026392961877E+009,-3.218274755468544E+001,-1.470766469741010E+001,
6.654936461388075E+009,-3.234519512083718E+001,-3.491020753344445E+001,
6.658846529814272E+009,-3.238273428546358E+001,-5.364392143433832E+001,
6.662756598240469E+009,-3.271723381570396E+001,-7.279899174806671E+001,
6.666666666666666E+009,-3.301822605927161E+001,-9.085524962121616E+001,
6.670576735092864E+009,-3.329038867598663E+001,-1.083949726891705E+002,
6.674486803519062E+009,-3.352512290008682E+001,-1.249217703155405E+002,
6.678396871945259E+009,-3.353995322521917E+001,-1.407340112739622E+002,
6.682306940371456E+009,-3.322249076057985E+001,-1.571120304423225E+002,
6.686217008797654E+009,-3.276130124178260E+001,-1.754374478485143E+002,
6.690127077223852E+009,-3.255174025416267E+001,1.635022567184258E+002,
6.694037145650049E+009,-3.268900783412155E+001,1.434770718896767E+002,
6.697947214076246E+009,-3.272579222409135E+001,1.238781713496056E+002,
6.701857282502443E+009,-3.303905623192658E+001,1.042393476801920E+002,
6.705767350928641E+009,-3.341452960853971E+001,8.669916219821440E+001,
6.709677419354839E+009,-3.364315077518561E+001,7.138878768224404E+001,
6.713587487781036E+009,-3.329897095926624E+001,5.618522217885402E+001,
6.717497556207233E+009,-3.281007049576222E+001,3.806540116775457E+001,
6.721407624633431E+009,-3.250465916405396E+001,1.780133519519084E+001,
6.725317693059629E+009,-3.239148530849987E+001,-2.907131566538933E-001,
6.729227761485827E+009,-3.192237653946324E+001,-1.858841514155323E+001,
6.733137829912024E+009,-3.149828292973695E+001,-3.972025239579789E+001,
6.737047898338221E+009,-3.140705686842149E+001,-6.143045765985256E+001,
6.740957966764419E+009,-3.142704807009626E+001,-8.252698980490226E+001,
6.744868035190616E+009,-3.153184540017053E+001,-1.028949205725332E+002,
6.748778103616814E+009,-3.167591116377090E+001,-1.227747135302914E+002,
6.752688172043011E+009,-3.197465069234405E+001,-1.416446971182440E+002,
6.756598240469208E+009,-3.192832100191620E+001,-1.586820424930344E+002,
6.760508308895406E+009,-3.168917321187806E+001,-1.773711028395027E+002,
6.764418377321604E+009,-3.153514450161825E+001,1.628101985211496E+002,
6.768328445747801E+009,-3.143985170578385E+001,1.429462494416007E+002,
6.772238514173998E+009,-3.159783536888931E+001,1.233281194441447E+002,
6.776148582600195E+009,-3.145606801775974E+001,1.054137695063812E+002,
6.780058651026393E+009,-3.133143329859946E+001,8.561918547785324E+001,
6.783968719452591E+009,-3.135562144739161E+001,6.534820399927473E+001,
6.787878787878788E+009,-3.147059161038722E+001,4.692656086255839E+001,
6.791788856304985E+009,-3.142293395780016E+001,2.893614392169943E+001,
6.795698924731183E+009,-3.127233052021177E+001,1.109275700437998E+001,
6.799608993157380E+009,-3.108170746646025E+001,-8.076163990489334E+000,
6.803519061583578E+009,-3.095694756552041E+001,-2.745268416739371E+001,
6.807429130009775E+009,-3.088771113942913E+001,-4.615592788863227E+001,
6.811339198435972E+009,-3.065182942350938E+001,-6.453000313212375E+001,
6.815249266862170E+009,-3.040625498743552E+001,-8.317609731211313E+001,
6.819159335288368E+009,-3.014742208533249E+001,-1.028399085007363E+002,
6.823069403714565E+009,-2.994253142526085E+001,-1.222651547427735E+002,
6.826979472140762E+009,-2.978411863276948E+001,-1.428560786481472E+002,
6.830889540566959E+009,-2.973595792532424E+001,-1.618389123420171E+002,
6.834799608993157E+009,-2.958389825876725E+001,1.796168421922315E+002,
6.838709677419355E+009,-2.922930426461915E+001,1.603040889634486E+002,
6.842619745845552E+009,-2.893783409303918E+001,1.405738459301896E+002,
6.846529814271750E+009,-2.870609763565526E+001,1.192940716827043E+002,
6.850439882697948E+009,-2.860281261385951E+001,9.932431304748458E+001,
6.854349951124145E+009,-2.831598613958646E+001,7.819724043853501E+001,
6.858260019550343E+009,-2.826566393375138E+001,5.750187808050421E+001,
6.862170087976540E+009,-2.835701014602007E+001,3.646063389278002E+001,
6.866080156402737E+009,-2.837416931577887E+001,1.606565491874979E+001,
6.869990224828935E+009,-2.849573084673560E+001,-3.797316203433494E+000,
6.873900293255133E+009,-2.854179801883308E+001,-2.444573620573797E+001,
6.877810361681330E+009,-2.874848763444241E+001,-4.348475737196867E+001,
6.881720430107527E+009,-2.889682488798092E+001,-6.139900895311754E+001,
6.885630498533724E+009,-2.864503643008085E+001,-8.021969389999343E+001,
6.889540566959922E+009,-2.839061810720139E+001,-1.002188952459800E+002,
6.893450635386120E+009,-2.838378515710788E+001,-1.215265208623062E+002,
6.897360703812317E+009,-2.863887771530845E+001,-1.409853577647180E+002,
6.901270772238514E+009,-2.883732119244797E+001,-1.603039294160998E+002,
6.905180840664711E+009,-2.879413228307210E+001,-1.793748767936246E+002,
6.909090909090909E+009,-2.888979509770018E+001,1.606473719232935E+002,
6.913000977517107E+009,-2.902763592961520E+001,1.420698176506388E+002,
6.916911045943304E+009,-2.909889451857321E+001,1.232307232335196E+002,
6.920821114369501E+009,-2.897805067565093E+001,1.046727801877051E+002,
6.924731182795699E+009,-2.915819727618967E+001,8.522830265565125E+001,
6.928641251221897E+009,-2.918307119749190E+001,6.725181415373461E+001,
6.932551319648094E+009,-2.916883849240772E+001,4.712740605639542E+001,
6.936461388074291E+009,-2.938714903836408E+001,2.784468114555838E+001,
6.940371456500488E+009,-2.961782997954916E+001,8.250886769184335E+000,
6.944281524926686E+009,-2.989034222146639E+001,-9.311671807954046E+000,
6.948191593352884E+009,-3.002775722812256E+001,-2.536513160820057E+001,
6.952101661779081E+009,-2.995407868325044E+001,-4.235049777041043E+001,
6.956011730205278E+009,-2.988332221901176E+001,-6.086446170982333E+001,
6.959921798631475E+009,-2.988257933155003E+001,-7.978269783781769E+001,
6.963831867057674E+009,-2.997738508568068E+001,-9.659546659768839E+001,
6.967741935483872E+009,-3.000939744444540E+001,-1.143495143214337E+002,
6.971652003910069E+009,-2.992526950361892E+001,-1.315704515762166E+002,
6.975562072336266E+009,-2.980326049945504E+001,-1.491283412451647E+002,
6.979472140762464E+009,-2.964844053148958E+001,-1.674955103210375E+002,
6.983382209188661E+009,-2.944871958524288E+001,1.735997859785042E+002,
6.987292277614859E+009,-2.944262540195867E+001,1.560056370652551E+002,
6.991202346041056E+009,-2.946583552569468E+001,1.367675856808767E+002,
6.995112414467253E+009,-2.958176155722431E+001,1.188007887128091E+002,
6.999022482893451E+009,-2.952771879555986E+001,1.024896846010557E+002,
7.002932551319649E+009,-2.913791128344534E+001,8.541422484289942E+001,
7.006842619745846E+009,-2.909577015472433E+001,6.664662167092759E+001,
7.010752688172043E+009,-2.892033310153039E+001,4.875654559053815E+001,
7.014662756598240E+009,-2.869309972182120E+001,3.125276077940806E+001,
7.018572825024438E+009,-2.842351715034353E+001,1.200284119294704E+001,
7.022482893450636E+009,-2.827332147473249E+001,-7.198478970619007E+000,
7.026392961876833E+009,-2.814216286351694E+001,-2.631159072229609E+001,
7.030303030303030E+009,-2.820589226547318E+001,-4.554628921334533E+001,
7.034213098729228E+009,-2.818523917868139E+001,-6.530569586565184E+001,
7.038123167155425E+009,-2.823073684757501E+001,-8.349300126657167E+001,
7.042033235581623E+009,-2.815204642306762E+001,-1.013500381490105E+002,
7.045943304007820E+009,-2.814020176609066E+001,-1.192294047937751E+002,
7.049853372434017E+009,-2.814482448066448E+001,-1.367307506805717E+002,
7.053763440860215E+009,-2.792994327965070E+001,-1.558468353087869E+002,
7.057673509286413E+009,-2.766067180786311E+001,-1.733753055230678E+002,
7.061583577712610E+009,-2.748327417073718E+001,1.660292184885645E+002,
7.065493646138807E+009,-2.759613911826275E+001,1.477712618848693E+002,
7.069403714565004E+009,-2.756848795137060E+001,1.289474851378220E+002,
7.073313782991202E+009,-2.762024219826740E+001,1.102418139872793E+002,
7.077223851417400E+009,-2.764617164776863E+001,9.227375089415796E+001,
7.081133919843597E+009,-2.765112318122331E+001,7.457800827726237E+001,
7.085043988269795E+009,-2.748835025127385E+001,5.693478169430664E+001,
7.088954056695993E+009,-2.746795386292485E+001,3.928619122315183E+001,
7.092864125122190E+009,-2.728879833489026E+001,2.142908051584793E+001,
7.096774193548388E+009,-2.702338515307753E+001,2.765316039315196E+000,
7.100684261974585E+009,-2.677864985059500E+001,-1.647436548687996E+001,
7.104594330400782E+009,-2.671393777475034E+001,-3.629703674196607E+001,
7.108504398826980E+009,-2.677286739423406E+001,-5.571573860444684E+001,
7.112414467253178E+009,-2.685035184476373E+001,-7.373313417694507E+001,
7.116324535679375E+009,-2.686426202033647E+001,-9.240270437933511E+001,
7.120234604105572E+009,-2.684321419063387E+001,-1.106383095128385E+002,
7.124144672531769E+009,-2.669397164031443E+001,-1.271519217553983E+002,
7.128054740957967E+009,-2.631728579753338E+001,-1.457715147612642E+002,
7.131964809384165E+009,-2.599117804240446E+001,-1.654389086520783E+002,
7.135874877810362E+009,-2.592064086220100E+001,1.739234789862518E+002,
7.139784946236559E+009,-2.596120388134356E+001,1.552297564223493E+002,
7.143695014662756E+009,-2.591890346732998E+001,1.356218866262908E+002,
7.147605083088954E+009,-2.591958135856476E+001,1.158802676887301E+002,
7.151515151515152E+009,-2.599989404793133E+001,9.652024960352827E+001,
7.155425219941349E+009,-2.610425689787186E+001,7.760260797218150E+001,
7.159335288367546E+009,-2.623315253292341E+001,5.966478075090021E+001,
7.163245356793744E+009,-2.609171936548810E+001,4.164612757528575E+001,
7.167155425219942E+009,-2.609008527094641E+001,2.254463726088955E+001,
7.171065493646139E+009,-2.611234514059428E+001,3.486868882919552E+000,
7.174975562072336E+009,-2.611603110859372E+001,-1.535891096651982E+001,
7.178885630498533E+009,-2.622682606751990E+001,-3.530930819449272E+001,
7.182795698924731E+009,-2.642529229123437E+001,-5.389189904810790E+001,
7.186705767350929E+009,-2.631316797799802E+001,-7.216277262907744E+001,
7.190615835777126E+009,-2.640735110246837E+001,-9.145333261295420E+001,
7.194525904203323E+009,-2.658232351681200E+001,-1.091779043527515E+002,
7.198435972629520E+009,-2.672164211727965E+001,-1.269071759317025E+002,
7.202346041055718E+009,-2.654069999652794E+001,-1.442043716769535E+002,
7.206256109481916E+009,-2.630688313248548E+001,-1.626016032448294E+002,
7.210166177908114E+009,-2.613501122678284E+001,1.777923588419146E+002,
7.214076246334311E+009,-2.607989816437867E+001,1.572491303536072E+002,
7.217986314760509E+009,-2.626569156292885E+001,1.372141745249813E+002,
7.221896383186706E+009,-2.654693210541939E+001,1.192365944267927E+002,
7.225806451612904E+009,-2.671332562972429E+001,1.014019171063828E+002,
7.229716520039101E+009,-2.664536006670662E+001,8.388840977271042E+001,
7.233626588465298E+009,-2.652399651414208E+001,6.514158874724761E+001,
7.237536656891496E+009,-2.657404112527266E+001,4.609424393496295E+001,
7.241446725317694E+009,-2.656200149853911E+001,2.736245485191280E+001,
7.245356793743891E+009,-2.654656872376338E+001,9.273926197283355E+000,
7.249266862170088E+009,-2.647248413837646E+001,-9.329703508143727E+000,
7.253176930596285E+009,-2.642116908496080E+001,-2.817784666535642E+001,
7.257086999022483E+009,-2.645199416216032E+001,-4.753764622896605E+001,
7.260997067448681E+009,-2.648434991797535E+001,-6.649269752378245E+001,
7.264907135874878E+009,-2.645021233233245E+001,-8.572507558169312E+001,
7.268817204301075E+009,-2.659941237418193E+001,-1.044239705055766E+002,
7.272727272727273E+009,-2.664709655294799E+001,-1.233863530118109E+002,
7.276637341153470E+009,-2.660588637195374E+001,-1.416109152991275E+002,
7.280547409579668E+009,-2.662352026224843E+001,-1.612574785282566E+002,
7.284457478005865E+009,-2.674719942260850E+001,-1.796691738639379E+002,
7.288367546432062E+009,-2.680921911383571E+001,1.620090416628515E+002,
7.292277614858260E+009,-2.676725694258998E+001,1.426609903504594E+002,
7.296187683284458E+009,-2.683774573261730E+001,1.243141198487317E+002,
7.300097751710655E+009,-2.683676640739379E+001,1.055519300000232E+002,
7.304007820136852E+009,-2.674125831034195E+001,8.717472764609562E+001,
7.307917888563049E+009,-2.684476638582778E+001,6.861975700273591E+001,
7.311827956989247E+009,-2.676758846427118E+001,4.959663953968975E+001,
7.315738025415445E+009,-2.689105734277776E+001,3.072552088001414E+001,
7.319648093841642E+009,-2.678113063961322E+001,1.202493687322744E+001,
7.323558162267839E+009,-2.675029157796775E+001,-7.741901293393618E+000,
7.327468230694037E+009,-2.678754034905048E+001,-2.846674707399639E+001,
7.331378299120235E+009,-2.685016661403756E+001,-4.763275605792290E+001,
7.335288367546433E+009,-2.703345374854128E+001,-6.676958602872061E+001,
7.339198435972630E+009,-2.698216438323998E+001,-8.494016340088159E+001,
7.343108504398827E+009,-2.690293012962840E+001,-1.038030440744093E+002,
7.347018572825025E+009,-2.679105087288459E+001,-1.233567679040122E+002,
7.350928641251223E+009,-2.676963458271484E+001,-1.433435893391769E+002,
7.354838709677420E+009,-2.673038441956527E+001,-1.644439123559351E+002,
7.358748778103617E+009,-2.691595696416866E+001,1.751143026201897E+002,
7.362658846529814E+009,-2.717260194239045E+001,1.555788059432512E+002,
7.366568914956012E+009,-2.740854841882414E+001,1.363146086656190E+002,
7.370478983382210E+009,-2.747874287639743E+001,1.167623479462281E+002,
7.374389051808407E+009,-2.760899557880113E+001,9.754306448263782E+001,
7.378299120234604E+009,-2.764560025632211E+001,7.825849484358943E+001,
7.382209188660801E+009,-2.761441227153471E+001,5.809057616279407E+001,
7.386119257086999E+009,-2.788633515798556E+001,3.789747435449342E+001,
7.390029325513197E+009,-2.824885104070572E+001,1.650095320449775E+001,
7.393939393939394E+009,-2.855152250291329E+001,-1.968430102356157E+000,
7.397849462365591E+009,-2.876810670411799E+001,-2.023509992534505E+001,
7.401759530791789E+009,-2.886282192911269E+001,-3.941723566105438E+001,
7.405669599217987E+009,-2.899756816171921E+001,-5.892590783328083E+001,
7.409579667644184E+009,-2.928247470567683E+001,-7.831825110739442E+001,
7.413489736070381E+009,-2.924688283356568E+001,-9.696391475234678E+001,
7.417399804496578E+009,-2.958371379440909E+001,-1.173817228562758E+002,
7.421309872922776E+009,-2.977272706289817E+001,-1.365136212398106E+002,
7.425219941348974E+009,-2.983039000814313E+001,-1.569418573002062E+002,
7.429130009775171E+009,-3.013342483752338E+001,-1.759744611442387E+002,
7.433040078201368E+009,-3.066965426845904E+001,1.650203418013005E+002,
7.436950146627565E+009,-3.087471021239605E+001,1.467058660767529E+002,
7.440860215053763E+009,-3.122715432227054E+001,1.288330222308844E+002,
7.444770283479961E+009,-3.135770221793050E+001,1.097267326930573E+002,
7.448680351906158E+009,-3.164135256368062E+001,9.105043132093427E+001,
7.452590420332356E+009,-3.164997009597631E+001,7.425121891886103E+001,
7.456500488758554E+009,-3.164297727205886E+001,5.590943531726386E+001,
7.460410557184751E+009,-3.171948011571420E+001,3.584606986113928E+001,
7.464320625610949E+009,-3.188539172534500E+001,1.555341792132910E+001,
7.468230694037146E+009,-3.236465530781669E+001,-3.252018760420160E+000,
7.472140762463343E+009,-3.269640840274542E+001,-2.132140689154302E+001,
7.476050830889541E+009,-3.290831870994845E+001,-3.732646022799554E+001,
7.479960899315739E+009,-3.288606378853628E+001,-5.565162174484824E+001,
7.483870967741936E+009,-3.299584308733631E+001,-7.370796051707022E+001,
7.487781036168133E+009,-3.311111306997917E+001,-9.180264852666532E+001,
7.491691104594330E+009,-3.307332402630540E+001,-1.091447589548217E+002,
7.495601173020528E+009,-3.294652841471920E+001,-1.279503833772062E+002,
7.499511241446726E+009,-3.297406943526307E+001,-1.470375136232205E+002,
7.503421309872923E+009,-3.299325175603775E+001,-1.664132284051435E+002,
7.507331378299120E+009,-3.334851650595952E+001,1.747412236372464E+002,
7.511241446725318E+009,-3.359029193599266E+001,1.578298589860358E+002,
7.515151515151515E+009,-3.364570104438084E+001,1.421763510429817E+002,
7.519061583577713E+009,-3.321267127224641E+001,1.261043733929535E+002,
7.522971652003910E+009,-3.272954411581126E+001,1.071009579457852E+002,
7.526881720430107E+009,-3.241000233565403E+001,8.675858716717644E+001,
7.530791788856305E+009,-3.250292202105606E+001,6.659856654463492E+001,
7.534701857282503E+009,-3.247226568015843E+001,4.845127095854099E+001,
7.538611925708700E+009,-3.216891119423033E+001,2.914749744459031E+001,
7.542521994134897E+009,-3.215076462447606E+001,8.791235286410533E+000,
7.546432062561094E+009,-3.209122839280484E+001,-1.040116510947819E+001,
7.550342130987292E+009,-3.223464276198587E+001,-3.053828299568079E+001,
7.554252199413490E+009,-3.243256320382009E+001,-4.873938118064741E+001,
7.558162267839687E+009,-3.236307612495111E+001,-6.490609452113021E+001,
7.562072336265884E+009,-3.190391584069554E+001,-8.287174434898314E+001,
7.565982404692082E+009,-3.160220914557552E+001,-1.026797173442398E+002,
7.569892473118280E+009,-3.142969805310240E+001,-1.229864880316822E+002,
7.573802541544478E+009,-3.131524306520047E+001,-1.432349648962014E+002,
7.577712609970675E+009,-3.132001139318658E+001,-1.627042103838696E+002,
7.581622678396872E+009,-3.121851655861864E+001,1.778327610061729E+002,
7.585532746823070E+009,-3.118367136748441E+001,1.576731763131732E+002,
7.589442815249268E+009,-3.133244918051837E+001,1.382475926090486E+002,
7.593352883675465E+009,-3.143724420498024E+001,1.201560190679440E+002,
7.597262952101662E+009,-3.139049065598555E+001,1.022332860292827E+002,
7.601173020527859E+009,-3.118187759820802E+001,8.403126835523601E+001,
7.605083088954057E+009,-3.096873160570889E+001,6.578550910226227E+001,
7.608993157380255E+009,-3.056310437751361E+001,4.619575657165248E+001,
7.612903225806452E+009,-3.040010140412784E+001,2.560139342120051E+001,
7.616813294232649E+009,-3.028879985548598E+001,5.376157785991584E+000,
7.620723362658846E+009,-3.024937227836650E+001,-1.509060623967203E+001,
7.624633431085044E+009,-3.035954059723491E+001,-3.524840518038922E+001,
7.628543499511242E+009,-3.037552144930139E+001,-5.480925441919669E+001,
7.632453567937439E+009,-3.048261423019446E+001,-7.384283756246026E+001,
7.636363636363636E+009,-3.058674669431570E+001,-9.192969130923387E+001,
7.640273704789834E+009,-3.056932161404036E+001,-1.093662113639439E+002,
7.644183773216032E+009,-3.050689969076966E+001,-1.274885020351411E+002,
7.648093841642229E+009,-3.028023510022287E+001,-1.457992734082280E+002,
7.652003910068426E+009,-3.004016000962938E+001,-1.644595045107647E+002,
7.655913978494623E+009,-2.980054815064095E+001,1.754775854310460E+002,
7.659824046920821E+009,-2.982096206527153E+001,1.551240606429540E+002,
7.663734115347019E+009,-2.987519472694278E+001,1.359518292823846E+002,
7.667644183773216E+009,-2.988299326636880E+001,1.167188062368781E+002,
7.671554252199413E+009,-2.999161419335840E+001,9.748287129357020E+001,
7.675464320625610E+009,-3.005769951737194E+001,7.904779814022012E+001,
7.679374389051808E+009,-3.002418977759879E+001,6.068976731518018E+001,
7.683284457478006E+009,-3.002108464168199E+001,4.189520289549158E+001,
7.687194525904203E+009,-3.002892116640832E+001,2.352628782049312E+001,
7.691104594330401E+009,-3.006107291812451E+001,5.416939038929512E+000,
7.695014662756599E+009,-2.999324895666300E+001,-1.286649421922597E+001,
7.698924731182797E+009,-2.988058524061110E+001,-3.100716734690070E+001,
7.702834799608994E+009,-2.970850425477389E+001,-5.031632110095640E+001,
7.706744868035191E+009,-2.974229222324620E+001,-7.011950714112919E+001,
7.710654936461388E+009,-2.989188195865980E+001,-8.833121221444536E+001,
7.714565004887586E+009,-2.984284746143819E+001,-1.065642898528329E+002,
7.718475073313784E+009,-2.987339237624246E+001,-1.250318800360325E+002,
7.722385141739981E+009,-2.992852039347376E+001,-1.421052273114550E+002,
7.726295210166178E+009,-2.985934108498971E+001,-1.596677099145428E+002,
7.730205278592375E+009,-2.976998746631275E+001,-1.768412474264169E+002,
7.734115347018573E+009,-2.948196615885721E+001,1.648644535777723E+002,
7.738025415444771E+009,-2.929555779256454E+001,1.460761736571456E+002,
7.741935483870968E+009,-2.914357510925132E+001,1.267998894081583E+002,
7.745845552297165E+009,-2.911667192662593E+001,1.072620781124353E+002,
7.749755620723363E+009,-2.918884984222626E+001,8.857345522758409E+001,
7.753665689149560E+009,-2.926624831029735E+001,7.013512583980463E+001,
7.757575757575758E+009,-2.924376232826922E+001,5.220087446756428E+001,
7.761485826001955E+009,-2.914791462874788E+001,3.392828446006796E+001,
7.765395894428152E+009,-2.911201386107160E+001,1.608186782594388E+001,
7.769305962854350E+009,-2.897672655852437E+001,-2.365850812945662E+000,
7.773216031280548E+009,-2.895747796545667E+001,-2.032128632720764E+001,
7.777126099706745E+009,-2.883690937349962E+001,-3.829967156504547E+001,
7.781036168132942E+009,-2.860241985006075E+001,-5.702410045785537E+001,
7.784946236559139E+009,-2.849304042010586E+001,-7.636052360673254E+001,
7.788856304985337E+009,-2.846449642781592E+001,-9.433318474707805E+001,
7.792766373411535E+009,-2.844260121221865E+001,-1.128924813346971E+002,
7.796676441837732E+009,-2.840614726412007E+001,-1.324101501693284E+002,
7.800586510263929E+009,-2.843290715151163E+001,-1.506878413351708E+002,
7.804496578690127E+009,-2.846495447767430E+001,-1.686808113854031E+002,
7.808406647116324E+009,-2.834181577946703E+001,1.735224212469541E+002,
7.812316715542522E+009,-2.817742744663503E+001,1.553533423905702E+002,
7.816226783968720E+009,-2.807341399589227E+001,1.360016942720691E+002,
7.820136852394917E+009,-2.777286051082979E+001,1.166902300710953E+002,
7.824046920821115E+009,-2.771595200917793E+001,9.733202695445776E+001,
7.827956989247313E+009,-2.777888470763486E+001,7.816426668302589E+001,
7.831867057673510E+009,-2.766928158369031E+001,5.946281893110589E+001,
7.835777126099707E+009,-2.765276696855813E+001,4.059128896506229E+001,
7.839687194525904E+009,-2.763744729937339E+001,2.119289403178379E+001,
7.843597262952102E+009,-2.759457390075168E+001,2.894729339112440E+000,
7.847507331378300E+009,-2.751794745691528E+001,-1.677682361125694E+001,
7.851417399804497E+009,-2.750087095192285E+001,-3.550006757179395E+001,
7.855327468230694E+009,-2.735727666984173E+001,-5.573227087124442E+001,
7.859237536656891E+009,-2.742120181443109E+001,-7.543313158023427E+001,
7.863147605083089E+009,-2.766570780232364E+001,-9.478960873164698E+001,
7.867057673509287E+009,-2.752862583184740E+001,-1.141401493888375E+002,
7.870967741935484E+009,-2.778392327281596E+001,-1.330331772534483E+002,
7.874877810361681E+009,-2.797517652917317E+001,-1.517678914084106E+002,
7.878787878787879E+009,-2.813503685105047E+001,-1.697480602356488E+002,
7.882697947214077E+009,-2.809405644171579E+001,1.712875359702064E+002,
7.886608015640274E+009,-2.815087453622756E+001,1.530450016119438E+002,
7.890518084066471E+009,-2.819017626518340E+001,1.337642067143972E+002,
7.894428152492668E+009,-2.829145365722930E+001,1.153689323190897E+002,
7.898338220918866E+009,-2.822980309049246E+001,9.717682658230862E+001,
7.902248289345064E+009,-2.838720753013025E+001,7.750345017535767E+001,
7.906158357771261E+009,-2.861239279567885E+001,5.788300213660687E+001,
7.910068426197458E+009,-2.881639192073546E+001,3.955441698229160E+001,
7.913978494623655E+009,-2.901932890198875E+001,2.207412422655100E+001,
7.917888563049853E+009,-2.898840897107449E+001,5.645052361615613E+000,
7.921798631476051E+009,-2.898724497481542E+001,-1.303663503463699E+001,
7.925708699902248E+009,-2.910227875419615E+001,-3.077864550218031E+001,
7.929618768328445E+009,-2.888424411225316E+001,-4.945843808933168E+001,
7.933528836754643E+009,-2.891168990459147E+001,-6.769391520407069E+001,
7.937438905180841E+009,-2.886539448491686E+001,-8.663991358954182E+001,
7.941348973607039E+009,-2.906789159853468E+001,-1.053324467368012E+002,
7.945259042033236E+009,-2.906986977933562E+001,-1.241405830908450E+002,
7.949169110459433E+009,-2.906142263462670E+001,-1.425188030019713E+002,
7.953079178885631E+009,-2.929709338945621E+001,-1.598983399989852E+002,
7.956989247311829E+009,-2.919649562975430E+001,-1.775806083024641E+002,
7.960899315738026E+009,-2.918650683465474E+001,1.637925655980457E+002,
7.964809384164223E+009,-2.915156386916544E+001,1.445214449472919E+002,
7.968719452590420E+009,-2.916839987657102E+001,1.263925676751771E+002,
7.972629521016618E+009,-2.917909150417699E+001,1.071255122818194E+002,
7.976539589442816E+009,-2.914666019071887E+001,8.989160210191876E+001,
7.980449657869013E+009,-2.906003331246037E+001,7.079299368742825E+001,
7.984359726295210E+009,-2.891755625419655E+001,5.141612941028616E+001,
7.988269794721408E+009,-2.907256650600995E+001,3.226012289570011E+001,
7.992179863147605E+009,-2.928176154053555E+001,1.357260591160231E+001,
7.996089931573803E+009,-2.926423558012128E+001,-4.333473950350123E+000,
8.000000000000000E+009,-2.911320843928630E+001,-2.345142688453274E+001,
